200
8.5477 18.3678 2.15556 0
6.92242 22.2686 2.06829 0
7.86943 18.8586 0.669568 0
3.38656 19.8227 0.721115 0
14.7315 20.1986 1.24666 0
16.7614 23.1856 0.334787 0
2.67088 19.4958 2.08508 0
11.6222 17.2995 2.23997 0
7.01417 7.87661 1.53695 0
10.3691 17.2125 1.78203 0
13.5304 20.9357 0.763447 0
17.0865 19.1893 0.604244 0
3.52027 18.6843 0.599233 0
16.504 22.8788 0.277982 0
6.49104 21.5701 2.10421 0
3.84781 5.17799 0.247778 0
11.4151 13.5542 5.13372 0
8.07394 23.9361 0.692414 0
8.40943 12.7856 1.22876 1
15.0753 16.7349 0.841958 0
6.01681 14.1795 6.43472 0
11.3358 14.986 0.589753 0
4.76233 5.77167 1.83959 0
6.79378 21.0894 25.2322 0
0.218777 15.3053 1.62034 0
8.21981 16.8264 0.828068 0
8.69507 23.4154 1.47724 0
2.00401 22.3035 1.46152 0
13.7508 21.1412 1.10551 1
16.3931 20.7682 1.32851 0
1.84725 12.6262 0.916582 1
12.81 22.8805 1.75787 1
4.46348 16.0153 1.81898 0
10.4 16.5559 17.422 0
8.27821 13.1563 1.64703 0
15.4137 17.6804 0.333398 0
10.8946 22.312 1.43783 0
8.19222 9.80053 1.43674 1
2.96569 8.39591 0.780517 0
11.2194 16.2182 0.328355 0
2.80893 19.7472 0.277537 0
8.31488 19.7027 0.319143 0
17.0596 22.1676 4.25355 0
3.96054 13.8984 9.4572 0
16.7025 17.9543 1.86111 0
1.99268 4.76593 1.90022 0
17.6688 18.309 2.11097 0
6.87912 21.7397 1.11374 1
12.6147 21.3813 0.795428 1
8.09845 20.697 1.96423 1
14.5408 22.7835 1.37093 0
8.18419 18.9495 1.78782 0
10.7729 17.3167 19.7489 0
11.8803 21.3248 1.27923 0
12.7866 13.908 0.981081 1
12.1854 16.6684 1.88951 0
17.2836 21.0096 2.11174 0
8.83517 9.09109 1.13731 0
9.22595 12.1209 0.85114 0
5.56882 11.6927 14.4442 0
10.7435 19.7555 18.2569 0
3.53026 9.84475 2.19179 0
18.6928 20.5689 28.6765 0
4.03827 18.0755 1.50491 0
0.259076 13.0195 1.67887 0
6.72172 23.5692 1.00273 0
3.78431 21.1709 1.85178 0
14.2548 15.2153 27.1528 0
5.59229 8.83299 0.553242 0
17.7634 22.4083 0.222727 0
5.98441 16.5602 1.2876 0
3.02545 14.1086 0.865183 0
13.8397 20.6165 1.09861 0
7.09871 16.944 2.11569 0
16.9133 22.6267 0.948476 0
6.38925 11.2338 1.08962 1
4.60315 18.2619 1.58735 1
14.3788 21.4267 0.946767 0
0.58604 9.01379 1.37583 0
4.55473 12.0511 0.932615 0
9.5533 10.714 1.5883 1
10.6204 14.872 5.37003 0
1.45745 9.82325 2.16717 0
13.3646 22.9382 0.784773 0
16.3194 17.5067 1.88024 1
16.4404 21.3396 0.303171 0
5.91295 20.6913 0.605444 0
9.83782 12.2349 1.93714 1
16.8491 20.0077 1.83344 1
17.4603 22.4007 2.13469 1
18.0056 18.9722 0.408787 0
9.71952 12.0112 1.98128 1
16.4418 19.7759 0.263711 0
12.9741 21.1325 1.11837 0
3.98329 20.1036 1.53005 1
7.49373 14.135 0.345345 0
6.70712 21.1726 2.21505 0
9.75704 20.1261 1.84529 0
1.54066 12.2321 0.393536 0
14.5968 18.6526 0.462424 0
5.41675 18.013 0.295296 1
1.29834 19.4478 1.66763 0
2.31511 15.2334 1.21242 0
10.8796 23.9778 1.52341 0
7.40155 15.7369 1.402 0
14.0094 14.2817 2.09719 0
12.1699 15.3858 1.88166 0
4.81656 22.6065 1.5468 0
0.669707 1.48197 0.802416 0
15.9185 21.9682 0.901831 0
14.7428 23.9952 1.22429 1
4.11473 8.7314 1.52754 0
8.67382 10.3885 1.90997 0
8.14501 22.438 1.03775 1
1.54108 17.9359 0.463954 0
18.9316 19.4918 0.7486 0
16.8804 22.8232 2.26343 0
16.6765 22.3105 0.785321 0
18.1887 23.7701 2.08187 0
11.9347 13.0951 0.439233 0
1.16981 2.7382 0.46523 0
5.06621 7.26381 0.350847 1
1.7782 2.49164 1.76925 0
17.2928 19.2816 1.65321 0
6.9794 8.65981 21.7417 1
12.2379 13.8362 2.19087 0
16.4831 19.3056 0.89777 0
8.57325 19.526 0.565696 0
2.33521 8.63064 1.24581 0
4.27579 9.13947 0.440326 0
8.26098 18.8111 6.57004 1
2.39831 12.2679 4.65883 0
10.1785 11.0832 21.8948 1
18.6434 22.6522 2.24285 0
17.7656 23.2495 25.8183 1
11.8656 20.3545 4.16575 0
8.66223 9.39966 0.811873 0
12.3897 19.4812 24.5814 0
13.3323 13.4418 22.583 0
8.84826 15.4398 1.29089 0
1.55151 3.77305 1.63547 1
6.5378 9.70451 1.0236 0
1.12642 22.7555 0.237985 0
13.8969 16.1558 27.8826 0
16.7427 19.8355 0.431623 0
14.0899 18.5633 1.31082 0
3.80969 16.0296 1.40449 0
7.93817 21.6 28.699 0
2.59745 18.1815 0.341527 0
2.42513 6.09894 0.329986 0
0.0112053 9.9696 1.64443 1
4.3072 22.0069 0.398407 0
10.6531 18.2197 2.02369 0
10.4702 23.9611 1.57682 0
16.4884 18.2497 2.13475 1
16.5714 19.8177 0.994096 0
9.82667 16.7194 0.687068 0
8.69952 20.9276 1.82979 1
7.92123 17.2644 1.81681 0
7.14661 16.7727 1.17049 0
13.9037 17.2274 1.65004 0
8.80405 21.9595 1.29526 1
3.30516 15.2256 5.81939 0
14.3118 17.671 1.38918 0
10.8399 22.7455 0.436553 0
4.82709 13.053 1.42714 0
7.08258 13.594 0.969214 0
15.3563 19.9977 2.21454 1
7.81939 10.7482 1.40391 0
6.96212 23.0116 1.98006 1
7.60898 14.9854 2.23995 0
5.02239 6.7942 0.671134 0
1.0547 19.3844 2.10565 0
18.3496 21.7982 1.61872 0
2.43888 5.90063 0.437709 1
12.9492 15.8785 14.9271 0
8.60979 16.3604 0.42753 0
9.52601 10.4904 0.218834 0
3.28673 3.61597 18.2293 0
18.4298 23.6891 0.797656 1
1.00732 7.25037 1.41016 0
7.18516 12.0215 0.498273 1
18.7612 23.6602 1.56802 0
8.84452 9.33878 1.47922 0
5.74 18.7672 1.05579 0
5.31064 16.957 1.54495 1
0.398515 18.3088 0.755194 0
16.4282 21.6562 0.228523 0
12.974 21.5052 1.24239 0
16.9541 19.8793 0.719536 0
6.81668 12.8987 1.49311 0
12.243 14.4522 2.16223 0
12.2654 20.227 21.0443 0
6.3847 17.0144 1.19415 0
18.5511 22.5677 0.584933 1
13.2531 16.915 0.20428 0
8.84978 16.4644 0.999674 0
18.9138 19.0963 0.375946 0
0.514263 8.98218 1.34684 0
9.78062 18.3288 0.57216 0
400 50 500
0.025 0.0125 10000 3000 15 1e+06 300000 8 12
0 20.0673 12.8259 19.5819 26.739 2.69756 0.87735 12.7555 12.3853 8.80939 16.2153 8.18945 20.4097 5.40927 14.6288 3.06545 3.11454 8.16502 15.6278 10.9325 22.2267 12.7663 12.9788 8.92048 7.64585 21.6266 8.80862 11.6755 12.1839 17.0469 14.7014 5.69081 18.7552 21.6259 22.3937 19.7432 9.09722 6.23012 18.9137 8.5105 11.312 11.5234 19.4237 23.7992 11.7518 30.1951 6.13887 19.4835 3.98569 16.817 24.5932 13.4016 25.1405 13.0862 13.7004 20.8643 19.8371 8.89966 13.8361 28.9427 23.4054 23.5373 20.0768 29.3031 7.78193 27.5792 6.15306 15.8735 12.3297 10.6896 12.6534 1.27194 21.0373 20.2849 21.4967 32.1779 24.2867 23.1542 19.678 21.7545 4.16367 21.6387 12.438 7.59478 11.6115 22.0107 16.7796 6.0932 5.39407 26.6006 8.06904 28.0741 24.4787 24.6485 23.6424 7.71747 19.3382 15.611 9.4901 24.1118 10.8732 12.4587 15.9526 14.6323 5.32748 23.905 25.104 18.4547 13.2706 1.55847 21.6476 6.2265 21.2332 23.3393 7.77488 12.6797 2.87355 21.7336 8.2889 4.65664 9.80061 5.6888 20.8706 14.5489 20.2008 27.8496 14.6671 26.8718 12.269 4.97538 21.1589 21.5083 2.20839 13.0495 3.98179 12.6651 14.3084 19.3541 17.8957 20.8917 7.90066 9.76561 22.8736 19.0143 16.2227 19.2719 17.8947 25.3556 11.8495 2.13031 11.1177 14.0527 15.5403 22.8696 12.3596 11.256 14.7685 23.416 18.8255 25.4363 1.26493 14.1792 3.55397 10.8112 21.9105 4.37089 19.0201 8.00935 13.3622 14.2928 18.3678 25.2818 8.10855 10.5897 9.44347 1.11313 11.4194 14.9905 12.1225 19.5389 7.03029 5.52721 13.7527 21.3661 19.8403 27.8085 10.3064 7.2561 5.43682 4.86487 24.0028 4.31971 16.2701 26.0752 17.1035 22.2947 7.28388 12.6958 7.32021 23.6631 23.0398 
20.0673 0 8.73014 2.24422 12.929 19.6365 20.8693 21.2107 7.68327 26.7327 3.96143 13.2698 4.39322 24.7985 10.563 17.5486 20.006 24.996 6.60663 9.13521 23.9343 18.0363 10.1297 22.3708 27.1389 27.9927 11.5044 25.4662 23.5817 3.42212 12.9917 24.4754 13.1424 28.8474 3.12739 8.13732 13.8946 19.309 18.6354 14.9059 8.78847 8.91871 12.4769 10.2669 8.31593 15.6239 14.8248 8.88521 20.8765 3.99482 5.96383 6.69431 10.5182 22.8825 23.3105 27.9862 28.7936 16.8918 7.66148 14.5148 28.6307 21.4 11.7495 17.4632 17.7597 17.294 16.2362 23.2295 17.815 18.0797 15.5639 19.3631 17.2413 0.730361 1.75012 17.168 30.3209 25.8429 18.361 23.85 20.6998 15.6964 9.35067 15.061 21.6599 8.51513 26.8494 15.3284 19.1394 18.9199 17.9515 14.5156 21.3321 16.1869 7.59939 14.1777 12.8437 22.8741 15.3424 19.6759 11.9646 22.5062 5.7683 7.4563 15.0606 21.4785 19.344 24.3204 12.849 20.8414 26.1893 18.5473 7.44114 10.9145 27.7406 17.464 17.5016 1.84544 15.7326 21.3232 10.6305 21.0784 5.76674 24.4164 18.9748 17.7867 25.3888 10.6709 19.9087 18.8025 27.2028 2.70753 20.1655 14.6376 18.3534 18.8844 6.98638 26.8513 14.1888 14.7234 27.9485 16.5834 21.2787 2.73286 23.6353 1.50447 13.87 31.3025 26.1684 17.9611 16.1432 21.8553 7.80999 20.7511 11.1399 25.739 7.50633 24.1099 19.0506 8.22911 20.6887 23.3989 16.9274 22.6513 2.71965 23.8591 26.2424 13.4992 21.1833 5.77917 1.92266 18.8126 16.3734 22.3398 26.6091 19.0204 8.76564 15.7885 7.97084 20.5193 19.1137 24.3993 11.7528 16.11 5.98303 15.2125 17.4974 14.6502 15.4285 15.3132 20.1747 19.2786 17.975 16.9638 7.77402 5.77639 26.6318 16.2981 19.0384 26.3047 24.3764 
12.8259 8.73014 0 7.42419 19.8918 13.3106 13.4916 18.7764 3.96339 20.8758 4.9819 8.99326 7.71707 16.8197 3.62074 9.89121 13.8087 19.5274 8.59736 4.12766 24.9136 16.3655 9.54085 17.9949 20.4165 27.2967 4.23783 21.3322 20.2449 5.30827 13.3994 16.3192 15.9168 27.8457 11.736 13.1295 5.19878 14.4089 19.8152 6.21786 3.41178 2.11036 8.45889 16.8138 3.94194 23.084 9.4215 7.05132 14.8808 7.44938 14.4848 3.54277 17.6345 20.1357 20.7058 26.9604 27.033 8.16172 7.60232 21.856 28.4814 23.8434 15.7201 23.907 13.7024 23.0446 7.83708 21.6019 15.9752 15.3862 14.3112 11.8403 19.908 8.6352 9.65525 24.8633 29.9393 26.5728 19.9984 24.6466 14.7999 19.1798 8.06358 10.8361 18.6054 14.7626 24.444 7.14843 10.6801 23.6411 14.0153 21.4906 24.2292 20.9802 15.0946 9.836 16.0401 21.2384 6.61493 22.9831 9.71488 19.5933 3.32307 8.34868 8.97231 24.0628 23.2277 23.4891 12.3617 13.1962 26.1352 9.98376 13.6416 16.9787 20.5691 15.8704 10.8752 10.5755 11.9986 15.4941 3.25925 15.694 12.4002 21.8435 20.6688 23.4795 22.5579 18.5057 17.579 10.4201 26.5813 11.0603 12.3206 13.7613 12.5268 16.977 7.36543 25.5641 16.1728 18.1502 20.6061 7.87479 23.4593 9.14221 22.0365 7.46595 15.945 31.0211 21.8735 10.7294 13.9628 19.8241 9.63966 23.1104 2.69604 21.3362 8.55755 25.5601 20.0593 16.3236 13.7545 20.9762 10.5067 18.9928 9.73876 17.0806 25.0181 5.14354 19.0276 4.54089 6.80753 22.9671 7.6727 18.6703 21.1007 11.9531 5.00696 15.7654 3.35569 21.4044 10.4629 16.2721 4.08609 19.3167 7.01475 21.8201 14.7087 10.0933 9.73444 8.01609 23.2574 10.999 18.0514 22.149 4.46009 13.2792 20.0014 14.9395 14.6407 27.0962 25.5664 
19.5819 2.24422 7.42419 0 15.1731 19.4536 20.3408 22.0871 7.43218 26.7739 3.52863 13.4756 2.27888 24.0338 8.67933 16.8758 19.8685 25.1384 7.81496 8.81544 25.5516 19.0273 11.0455 22.7852 26.899 29.3253 10.8097 25.9816 24.2768 2.57141 14.2898 23.6164 14.9151 30.1241 5.19925 10.1484 12.6127 19.5335 20.2255 13.6326 8.31798 8.1052 10.2456 12.4953 8.02403 17.842 14.7984 6.64143 20.8132 5.10591 8.00862 6.29204 12.7623 23.7104 24.1775 29.251 29.9082 15.4886 8.45283 16.7445 30.0764 23.2411 13.6934 19.7044 18.1727 19.5032 15.2037 24.317 18.7629 18.8356 16.5853 18.7637 19.0713 1.67009 2.29831 19.3554 31.7332 27.4319 20.0304 25.4333 20.6629 17.6338 10.0242 15.3533 22.3966 10.7058 27.8021 14.4052 18.0782 21.047 18.3998 16.7588 23.2421 18.3036 9.8409 14.4068 14.6834 23.9551 13.9163 21.6314 12.6025 23.2894 4.1664 8.47942 14.8506 23.3424 21.3754 25.5907 13.9445 20.206 27.6339 17.4045 9.60949 13.1135 27.339 18.4593 17.1882 3.7426 16.1715 21.3162 9.85413 21.1977 7.95021 25.3045 20.663 19.9936 26.2273 12.8672 20.7871 17.7915 28.5439 4.91874 19.4392 15.7138 18.2991 19.8399 7.79377 28.0513 15.8422 16.6375 27.4804 15.0924 23.0765 4.6505 24.7341 0.939267 15.5326 32.7406 26.6488 17.4528 16.9697 22.834 9.11832 22.5726 9.5645 26.1864 8.57876 25.8116 20.6151 10.3988 20.3198 24.3094 16.6666 23.2542 2.34968 23.5754 27.4501 12.4689 22.1235 5.68224 1.71334 20.8742 15.0753 22.9355 26.7546 18.5847 8.71829 17.0829 7.53561 22.0814 17.8827 23.556 9.93525 18.0106 3.75178 17.4549 18.2169 14.8422 15.3414 14.7356 22.1022 18.3311 19.3388 19.126 5.67406 8.02057 26.4205 17.3166 19.3914 27.9086 26.0352 
26.739 12.929 19.8918 15.1731 0 25.0645 27.615 20.8052 16.7057 30.0894 15.2148 18.5513 17.2178 32.132 22.7587 25.3374 25.1669 28.047 11.8769 17.7504 17.6811 17.7307 13.772 24.3891 31.8534 23.3669 20.5105 26.433 23.8077 15.4257 12.8038 32.237 9.20283 24.5193 10.3031 7.18543 24.2468 22.8915 13.8275 25.1172 17.9449 18.911 25.3821 3.12092 17.1749 3.4594 20.602 21.8141 25.5507 12.4466 8.1475 16.5162 2.41086 22.4373 22.5455 23.8488 25.5971 27.3253 13.5437 2.20405 23.0872 13.5687 7.14345 4.64235 20.7574 5.27659 25.5063 21.0608 17.8408 19.157 15.9096 26.6033 10.6526 13.5501 13.6385 5.43894 24.8436 19.531 12.9442 17.8941 25.2794 8.53466 14.5232 19.3873 21.999 5.16494 24.9762 24.3502 28.1858 8.13173 20.7209 1.61299 12.8037 6.25897 5.34859 19.0601 8.45732 20.8161 25.9801 10.9868 15.8816 22.4028 17.9455 12.6391 21.5219 13.4024 9.80758 20.6876 13.9764 28.0377 20.9691 27.9474 6.25696 3.40062 33.1732 17.3071 23.8694 11.7531 19.1637 25.6581 20.0845 24.842 7.57066 23.3268 13.2 5.75768 24.4529 3.40231 19.79 27.699 22.6173 10.3048 27.8133 15.0285 23.4403 18.5575 13.3448 23.3217 10.6867 8.32836 33.6761 27.3212 13.8985 11.0712 21.3152 14.3708 10.4701 25.5364 27.2354 25.0424 17.4145 20.6715 11.4642 13.2512 22.5867 27.0503 12.4515 17.1024 14.3338 5.51507 26.7734 22.3464 23.1881 23.5758 14.6207 29.1431 22.7469 23.144 20.3885 15.4108 14.3052 8.99301 26.5121 23.362 29.4398 25.6382 16.737 14.2814 17.3385 15.4272 28.7758 32.1014 23.7297 9.19747 18.8933 2.40336 18.9442 19.5486 21.3025 23.1209 11.6919 27.8878 15.17 5.97789 20.4921 7.15414 31.2594 16.3894 22.0367 19.8077 17.6991 
2.69756 19.6365 13.3106 19.4536 25.0645 0 3.30516 10.0579 12.0441 7.56975 15.9658 6.79135 20.5597 7.57455 15.6583 4.70109 0.561316 6.3926 14.5177 10.6385 19.5611 10.1841 11.4774 6.3696 7.50558 18.9538 9.08508 9.34007 9.58294 16.8827 12.6415 8.09017 16.699 18.9798 21.6815 18.2643 10.4796 3.53876 16.404 10.105 11.1588 11.6798 20.6592 22.2285 11.4364 28.4988 4.8904 20.2569 1.6899 16.0831 23.6678 13.163 23.6281 10.4178 11.0364 18.2071 17.251 10.9357 12.776 27.2648 20.7195 21.0025 18.1953 27.3378 5.22754 25.5176 7.89574 13.1793 9.75927 8.08804 10.3002 3.67046 18.685 19.9451 21.1847 30.4867 21.6241 20.4638 17.2059 19.0838 1.73503 19.4311 11.212 5.67739 8.92519 20.5509 14.2081 7.46277 7.83688 24.3492 5.48546 26.3244 21.978 22.5259 22.3846 6.09385 17.3251 12.9148 11.2392 21.6985 9.24416 9.78767 16.1772 13.4809 4.60397 21.3776 22.7529 15.7578 11.2662 4.22289 18.9502 8.55766 19.871 21.671 8.3222 10.1397 2.45325 21.1873 6.08097 2.39255 10.0862 3.16861 19.7022 11.9146 17.7043 25.76 12.091 25.4864 9.58774 7.35451 18.4758 20.7715 4.87171 10.8041 1.63403 10.0298 13.3289 16.6939 15.7187 18.7432 8.70758 11.7516 20.3253 18.2492 13.5313 19.0234 15.7491 22.6978 9.61858 3.29238 8.71126 11.3553 14.2185 20.349 13.3812 9.02567 13.5871 20.7661 16.2887 24.2488 1.92786 11.509 2.82487 8.19384 21.7214 4.28938 16.3482 9.07629 10.6655 13.8987 18.0799 22.9768 10.0273 7.95704 7.88832 2.30327 10.8718 12.6196 11.9223 16.9421 9.44658 7.91014 14.9616 19.1142 20.2185 25.9641 7.75498 5.5834 4.23438 5.46564 21.5536 6.79605 13.7441 23.9577 17.7428 21.1851 6.9955 10.2627 4.64306 20.9713 20.3759 
0.87735 20.8693 13.4916 20.3408 27.615 3.30516 0 13.3074 13.192 8.5926 16.9993 9.06618 21.1184 4.54241 15.1482 3.6233 3.63361 8.15262 16.496 11.739 22.863 13.4721 13.8559 9.2782 7.12149 22.0805 9.54357 11.8729 12.5642 17.8164 15.5471 4.87377 19.6041 22.0374 23.2261 20.6205 9.55071 6.83113 19.6585 8.89481 12.0982 12.26 19.861 24.6764 12.5576 31.0708 7.01574 20.0549 4.34096 17.6571 25.4439 14.1917 26.0178 13.5452 14.1509 21.2926 20.183 9.07784 14.7032 29.8187 23.8874 24.272 20.9423 30.1643 8.4963 28.4304 6.52376 16.3904 13.0418 11.3823 13.4447 1.67413 21.8349 21.0743 22.2806 33.0539 24.7204 23.7432 20.4381 22.3836 4.55924 22.4672 13.3125 8.44325 12.11 22.8877 17.1179 6.60588 5.36114 27.4226 8.76944 28.9481 25.229 25.4912 24.514 8.58702 20.1921 16.1395 9.79803 24.8934 11.7467 12.9239 16.6581 15.503 6.19884 24.6433 25.9034 18.9866 14.1213 1.01738 22.1836 6.26569 22.1085 24.2152 7.07745 13.4074 3.75088 22.5481 9.10145 4.95801 10.5255 6.0736 21.739 14.9572 20.9516 28.6974 15.0153 27.7471 12.8834 5.01131 21.6352 22.3439 2.02027 13.865 4.72861 13.3338 15.1705 19.7889 18.7274 21.7293 7.14744 9.95942 23.6015 19.8549 16.7279 20.0497 18.7313 25.7808 11.9895 2.90828 11.8924 14.5972 16.4159 23.6108 12.8947 11.4006 15.6403 24.0711 19.558 26.3043 1.49558 14.6389 4.4312 11.214 22.6753 3.96517 19.4752 8.57604 13.9279 15.1006 19.153 26.0923 8.35813 11.0099 9.32587 1.98852 12.2522 15.7796 12.9117 20.2378 6.98542 4.70422 14.2227 22.1863 20.5041 28.6781 11.0264 8.12197 6.31333 5.60542 24.7726 4.29012 17.0065 26.9191 17.7158 23.1594 6.80922 13.4646 7.94501 24.2475 23.6783 
12.7555 21.2107 18.7764 22.0871 20.8052 10.0579 13.3074 0 15.5609 10.4867 18.7904 9.8109 23.9514 17.045 22.1265 14.0615 9.67575 8.54487 14.6333 14.7548 9.77599 3.31763 11.0908 4.84443 13.2961 9.11963 15.1387 5.70852 3.01121 19.8082 8.8318 17.8063 11.6284 9.37829 21.934 15.8784 18.4101 6.54096 8.17519 18.4661 15.4873 16.6768 27.1947 18.7787 15.2214 23.8537 10.0407 25.5545 9.08745 17.2266 22.8404 16.6666 20.2819 1.73084 2.09975 8.52825 8.26628 19.9598 13.645 22.7987 10.7576 12.181 13.8104 21.4566 5.62978 19.2641 16.7887 3.18595 3.43513 3.39694 5.73872 13.6366 11.3545 21.7924 22.9607 25.7356 11.8387 10.4647 9.18089 9.26284 8.82624 12.9491 12.0741 8.0989 1.50461 17.8546 5.75352 15.9106 17.6122 17.1268 5.27186 21.5904 13.3442 16.1928 20.3294 9.04207 12.3744 2.88609 19.7413 13.6678 9.56393 1.59792 20.4136 13.755 11.0746 12.589 15.0447 5.70844 8.47119 14.2676 8.8945 18.1656 17.7256 17.8254 15.1819 3.86701 11.2223 22.1253 6.8505 8.63311 15.8458 7.42435 18.4258 3.21737 9.42418 19.3396 4.18559 22.5199 1.30278 17.08 8.55364 21.0564 14.9107 6.72641 9.04386 2.42208 14.3136 7.03317 10.1199 12.7269 15.9427 20.6312 11.4403 18.837 3.58042 21.319 10.3475 12.9355 6.50425 12.7517 5.12038 1.30234 13.5519 11.6668 20.1314 6.41552 13.7063 11.0884 7.8368 22.2722 11.8284 2.23918 10.9042 3.16076 23.8559 12.0045 6.57441 16.69 0.671782 16.7298 20.3922 15.5353 18.9346 3.09449 9.4921 12.1963 14.1726 6.58852 15.8857 7.87683 19.1294 17.615 21.9414 12.3948 24.3587 20.7948 4.0722 8.90714 10.1399 13.463 13.2944 16.646 5.86989 17.5235 22.9339 19.9248 12.7261 5.02823 5.5162 10.9597 10.5928 
12.3853 7.68327 3.96339 7.43218 16.7057 12.0441 13.192 15.5609 0 19.3444 3.92308 6.19882 8.78599 17.2112 7.56674 9.94332 12.4469 17.7327 4.93797 1.45311 21.0497 12.8687 5.60914 15.5652 19.5211 23.7256 4.07278 18.8377 17.3863 4.86433 9.47268 16.9654 11.9821 24.3486 10.1198 9.65722 7.54107 12.1877 15.8976 8.42303 1.28224 2.28211 12.1605 13.5858 0.635026 20.0381 7.37164 10.0372 13.3818 4.7464 12.5477 1.17891 14.5926 17.0522 17.5825 23.4612 23.7261 10.6246 3.68686 18.7804 24.8094 19.8821 11.9148 20.4486 11.0106 19.4148 9.10907 18.1934 12.5145 12.1773 10.656 11.709 15.9473 7.92927 9.15928 21.9078 26.3224 22.7492 16.0532 20.802 13.2307 15.2626 4.14145 8.11743 15.6063 11.5437 21.3063 8.05002 11.966 19.8147 11.2751 18.2664 20.2667 17.1959 12.3674 7.12945 12.136 17.8266 9.28009 19.0339 6.10777 16.5601 4.85759 4.49643 7.44161 20.1 19.3129 19.91 8.50771 13.1972 22.4282 11.5432 10.49 13.5862 20.0654 12.3409 9.83902 9.36065 9.08888 13.8849 3.43417 13.7927 9.5345 18.7271 16.7238 19.8301 19.5421 15.7979 14.3042 11.5552 22.988 9.2727 12.5767 10.0124 10.8669 13.5603 3.55722 22.1154 12.2096 14.2386 20.2657 10.622 19.5037 6.88188 18.6264 6.97981 11.9831 27.3912 19.4631 10.2842 10.5403 16.5018 5.81214 19.1498 6.42239 18.9717 4.7086 21.6541 16.1579 13.8875 13.0153 17.7962 9.28502 16.2464 9.67814 16.2171 21.5479 6.53364 15.7283 1.90862 6.04083 19.0786 9.84186 15.9226 19.3473 11.3373 1.40585 11.9261 0.665427 17.5258 12.2758 16.8756 8.01276 15.3794 8.88368 18.4542 11.5131 7.52357 7.90927 7.67079 19.2997 11.9279 14.2352 18.4152 7.45344 10.7028 19.0295 11.3268 12.1485 23.2679 21.6842 
8.80939 26.7327 20.8758 26.7739 30.0894 7.56975 8.5926 10.4867 19.3444 0 23.251 13.476 28.0151 9.59226 23.1722 11.7829 7.06736 2.05298 20.9987 17.9984 19.815 12.7192 17.5373 5.86123 3.38035 16.9318 16.6439 5.68241 7.99229 24.2086 17.2988 10.7029 21.0141 16.4732 28.4643 23.9699 17.8134 7.5741 18.6066 17.294 18.5753 19.1974 28.1069 27.5901 18.7658 33.3758 11.9757 27.8241 6.01636 22.9616 30.145 20.5002 29.075 9.57322 9.94483 15.9433 14.1445 17.6646 19.4021 32.2203 18.9128 22.6494 22.95 31.4574 9.52604 29.3655 14.9525 12.5329 12.4879 10.9887 14.1955 10.0745 21.6442 27.1121 28.359 35.3316 19.2154 20.0089 19.5925 19.2759 6.13364 23.0041 17.7122 11.7834 8.98852 26.207 11.2895 14.7729 13.9134 27.4788 9.48505 31.1169 23.8249 26.2703 28.3669 12.589 21.7375 12.4583 18.2988 24.1307 15.2949 9.18032 23.6827 19.9532 12.0266 23.059 25.4728 14.9679 16.2425 9.4712 17.9209 14.845 25.7399 26.824 5.42919 13.0188 10.019 28.1545 11.4267 5.46366 17.6406 5.6823 25.9101 10.1352 19.8819 29.4968 9.57264 31.15 10.9702 13.5958 16.7524 27.5424 10.5776 15.0609 8.49032 12.0583 20.0277 14.6252 19.6808 22.5933 6.28059 18.5422 21.9056 25.0404 12.6839 26.2694 19.8258 20.1451 5.24985 10.5239 12.6759 11.3913 20.3989 22.1499 20.8899 4.86484 20.0124 21.2007 18.2976 30.3082 7.58607 10.4339 10.371 7.33216 28.9812 4.75062 14.551 16.5433 11.1304 21.1236 25.3097 25.9184 16.91 7.39743 1.24552 9.28746 18.0702 16.0784 19.3026 18.3492 15.5092 10.5254 22.4072 22.5189 27.7502 30.5015 11.1492 12.1004 11.4446 12.9996 23.7752 12.8578 16.128 27.6588 25.3122 27.4448 3.00705 13.7755 8.1835 20.4223 20.6011 
16.2153 3.96143 4.9819 3.52863 15.2148 15.9658 16.9993 18.7904 3.92308 23.251 0 9.95602 5.16197 20.8577 7.54457 13.6228 16.37 21.6098 5.23786 5.33726 23.0222 15.8328 7.91891 19.287 23.4353 26.3884 7.56005 22.5054 20.8717 1.02201 11.4755 20.5196 12.8462 27.1236 6.80561 8.93069 10.034 16.009 17.7096 11.0337 4.90335 4.95745 10.8204 12.2165 4.53072 18.2885 11.2754 7.79723 17.301 2.99285 9.51453 2.82079 12.8846 20.3767 20.8657 26.242 26.7564 13.083 5.32738 17.0859 27.2712 21.1585 12.0767 19.4459 14.6825 18.8353 12.2831 21.1661 15.5372 15.4832 13.4409 15.4633 17.0256 4.08083 5.28164 20.0133 28.8785 24.8435 17.6509 22.8513 17.1465 15.8793 6.7345 11.8432 19.0177 10.2046 24.5336 11.3672 15.1872 19.869 14.9187 16.8267 21.3223 17.1309 10.2181 10.8885 12.769 20.8008 11.5619 19.8528 9.23865 19.9319 2.82583 5.59639 11.3623 21.3101 19.8277 22.6061 10.9122 16.9314 24.8406 14.6126 9.05713 12.544 23.9392 15.2732 13.7386 5.76685 12.6947 17.7963 6.67192 17.6692 7.6459 22.0018 18.308 19.2986 22.8913 13.5937 17.4985 14.8445 25.6204 6.09177 16.2294 12.6308 14.7832 16.6117 4.73105 24.9835 13.5162 14.8463 24.1133 12.8436 20.9025 4.22462 21.5907 3.06607 13.2311 29.9136 23.1619 14.0952 13.6736 19.6045 6.55413 20.4551 7.57987 22.6918 5.74653 23.4235 18.0537 11.3601 16.898 21.025 13.1974 19.8126 5.75561 20.1239 24.3923 9.55075 18.8697 2.16141 2.15386 19.4376 12.5052 19.4919 23.2261 15.1909 5.18977 14.2083 4.09528 19.4987 15.2056 20.4453 8.53957 16.1524 5.75014 17.2799 14.848 11.3188 11.8272 11.4136 20.2417 15.3172 16.5158 18.1553 5.69059 8.37213 22.9476 14.1612 15.8851 25.34 23.5703 
8.18945 13.2698 8.99326 13.4756 18.5513 6.79135 9.06618 9.8109 6.19882 13.476 9.95602 0 14.9743 13.5817 12.3177 7.10588 7.03812 11.7279 7.73728 5.11127 17.0492 7.71202 4.79141 9.36722 14.1814 18.5702 5.40975 12.642 11.301 10.9557 7.01191 13.7251 10.916 19.024 15.0398 11.5744 9.12568 6.06463 12.5476 9.45142 5.82254 6.91453 17.3856 15.6135 5.72317 22.0084 2.0508 15.9004 7.75219 9.49362 16.9109 7.37548 16.9678 11.1424 11.7143 18.146 18.0771 11.3688 6.02376 20.7546 19.9177 17.0935 12.0006 21.2502 4.82672 19.642 8.48391 12.7378 7.27807 6.44489 6.17271 8.10061 13.86 13.6753 14.921 23.9902 21.2627 18.4792 13.0614 16.6899 7.54316 14.0349 4.42263 1.92151 9.61681 13.8519 15.4515 7.34619 10.493 19.0135 5.10752 19.8992 17.8129 16.8282 15.6055 0.933808 11.421 12.3805 10.7114 17.0645 2.74011 10.6019 10.9724 6.69575 3.06341 17.4047 17.8149 14.8135 5.55422 9.50213 17.6781 10.6051 13.1208 15.1524 15.1131 7.29764 5.31817 14.6803 3.00703 8.12416 6.04703 7.80966 12.911 12.8508 13.6852 19.949 13.5716 18.7532 8.652 9.94295 17.8942 14.1208 9.37269 6.05141 5.2877 8.18904 6.61114 16.7077 10.3265 13.1765 15.4886 11.8389 16.5402 11.6037 13.1699 12.893 10.2528 22.3583 13.2643 6.5547 5.30024 10.9078 7.44265 16.3681 10.3645 12.7744 6.79763 17.9506 12.6337 17.4602 8.31221 11.993 4.63693 10.1031 15.5979 11.069 16.1861 7.4037 10.1027 7.79543 11.9272 17.8521 10.3321 9.77871 13.3423 7.08697 4.81302 8.2548 6.35915 13.7468 11.5779 13.5821 12.1808 13.8774 15.0538 19.6725 5.76911 1.38055 2.75309 5.23453 17.1061 9.90179 10.2251 18.2318 13.2666 14.395 13.6336 6.6171 5.95148 19.0125 17.7914 
20.4097 4.39322 7.71707 2.27888 17.2178 20.5597 21.1184 23.9514 8.78599 28.0151 5.16197 14.9743 0 24.5363 7.96007 17.5551 21.0096 26.4715 9.95681 10.0419 27.763 20.9715 13.017 24.3399 27.8954 31.4168 11.6128 27.5925 26.0177 4.14321 16.4067 24.0209 17.1768 32.1874 7.00354 12.4224 12.6904 20.9708 22.4338 13.694 9.44113 8.91726 8.46114 14.6411 9.31243 19.7373 16.0975 4.77372 22.0084 7.27843 9.67513 7.60713 14.8115 25.5383 26.0276 31.3098 31.8869 15.3383 10.411 18.6853 32.2181 25.5096 15.9723 21.7956 19.7602 21.6821 15.5234 26.2937 20.6846 20.6441 18.5593 19.4899 21.3396 3.70599 3.68346 21.1592 33.8586 29.632 22.2629 27.6333 21.8816 19.9124 11.8869 16.8859 24.1732 12.9083 29.6925 14.8655 18.3157 23.2951 20.0101 18.7827 25.5188 20.5557 11.8693 15.9072 16.9553 25.9295 13.7677 23.9103 14.4003 25.0913 4.46048 10.5404 15.9966 25.6141 23.65 27.6587 15.9735 20.8789 29.7779 17.5548 11.8302 15.307 28.1827 20.4088 18.2065 5.51385 17.7969 22.5541 10.6129 22.5392 10.1586 27.1635 22.9 22.1758 28.0526 14.7233 22.6586 18.0915 30.6406 6.91346 20.0279 17.7212 19.5272 21.7604 9.77618 30.0792 18.076 18.9154 28.2594 14.8275 25.3375 6.92489 26.7158 3.21759 17.7693 34.8764 28.2317 18.2861 18.8334 24.755 11.2772 24.8381 9.34212 27.7475 10.658 28.0483 22.8144 12.2182 21.2496 26.1852 17.7392 24.9384 2.97298 24.5543 29.483 12.8576 24.025 7.26934 3.87025 23.1436 15.0727 24.6165 28.0814 19.4718 10.1612 19.1856 8.73445 24.2778 17.9174 23.9781 9.28811 20.2873 1.78169 19.5382 20.0071 16.3088 16.5823 15.5478 24.3801 18.6953 21.4638 21.3533 4.62817 10.1006 27.4456 19.2848 20.9255 30.1134 28.2593 
5.40927 24.7985 16.8197 24.0338 32.132 7.57455 4.54241 17.045 17.2112 9.59226 20.8577 13.5817 24.5363 0 17.738 7.26788 7.73074 10.1215 20.8676 15.7751 26.7846 17.6769 18.3625 12.5122 6.69256 25.3365 13.2977 14.3794 15.7318 21.5895 20.0745 1.15379 24.1345 25.127 27.3277 25.1004 12.1141 10.8878 23.9418 11.2195 16.0287 15.9502 21.9247 29.173 16.5795 35.5897 11.5318 22.7846 8.01808 21.8302 29.6625 18.1123 30.4964 16.9634 17.5241 24.4581 23.0361 10.4824 19.0713 34.3347 27.234 28.512 25.4846 34.7059 12.7792 32.9627 9.07441 19.9559 17.2679 15.5723 17.8697 5.61263 26.2582 24.9307 26.0979 37.5707 27.8691 27.4927 24.763 26.2836 8.29931 26.9615 17.7527 12.9774 15.6995 27.3566 20.0001 9.67322 6.58106 31.9005 13.0152 33.4772 29.5141 30.0111 28.9046 13.1267 24.7284 19.7494 11.7085 29.27 16.279 16.3794 20.1164 19.899 10.6406 28.8933 30.3267 22.5711 18.6552 4.12636 25.7508 7.53699 26.5475 28.7338 5.3536 17.6731 8.26589 26.5419 13.5839 8.41451 14.2057 9.62321 26.1023 18.1578 25.2483 33.2251 17.9882 32.1799 16.8262 6.62651 24.9829 26.4691 4.63636 18.3412 9.14313 17.4338 19.4994 22.9996 23.2302 26.2416 4.86704 11.3391 27.8218 24.0212 20.2468 23.8488 23.2429 28.8855 14.2588 7.16051 16.2856 18.287 20.8648 27.8722 15.637 13.7229 20.0464 28.0513 23.8055 30.6574 5.65492 18.0336 8.9468 14.5098 26.3835 5.35169 22.7685 11.6797 17.6996 19.1052 22.999 30.5435 10.166 14.3728 10.6989 6.49782 16.4199 20.193 16.8453 24.3799 7.71181 1.00888 16.6104 26.6631 23.6961 33.2177 15.2918 12.664 10.8339 9.554 29.1161 5.92666 21.2761 31.4405 20.6918 27.4884 6.76956 17.8361 12.0224 27.9771 27.6032 
14.6288 10.563 3.62074 8.67933 22.7587 15.6583 15.1482 22.1265 7.56674 23.1722 7.54457 12.3177 7.96007 17.738 0 11.5647 16.1958 22.0307 11.9851 7.70037 28.5265 19.8586 13.1596 20.9246 22.2594 30.7923 7.07826 24.2549 23.3933 7.41866 17.0194 17.0334 19.4529 31.3037 13.6904 16.3105 5.66803 17.294 23.4359 6.51915 7.00393 5.65908 5.12404 19.7558 7.56208 25.8001 12.4132 5.05113 17.3146 10.4178 16.5262 6.99815 20.4206 23.4081 23.9954 30.4211 30.3925 7.688 11.1504 24.6101 32.0224 27.4466 19.1282 26.9659 16.8541 26.2598 8.76788 25.0328 19.4554 18.7607 17.8721 13.4788 23.4851 10.2339 10.9575 27.4853 33.4532 30.1741 23.6154 28.2547 17.2815 22.6884 11.683 14.071 21.8457 17.7336 27.72 8.54513 11.1962 27.0411 17.1849 24.3708 27.8122 24.3463 17.7007 13.0972 19.5404 24.6722 6.19014 26.5334 13.2844 22.8431 4.87632 11.8496 11.7373 27.6609 26.7277 26.9955 15.9776 14.6363 29.6937 10.3024 16.589 20.0447 22.1037 19.3791 13.2148 12.3284 15.2879 17.9781 6.28722 18.3555 15.1886 25.1221 24.2859 26.7104 25.7764 21.0163 20.9662 11.1116 30.0886 13.1851 13.6148 17.3522 15.1541 20.4328 10.8558 29.0027 19.7626 21.6541 22.0084 7.05132 27.0704 11.7239 25.4665 9.09267 19.5283 34.5399 24.7378 12.6868 17.4403 23.2208 13.1105 26.7149 2.28266 24.1782 12.054 29.1802 23.6792 18.6773 15.7212 24.2941 12.9859 22.0912 10.674 18.9973 28.4689 6.64279 22.4173 7.83919 8.75886 26.4357 7.66808 21.7731 23.5464 13.9386 8.62159 19.3763 6.97316 25.021 10.4514 17.0271 1.33498 22.8512 6.55698 24.8151 18.0839 13.2883 12.5979 10.1927 26.8252 11.8227 21.655 25.4631 3.36704 15.8364 21.9122 18.4835 17.669 30.6988 29.183 
3.06545 17.5486 9.89121 16.8758 25.3374 4.70109 3.6233 14.0615 9.94332 11.7829 13.6228 7.10588 17.5551 7.26788 11.5647 0 5.25771 10.9374 13.7687 8.50831 23.0032 13.3452 11.6522 10.9728 10.6994 23.1543 6.07485 14.0332 14.0803 14.3884 14.0843 7.07472 18.0217 23.2951 20.0604 18.1947 6.04678 7.6737 19.1179 5.51814 8.76697 8.77063 16.37 22.3001 9.31168 28.7917 5.24198 16.4397 6.35978 14.5793 22.417 10.8559 23.5562 14.7192 15.3485 22.4853 21.7222 6.23922 11.9822 27.5255 24.8184 23.752 19.0477 28.2854 8.55646 26.7303 3.2197 17.2468 12.8858 11.4178 12.6525 1.9545 20.8169 17.7024 18.8856 30.7539 25.8618 24.1407 19.7661 22.5701 6.43424 21.1176 10.8175 7.26705 13.1482 20.4037 18.7184 3.02856 3.63918 26.102 8.90025 26.7584 24.582 23.9338 21.7935 6.97906 18.5234 16.9451 6.58359 23.9903 9.82561 14.0863 13.0964 12.8454 4.06298 24.0932 24.8281 19.7308 12.6211 3.33307 22.8707 4.1047 19.5273 21.968 10.6898 13.1301 2.83969 19.2803 8.31653 7.07093 7.02215 7.84271 18.966 16.3151 20.3469 27.0447 16.6075 25.1263 13.3268 3.08321 22.6119 19.2041 2.63546 12.8193 5.08495 13.4491 12.358 20.9693 17.3884 20.275 10.7152 7.05055 23.1389 16.7655 17.6333 16.6407 17.3316 26.9517 14.3196 1.41623 11.3048 15.3561 13.9092 23.0489 9.29828 13.7265 13.0087 24.0867 19.1116 23.4974 4.20895 15.7871 3.21862 12.6777 19.2214 7.43623 20.5704 4.95899 14.5971 11.8384 15.7718 24.9052 5.32737 12.4114 12.3227 2.52692 9.18267 14.9424 9.58447 20.0172 5.07582 6.97042 10.6911 20.9337 16.8969 26.6255 10.896 6.65214 4.68306 2.30473 23.9718 2.84999 16.5746 25.3358 14.0925 20.3129 10.3476 12.8692 8.57286 24.6652 23.7974 
3.11454 20.006 13.8087 19.8685 25.1669 0.561316 3.63361 9.67575 12.4469 7.06736 16.37 7.03812 21.0096 7.73074 16.1958 5.25771 0 5.84392 14.7754 11.0544 19.2469 9.95765 11.6584 5.85817 7.16911 18.5121 9.57676 8.79165 9.09352 17.2971 12.6529 8.31396 16.6999 18.5166 22.0001 18.4278 11.0373 3.2155 16.2118 10.6662 11.5915 12.1484 21.2054 22.3619 11.8455 28.5918 5.20673 20.7719 1.13178 16.4088 23.9436 13.5765 23.7743 9.97163 10.5862 17.7516 16.758 11.4893 13.0505 27.364 20.2941 20.7906 18.2491 27.3535 5.05276 25.5037 8.45573 12.7727 9.54288 7.85416 10.2043 4.16205 18.5682 20.3283 21.5703 30.5796 21.1731 20.1101 17.0334 18.7636 1.17653 19.3725 11.4591 5.7964 8.50228 20.7148 13.709 8.02269 8.3476 24.2678 5.28444 26.4048 21.7848 22.4942 22.5927 6.29397 17.339 12.5161 11.8003 21.5502 9.40629 9.34426 16.6424 13.7336 5.02343 21.1697 22.6319 15.3623 11.3026 4.59476 18.5582 9.08531 20.0594 21.7795 8.10208 9.94283 2.98186 21.5354 6.08426 1.83161 10.5744 2.63878 19.9344 11.4431 17.5177 25.7364 11.5928 25.6611 9.26078 7.87355 18.0463 21.0871 5.31542 10.7531 1.76255 9.75909 13.6174 16.2408 15.6785 18.7077 8.53418 12.3078 20.1057 18.5643 13.117 19.4218 15.7206 22.243 9.06221 3.8513 8.59763 10.9677 14.4307 20.146 13.9206 8.46893 13.833 20.4687 16.0805 24.4698 2.17383 11.0647 3.3042 7.7115 22.1245 4.04371 15.9056 9.62459 10.2945 14.287 18.4741 22.8752 10.5847 7.48318 7.35211 2.83222 11.2485 12.5069 12.3456 16.6927 9.96428 8.12975 15.5095 19.0387 20.6953 26.0178 7.56103 5.7793 4.57867 6.00489 21.388 7.2984 13.5467 23.9262 18.2483 21.4272 6.6402 10.1275 4.34325 20.6141 20.0634 
8.16502 24.996 19.5274 25.1384 28.047 6.3926 8.15262 8.54487 17.7327 2.05298 21.6098 11.7279 26.4715 10.1215 22.0307 10.9374 5.84392 0 19.1271 16.43 18.0407 10.6749 15.6208 3.82845 4.84484 15.5494 15.2919 4.31849 6.24581 22.5854 15.2634 11.1519 18.9627 15.2028 26.628 21.9802 16.8577 5.71088 16.6139 16.4357 17.04 17.7545 27.0493 25.5664 17.1739 31.3272 10.3747 26.5408 4.71807 21.1706 28.24 18.9014 27.0545 7.7696 8.19792 14.6032 12.9961 17.048 17.5701 30.1743 17.5077 20.7256 20.9059 29.4068 7.56398 27.3192 14.1556 10.7885 10.4383 8.93607 12.1474 9.42915 19.6193 25.4017 26.6479 33.2817 17.9575 18.3486 17.5925 17.5054 4.75309 20.959 15.8677 9.96275 7.04048 24.2072 10.0141 13.8263 13.5024 25.4582 7.49943 29.0675 21.8873 24.2243 26.3948 10.8188 19.6869 10.6816 17.5206 22.1454 13.3995 7.32423 22.2047 18.0863 10.5749 21.1338 23.4717 13.2989 14.229 9.1247 16.3412 14.3761 23.7616 24.7901 6.84191 10.9684 8.81825 26.3699 9.51023 4.05531 16.2706 3.94092 23.9731 8.53209 17.8978 27.4537 8.12316 29.1423 8.9599 13.12 15.2993 25.7059 10.172 13.0193 7.00678 10.0272 18.2077 13.2139 17.6279 20.5422 7.66098 17.9031 19.9844 23.2174 10.9775 24.597 17.773 18.9343 4.13761 9.5854 10.6369 9.51801 18.4804 20.2088 19.7588 3.61141 18.1364 19.4124 16.3171 28.3411 6.90014 8.70211 9.06622 5.42191 27.3072 4.82439 13.0758 15.4682 9.20047 19.464 23.6331 23.9049 16.2155 5.4515 1.6166 8.41149 16.4201 14.0263 17.7375 16.4215 15.1331 10.9631 21.3533 20.4779 26.298 28.4489 9.10358 10.3473 9.90371 11.8457 21.8048 12.4263 14.1099 25.6152 23.9851 25.511 4.31823 11.723 6.2156 18.7824 18.838 
15.6278 6.60663 8.59736 7.81496 11.8769 14.5177 16.496 14.6333 4.93797 20.9987 5.23786 7.73728 9.95681 20.8676 11.9851 13.7687 14.7754 19.1271 0 5.87742 17.8476 11.434 3.63556 16.1625 21.9109 21.5145 8.63396 19.1176 17.0935 6.07913 6.47624 20.8162 7.64492 22.3274 7.54331 4.74195 12.4323 13.4302 12.5214 13.2706 6.11959 7.21226 15.9174 8.76129 5.34225 15.2686 9.65865 13.0308 15.4642 2.71447 9.18595 5.05459 9.88656 16.3207 16.7321 21.458 22.2 15.4838 1.7964 14.0017 22.2675 15.9276 7.14412 15.5132 11.6368 14.4955 13.6477 16.6279 11.2222 11.5823 8.96 15.2555 11.8085 7.22804 8.3539 17.1829 23.9192 19.6967 12.4256 17.6992 15.2424 10.7726 3.32268 9.23217 15.1527 6.75871 20.2467 12.5045 16.3784 15.0623 11.7756 13.4081 16.1212 12.386 8.03805 8.523 7.6291 16.2714 14.1894 14.7025 5.73866 15.9677 7.87438 1.04885 10.3025 16.086 14.784 17.7938 6.24248 16.7434 19.826 16.0944 5.79512 8.67763 22.8382 10.8616 12.7973 7.5245 9.63313 15.7895 8.23054 15.3263 5.24303 17.8295 13.0795 14.9184 18.8174 11.3589 13.3337 15.9105 20.7317 6.62628 16.3492 8.03099 13.0236 12.2878 1.46918 20.2868 8.27926 9.73484 23.1894 15.5304 15.6651 4.2383 17.0359 6.94166 7.99332 24.9294 19.8499 13.7096 9.61359 15.2517 1.33012 15.2214 11.2283 19.4584 0.994157 18.2066 12.8847 9.80852 15.9385 16.8071 12.1377 16.2416 9.29818 18.8025 19.6812 11.2705 14.587 4.1481 6.1138 14.462 14.6474 15.9389 20.712 14.5168 4.86245 9.27264 5.59737 14.3421 16.9073 20.6993 12.669 10.9969 10.8838 13.5396 11.0338 9.03557 10.3496 11.4841 15.0611 16.1574 11.524 13.5537 10.8138 6.68257 21.3575 9.69374 12.9695 20.1846 18.3736 
10.9325 9.13521 4.12766 8.81544 17.7504 10.6385 11.739 14.7548 1.45311 17.9984 5.33726 5.11127 10.0419 15.7751 7.70037 8.50831 11.0544 16.43 5.87742 0 20.8435 12.2517 5.65608 14.4172 18.0986 23.177 2.78591 17.7212 16.4044 6.24431 9.44743 15.5479 12.3625 23.7406 11.5526 10.6131 6.60946 10.9615 15.8157 7.40846 0.733658 2.04132 12.577 14.6319 0.81928 21.1269 6.05562 10.8186 12.0122 6.10729 13.9388 2.52477 15.7108 16.1763 16.7288 22.8543 22.9867 9.62242 4.3348 19.8625 24.3537 19.9813 12.5455 21.33 9.93248 20.1768 7.84448 17.5159 11.8681 11.3578 10.1847 10.2598 16.1707 9.37171 10.5972 23.0245 25.8145 22.4762 16.0624 20.5632 11.8712 15.671 4.20187 7.02454 14.6841 12.6129 20.4667 6.74299 10.6586 20.3675 10.2182 19.2855 20.45 17.815 13.6061 6.0185 12.5981 17.1509 8.3826 19.32 5.58966 15.6574 5.8796 5.22839 6.03517 20.2238 19.7087 19.3671 8.31709 11.7497 22.0091 10.2922 11.6009 14.5466 18.6198 11.7506 8.40302 10.8124 8.09127 12.5348 2.38171 12.4974 10.761 17.8719 16.7299 20.5737 18.6373 17.0199 13.5313 10.2273 22.4584 10.6964 11.1434 9.65195 9.50918 12.8823 4.41574 21.47 12.4105 14.6671 18.8151 9.71601 19.5566 8.27481 17.9504 8.40239 12.2132 26.8953 18.3211 8.83114 9.86045 15.7636 6.52648 19.2442 6.16973 17.8143 5.43523 21.5325 16.035 15.1877 11.5716 16.9742 7.86073 15.2143 11.0892 14.7869 20.918 5.39369 14.9739 3.36163 7.47269 19.5325 8.77133 14.89 18.0408 9.88649 1.10413 11.6934 1.30757 17.3517 11.069 15.4549 7.9051 15.7282 9.97916 19.3994 10.6831 6.36445 6.55391 6.22701 19.5362 10.566 13.9601 19.0852 8.18912 11.9944 17.6129 10.812 11.0047 23.0017 21.5115 
22.2267 23.9343 24.9136 25.5516 17.6811 19.5611 22.863 9.77599 21.0497 19.815 23.0222 17.0492 27.763 26.7846 28.5265 23.0032 19.2469 18.0407 17.8476 20.8435 0 9.66246 15.4646 14.5568 22.8789 5.96152 22.2787 14.2888 11.8251 23.9143 11.6354 27.5035 10.9021 7.1737 23.3345 16.2713 26.1699 16.0342 5.32951 26.4884 21.5257 22.8798 33.1975 17.0919 20.9765 19.7183 18.1599 30.7154 18.7809 20.4868 23.0346 21.8727 18.3406 10.2711 9.87035 6.70542 8.93281 28.3191 17.8386 19.0468 5.40653 4.41625 12.7722 16.179 14.5329 13.9056 25.2689 7.2839 10.1234 11.6156 10.8966 22.9545 7.30289 24.6444 25.5516 21.2129 7.16385 1.95087 5.60028 0.54194 18.5073 9.39816 16.913 15.9887 11.2076 17.2722 9.81474 24.2197 26.6412 10.8322 14.2142 17.7338 5.56827 11.5251 19.7891 16.6376 11.3581 7.36244 27.7552 7.02073 15.3258 10.7365 25.4157 17.4334 19.3658 4.73509 8.51746 5.03892 12.5535 23.7756 3.47703 27.0385 17.7703 15.9439 24.8331 9.92248 20.253 24.118 14.7906 18.373 22.6801 17.1658 19.158 9.80049 5.03458 13.7333 10.6316 20.5386 9.98829 26.0863 5.32562 22.66 24.2899 11.2359 18.3108 9.59374 18.3502 6.81391 9.74577 10.0175 25.6203 28.8496 3.88023 21.2082 7.16292 24.6345 10.0655 7.90258 14.9293 21.8411 11.8672 8.6064 16.5176 4.50719 26.9463 15.1234 17.277 1.40492 4.96845 21.4036 21.4207 9.38244 19.7889 12.6706 26.6184 21.7796 6.43324 24.4524 9.10963 21.4381 23.8936 9.31738 27.2738 12.7083 18.6773 21.519 19.9067 9.15094 21.5915 3.5362 28.0291 27.3142 28.725 8.76285 28.7278 16.5524 12.1089 16.755 18.516 21.8602 6.3328 25.7705 6.90441 12.3189 28.3 20.2941 22.333 10.436 14.9183 2.37514 0.818633 
