20
3.44568 4.61559 1.89384 0
8.69933 20.634 7.74234 0
7.42662 11.7938 0.279445 1
1.55647 16.4416 1.15989 0
13.3469 19.6044 2.20728 0
4.46755 22.0606 1.68368 1
7.89017 17.2672 1.25059 0
2.00624 16.0934 2.17135 0
0.365787 9.42112 1.32062 0
9.69619 16.6123 1.73899 0
10.4074 17.5027 1.1995 0
2.86402 13.6836 1.58866 1
0.741258 17.2559 2.07581 1
7.98173 18.1513 1.82992 0
12.3516 14.7045 1.72159 1
12.5407 21.2448 1.73034 0
5.78878 14.4873 0.333512 0
10.1814 23.9626 0.652588 0
9.87911 11.6574 1.66565 1
0.116119 19.6458 0.848659 0
400 50 500
0.025 0.0125 10000 3000 15 1e+06 300000 2 2
0 2.72213 5.45213 3.62446 6.27564 3.49998 4.62584 3.53698 4.46847 3.60386 3.75174 6.3391 6.57583 3.92679 1.79591 1.7506 3.62007 3.12515 2.95603 4.7072 7.18148 
2.72213 0 8.01054 1.34639 8.98898 4.67628 6.18425 4.24432 5.95729 3.98112 1.05772 8.77011 9.03434 5.95158 3.33966 1.89724 1.09197 0.419187 5.35289 7.2274 9.87971 
5.45213 8.01054 0 9.0643 3.12916 7.3215 7.29559 7.84621 7.33945 8.17301 8.92593 5.61106 5.59801 2.80814 6.33107 7.12678 9.01598 8.36344 4.90227 0.803787 3.98219 
3.62446 1.34639 9.0643 0 9.70241 4.50137 6.05797 3.90182 5.81093 3.52038 1.45386 9.09794 9.3815 7.19018 3.59635 2.17949 0.438872 1.30144 5.78329 8.30351 10.5357 
6.27564 8.98898 3.12916 9.70241 0 6.50953 5.82703 7.21263 5.9711 7.65378 10.0269 2.87251 2.75351 5.45312 6.26553 7.53408 9.79637 9.39743 4.14498 3.48915 0.989739 
3.49998 4.67628 7.3215 4.50137 6.50953 0 1.55661 0.756834 1.31085 1.24132 5.5978 4.98186 5.28562 6.91793 1.7114 2.81231 4.82448 5.04062 2.48763 6.80436 7.09423 
4.62584 6.18425 7.29559 6.05797 5.82703 1.55661 0 2.22085 0.254897 2.68549 7.13303 3.77265 4.07676 7.48469 2.98509 4.29431 6.37891 6.56122 2.49275 6.92527 6.23115 
3.53698 4.24432 7.84621 3.90182 7.21263 0.756834 2.22085 0 1.96632 0.485578 5.09578 5.73839 6.04227 7.2033 1.78272 2.48119 4.25568 4.57819 3.12395 7.28295 7.82391 
4.46847 5.95729 7.33945 5.81093 5.9711 1.31085 0.254897 1.96632 0 2.4306 6.89822 3.99135 4.29634 7.4318 2.79264 4.07186 6.13523 6.3309 2.48664 6.94404 6.40447 
3.60386 3.98112 8.17301 3.52038 7.65378 1.24132 2.68549 0.485578 2.4306 0 4.77547 6.22318 6.52689 7.38389 1.94885 2.33276 3.89396 4.28982 3.53812 7.58285 8.28308 
3.75174 1.05772 8.92593 1.45386 10.0269 5.5978 7.13303 5.09578 6.89822 4.77547 0 9.82114 10.0872 6.7079 4.36259 2.895 1.01552 0.63879 6.40757 8.13244 10.9254 
6.3391 8.77011 5.61106 9.09794 2.87251 4.98186 3.77265 5.73839 3.99135 6.22318 9.82114 0 0.305773 7.20504 5.51288 6.98164 9.31394 9.1876 3.42618 5.67277 2.80969 
6.57583 9.03434 5.59801 9.3815 2.75351 5.28562 4.07676 6.04227 4.29634 6.52689 10.0872 0.305773 0 7.30001 5.79223 7.25753 9.59258 9.45241 3.68379 5.703 2.59937 
3.92679 5.95158 2.80814 7.19018 5.45312 6.91793 7.48469 7.2033 7.4318 7.38389 6.7079 7.20504 7.30001 0 5.43939 5.65866 7.03331 6.23273 5.03407 2.09295 6.42202 
1.79591 3.33966 6.33107 3.59635 6.26553 1.7114 2.98509 1.78272 2.79264 1.94885 4.36259 5.51288 5.79223 5.43939 0 1.47703 3.80108 3.74555 2.20284 5.698 7.03243 
1.7506 1.89724 7.12678 2.17949 7.53408 2.81231 4.29431 2.48119 4.07186 2.33276 2.895 6.98164 7.25753 5.65866 1.47703 0 2.34024 2.28995 3.61832 6.40802 8.35803 
3.62007 1.09197 9.01598 0.438872 9.79637 4.82448 6.37891 4.25568 6.13523 3.89396 1.01552 9.31394 9.59258 7.03331 3.80108 2.34024 0 0.938986 5.9577 8.2431 10.6513 
3.12515 0.419187 8.36344 1.30144 9.39743 5.04062 6.56122 4.57819 6.3309 4.28982 0.63879 9.1876 9.45241 6.23273 3.74555 2.28995 0.938986 0 5.77147 7.57529 10.2919 
2.95603 5.35289 4.90227 5.78329 4.14498 2.48763 2.49275 3.12395 2.48664 3.53812 6.40757 3.42618 3.68379 5.03407 2.20284 3.61832 5.9577 5.77147 0 4.4655 4.8555 
4.7072 7.2274 0.803787 8.30351 3.48915 6.80436 6.92527 7.28295 6.94404 7.58285 8.13244 5.67277 5.703 2.09295 5.698 6.40802 8.2431 7.57529 4.4655 0 4.42081 
7.18148 9.87971 3.98219 10.5357 0.989739 7.09423 6.23115 7.82391 6.40447 8.28308 10.9254 2.80969 2.59937 6.42202 7.03243 8.35803 10.6513 10.2919 4.8555 4.42081 0 
