100
4.83651 17.3212 2.14047 0
18.5221 18.8495 1.3601 0
13.5049 17.4534 1.66128 0
1.23187 18.9408 0.607829 1
0.950352 20.1874 1.39852 0
14.1274 14.8002 0.321817 0
16.4165 19.392 1.70213 0
1.72251 10.8223 0.962821 1
11.448 21.704 1.57183 0
17.3438 22.2065 1.45413 0
11.2795 13.3268 0.535102 0
17.6102 20.3678 0.663563 0
2.69746 21.6745 1.36044 1
15.7308 16.7933 0.310966 0
6.00906 10.3854 0.433224 0
3.91405 14.37 1.48701 0
2.24253 19.279 0.328436 0
18.8163 22.1555 1.18452 1
7.54141 17.0757 2.08765 1
0.155194 7.42757 0.749533 0
5.46891 15.7743 28.7366 0
14.9266 16.3093 14.803 0
15.5782 19.0604 1.37619 0
7.0206 14.7144 0.888487 0
1.77278 11.8953 0.488434 0
0.964397 5.25501 0.538324 0
18.1966 22.0188 1.43364 0
0.594329 4.41448 1.44245 1
17.7137 22.4612 1.22204 0
11.1903 18.4651 1.88895 0
5.33563 7.27658 18.1958 0
16.6661 18.7782 1.3719 0
8.92929 13.6159 23.3596 0
2.86373 6.16404 1.39181 1
5.08882 8.88834 1.80122 0
8.51271 18.4101 1.04524 0
15.5735 18.7145 1.6564 1
14.1472 21.1836 1.78986 0
12.3171 16.6704 1.3768 0
13.7188 15.7906 1.31396 0
7.92922 13.3688 1.90721 0
6.858 18.8879 1.33938 0
1.0786 23.3104 22.8255 1
5.31524 8.41409 1.79221 0
16.6566 18.8738 2.18448 0
1.34026 15.7368 0.572007 1
2.05956 16.0399 2.0834 0
4.2493 15.7954 2.18654 0
13.7894 18.8285 1.58432 0
8.37507 15.7942 27.3741 1
2.6479 9.6361 1.02527 0
9.29387 11.9279 0.43082 0
18.9892 21.2809 0.204491 0
11.4349 12.1279 1.00236 0
2.51452 22.6306 1.30953 1
14.6745 22.4927 0.447059 0
3.29288 11.2513 1.01288 1
6.67783 10.8233 0.990097 1
9.90088 20.5167 23.9616 0
9.79198 9.88352 0.250272 0
4.14519 17.3489 1.42147 1
0.97014 4.50597 0.791556 0
12.4506 23.1691 0.636877 0
1.72871 18.972 0.831765 1
4.45495 7.41405 1.33528 0
6.79902 10.1358 0.750238 0
9.582 13.8702 0.20536 0
2.86939 7.83297 24.4702 1
17.05 18.8071 0.410703 0
15.2926 19.6889 0.548143 0
13.2512 18.4144 0.496695 1
11.5908 17.9905 1.30543 0
4.07119 4.35412 1.46754 0
6.15491 17.7215 1.64741 1
5.89201 20.3038 1.48624 0
3.31519 12.9475 15.089 1
12.8869 17.4657 1.30651 0
14.8707 16.1794 0.360696 0
7.69701 23.7701 6.68944 0
12.1381 23.0469 1.93455 0
16.8667 17.5272 1.53134 0
13.3997 15.4063 12.1056 0
15.7165 16.7772 0.272678 0
2.8099 17.2156 11.2157 1
12.5883 14.9296 0.880833 1
17.5385 18.9334 1.07037 0
8.3964 15.716 0.531158 0
13.1628 20.6878 1.50392 0
13.0899 21.3025 19.7399 0
4.3551 18.016 2.21974 1
0.838306 18.126 0.792954 0
15.2539 20.3429 1.39995 0
6.74968 22.891 1.02817 1
6.58102 7.89732 0.722464 0
15.6667 22.6831 1.06054 0
6.44431 16.2485 2.16257 0
2.37132 22.0527 1.80312 0
10.3337 23.9352 0.479094 0
5.02543 17.7976 2.13785 0
8.42191 15.3832 29.0292 1
400 50 500
0.025 0.0125 10000 3000 15 1e+06 300000 6 9
0 10.3069 23.1779 12.4118 32.6163 50.4465 16.9066 9.21553 23.7978 10.384 36.3289 56.5074 27.214 51.0599 32.0855 30.6049 34.4215 43.8424 47.4141 44.6488 26.2145 51.7596 35.341 48.2306 9.83913 32.1524 19.7787 53.1502 41.0788 50.529 55.991 20.6035 21.6411 22.9657 29.9078 7.69499 38.3692 17.7525 22.8681 60.7207 26.3309 19.2361 36.5935 14.3755 31.9331 41.6444 41.5534 53.0289 39.9347 55.7009 42.1352 30.6091 39.2677 51.7111 45.9406 55.9816 50.9961 35.0223 48.4961 56.8255 45.7165 30.1348 41.8127 37.2298 45.2503 31.4262 54.141 31.2344 25.5797 35.8861 23.0598 12.8364 36.3118 28.9927 19.3372 6.86442 52.6401 17.1962 18.8365 37.3448 4.04577 45.0542 26.5804 16.4948 23.4623 22.204 51.5225 9.24036 54.8342 22.4381 26.2092 12.1829 26.4893 48.709 54.1061 36.1174 52.7932 12.2423 19.5339 45.4774 45.0289 
10.3069 0 19.3134 10.9577 22.5173 43.2152 6.6404 1.34893 23.7358 13.1034 30.9613 46.2096 23.6034 40.7575 21.8277 20.3148 25.2706 34.3072 41.2805 35.6633 23.1884 46.3206 34.254 39.5817 15.031 24.5806 10.8975 43.0633 32.6125 42.8546 51.6157 13.7428 28.3151 13.9969 32.5119 17.1058 28.0689 7.74001 27.7258 55.4988 18.0297 11.472 32.9039 5.02852 23.0508 35.829 32.144 42.7416 29.8441 50.9052 31.8723 24.5097 29.0583 44.3794 35.6691 51.6383 45.7876 25.7027 38.2656 46.5437 38.6985 31.6772 32.4468 26.9656 36.3001 22.502 44.5407 25.982 18.1344 26.4331 12.9536 18.1638 31.0159 20.164 12.8481 3.68592 42.3338 12.139 21.219 31.7564 7.01669 36.8681 16.795 11.3318 13.5204 26.8934 42.9237 3.43151 44.529 27.949 19.9802 9.33746 17.1298 38.4683 43.8008 27.8884 42.7364 19.9498 12.2359 35.2652 40.2526 
23.1779 19.3134 0 10.7724 31.0462 57.8986 18.553 20.2426 43.0256 14.2178 48.443 48.2769 42.4219 43.087 28.7405 26.9445 37.5298 44.0178 57.5359 47.1431 42.2068 63.1276 53.5021 51.6506 32.1988 12.8744 26.9549 48.6533 45.7218 56.8044 69.2155 7.70556 44.7936 13.1624 51.3957 30.5626 32.3679 16.9272 45.5249 72.2739 33.3951 10.2483 51.3897 15.6656 36.3807 52.6696 42.6035 42.9895 37.0033 68.1794 36.6024 8.77407 35.1155 58.8413 39.6693 69.2622 62.8303 37.3705 37.7368 49.1443 53.9478 50.822 43.0301 28.97 47.8232 16.4615 53.007 43.8214 34.6894 37.5228 24.4937 35.429 48.5524 14.7059 7.57915 19.1173 44.1029 31.0827 39.973 49.0113 23.1023 50.2175 28.6544 30.3092 17.4777 44.7758 54.8806 22.5841 45.514 45.3355 6.10474 28.6255 30.3838 42.7239 44.8634 41.9859 48.6158 35.42 9.1091 40.342 57.8319 
12.4118 10.9577 10.7724 0 29.8776 53.5773 13.8106 11.3833 33.6167 4.75135 41.8895 51.2203 34.4579 45.7684 28.319 26.5391 34.4845 42.6574 52.0388 44.7917 33.9411 57.1936 44.6497 49.0038 21.6555 21.0063 21.1559 49.7239 42.3288 52.9847 62.5708 9.95482 34.0446 14.5261 41.2808 19.8166 33.5966 13.1608 34.9663 66.3823 28.2799 9.9556 43.8185 9.94888 32.6466 46.6802 40.77 46.7442 36.879 61.8404 37.7922 18.5969 35.5212 54.6825 41.363 62.5941 56.6922 34.6753 41.7299 51.8271 49.1938 40.995 41.1336 31.2306 45.4571 21.886 52.5429 36.9316 28.7831 35.1749 21.1153 24.8506 41.9498 19.5096 8.60839 9.3102 47.1036 23.0262 29.8783 42.659 12.726 46.7325 25.4505 22.2141 17.1617 34.2449 52.3446 13.5637 48.9548 34.6898 14.4419 19.5056 26.4667 44.3737 48.2486 37.8909 49.5268 24.6531 9.602 41.4774 51.2013 
32.6163 22.5173 31.0462 29.8776 0 28.3658 16.5508 23.4475 32.2237 33.906 24.8554 24.5208 25.4585 19.3105 2.8398 4.29616 8.13228 13.0339 29.994 16.2079 26.5154 36.0321 37.0794 20.7789 33.56 25.1067 13.9276 20.5496 15.7366 26.7165 43.2814 23.5321 45.1613 17.884 42.5645 38.3418 7.50332 16.7593 42.2592 44.5575 11.7502 21.4768 30.3965 20.2598 8.92732 26.7872 11.5678 22.3942 7.32783 41.6083 10.0426 29.2621 6.87306 29.06 13.808 43.381 36.2 7.38157 19.2575 24.6162 25.3284 40.1481 12.0023 9.65858 16.8839 19.009 22.6691 22.5397 14.5605 7.01311 9.57102 35.7356 25.0858 18.7816 24.1382 26.1989 21.0611 20.8701 34.3682 24.7224 28.8171 20.0546 6.53262 20.8566 13.641 41.3826 23.9256 23.5592 23.5215 43.3219 26.7486 24.3186 7.99537 16.3059 22.8109 13.6854 20.2193 39.331 22.4756 12.9898 32.9068 
50.4465 43.2152 57.8986 53.5773 28.3658 0 40.122 43.3802 34.1979 56.3176 16.0636 36.0983 25.9066 34.3872 31.1791 32.6067 20.6441 18.7549 6.8394 13.8277 27.5147 10.8105 29.2055 10.2582 45.5802 53.4614 32.454 27.3339 12.6291 2.90684 18.3063 50.1952 51.1416 45.1451 40.8821 52.6106 32.0037 41.3579 46.1886 17.0792 25.3011 47.6957 20.4455 43.8256 21.5183 11.0978 18.294 39.0651 26.1686 15.9724 30.0542 57.4275 28.5513 1.38135 30.821 18.4669 11.847 21.0922 39.7333 35.0021 4.81015 37.6042 17.8401 36.0594 13.3554 47.3737 20.152 20.3537 25.1554 21.3541 33.435 45.7904 16.2328 47.0724 50.4233 46.3426 35.8196 33.2856 40.1346 14.8109 46.5084 8.48379 29.2482 33.9611 40.7229 45.5777 9.79187 42.0123 37.9809 47.9389 54.4867 38.3855 27.577 30.1413 37.6306 15.9241 26.6016 50.4618 48.8205 28.6598 13.797 
16.9066 6.6404 18.553 13.8106 16.5508 40.122 0 7.87853 26.7761 17.4687 29.8904 39.7062 24.4079 34.2381 15.5055 13.8935 20.6759 29.0035 39.1854 30.986 24.4459 44.6661 36.0729 35.1959 20.9405 20.1621 8.40386 36.9565 28.5766 39.3637 50.6644 11.2893 34.0769 8.9382 36.4488 23.7056 21.5741 1.94078 32.8385 53.8395 15.0362 8.57419 33.0345 3.86637 18.9062 34.1729 27.0332 36.1223 23.8046 49.6526 25.4877 21.3809 22.8044 41.1723 29.2542 50.7104 44.3269 20.8699 31.6253 40.0879 35.906 35.1102 27.3845 20.3306 31.6501 16.922 39.0521 25.313 16.1472 21.3974 7.34047 23.8877 30.0011 14.7762 11.0208 10.1011 35.7854 13.6774 25.6583 30.4627 13.6257 33.012 11.6468 13.025 7.16563 31.9705 38.5354 9.07738 37.9466 33.3055 17.1421 13.3058 12.7114 32.1166 37.2191 24.2782 36.6748 26.2129 9.68231 28.9786 39.2788 
9.21553 1.34893 20.2426 11.3833 23.4475 43.3802 7.87853 0 22.7862 13.0482 30.7514 47.3022 23.0746 41.8614 22.87 21.3974 25.8466 35.0188 41.2373 36.2139 22.5751 46.172 33.4748 40.0513 13.6926 25.8761 11.2997 43.9956 33.0238 43.1088 51.3131 14.936 26.9779 15.3412 31.3842 15.8294 29.1694 9.0604 26.4481 55.3324 18.3372 12.7305 32.4463 6.36188 23.5421 35.7145 32.8125 43.9172 30.7738 50.6645 32.9197 25.6957 30.0603 44.5665 36.7254 51.3311 45.6007 26.3313 39.4837 47.6118 38.8117 30.6298 33.1022 28.168 36.8422 23.8498 45.2824 25.7246 18.2355 27.1061 13.8778 16.8362 30.7944 21.5095 13.9931 3.01642 43.4539 11.6547 20.0476 31.5872 5.74731 37.2225 17.5675 10.8419 14.8356 25.6209 43.3858 2.34151 45.6713 26.6451 21.1578 8.39696 17.7433 39.4956 44.9428 28.2286 43.6537 18.6031 13.4575 36.2702 39.9834 
23.7978 23.7358 43.0256 33.6167 32.2237 34.1979 26.7761 22.7862 0 33.5367 18.135 55.3331 8.75851 50.6982 33.7262 33.365 28.075 36.9955 28.9435 35.0598 7.11016 31.5351 11.5714 36.704 14.8752 46.9356 20.5612 48.8057 30.2178 35.4861 33.9814 37.181 16.9466 35.7016 10.3815 21.8507 39.7262 28.7073 12.1417 39.6401 20.5547 34.6504 15.1711 28.0346 25.3942 23.3164 34.5127 54.3453 37.6619 34.2426 41.7132 47.839 38.4737 35.5792 45.1217 33.9341 30.4413 29.232 51.4812 55.0321 29.5582 8.41118 34.502 41.1444 35.4049 43.2027 46.1258 14.4712 17.8116 30.4724 26.4438 13.4426 17.9658 41.2883 36.4411 24.3181 52.5152 13.2661 6.47222 19.3883 21.3479 32.4243 26.3279 13.8195 33.0247 11.4587 39.3454 20.4456 55.0773 13.8167 43.3946 14.4025 24.3275 46.8862 54.4073 25.7501 48.1955 17.8704 35.588 43.6469 24.2805 
10.384 13.1034 14.2178 4.75135 33.906 56.3176 17.4687 13.0482 33.5367 0 43.7292 55.7899 35.5679 50.3246 32.532 30.7859 37.9204 46.4713 54.2854 48.3056 34.8448 59.1832 44.9135 52.3853 20.2044 25.4855 23.9326 54.0199 45.5336 55.9246 64.1477 14.6731 31.6324 19.2341 40.2471 16.9126 38.0282 17.1636 33.2155 68.3267 31.0943 14.6797 45.0313 13.661 35.8869 48.7479 44.4771 51.407 41.0389 63.587 42.1829 22.6331 39.7976 57.4778 45.8073 64.158 58.5833 38.2169 46.4223 56.3631 51.7987 40.3377 44.8192 35.8148 48.9598 26.6221 56.5024 38.668 31.2265 38.8114 24.7953 23.2186 43.7619 24.2539 13.3347 10.2598 51.6921 24.4207 29.0483 44.5946 12.1957 49.8544 29.0384 23.6175 21.6442 32.5681 55.733 14.8102 53.5839 32.7066 18.737 20.1911 29.7927 48.7946 52.8741 40.9056 53.7945 22.183 14.3528 45.8327 52.8831 
36.3289 30.9613 48.443 41.8895 24.8554 16.0636 29.8904 30.7514 18.135 43.7292 0 42.7825 10.006 39.1883 27.4335 28.0954 17.3581 23.111 11.308 19.6095 11.5519 15.4896 15.032 19.8774 30.1991 47.4251 21.4882 34.901 14.8261 17.4389 20.7987 41.0629 35.0804 37.1567 25.4456 37.385 31.4093 31.5713 30.1619 24.5992 15.6004 38.3611 6.28857 33.0208 15.9289 5.45622 21.0206 43.5532 27.0675 19.9524 31.601 50.2222 28.8158 17.4449 34.0905 20.8384 14.8542 18.4973 42.2168 42.1151 11.4503 22.2155 20.8066 34.439 19.729 42.0308 30.3225 5.1051 13.8045 19.5615 24.9962 30.063 0.273393 40.937 40.9012 33.4705 40.9495 19.3945 24.1239 1.25386 32.6426 15.4591 21.9829 20.1774 33.0691 29.5347 22.018 28.9254 43.48 31.897 46.4567 24.1747 19.6419 34.8797 42.9192 12.3362 34.1977 34.7435 39.4953 32.1397 9.39584 
56.5074 46.2096 48.2769 51.2203 24.5208 36.0983 39.7062 47.3022 55.3331 55.7899 42.7825 0 47.3974 5.48305 24.4886 25.9049 27.3005 19.6895 41.5563 23.8194 48.7872 46.7958 57.4355 25.975 58.0807 37.0491 38.4483 8.77077 28.1296 33.2427 54.3938 42.3919 69.4703 36.8759 65.3325 62.6836 18.1416 39.2397 66.2329 52.5276 35.1011 41.4214 49.0685 42.8832 29.94 41.7261 21.7897 6.17396 17.8384 52.0703 14.5199 42.4242 17.6497 35.7969 10.7168 54.5515 47.6636 26.1217 11.0706 1.45756 36.3848 62.5481 21.9816 19.9905 23.9556 31.9197 16.5991 42.853 37.674 24.8781 33.68 60.2242 43.0555 33.5743 43.4927 49.7905 4.1784 45.1962 58.3778 42.0353 52.9081 29.3426 31.0465 45.2558 34.1661 65.3742 26.5593 47.7509 3.44674 67.4272 42.4114 48.8374 32.2191 8.46436 3.81706 30.7961 9.49886 63.8504 42.0468 11.7751 47.3943 
27.214 23.6034 42.4219 34.4579 25.4585 25.9066 24.4079 23.0746 8.75851 35.5679 10.006 47.3974 0 43.0146 27.4045 27.4173 20.1314 28.5735 21.2643 26.3814 1.66198 24.832 12.1064 27.9455 20.3217 43.8844 16.5456 40.4885 21.5103 26.9798 28.7867 35.6191 25.5078 32.8439 17.9932 27.5467 32.8701 26.302 20.8746 33.606 13.8185 32.9245 9.46899 26.7683 17.6366 15.4367 26.1308 46.9132 30.0445 28.5037 34.3206 45.7319 31.1535 27.2824 37.51 28.7809 23.9534 21.3306 44.5104 46.9967 21.1653 15.1508 26.0815 34.8937 26.7052 39.2971 37.4555 5.75005 11.0305 22.5714 21.7557 20.0612 9.89498 37.7162 35.17 25.4381 44.8333 11.4657 14.2512 11.2188 23.8173 23.6728 20.3749 12.2716 29.3798 20.1626 30.6048 20.9487 47.409 22.5066 41.5489 15.412 18.0858 39.022 46.7653 17.193 39.8537 24.7405 33.9953 35.8788 17.8801 
51.0599 40.7575 43.087 45.7684 19.3105 34.3872 34.2381 41.8614 50.6982 50.3246 39.1883 5.48305 43.0146 0 19.1 20.4704 22.8987 16.5317 39.2395 21.1725 44.3363 44.7966 53.5095 24.1298 52.8296 32.2244 33.216 8.56407 24.9563 31.6496 52.4775 37.0337 64.4231 31.4686 60.8301 57.3034 12.6919 33.758 61.3374 51.2662 30.2699 35.9993 45.4299 37.4009 25.4021 38.714 18.2616 4.67988 13.0366 50.253 9.2686 37.5741 12.4893 34.2898 5.59612 52.6253 45.5347 21.6922 7.16151 6.09516 33.9795 58.1392 18.5391 14.5513 21.4477 26.8502 16.5106 38.7707 32.9245 20.4566 28.3063 55.0452 39.4585 28.386 38.1123 44.3279 1.81974 40.1227 53.458 38.5488 47.4866 26.8948 25.8414 40.1436 28.6929 60.4706 25.3793 42.3519 4.39444 62.4781 37.3018 43.6092 27.1487 4.38927 3.76388 26.943 9.07789 58.5867 36.6462 7.156 44.6147 
32.0855 21.8277 28.7405 28.319 2.8398 31.1791 15.5055 22.87 33.7262 32.532 27.4335 24.4886 27.4045 19.1 0 1.82338 10.955 15.2957 32.8244 18.8038 28.3573 38.8598 39.2138 23.3916 33.8664 22.3209 14.4184 21.5106 18.5515 29.4885 46.0868 21.3583 45.8993 15.6102 44.1045 38.2043 6.52403 15.4029 43.2762 47.3972 13.5867 19.4704 32.8312 19.0151 11.5552 29.5419 14.0723 21.6769 8.57648 44.4298 10.0497 26.5719 7.30682 31.8557 13.8579 46.1849 39.0159 10.2214 18.0123 24.751 28.1682 41.815 14.5227 7.4944 19.4735 16.1972 24.4828 24.8622 16.3877 9.82671 9.20802 36.2295 27.6569 16.0525 22.0626 25.4644 20.7632 21.7611 35.4082 27.3546 28.4303 22.8372 7.43143 21.6443 11.5575 42.3925 26.4772 23.2623 23.1063 44.2439 24.2169 24.7279 9.43364 16.6428 22.3814 16.4908 21.267 39.591 20.4122 13.4741 35.6399 
30.6049 20.3148 26.9445 26.5391 4.29616 32.6067 13.8935 21.3974 33.365 30.7859 28.0954 25.9049 27.4173 20.4704 1.82338 0 12.1544 17.0766 33.9916 20.4725 28.279 40.0071 39.3563 25.0523 32.7657 20.8552 13.5582 23.2358 19.9833 30.9993 47.1407 19.5412 45.0102 13.8028 43.7441 36.878 7.78373 13.6924 42.5609 48.648 13.6475 17.6473 33.2998 17.323 12.3984 30.4855 15.7809 22.7948 10.385 45.5439 11.5942 24.966 9.01339 33.3242 15.368 47.2337 40.1114 11.5394 18.8541 26.2297 29.4474 41.5553 16.2252 7.83291 21.1462 14.808 26.306 25.2377 16.3939 11.2776 8.00766 35.2227 28.3088 14.4945 20.2398 23.9219 22.0865 21.0528 34.7266 28.0926 27.0175 24.3328 7.09226 20.8736 9.73416 41.6745 28.1726 21.9079 24.3646 43.4677 22.4956 23.7182 9.33145 18.2249 23.6368 17.598 23.01 38.453 18.5891 15.1188 36.5291 
34.4215 25.2706 37.5298 34.4845 8.13228 20.6441 20.6759 25.8466 28.075 37.9204 17.3581 27.3005 20.1314 22.8987 10.955 12.1544 0 9.72242 21.8717 10.4012 21.4926 27.905 30.8129 14.52 32.9766 32.9422 14.6564 20.9118 8.19713 19.3095 35.1548 29.8363 42.9761 24.5878 38.0331 38.8603 14.0598 21.5583 39.311 36.4939 8.66614 27.4555 23.2839 24.5357 2.81165 18.7541 7.2706 26.9127 10.0421 33.4765 14.4926 36.7903 11.5321 21.4666 17.4413 35.2556 28.068 1.21333 25.024 26.9617 17.299 35.2753 7.46698 17.2941 11.0471 26.9536 19.9352 16.0079 10.7727 2.44222 13.4534 34.5252 17.6081 26.4935 30.1926 28.8399 24.7155 19.3648 31.5766 17.0503 30.395 12.6898 9.09237 19.669 20.1662 38.4763 17.8601 25.2104 27.2917 40.6326 33.8707 23.945 8.15169 18.8959 26.6564 5.57238 20.3499 38.6853 28.5517 15.7526 24.9106 
43.8424 34.3072 44.0178 42.6574 13.0339 18.7549 29.0035 35.0188 36.9955 46.4713 23.111 19.6895 28.5735 16.5317 15.2957 17.0766 9.72242 0 22.8796 4.93802 30.0902 28.6267 37.8929 9.03852 42.6988 36.951 24.0894 11.9698 8.47722 16.3312 36.3136 36.5541 52.4703 30.8641 46.545 48.5353 13.8564 29.4979 48.5993 35.8313 18.3856 34.5081 29.3995 32.8356 12.4978 22.205 2.51621 21.1309 7.9272 34.1941 11.3461 41.5689 10.3324 18.972 12.217 36.4522 29.2554 8.90603 21.1009 19.0045 17.6108 43.595 2.49463 18.076 5.40524 30.739 10.3026 23.5732 20.3608 7.96015 21.6811 44.2155 23.3843 31.0256 37.1722 37.9567 18.195 29.0819 40.9872 22.3468 39.8491 10.6205 17.536 29.3914 26.6698 47.7863 11.6388 34.6023 20.6395 49.9979 39.4703 33.6526 17.3532 12.1425 20.1413 11.4427 11.3096 48.4034 35.5096 10.058 28.0832 
47.4141 41.2805 57.5359 52.0388 29.994 6.8394 39.1854 41.2373 28.9435 54.2854 11.308 41.5563 21.2643 39.2395 32.8244 33.9916 21.8717 22.8796 0 18.076 22.753 6.04843 22.7515 15.6758 41.507 54.6068 31.0055 32.8934 15.097 9.47122 13.5654 49.9179 45.7506 45.3314 34.7332 48.6912 34.9027 40.6549 40.6406 14.821 24.1658 47.2944 14.3391 42.659 21.8671 5.85317 21.7514 43.8983 29.4108 11.6708 33.6826 58.1038 31.654 7.9969 35.0813 13.6901 6.42093 22.6443 43.9177 40.5679 5.27034 31.4601 21.3533 38.6827 17.794 48.7352 26.2794 16.2683 23.2662 23.255 33.181 41.3185 11.3902 48.0963 49.9625 44.0834 40.8025 30.2903 35.1682 10.1697 43.6317 12.3448 29.3612 31.0397 40.9851 40.0929 16.1166 39.5918 43.1128 42.4367 54.7647 35.2312 27.329 34.8792 42.6925 16.4017 32.1529 45.9942 48.4366 32.9297 6.95858 
44.6488 35.6633 47.1431 44.7917 16.2079 13.8277 30.986 36.2139 35.0598 48.3056 19.6095 23.8194 26.3814 21.1725 18.8038 20.4725 10.4012 4.93802 18.076 0 27.986 23.7418 34.6202 4.59058 42.4037 40.9625 24.9632 15.4754 4.9166 11.4709 31.433 39.5334 51.1895 34.0068 44.1066 48.6698 18.4317 31.7507 46.9884 30.8991 18.4142 37.306 25.8371 34.8522 12.72 17.9313 4.81613 25.8247 12.5059 29.2878 16.2333 45.3655 14.9209 14.0895 17.1179 31.5743 24.4109 10.1165 26.0188 22.9699 12.8102 41.0315 4.34798 22.595 0.680223 34.7643 11.0743 20.9635 19.8144 9.6992 23.6846 43.5843 19.8803 34.8272 40.0229 39.2154 22.7614 28.8157 39.6432 18.6938 40.6072 5.74227 19.3412 29.2476 29.6671 46.2145 7.73766 35.4872 25.1209 48.4965 42.9562 33.6923 18.5528 16.8049 24.6723 9.46939 14.7503 47.9714 38.3625 14.9539 23.5904 
26.2145 23.1884 42.2068 33.9411 26.5154 27.5147 24.4459 22.5751 7.11016 34.8448 11.5519 48.7872 1.66198 44.3363 28.3573 28.279 21.4926 30.0902 22.753 27.986 0 26.1345 11.6911 29.5976 18.9745 44.1606 16.8527 41.9795 23.1267 28.6215 29.7996 35.5647 23.8487 33.0401 16.55 26.2111 33.9703 26.3637 19.2156 34.8003 14.793 32.8897 10.3824 26.6023 18.9349 16.9501 27.6334 48.1746 31.3345 29.6247 35.5585 45.821 32.3675 28.8922 38.8083 29.7854 25.209 22.6824 45.6566 48.4127 22.7871 13.8055 27.5962 35.8516 28.3189 39.7398 39.0584 7.4114 11.9797 23.9259 22.2833 18.5716 11.4265 38.0827 35.0561 24.8112 46.156 11.1277 12.6239 12.7796 22.9435 25.3312 21.1991 11.9112 29.7254 18.5015 32.2653 20.3836 48.7299 20.8449 41.5736 14.654 18.9665 40.3877 48.0792 18.747 41.3516 23.2436 33.9394 37.2162 19.0854 
51.7596 46.3206 63.1276 57.1936 36.0321 10.8105 44.6661 46.172 31.5351 59.1832 15.4896 46.7958 24.832 44.7966 38.8598 40.0071 27.905 28.6267 6.04843 23.7418 26.1345 0 23.3481 20.8285 45.109 60.5606 36.3696 38.0522 21.0795 13.717 7.69153 55.5616 47.8363 51.118 35.7152 52.3453 40.9191 46.2069 42.5723 9.19499 29.7386 52.9103 16.3653 48.0291 27.8128 10.5267 27.6463 49.4725 35.3758 5.63922 39.5947 63.969 37.6431 11.4237 40.8431 7.83453 1.42733 28.6893 49.7208 45.7341 11.1191 32.528 27.2347 44.7217 23.3953 54.7254 30.9623 20.5909 28.5775 29.3032 38.9161 44.5468 15.4817 54.0418 55.5484 48.9302 46.3035 34.8838 37.9651 14.5887 48.1159 18.0094 35.2087 35.6653 46.8053 42.1262 20.6 44.3926 48.5438 44.4086 60.5466 39.637 33.1122 40.4736 48.1584 22.4093 37.3157 49.1666 54.0532 38.6822 7.26489 
35.341 34.254 53.5021 44.6497 37.0794 29.2055 36.0729 33.4748 11.5714 44.9135 15.032 57.4355 12.1064 53.5095 39.2138 39.3563 30.8129 37.8929 22.7515 34.6202 11.6911 23.3481 0 34.7974 26.3868 55.8517 28.5351 49.7958 29.7876 31.2657 23.8977 47.091 25.2397 44.7239 12.3785 33.1997 44.3239 38.0007 19.9085 30.1668 25.7088 44.4414 9.02567 38.0333 28.6725 18.3609 35.6641 57.6813 40.8509 24.6744 45.2979 57.4532 42.2576 30.5138 48.1824 23.8162 22.0293 32.0232 55.7516 56.8526 25.3185 9.2491 35.5017 46.6604 34.7552 51.3806 45.3446 14.8055 22.9876 33.2167 33.8579 24.6511 14.7647 49.758 46.5173 35.3528 55.3067 22.5339 17.4875 16.0416 32.7242 30.3965 32.3789 23.2717 41.4049 19.6282 36.688 31.1772 57.8704 21.7454 53.1628 25.1529 30.0468 49.3072 57.2707 26.6448 49.1043 28.7645 45.468 46.367 16.4226 
48.2306 39.5817 51.6506 49.0038 20.7789 10.2582 35.1959 40.0513 36.704 52.3853 19.8774 25.975 27.9455 24.1298 23.3916 25.0523 14.52 9.03852 15.6758 4.59058 29.5976 20.8285 34.7974 0 45.3052 45.5461 28.7525 17.2545 7.19208 7.55187 28.4584 44.0178 53.2613 38.5328 45.1383 51.8205 22.843 36.0513 48.8019 27.212 21.9011 41.7503 25.7998 39.055 16.532 16.9798 9.38881 28.8073 16.8994 26.1783 20.3366 49.9557 19.3177 10.2116 20.7193 28.6126 21.6904 14.4145 29.6091 24.9391 10.6852 41.9615 8.92369 27.0405 3.9292 39.3451 10.8359 22.2701 22.9086 14.1373 27.9534 46.2326 20.1325 39.4178 44.4755 43.0658 25.5647 31.8902 41.7599 18.785 44.1856 4.41894 23.5919 32.3955 34.1736 48.0695 3.34767 39.171 27.7476 50.3959 47.5258 36.9002 22.5959 19.8989 27.3852 12.2305 16.5153 50.7347 42.8187 18.5737 21.9563 
9.83913 15.031 32.1988 21.6555 33.56 45.5802 20.9405 13.6926 14.8752 20.2044 30.1991 58.0807 20.3217 52.8296 33.8664 32.7657 32.9766 42.6988 41.507 42.4037 18.9745 45.109 26.3868 45.3052 0 39.476 19.6331 53.3444 38.159 46.1841 48.4341 28.2343 13.2856 29.0239 20.0721 7.23754 40.3904 22.4721 13.3279 53.7116 24.3153 26.2671 29.1133 20.0545 30.2119 35.6551 40.2306 55.5313 40.5143 48.4534 43.5819 38.8343 40.4322 46.9228 47.3662 48.4024 44.174 33.8515 51.5566 58.1539 40.7701 20.4197 40.3901 40.2694 42.9219 37.5049 52.8435 25.3537 22.5931 34.9297 24.7585 3.24819 30.1197 35.186 27.1343 13.4143 54.5479 13.6377 9.19929 31.3562 9.13593 41.5648 27.0396 13.3083 28.1057 12.592 48.4178 11.9179 56.9448 13.2036 34.3055 9.26077 26.0844 49.8122 56.2231 33.1302 52.8737 5.78317 26.875 46.4699 38.0308 
32.1524 24.5806 12.8744 21.0063 25.1067 53.4614 20.1621 25.8761 46.9356 25.4855 47.4251 37.0491 43.8844 32.2244 22.3209 20.8552 32.9422 36.951 54.6068 40.9625 44.1606 60.5606 55.8517 45.5461 39.476 0 27.3406 38.9268 40.8356 51.8094 67.446 11.5499 52.7255 11.2368 56.5471 39.847 23.5883 18.238 52.3011 69.363 31.8515 13.2134 51.6993 19.5966 32.7484 50.6331 36.158 31.345 29.1743 66.0049 27.4543 5.3781 26.908 54.1667 29.822 67.5251 60.554 32.3873 26.1004 38.0826 50.2308 55.2708 36.6225 19.5248 41.6174 6.21243 44.5406 43.5893 33.9909 32.1184 22.539 42.6709 47.597 6.52813 12.8369 26.2271 32.9579 33.7693 45.5418 47.6782 30.6259 45.1561 25.5425 33.1514 14.5544 51.4638 48.4975 27.9442 34.0121 52.5205 6.95259 33.2191 27.8195 32.7474 33.4177 38.2351 39.034 43.8711 12.6939 30.9761 56.4446 
19.7787 10.8975 26.9549 21.1559 13.9276 32.454 8.40386 11.2997 20.5612 23.9326 21.4882 38.4483 16.5456 33.216 14.4184 13.5582 14.6564 24.0894 31.0055 24.9632 16.8527 36.3696 28.5351 28.7525 19.6331 27.3406 0 33.956 21.7323 31.9928 42.2699 19.6375 31.4856 16.3297 30.8117 24.6902 20.9111 10.1321 29.027 45.5581 7.16718 16.9242 24.7681 11.6642 12.2592 25.8528 21.7781 36.0681 20.9431 41.2881 23.9577 29.3186 20.7992 33.5857 27.7351 42.3144 35.9892 15.2445 32.3801 38.5256 28.0383 28.9502 22.0343 21.349 25.5825 22.9317 34.3919 16.9359 7.79393 16.1293 5.93815 21.8516 21.5976 21.2312 19.422 14.3153 34.948 7.59692 21.2293 22.0757 15.7669 25.9707 7.40864 7.34012 12.8728 28.1397 32.0862 10.555 37.372 29.911 25.2781 10.3938 6.76696 30.1907 36.6541 16.9923 33.5301 25.407 18.049 26.8529 30.8791 
53.1502 43.0633 48.6533 49.7239 20.5496 27.3339 36.9565 43.9956 48.8057 54.0199 34.901 8.77077 40.4885 8.56407 21.5106 23.2358 20.9118 11.9698 32.8934 15.4754 41.9795 38.0522 49.7958 17.2545 53.3444 38.9268 33.956 0 20.0825 24.4738 45.6347 41.9185 63.8634 36.1361 58.4764 58.6362 16.3624 36.913 60.2143 43.7857 29.3659 40.4386 41.1769 40.5236 23.7065 33.3855 14.3626 12.7749 13.222 43.3045 12.0958 44.1436 14.2226 27.0263 9.11485 45.7934 38.9413 19.8472 15.5873 7.68501 27.7718 55.549 14.4387 19.7474 15.522 33.0973 8.10777 35.5429 31.6672 18.6597 30.1206 55.1576 35.1741 34.2268 42.8351 46.742 9.36393 39.9409 52.4879 34.0588 49.3122 20.7979 26.684 40.1339 32.6461 59.383 17.7982 44.035 11.0229 61.5443 43.2195 44.1163 27.2922 6.20711 10.8379 23.4094 0.740591 59.1179 41.2511 8.34301 38.8936 
41.0788 32.6125 45.7218 42.3288 15.7366 12.6291 28.5766 33.0238 30.2178 45.5336 14.8261 28.1296 21.5103 24.9563 18.5515 19.9833 8.19713 8.47722 15.097 4.9166 23.1267 21.0795 29.7876 7.19208 38.159 40.8356 21.7323 20.0825 0 11.1211 28.6623 38.0248 46.4911 32.78 39.1928 44.6346 19.8589 29.5898 42.2011 29.1066 14.7691 35.6226 21.0955 32.4029 9.68228 13.7593 6.81119 29.5065 14.3147 26.718 18.6285 44.8577 16.564 13.3519 20.3177 28.7863 21.513 8.50624 29.0134 27.3884 9.99035 36.115 6.4695 23.7486 5.19654 34.7447 15.9673 16.0523 15.7171 8.72538 21.5045 39.1655 15.0989 34.4622 38.3603 36.0402 26.6464 24.7052 34.9514 13.9784 37.0359 4.49645 17.1758 25.2051 28.36 41.4388 10.446 32.0644 29.1084 43.7363 42.036 29.7085 15.8686 20.5732 28.6 5.04271 19.3755 43.6306 36.7252 18.2142 19.7311 
50.529 42.8546 56.8044 52.9847 26.7165 2.90684 39.3637 43.1088 35.4861 55.9246 17.4389 33.2427 26.9798 31.6496 29.4885 30.9993 19.3095 16.3312 9.47122 11.4709 28.6215 13.717 31.2657 7.55187 46.1841 51.8094 31.9928 24.4738 11.1211 0 21.1893 49.1016 52.4168 43.8972 42.6688 53.1031 29.8522 40.4931 47.5742 19.6602 24.8308 46.6654 22.3549 43.1339 20.5228 12.9305 16.1256 36.322 23.9531 18.8356 27.6755 55.9341 26.3598 2.66275 28.2472 21.3515 14.748 19.612 37.1475 32.1324 6.03464 39.4008 15.661 33.9732 10.9372 45.6694 17.2453 21.2911 25.0096 19.7261 32.4643 46.5924 17.6386 45.4937 49.4019 46.1018 33.0504 33.4891 41.2265 16.1933 46.5425 6.67167 28.1855 34.1231 39.4757 46.9288 6.88546 41.8734 35.1784 49.2907 53.1556 38.6073 26.69 27.4433 34.8421 15.0975 23.7439 51.2386 47.7768 26.0944 16.3666 
55.991 51.6157 69.2155 62.5708 43.2814 18.3063 50.6644 51.3131 33.9814 64.1477 20.7987 54.3938 28.7867 52.4775 46.0868 47.1407 35.1548 36.3136 13.5654 31.433 29.7996 7.69153 23.8977 28.4584 48.4341 67.446 42.2699 45.6347 28.6623 21.1893 0 61.7786 49.1332 57.6337 35.9728 55.6191 48.4452 52.3135 43.801 6.75036 36.049 59.0888 19.4232 53.819 34.8029 16.8222 35.2933 57.1547 42.9762 2.48791 47.2355 70.6175 45.2158 18.7363 48.5305 0.184879 7.15494 36.0086 57.4029 53.307 18.7622 33.037 34.8877 52.1755 31.0863 61.7346 38.3787 25.6458 34.5302 36.6957 45.4 47.3935 20.7068 60.9179 61.6591 53.9116 53.9743 39.7341 40.4276 20.2063 52.5883 25.6988 41.9353 40.541 53.4098 43.4966 28.024 49.3624 56.198 45.6401 67.0183 44.1374 39.7321 48.1602 55.8211 29.5971 44.901 51.8498 60.2272 46.3704 11.4057 
20.6035 13.7428 7.70556 9.95482 23.5321 50.1952 11.2893 14.936 37.181 14.6731 41.0629 42.3919 35.6191 37.0337 21.3583 19.5412 29.8363 36.5541 49.9179 39.5334 35.5647 55.5616 47.091 44.0178 28.2343 11.5499 19.6375 41.9185 38.0248 49.1016 61.7786 0 41.3976 5.80865 46.2363 28.2984 25.5562 9.50622 41.3044 64.6851 25.8261 2.71608 44.3236 9.14806 28.677 45.1429 35.0502 37.533 29.7876 60.6771 29.8232 10.767 28.0422 51.1359 33.1248 61.8308 55.3011 29.6977 32.392 43.1289 46.265 45.2965 35.4689 22.5599 40.2136 11.9589 45.7931 36.5729 27.2639 29.8813 16.8082 31.4652 41.1847 9.62379 1.35407 14.85 38.2237 24.5586 34.9617 41.5777 19.2317 42.521 20.9494 23.8318 9.89434 40.4925 47.2669 17.1742 39.8878 41.393 6.24468 22.9224 22.7009 36.1849 39.2016 34.2859 41.8207 32.4071 1.62535 33.5755 50.4266 
21.6411 28.3151 44.7936 34.0446 45.1613 51.1416 34.0769 26.9779 16.9466 31.6324 35.0804 69.4703 25.5078 64.4231 45.8993 45.0102 42.9761 52.4703 45.7506 51.1895 23.8487 47.8363 25.2397 53.2613 13.2856 52.7255 31.4856 63.8634 46.4911 52.4168 49.1332 41.3976 0 42.3033 13.8996 14.8404 52.368 35.6797 5.33229 55.3083 34.5352 39.5122 31.622 33.3398 40.1695 40.2144 49.9541 67.502 51.6492 49.8187 55.1682 51.8771 51.9341 52.5229 58.8547 49.0536 46.636 44.018 63.8577 69.3835 46.5031 16.3019 50.0212 52.724 51.6021 50.7677 62.1369 31.2563 32.2043 45.2046 37.1032 10.1963 34.9089 48.4609 40.2538 26.5486 66.1964 24.3011 11.5463 36.334 22.1695 49.0833 38.676 24.3099 41.2313 5.71014 56.0427 25.1515 68.6776 3.49511 47.3771 21.3926 37.2766 61.0463 67.9696 41.727 63.3172 9.45423 40.0829 57.7075 40.5939 
22.9657 13.9969 13.1624 14.5261 17.884 45.1451 8.9382 15.3412 35.7016 19.2341 37.1567 36.8759 32.8439 31.4686 15.6102 13.8028 24.5878 30.8641 45.3314 34.0068 33.0401 51.118 44.7239 38.5328 29.0239 11.2368 16.3297 36.1361 32.78 43.8972 57.6337 5.80865 42.3033 0 45.3744 30.4809 19.7785 7.03086 41.4718 60.1496 21.6057 4.58072 40.9944 8.99669 23.6988 40.8528 29.444 32.2416 23.9922 56.384 24.0448 13.0807 22.2335 46.0249 27.3981 57.6979 50.9583 24.3439 27.2052 37.5576 41.4074 44.0463 29.8724 16.9309 34.6865 8.54369 40.0028 32.9915 23.4353 24.4298 12.2347 32.132 37.3047 6.17068 6.70905 16.3656 32.7272 22.5363 34.4865 37.5453 20.6466 37.2635 16.0091 21.9149 4.424 40.6173 41.7439 17.1911 34.4985 41.8165 9.43336 22.1269 18.0091 30.4533 33.7992 29.3338 36.029 33.863 5.18154 27.7948 46.4001 
29.9078 32.5119 51.3957 41.2808 42.5645 40.8821 36.4488 31.3842 10.3815 40.2471 25.4456 65.3325 17.9932 60.8301 44.1045 43.7441 38.0331 46.545 34.7332 44.1066 16.55 35.7152 12.3785 45.1383 20.0721 56.5471 30.8117 58.4764 39.1928 42.6688 35.9728 46.2363 13.8996 45.3744 0 25.4163 50.0676 38.3436 8.90695 42.4036 30.8529 43.8459 20.4549 37.1982 35.438 29.8032 44.1153 64.5776 47.8038 36.9257 51.9425 56.9966 48.7184 42.2326 55.2781 35.876 34.4044 39.2174 61.8182 64.9627 36.6357 3.27882 44.0565 51.5259 44.3722 53.1652 55.1486 23.1446 28.0768 40.4614 36.7296 17.269 25.2133 51.1556 45.359 32.2876 62.6497 23.3436 11.4272 26.6405 28.5604 40.7381 36.7093 23.802 43.0067 9.02748 47.4431 29.0889 65.2201 10.5436 52.4804 23.3775 34.6971 56.9223 64.5611 35.1266 57.8377 20.0923 44.6952 53.7305 28.7047 
7.69499 17.1058 30.5626 19.8166 38.3418 52.6106 23.7056 15.8294 21.8507 16.9126 37.385 62.6836 27.5467 57.3034 38.2043 36.878 38.8603 48.5353 48.6912 48.6698 26.2111 52.3453 33.1997 51.8205 7.23754 39.847 24.6902 58.6362 44.6346 53.1031 55.6191 28.2984 14.8404 30.4809 25.4163 0 44.6525 24.8226 17.2539 60.9422 30.313 26.8892 36.334 21.6765 36.1774 42.838 46.1252 59.5942 45.5445 55.6718 48.1837 38.2321 45.1621 53.941 52.0019 55.5843 51.4114 39.6297 55.2636 62.8896 47.8029 26.3941 46.3266 43.9286 49.221 38.9905 58.7944 32.4885 28.9272 40.6267 29.0038 8.57889 37.3121 36.5678 27.0312 14.1367 58.9516 19.9303 15.7247 38.5287 10.0892 48.2381 31.9763 19.4412 30.6011 16.7745 55.003 14.9741 61.2421 16.3814 33.8662 14.9781 31.4193 54.6318 60.5141 39.5922 58.2176 5.5701 27.2167 51.3294 45.2671 
38.3692 28.0689 32.3679 33.5966 7.50332 32.0037 21.5741 29.1694 39.7262 38.0282 31.4093 18.1416 32.8701 12.6919 6.52403 7.78373 14.0598 13.8564 34.9027 18.4317 33.9703 40.9191 44.3239 22.843 40.3904 23.5883 20.9111 16.3624 19.8589 29.8522 48.4452 25.5562 52.368 19.7785 50.0676 44.6525 0 21.1842 49.6328 48.8807 19.2398 24.1241 37.2429 24.835 15.7297 32.57 13.7318 15.1599 5.94354 46.5579 4.26704 28.5269 3.52638 32.4223 7.78009 48.5625 41.2909 12.956 11.7557 18.5192 29.8492 47.6393 14.194 4.2303 19.0214 17.4535 21.0093 29.6276 22.044 12.0051 15.6999 42.7436 31.6568 18.2085 26.4826 31.6505 14.3034 28.1548 41.7483 31.1079 34.8007 23.5336 13.7352 28.077 16.4377 48.7523 25.4805 29.6867 16.603 50.6459 27.1128 31.246 15.4533 10.7771 15.8764 19.4211 16.2776 46.1131 24.9097 8.01944 38.7478 
17.7525 7.74001 16.9272 13.1608 16.7593 41.3579 1.94078 9.0604 28.7073 17.1636 31.5713 39.2397 26.302 33.758 15.4029 13.6924 21.5583 29.4979 40.6549 31.7507 26.3637 46.2069 38.0007 36.0513 22.4721 18.238 10.1321 36.913 29.5898 40.4931 52.3135 9.50622 35.6797 7.03086 38.3436 24.8226 21.1842 0 34.5885 55.3625 16.4914 6.79499 34.8537 3.6509 19.9755 35.7426 27.635 35.4128 23.8781 51.2546 25.2242 19.4577 22.698 42.3746 28.9369 52.363 45.9032 21.6526 30.7764 39.688 37.2324 37.0329 28.0063 19.583 32.422 15.1641 39.4038 27.068 17.7842 22.0843 8.10508 25.4834 31.6898 12.9618 9.3526 10.888 35.2515 15.6181 27.4914 32.1074 14.7425 34.0579 12.4663 14.965 5.78166 33.7255 39.3762 10.5551 37.3388 35.0088 15.2511 15.1291 13.8066 31.862 36.6141 25.4559 36.6678 27.6123 7.92517 28.8043 40.9457 
22.8681 27.7258 45.5249 34.9663 42.2592 46.1886 32.8385 26.4481 12.1417 33.2155 30.1619 66.2329 20.8746 61.3374 43.2762 42.5609 39.311 48.5993 40.6406 46.9884 19.2156 42.5723 19.9085 48.8019 13.3279 52.3011 29.027 60.2143 42.2011 47.5742 43.801 41.3044 5.33229 41.4718 8.90695 17.2539 49.6328 34.5885 0 49.9825 31.1331 39.1777 26.4279 32.7081 36.5343 35.1868 46.0902 64.6511 48.4018 44.4919 52.1467 51.9984 48.8915 47.5683 55.7434 43.7215 41.3583 40.4064 61.2875 66.0561 41.611 11.042 46.1218 50.3722 47.3644 49.7481 58.0178 26.607 28.6201 41.6223 34.8641 10.1157 29.9773 47.5401 40.2648 26.6212 63.1344 21.5202 7.89127 31.4147 22.4378 44.5467 35.9021 21.6911 39.866 0.887877 51.4781 24.3604 65.6563 1.84465 47.4569 19.6147 34.2755 57.7726 64.961 37.58 59.6378 11.7199 39.8759 54.4608 35.344 
60.7207 55.4988 72.2739 66.3823 44.5575 17.0792 53.8395 55.3324 39.6401 68.3267 24.5992 52.5276 33.606 51.2662 47.3972 48.648 36.4939 35.8313 14.821 30.8991 34.8003 9.19499 30.1668 27.212 53.7116 69.363 45.5581 43.7857 29.1066 19.6602 6.75036 64.6851 55.3083 60.1496 42.4036 60.9422 48.8807 55.3625 49.9825 0 38.8789 62.0452 24.626 57.2195 36.6573 19.7216 35.2623 55.9276 43.1291 5.49357 47.1081 72.9183 45.4819 17.0014 47.8837 6.89497 9.75266 37.1761 56.7921 51.3303 19.2347 39.3883 34.8189 52.843 30.4343 63.4371 36.0519 29.6794 37.7678 37.6654 47.9841 52.9204 24.5729 62.865 64.6954 58.0688 52.6209 43.977 46.1123 23.747 57.1412 25.4008 44.1818 44.7657 55.806 49.6293 26.0026 53.5246 54.6706 51.8268 69.5829 48.6543 42.1437 47.0933 54.3706 31.1279 43.0746 57.4692 63.1881 45.7253 15.7263 
26.3309 18.0297 33.3951 28.2799 11.7502 25.3011 15.0362 18.3372 20.5547 31.0943 15.6004 35.1011 13.8185 30.2699 13.5867 13.6475 8.66614 18.3856 24.1658 18.4142 14.793 29.7386 25.7088 21.9011 24.3153 31.8515 7.16718 29.3659 14.7691 24.8308 36.049 25.8261 34.5352 21.6057 30.8529 30.313 19.2398 16.4914 31.1331 38.8789 0 23.1717 20.0481 18.6087 5.89892 19.3273 15.9157 33.8052 17.2797 34.8707 21.185 34.6458 17.936 26.4231 24.6753 36.1097 29.4798 9.58991 30.9761 34.9297 20.939 28.3999 16.0811 21.0782 18.9912 26.5996 28.5476 11.8882 2.81476 10.7277 9.40143 25.8773 15.763 25.3888 25.8166 21.3476 32.0786 10.6989 23.2912 15.9431 22.2855 18.8909 6.7463 11.0118 17.4709 30.2764 25.2015 17.2977 34.6238 32.3529 30.9705 15.3484 4.36694 26.6397 33.9415 9.89538 28.8413 30.0192 24.3146 23.3324 24.7946 
19.2361 11.472 10.2483 9.9556 21.4768 47.6957 8.57419 12.7305 34.6504 14.6797 38.3611 41.4214 32.9245 35.9993 19.4704 17.6473 27.4555 34.5081 47.2944 37.306 32.8897 52.9103 44.4414 41.7503 26.2671 13.2134 16.9242 40.4386 35.6226 46.6654 59.0888 2.71608 39.5122 4.58072 43.8459 26.8892 24.1241 6.79499 39.1777 62.0452 23.1717 0 41.6086 6.65142 26.1876 42.4752 32.9057 36.822 28.0013 58.0032 28.3775 13.1935 26.3862 48.6584 31.8156 59.1399 52.6354 27.3742 31.7829 42.082 43.7078 42.8215 33.3137 21.4497 37.9854 12.3569 43.9531 33.8588 24.5663 27.6202 14.2655 29.4695 38.4813 9.91727 2.73779 13.0396 37.2803 21.918 32.6427 38.885 17.4351 40.1178 18.4815 21.202 7.91414 38.3514 45.025 14.8864 39.0716 39.3456 8.75652 20.482 20.1487 34.8602 38.3707 31.774 40.3006 30.7029 1.14297 32.1138 47.7299 
36.5935 32.9039 51.3897 43.8185 30.3965 20.4455 33.0345 32.4463 15.1711 45.0313 6.28857 49.0685 9.46899 45.4299 32.8312 33.2998 23.2839 29.3995 14.3391 25.8371 10.3824 16.3653 9.02567 25.7998 29.1133 51.6993 24.7681 41.1769 21.0955 22.3549 19.4232 44.3236 31.622 40.9944 20.4549 36.334 37.2429 34.8537 26.4279 24.626 20.0481 41.6086 0 35.7371 21.5585 9.425 27.2983 49.7601 33.1579 19.3402 37.6802 54.0497 34.8092 21.7882 40.2784 19.4066 15.2762 24.4589 48.2741 48.4037 16.3606 17.1762 27.0897 40.0496 25.9279 46.6225 36.4146 8.16044 17.7182 25.5756 29.1696 28.3079 6.01525 45.3141 43.992 34.8773 47.1987 20.7931 21.6129 7.14447 33.268 21.412 26.7435 21.6056 37.165 25.9255 27.6628 30.3661 49.736 28.2456 50.0462 24.8805 24.3528 41.1367 49.1686 18.5125 40.471 32.8854 42.7138 38.3555 9.10984 
14.3755 5.02852 15.6656 9.94888 20.2598 43.8256 3.86637 6.36188 28.0346 13.661 33.0208 42.8832 26.7683 37.4009 19.0151 17.323 24.5357 32.8356 42.659 34.8522 26.6023 48.0291 38.0333 39.055 20.0545 19.5966 11.6642 40.5236 32.4029 43.1339 53.819 9.14806 33.3398 8.99669 37.1982 21.6765 24.835 3.6509 32.7081 57.2195 18.6087 6.65142 35.7371 0 22.724 37.5079 30.8872 38.9998 27.4451 52.9031 28.8704 19.8366 26.3181 44.8981 32.5871 53.8572 47.6313 24.7362 34.3067 43.3372 39.5408 36.1768 31.2415 23.1736 35.5161 17.5287 42.8417 28.2734 19.4518 25.2601 11.1986 23.1923 33.113 15.1673 8.48572 7.56014 38.8858 15.5127 26.025 33.6695 11.7064 36.8239 15.5132 14.7631 9.12007 31.8687 42.3958 8.34823 40.9563 32.9633 15.364 13.8306 16.5346 35.5087 40.2326 28.0377 40.268 24.8744 7.55417 32.4404 42.414 
31.9331 23.0508 36.3807 32.6466 8.92732 21.5183 18.9062 23.5421 25.3942 35.8869 15.9289 29.94 17.6366 25.4021 11.5552 12.3984 2.81165 12.4978 21.8671 12.72 18.9349 27.8128 28.6725 16.532 30.2119 32.7484 12.2592 23.7065 9.68228 20.5228 34.8029 28.677 40.1695 23.6988 35.438 36.1774 15.7297 19.9755 36.5343 36.6573 5.89892 26.1876 21.5585 22.724 0 18.0924 10.0192 29.2809 12.4082 33.2805 16.7182 36.2816 13.6069 22.4709 19.8772 34.8911 27.8325 3.87255 27.083 29.6464 17.7159 32.7394 10.1823 18.5283 13.3309 26.9423 22.6508 13.9137 7.96528 5.09721 11.9476 31.726 16.1604 26.2323 28.9194 26.5528 27.2218 16.5861 28.7828 15.8059 27.8937 14.106 7.73199 16.9105 19.2926 35.6962 19.8759 22.7678 29.7953 37.8426 33.0987 21.2305 6.19508 21.5005 29.1443 5.63521 23.1507 35.9073 27.3089 18.2925 24.133 
41.6444 35.829 52.6696 46.6802 26.7872 11.0978 34.1729 35.7145 23.3164 48.7479 5.45622 41.7261 15.4367 38.714 29.5419 30.4855 18.7541 22.205 5.85317 17.9313 16.9501 10.5267 18.3609 16.9798 35.6551 50.6331 25.8528 33.3855 13.7593 12.9305 16.8222 45.1429 40.2144 40.8528 29.8032 42.838 32.57 35.7426 35.1868 19.7216 19.3273 42.4752 9.425 37.5079 18.0924 0 20.5263 43.2636 27.563 15.5446 32.0404 53.8081 29.5984 12.4625 34.0177 16.8971 10.161 19.7291 42.5845 40.8994 6.95778 26.5276 20.2107 36.0253 17.8639 44.9638 27.7935 10.4399 18.059 20.5797 28.6196 35.4977 5.54583 44.1055 45.0928 38.5105 40.3964 24.5813 29.4464 4.32432 37.8999 12.7709 25.1134 25.3449 36.6029 34.6013 18.48 33.9902 42.8433 36.9576 50.2582 29.4666 22.9146 34.329 42.3457 13.2066 32.6548 40.1764 43.6174 31.939 6.17796 
41.5534 32.144 42.6035 40.77 11.5678 18.294 27.0332 32.8125 34.5127 44.4771 21.0206 21.7897 26.1308 18.2616 14.0723 15.7809 7.2706 2.51621 21.7514 4.81613 27.6334 27.6463 35.6641 9.38881 40.2306 36.158 21.7781 14.3626 6.81119 16.1256 35.2933 35.0502 49.9541 29.444 44.1153 46.1252 13.7318 27.635 46.0902 35.2623 15.9157 32.9057 27.2983 30.8872 10.0192 20.5263 0 22.7565 7.87607 33.2656 11.9491 40.5998 10.2592 18.6905 13.5083 35.4238 28.1695 6.53659 22.2191 21.1892 16.5327 41.1883 0.469587 17.8501 5.46186 29.9563 12.6698 21.2186 17.8527 5.71089 19.6929 41.7196 21.293 30.0542 35.6008 35.7725 19.9895 26.6046 38.472 20.3246 37.5449 9.86188 15.4522 26.9269 25.158 45.2759 12.4066 32.3187 22.4945 47.4848 38.2757 31.2156 15.0867 13.9052 21.9549 9.08135 13.723 45.925 33.937 11.4142 26.5376 
