100
1.52159 10.9824 7.53427 1
18.1068 22.8838 0.324593 0
14.2335 23.0748 2.21694 0
12.5898 18.6985 1.38074 0
3.22745 21.5071 3.07777 0
0.212322 8.83055 2.21148 0
0.267504 16.1753 0.798796 1
12.6094 16.8154 20.5724 0
10.943 21.7158 2.54283 0
8.18485 17.7626 1.90694 0
14.2487 21.6303 1.67826 1
12.1808 23.6154 1.73616 1
1.23872 1.56857 0.86932 0
10.2093 22.7925 1.53827 0
4.91312 12.3407 6.38304 0
12.9877 22.1132 2.07827 0
15.5733 23.8737 1.97163 1
12.4487 15.763 0.811562 0
0.265382 13.1154 0.893724 0
3.16723 7.81414 19.0606 0
18.5557 20.7454 0.262277 0
3.6039 15.8577 1.68425 0
1.32114 15.8353 0.310835 1
14.0272 14.7733 0.481861 0
14.7389 18.8747 0.875582 0
15.7452 18.0851 2.08587 0
10.3082 23.057 1.44077 1
5.18832 11.0052 1.52344 0
18.393 23.6173 1.45466 0
15.9342 23.2801 1.84661 0
18.1881 18.7861 1.58588 1
16.5123 22.7742 0.224964 0
5.14404 17.1163 1.70786 1
10.7344 22.66 0.858282 1
11.1805 16.6003 11.0172 0
14.0979 19.8547 10.8823 0
15.3329 18.2973 1.49006 1
14.0013 16.9881 2.06704 0
3.75422 5.10735 2.15903 1
2.08777 9.00729 2.12006 0
2.05681 15.7743 28.9156 0
10.8212 11.8213 0.923428 0
9.12605 15.2464 1.81345 1
4.00847 4.02823 1.10299 0
6.06452 14.6865 1.32304 0
7.28886 22.5305 2.10364 0
10.1832 18.8792 1.09704 0
16.1976 22.4229 0.633468 0
2.0447 23.084 0.653611 0
15.619 22.8774 1.28011 0
11.6522 22.6939 2.09207 0
15.0778 17.0984 0.622854 0
2.55936 3.52565 1.58046 0
16.0134 23.6994 22.1624 0
14.9181 17.8855 1.53587 0
16.9282 21.5103 0.368731 0
6.3447 11.1096 1.069 1
3.21159 8.29308 2.22282 0
1.6024 12.7115 1.55364 0
2.45161 4.67053 1.92616 0
2.94102 11.9894 0.548829 0
18.1939 22.7722 0.327321 0
14.4156 19.7831 1.45564 0
8.34075 19.6982 1.11468 1
16.2673 22.6989 0.712106 0
4.77872 13.4424 1.69397 0
8.57236 16.8002 1.27834 0
2.44221 14.0874 0.551452 0
3.52224 22.4163 1.95922 0
8.41069 17.2724 1.65933 1
14.2762 14.6136 2.09025 0
2.60732 6.63017 0.687064 0
15.6431 22.088 2.04692 1
9.78306 16.6948 0.821637 0
0.144789 9.00146 1.07775 0
1.76185 5.54719 3.73626 0
7.92711 23.1278 0.770504 1
1.44724 20.5393 8.56797 0
17.7605 17.8768 1.79488 0
18.5568 19.7806 0.789299 0
6.38968 19.4828 1.30169 1
10.4475 17.8199 2.39403 1
6.64864 22.4488 1.52918 1
15.9922 18.2528 26.2736 0
8.21416 23.1729 0.80983 0
16.0097 23.792 1.24479 0
17.8993 22.278 1.59361 0
5.1772 16.7364 1.4794 1
17.6435 17.9418 0.561482 0
11.9074 15.0578 2.13205 0
7.47643 17.068 1.74778 0
10.4326 12.0209 0.328623 0
4.15218 22.2564 3.02132 0
1.79957 17.4558 1.47014 0
11.1632 14.8694 1.13729 0
0.198609 12.7681 0.980982 0
15.9894 20.2995 0.932487 0
15.5067 17.6377 2.21678 1
11.0741 19.4874 21.4776 0
4.36133 15.6008 1.24823 0
400 50 500
0.025 0.0125 10000 3000 15 1e+06 300000 6 9
0 11.4944 9.66623 15.6077 10.1036 24.5622 12.4512 18.3044 18.129 4.28423 5.87377 10.9251 25.901 3.9206 7.0749 6.36951 12.9695 10.2156 8.723 18.8664 12.2665 2.66438 15.7201 15.1771 15.2975 11.9929 10.8939 16.4192 9.71056 24.5161 18.8393 21.5845 3.20404 13.3291 20.113 13.3676 10.9144 20.3469 3.9922 20.1715 20.3851 14.3854 6.36781 11.3929 3.9842 13.4013 11.5991 12.815 4.87376 9.73516 22.7056 20.31 17.0778 17.7153 19.4337 26.6754 16.502 18.372 6.00014 5.79378 27.0499 27.09 14.6444 3.92686 29.7669 9.97225 4.15838 13.0354 25.4767 21.3856 23.1526 7.08893 19.4881 6.33631 19.1231 23.3755 16.5291 24.9603 26.185 23.2246 4.25165 10.3309 21.597 8.52676 1.19032 27.6686 15.5322 19.4819 24.1285 14.5599 15.0348 16.2646 29.4752 17.4482 5.62548 13.8395 3.09261 7.94611 8.88419 11.2808 22.2254 
11.4944 0 14.2554 8.7187 6.13793 13.2606 5.12592 7.25372 17.433 7.72803 14.3459 15.7034 14.495 8.98445 6.79465 6.65299 7.33912 20.1685 9.90129 8.364 11.4475 13.8693 9.37094 4.91821 12.0647 10.6361 9.39613 4.92941 12.6095 13.2344 8.16971 10.573 13.9756 10.4415 11.2066 10.7835 7.09934 22.3087 8.99102 9.55365 14.5991 5.57014 9.16976 11.8427 12.4786 1.98315 0.495819 13.269 13.7029 19.5345 12.8882 17.7834 15.1165 15.3405 21.9449 15.4655 5.023 19.3663 9.73816 8.58915 18.1996 17.7492 18.5758 14.636 19.606 2.19831 7.37693 13.9575 17.5092 11.0668 15.9866 14.1813 12.2608 10.143 10.8917 12.4179 7.61178 15.1408 15.8863 12.7286 11.1427 11.0165 10.1354 15.2578 12.1422 16.9139 11.7676 16.8152 13.4585 3.57476 8.45633 5.76455 18.777 6.1066 12.1773 4.12808 14.584 11.6636 17.6625 9.77854 10.799 
9.66623 14.2554 0 12.1097 16.8072 26.6951 18.0269 18.249 27.0535 11.6675 15.4715 20.5543 27.5728 7.24638 14.3741 8.01879 19.524 8.76819 4.47459 17.8199 5.66714 11.4244 11.7096 14.956 8.92387 6.11124 18.9157 18.0616 1.99361 26.7118 18.0385 20.8657 8.08212 7.77437 16.9143 21.3243 8.35169 29.8763 12.4888 23.7371 27.4824 19.3652 5.38384 4.34644 13.6501 16.0723 14.6565 21.7371 5.47905 8.12279 19.9941 28.7638 25.5647 26.0979 29.0133 28.9847 18.0173 27.7014 5.04688 14.138 32.3833 31.9943 24.2784 7.97299 33.7907 12.0571 10.5669 22.1002 20.3777 19.5631 29.5961 3.13445 14.8772 4.53422 15.5227 22.2948 14.438 29.3947 30.069 26.8942 13.7162 19.0505 23.2251 18.1889 8.73523 30.8786 9.47719 27.8515 22.4178 15.4178 21.3732 15.9284 32.7449 19.9061 15.2052 13.7112 10.299 17.2091 5.68599 6.2128 24.0139 
15.6077 8.7187 12.1097 0 14.6696 16.3893 13.8086 7.38621 26.1264 13.6962 20.4698 23.3428 16.8267 11.7492 14.3519 9.2735 16.0474 20.5029 8.34517 6.26394 6.68191 18.2678 0.800432 5.14517 4.7914 6.05452 17.8944 8.98643 10.127 16.4568 6.61829 9.17039 16.6031 4.55423 4.88459 19.4745 4.75949 30.8217 15.1639 15.2565 22.9066 13.8202 9.83211 7.88992 18.3403 9.17589 9.18277 21.7296 14.9447 19.827 7.91251 26.4784 23.8338 24.0574 30.3666 18.6132 8.81625 27.9487 10.4517 15.6486 24.7156 23.8603 26.602 17.0059 24.5652 7.78444 12.6944 22.3786 9.90776 7.51986 23.7213 13.9373 3.97514 10.4611 3.6266 10.3663 2.80205 21.012 21.0287 18.0078 17.3918 19.2656 12.9153 22.2008 15.5942 21.1172 4.20292 25.5125 10.3371 6.6604 16.9906 5.50663 22.8933 11.129 18.8027 4.89656 18.1958 19.1984 17.4478 5.91601 13.7323 
10.1036 6.13793 16.8072 14.6696 0 15.9314 2.81131 12.7528 11.5403 5.91732 10.2561 10.0084 17.4981 9.80585 3.03268 8.94904 2.89463 20.2202 13.2185 14.1803 15.8509 11.5944 15.2504 10.994 17.3309 15.1343 3.2591 9.68068 15.6824 15.8437 13.9056 15.8975 13.2557 15.4559 17.3223 4.96408 11.9283 16.1893 6.22516 10.9282 10.7273 4.85274 11.4606 15.813 8.99675 6.81404 5.76495 7.13158 14.1378 19.6896 18.81 12.4073 9.43082 9.7963 15.8077 17.7701 9.87124 13.2821 11.7609 4.70421 16.9494 17.0342 12.5576 13.9858 19.8968 6.98303 6.61098 7.82017 23.6416 16.8553 13.1809 15.56 18.354 12.273 17.0285 17.7103 13.7497 15.0475 16.4449 13.7024 7.52715 4.97338 13.7014 10.2323 11.1749 18.1905 17.1645 11.4468 18.9574 9.48044 4.94563 11.7258 19.9095 9.56945 7.87815 10.2643 12.8881 6.3419 18.4189 14.204 14.1076 
24.5622 13.2606 26.6951 16.3893 15.9314 0 13.1227 9.00535 22.1222 20.4581 26.1504 25.309 1.69979 22.2391 18.4348 19.7991 14.1991 33.3842 22.2254 10.3338 22.3791 26.7249 17.1568 11.9043 21.1777 21.5852 17.9824 8.67912 24.8125 0.17144 9.9014 8.23585 27.2085 20.5424 14.0655 17.3794 18.4415 27.9596 21.4249 5.24674 14.7174 11.1143 22.1262 23.2753 24.6868 11.2804 13.0561 20.8793 26.9314 32.7401 12.515 20.3907 19.5981 19.2735 28.174 2.29177 8.69937 24.9568 22.7486 20.3634 10.7416 9.3508 26.8013 27.8802 8.56987 15.2407 20.405 21.5906 18.5843 10.7533 13.019 27.1938 17.1169 23.0893 15.152 8.54331 13.5961 6.85766 5.7067 4.25759 23.223 20.0558 3.52145 26.0728 25.3157 4.87292 20.5911 19.6989 10.0057 11.2783 12.9268 11.1057 6.54348 7.158 23.7796 13.0307 27.6449 22.1728 30.7683 21.006 2.70656 
12.4512 5.12592 18.0269 13.8086 2.81131 13.1227 0 10.6297 12.518 8.16906 13.062 12.5553 14.6972 11.466 5.5725 10.0081 2.26302 22.3518 14.0371 12.2308 16.1831 14.1779 14.481 9.46037 17.128 15.4042 5.32228 7.3908 16.6623 13.0339 11.8991 13.6024 15.5045 15.417 15.7511 5.96876 11.9544 17.715 8.76086 8.12916 9.69616 2.05421 12.6521 16.3737 11.7408 4.97354 4.64335 8.97943 16.0671 21.786 16.8796 12.6701 10.1034 10.2736 17.4956 14.9618 7.60261 14.6861 13.0678 7.40854 14.759 14.6814 14.7622 16.2298 17.3307 6.76224 8.58866 9.7134 22.1019 14.8268 11.5694 17.2031 17.1975 13.5561 15.6692 15.3703 12.4059 12.511 13.7982 10.9663 10.2668 7.33244 10.978 12.9951 13.4416 15.4557 16.8599 11.7039 16.7038 7.81427 3.46268 9.9972 17.2026 6.94012 10.6847 9.03925 15.3709 9.09255 20.3161 14.5002 11.3484 
18.3044 7.25372 18.249 7.38621 12.7528 9.00535 10.6297 0 22.8715 14.8823 21.5947 22.7016 9.53041 15.1369 14.0035 12.4466 12.745 25.7366 13.8748 1.88155 13.5199 20.8288 8.15922 3.36777 12.1726 12.7531 15.8379 3.30758 16.292 9.07111 1.42694 3.32851 20.3559 11.5974 6.06959 16.5397 9.89891 28.2874 16.205 8.51391 17.7605 9.57136 14.3101 14.5119 19.697 5.95614 7.39486 19.5975 19.4806 25.0667 6.33051 22.3729 20.3329 20.3393 28.112 11.2423 3.08055 25.2318 14.9713 15.8353 17.8577 16.8489 25.2807 20.9388 17.2425 8.33851 14.361 20.3273 12.0728 4.21482 17.7673 19.2473 8.67727 15.21 6.71406 5.1687 4.60269 13.9907 13.7888 10.8969 18.3853 17.7161 5.53297 22.4645 18.757 13.7426 11.5891 21.4627 6.24246 3.77671 12.8117 2.32631 15.509 4.85698 19.4292 4.7279 21.3321 18.7749 22.8862 12.2658 6.34811 
18.129 17.433 27.0535 26.1264 11.5403 22.1222 12.518 22.8715 0 15.4022 14.0571 8.84303 23.813 19.8204 12.9478 19.8937 10.266 27.7564 24.1696 24.5943 27.1413 17.9663 26.7402 21.9783 28.8434 26.475 8.51041 19.5639 26.3418 21.9722 24.2231 25.5063 21.0996 26.9332 28.2574 6.65216 23.4157 5.83905 14.6078 17.1286 8.12899 13.3005 22.066 26.9282 14.6887 17.4866 16.9908 5.34012 22.9846 27.4149 29.1992 3.24304 2.59035 2.85233 6.17069 23.039 19.7911 2.92722 22.1788 12.9155 16.5875 17.6415 7.09191 21.7392 21.4809 18.52 16.5501 5.10276 34.6034 27.08 11.3333 25.0316 29.67 22.6883 28.183 27.1247 24.9121 17.4374 19.4108 18.2303 13.9148 8.00294 21.5236 11.5965 19.3073 21.8125 28.6953 3.13417 28.5978 20.3297 10.1174 22.4914 22.9067 18.4378 12.787 21.4999 19.6342 10.2048 26.9621 25.5447 21.5337 
4.28423 7.72803 11.6675 13.6962 5.91732 20.4581 8.16906 14.8823 15.4022 0 6.89942 9.98375 21.8545 4.42256 2.96357 5.00008 8.81023 14.3044 8.99261 15.7288 12.2967 6.26833 14.0118 12.0371 14.7061 11.7677 7.323 12.6163 10.9686 20.4031 15.6223 18.2096 7.36317 12.6724 17.6737 9.78718 9.50131 18.6641 1.46904 15.9372 16.477 10.1033 6.73456 11.8301 4.86463 9.5018 7.7314 10.1158 8.28338 13.7723 19.9417 17.1304 13.915 14.4699 17.938 22.5253 12.728 16.2417 6.79007 2.52919 22.8179 22.8246 13.5479 8.09231 25.4831 6.69577 1.21252 10.5323 23.5394 18.3729 19.079 9.92384 17.6709 7.29501 16.9123 20.0431 13.9481 20.6765 21.9068 18.9643 3.72116 7.40576 17.629 8.51909 5.28746 23.4212 14.7604 16.2339 20.966 11.1096 10.8622 13.069 25.2181 13.4203 5.10814 10.811 7.26734 6.01113 12.556 10.8852 18.214 
5.87377 14.3459 15.4715 20.4698 10.2561 26.1504 13.062 21.5947 14.0571 6.89942 0 5.63783 27.6829 9.45401 7.81713 11.3363 12.5383 13.8814 14.4522 22.5573 17.9926 4.33849 20.7206 18.889 20.8606 17.643 9.1702 19.0504 15.5841 26.0688 22.4243 24.9181 7.87189 18.8452 24.5665 11.2116 16.0297 15.1052 5.46355 21.184 18.4167 15.1087 12.049 17.1978 2.14452 15.9099 14.2504 9.22214 10.298 13.6169 26.8316 16.7842 13.7313 14.4607 14.0824 28.0237 19.1923 13.5929 11.7692 5.87877 26.2336 26.61 9.1953 8.3546 29.8055 13.5695 7.78723 9.1369 30.3605 25.2239 21.617 12.6942 24.4389 12.1479 23.774 26.7621 20.8451 24.9649 26.5135 23.9035 3.22006 7.59699 23.7047 2.86031 6.73688 28.3775 21.026 16.1165 27.7588 17.8559 14.4436 19.8974 30.0516 19.4773 2.37805 17.6925 5.93723 4.68162 13.6125 16.8635 24.1891 
10.9251 15.7034 20.5543 23.3428 10.0084 25.309 12.5553 22.7016 8.84303 9.98375 5.63783 0 26.9615 13.8211 9.06329 14.9797 11.1164 19.5075 18.7786 24.024 22.2039 9.92407 23.7524 20.6072 24.6896 21.7165 7.34536 19.686 20.3627 25.1967 23.7869 25.8912 13.3894 22.6561 26.7855 8.26948 19.4341 9.50518 8.64148 20.0819 14.7265 14.3617 16.4018 21.6174 6.97458 16.7457 15.4383 5.07918 15.677 19.2528 28.5899 11.859 9.15087 9.90286 8.53246 26.8672 19.8737 7.99888 16.2804 7.72175 23.1556 23.815 3.72412 13.9229 27.3589 15.7098 11.1676 4.62415 32.9509 26.7229 18.1177 17.9943 27.2733 16.7312 26.257 27.7112 23.0752 22.6832 24.459 22.3079 6.88679 5.27006 23.5002 2.86542 11.9763 26.5997 24.7351 11.3518 28.9319 19.2438 12.514 21.4638 28.0887 19.4917 5.35785 19.6448 11.5571 4.14594 19.2065 20.849 23.8156 
25.901 14.495 27.5728 16.8267 17.4981 1.69979 14.6972 9.53041 23.813 21.8545 27.6829 26.9615 0 23.4315 19.929 20.927 15.8461 34.511 23.1231 10.6178 23.041 28.1218 17.5686 12.6503 21.6116 22.2653 19.6263 9.74035 25.6565 1.8429 10.2248 8.15204 28.4705 21.1267 14.0433 19.0657 19.2536 29.6512 22.8682 6.92864 16.3524 12.7115 23.1721 24.0004 26.1731 12.5327 14.3288 22.5645 28.0814 33.8593 12.1621 22.0471 21.2931 20.9633 29.8711 2.14648 9.72701 26.6521 23.8072 21.8656 11.8603 10.394 28.4909 29.13 9.00571 16.3904 21.7436 23.2778 18.0713 10.6044 14.5286 28.2294 17.1614 24.1251 15.2364 8.08504 14.0258 8.12894 6.6981 5.81686 24.7159 21.7017 4.41172 27.6747 26.6152 5.26862 21.0034 21.367 9.41532 12.2203 14.6111 11.7601 6.62727 8.45308 25.3182 13.8619 28.991 23.7719 31.8312 21.7397 3.69799 
3.9206 8.98445 7.24638 11.7492 9.80585 22.2391 11.466 15.1369 19.8204 4.42256 9.45401 13.8211 23.4315 0 7.17569 2.71571 12.6387 11.212 5.02339 15.4675 8.54758 6.54805 11.8276 11.8599 11.441 8.19049 11.6892 13.7205 6.62382 22.2157 15.4966 18.3225 5.22277 9.4483 16.3564 14.1212 7.02059 22.8848 5.35145 18.3513 20.5322 13.1164 2.61441 7.8287 7.35561 10.9676 9.22785 14.5195 4.75152 10.5918 19.0549 21.5281 18.3225 18.8636 22.0921 24.4499 13.7616 20.5743 2.46604 6.91351 26.1921 26.0102 17.5093 5.80467 28.2914 7.05432 3.33364 14.9099 21.5844 17.8746 22.8952 5.768 15.5945 2.94001 15.3064 20.0581 12.8657 23.6239 24.6066 21.5077 6.96068 11.8194 19.0364 11.815 3.85987 25.815 11.647 20.6219 20.6829 11.5223 14.6021 12.9591 27.667 15.0903 8.51591 10.4867 6.48655 10.1556 8.89493 7.42817 19.7346 
7.0749 6.79465 14.3741 14.3519 3.03268 18.4348 5.5725 14.0035 12.9478 2.96357 7.81713 9.06329 19.929 7.17569 0 6.94698 5.89692 17.2234 11.2245 15.1563 14.2404 8.61512 14.809 11.6244 16.2167 13.6078 4.55736 11.2855 13.4714 18.3621 14.9638 17.2945 10.2398 14.231 17.733 6.95153 10.7964 16.7955 3.20981 13.6291 13.5147 7.60469 9.18388 13.9826 6.25274 8.16499 6.6099 7.84852 11.2462 16.7045 19.6395 14.4066 11.2357 11.7401 16.2083 20.3888 11.4388 14.1408 9.36876 1.94343 19.982 20.0586 12.2516 10.9697 22.8651 6.65051 3.8518 8.38653 23.8884 17.8579 16.132 12.8293 18.2487 9.88518 17.1947 19.1392 14.0153 18.0253 19.3639 16.5325 4.78859 5.16189 15.8941 8.46602 8.15965 21.0197 16.1608 13.485 20.2346 10.3693 7.9609 12.5377 22.7739 11.6629 5.51331 10.6034 9.86665 4.93824 15.5196 12.6845 16.3935 
6.36951 6.65299 8.01879 9.2735 8.94904 19.7991 10.0081 12.4466 19.8937 5.00008 11.3363 14.9797 20.927 2.71571 6.94698 0 11.5606 13.5885 4.30287 12.7518 7.35421 9.03353 9.44289 9.15188 9.71976 6.78553 11.4447 11.1879 6.74202 19.7855 12.7828 15.6137 7.93278 7.68399 13.7465 13.7127 4.69564 23.5554 6.36151 16.1855 19.516 11.3941 2.65409 7.03565 9.19179 8.61229 6.97159 14.7621 7.15801 12.9418 16.3847 21.2242 18.1101 18.5691 22.8736 22.0399 11.2114 21.0163 3.1381 7.42443 24.4714 24.1647 18.5445 8.49672 26.216 4.56092 3.81368 15.2596 19.1734 15.167 21.5773 7.53922 13.1989 3.59229 12.7577 17.3442 10.196 21.6584 22.5036 19.3601 8.43013 12.0472 16.5179 13.3609 6.51664 23.5665 9.80172 20.281 17.9695 8.88213 13.3675 10.2507 25.4299 12.6955 9.94323 7.77676 9.14953 10.9965 11.0129 5.89171 17.2397 
12.9695 7.33912 19.524 16.0474 2.89463 14.1991 2.26302 12.745 10.266 8.81023 12.5383 11.1164 15.8461 12.6387 5.89692 11.5606 0 23.1102 15.7455 14.4009 18.1196 14.3362 16.7092 11.7171 19.2455 17.3618 3.78396 9.46001 18.296 14.0898 14.0519 15.6029 16.1359 17.4815 17.9927 3.79571 13.9816 15.5444 9.04287 8.99157 7.95963 3.38125 14.1467 18.215 11.547 7.2209 6.86659 7.03497 17.0266 22.5823 19.0384 10.4462 7.8404 8.01693 15.3774 15.8275 9.6803 12.4959 14.4929 7.40537 14.1184 14.2775 12.9419 16.8659 17.2998 8.81344 9.49182 7.77419 24.3408 16.9574 10.2918 18.4044 19.46 14.9985 17.9294 17.3286 14.6682 12.4484 13.9758 11.4468 10.1085 5.85679 12.4854 11.9924 14.0554 15.8856 19.0031 9.47741 18.7139 10.0642 2.06638 12.2298 17.5272 8.70937 10.1928 11.2991 15.6917 8.14796 21.3074 16.4439 12.7451 
10.2156 20.1685 8.76819 20.5029 20.2202 33.3842 22.3518 25.7366 27.7564 14.3044 13.8814 19.5075 34.511 11.212 17.2234 13.5885 23.1102 0 12.2027 25.6744 14.3855 9.79074 20.2114 22.3697 17.6888 14.7293 21.0804 24.7706 10.5762 33.3683 25.8105 28.6879 7.01174 16.4233 25.3819 23.5374 16.1516 28.8842 14.2076 29.5575 30.5997 24.1547 11.4311 13.0621 13.081 22.1489 20.4312 22.5983 6.4671 0.677945 28.4074 30.2202 27.024 27.6993 27.8044 35.617 24.7874 27.4731 10.7738 16.0048 37.0909 37.0265 22.9311 6.28995 39.4561 18.1437 13.7631 22.6857 29.1421 27.7236 33.3478 6.59251 23.5642 10.528 24.0473 30.2762 22.5215 34.7385 35.7885 32.7073 14.0311 20.3253 30.1001 16.6666 9.07704 37.0269 18.2317 29.4451 30.6027 22.3792 25.1658 23.4374 38.8783 26.2604 14.9853 21.0122 8.12498 17.6472 3.09543 14.6314 30.827 
8.723 9.90129 4.47459 8.34517 13.2185 22.2254 14.0371 13.8748 24.1696 8.99261 14.4522 18.7786 23.1231 5.02339 11.2245 4.30287 15.7455 12.2027 0 13.5862 3.54658 11.1653 8.13597 10.5453 6.66788 3.30978 15.7427 13.587 2.70838 22.2408 13.7661 16.6273 8.71479 4.82309 13.2287 18.0145 4.01404 27.6566 10.1794 19.3086 23.6695 15.1952 2.4095 2.8448 12.3715 11.6587 10.3268 18.9919 6.71099 11.5249 16.2218 25.5263 22.4119 22.8718 26.9205 24.5142 13.5434 25.2028 2.7273 11.509 28.0937 27.6465 22.4362 8.98421 29.3515 7.71514 7.7825 19.4611 17.5974 15.5331 25.5599 5.61297 11.7212 2.46919 11.9429 18.1456 10.3358 25.0077 25.632 22.4556 11.9602 16.2698 18.7629 16.8369 8.26764 26.4091 6.99122 24.5821 18.4112 10.9471 17.4659 11.5485 28.2748 15.4404 13.5165 9.27017 10.632 14.9704 9.19265 2.74964 19.5484 
18.8664 8.364 17.8199 6.26394 14.1803 10.3338 12.2308 1.88155 24.5943 15.7288 22.5573 24.024 10.6178 15.4675 15.1563 12.7518 14.4009 25.6744 13.5862 0 12.7612 21.4573 6.97737 3.70752 11.0189 12.0436 17.3388 5.07973 15.8334 10.4205 0.479832 3.04667 20.6787 10.7204 4.20367 18.1837 9.57321 29.9385 17.111 10.3464 19.6308 11.3134 14.3341 13.8569 20.5878 7.37805 8.59187 21.1473 19.5778 24.9986 4.65178 24.1828 22.0739 22.1046 29.7244 12.4885 4.84935 26.8963 14.9995 16.9156 19.6213 18.567 26.7377 21.2201 18.7555 9.04708 15.0865 21.8701 10.2118 2.70328 19.6437 19.1101 6.94066 15.1792 4.95823 4.62179 3.50556 15.7165 15.3989 12.6026 19.3372 19.1532 7.0017 23.613 19.2109 15.167 10.4004 23.2651 5.26669 4.7916 14.5836 2.66095 16.8772 6.73647 20.4725 5.02696 21.825 20.0196 22.739 11.6763 7.78761 
12.2665 11.4475 5.66714 6.68191 15.8509 22.3791 16.1831 13.5199 27.1413 12.2967 17.9926 22.2039 23.041 8.54758 14.2404 7.35421 18.1196 14.3855 3.54658 12.7612 0 14.6785 6.17464 10.4834 3.38839 0.82772 18.6395 14.0834 3.81761 22.4213 13.0499 15.7607 12.0412 2.1585 11.3462 20.7773 4.36584 30.9092 13.5679 20.2285 25.8748 17.0012 5.94364 1.32441 15.903 12.8729 11.9284 22.0849 9.79023 13.7266 14.4426 28.2577 25.2321 25.6359 30.2196 24.6593 13.984 28.3583 6.26665 14.7673 29.4211 28.8035 25.827 12.2207 30.0878 9.45509 11.0869 22.5993 14.7817 14.2015 27.4317 8.10997 9.21008 5.96296 9.92486 17.0372 9.26728 26.0473 26.4157 23.2661 15.44 19.3796 18.8578 20.3426 11.7744 26.88 3.87006 27.2978 17.0062 11.3898 19.6444 11.2908 28.7179 16.1396 16.9937 9.4728 14.057 18.3075 11.2902 1.68344 19.6732 
2.66438 13.8693 11.4244 18.2678 11.5944 26.7249 14.1779 20.8288 17.9663 6.26833 4.33849 9.92407 28.1218 6.54805 8.61512 9.03353 14.3362 9.79074 11.1653 21.4573 14.6785 0 18.3702 17.7572 17.8058 14.468 11.6827 18.7952 11.8104 26.6688 21.4146 24.1284 3.55333 15.869 22.775 14.0528 13.5628 19.4215 5.41757 22.1384 21.2623 16.1898 8.88248 13.7151 3.30121 15.7171 13.9256 12.8259 6.06812 9.45557 25.3515 20.4589 17.2844 17.975 18.4129 28.7812 18.8923 17.7819 8.4446 6.93086 28.441 28.6057 13.5296 4.01616 31.4781 12.4918 6.50066 12.8966 28.1277 24.0015 24.2352 8.49993 22.1381 8.71593 21.7874 25.9329 19.1813 26.6346 27.9755 25.1104 4.42154 10.6609 23.8805 7.19797 2.90506 29.5886 18.0717 19.7052 26.7234 17.0643 16.3867 18.8375 31.3616 19.6825 5.20143 16.4341 1.66977 7.88831 9.28475 13.8011 24.4757 
15.7201 9.37094 11.7096 0.800432 15.2504 17.1568 14.481 8.15922 26.7402 14.0118 20.7206 23.7524 17.5686 11.8276 14.809 9.44289 16.7092 20.2114 8.13597 6.97737 6.17464 18.3702 0 5.93935 4.04401 5.60731 18.4574 9.78445 9.74447 17.2264 7.34776 9.83312 16.5632 4.0192 5.20492 20.0915 4.80755 31.368 15.4744 16.0566 23.6458 14.5482 9.7836 7.42691 18.5828 9.90961 9.84308 22.2753 14.805 19.5378 8.28785 27.1497 24.4719 24.7094 30.8912 19.3731 9.6152 28.5169 10.3821 16.0398 25.5152 24.6607 27.0587 16.9366 25.3549 8.31354 12.9734 22.9148 9.75752 8.07094 24.4961 13.679 3.76803 10.352 3.83626 10.9584 3.56079 21.8123 21.824 18.8067 17.6825 19.7788 13.6913 22.5297 15.6461 21.8971 3.4378 26.1825 10.8427 7.43705 17.6972 6.30576 23.6682 11.9277 19.1189 5.64102 18.2254 19.6138 17.139 5.58068 14.5072 
15.1771 4.91821 14.956 5.14517 10.994 11.9043 9.46037 3.36777 21.9783 12.0371 18.889 20.6072 12.6503 11.8599 11.6244 9.15188 11.7171 22.3697 10.5453 3.70752 10.4834 17.7572 5.93935 0 9.66459 9.68403 14.2338 3.85842 13.0197 11.9427 3.66279 6.46258 17.0823 8.72568 6.33875 15.3928 6.61193 27.07 13.4326 10.1529 17.9932 9.04761 10.9453 11.3745 16.9002 4.50495 5.23875 18.0987 16.1305 21.6994 8.0175 21.9588 19.5491 19.679 26.7598 14.1899 3.702 24.0808 11.6074 13.3198 19.5968 18.7825 23.4889 17.6474 19.7102 5.34577 11.3794 18.8011 12.6824 6.33701 18.6262 15.8817 7.85495 11.8425 6.21901 8.21374 3.00653 15.9485 16.0934 13.0044 15.6701 15.9191 8.3859 20.0401 15.554 16.4153 9.16077 21.0078 8.97232 1.68019 12.3234 1.09915 18.2443 6.00558 16.8432 1.37757 18.157 16.5395 19.5202 9.10667 9.19777 
15.2975 12.0647 8.92387 4.7914 17.3309 21.1777 17.128 12.1726 28.8434 14.7061 20.8606 24.6896 21.6116 11.441 16.2167 9.71976 19.2455 17.6888 6.66788 11.0189 3.38839 17.8058 4.04401 9.66459 0 3.36334 20.3603 13.5088 7.17268 21.2436 11.3918 13.8347 15.3418 2.03596 8.7168 22.2914 5.44058 33.0122 16.0812 19.8053 26.6546 17.5654 8.93395 4.67359 18.7331 13.0651 12.5602 24.0122 13.1552 17.0382 11.7825 29.6309 26.7526 27.0798 32.4081 23.4044 13.3623 30.3188 9.36551 17.0519 29.2205 28.4411 28.2162 15.5563 29.2998 10.4444 13.5319 24.586 11.4539 11.9265 27.8239 11.4937 6.14712 9.13706 7.25333 14.8581 7.59254 25.6118 25.7262 22.6616 18.1108 21.3684 17.6955 23.0471 14.9196 25.8876 0.659152 28.6614 14.5799 10.965 20.5165 10.202 27.6728 15.6514 19.6423 9.03227 17.2979 20.66 14.599 4.01731 18.5138 
11.9929 10.6361 6.11124 6.05452 15.1343 21.5852 15.4042 12.7531 26.475 11.7677 17.643 21.7165 22.2653 8.19049 13.6078 6.78553 17.3618 14.7293 3.30978 12.0436 0.82772 14.468 5.60731 9.68403 3.36334 0 17.9668 13.264 4.1714 21.6257 12.3199 15.0582 11.9826 1.69612 10.8087 20.0738 3.54558 30.3265 13.075 19.4022 25.0909 16.1949 5.62731 1.83674 15.534 12.0479 11.1188 21.4563 9.83878 14.0629 13.8951 27.5408 24.5343 24.927 29.6567 23.8676 13.1665 27.7425 6.02342 14.2099 28.5939 27.9759 25.3142 12.21 29.268 8.66295 10.5644 21.9837 14.5432 13.5655 26.6223 8.326 8.83706 5.77797 9.41166 16.3729 8.56415 25.2203 25.5937 22.4425 15.0061 18.7603 18.0646 19.9281 11.5741 26.0702 3.72948 26.5788 16.3916 10.5687 18.8634 10.5084 27.9102 15.3159 16.5542 8.65636 13.9354 17.7757 11.6377 0.931675 18.8788 
10.8939 9.39613 18.9157 17.8944 3.2591 17.9824 5.32228 15.8379 8.51041 7.323 9.1702 7.34536 19.6263 11.6892 4.55736 11.4447 3.78396 21.0804 15.7427 17.3388 18.6395 11.6827 18.4574 14.2338 20.3603 17.9668 0 12.664 18.027 17.8735 17.0431 18.8927 14.0866 18.4338 20.5683 2.48624 14.9241 12.9381 6.94374 12.7739 9.58301 7.02864 13.7399 18.4635 8.57236 9.96165 9.01669 3.87294 15.4757 20.6207 21.9837 9.85167 6.68061 7.1849 12.5488 19.6002 12.8683 10.0599 13.9237 5.11912 17.0691 17.4455 9.45698 14.7983 20.7096 10.154 8.35598 4.56763 26.8945 19.991 12.5898 17.2392 21.6064 14.4398 20.2873 20.6756 17.0079 15.8978 17.5393 15.1532 7.26668 2.07646 16.1765 8.28737 12.0681 19.5468 20.2334 8.93577 21.9832 12.6932 5.40138 14.9358 21.1349 12.2421 6.94382 13.5231 13.2076 4.55883 19.6904 17.0361 16.4756 
16.4192 4.92941 18.0616 8.98643 9.68068 8.67912 7.3908 3.30758 19.5639 12.6163 19.0504 19.686 9.74035 13.7205 11.2855 11.1879 9.46001 24.7706 13.587 5.07973 14.0834 18.7952 9.78445 3.85842 13.5088 13.264 12.664 0 16.2136 8.6826 4.67898 6.23092 18.8234 12.4653 9.0727 13.2556 9.92573 24.9942 13.8167 6.29746 14.6491 6.26384 13.4548 14.8483 17.2775 3.1439 4.88491 16.3701 18.3444 24.1193 9.63698 19.1032 17.0262 17.0386 24.8363 10.9558 0.23039 21.9346 14.0827 13.1914 15.7386 14.9323 22.121 19.465 16.0044 6.66672 12.3061 17.1042 15.2699 7.51889 14.9595 18.5207 11.2729 14.4151 9.42183 8.03147 6.57378 12.1065 12.3398 9.20971 15.8922 14.5976 5.33008 19.6608 17.0391 12.8642 13.0149 18.1855 9.31993 2.7005 9.51249 3.61983 14.7221 2.14716 16.792 4.61656 19.5063 15.8737 22.107 12.5897 6.06191 
9.71056 12.6095 1.99361 10.127 15.6824 24.8125 16.6623 16.292 26.3418 10.9686 15.5841 20.3627 25.6565 6.62382 13.4714 6.74202 18.296 10.5762 2.70838 15.8334 3.81761 11.8104 9.74447 13.0197 7.17268 4.1714 18.027 16.2136 0 24.8336 16.0569 18.8784 8.76435 5.85702 14.9487 20.3703 6.40776 29.5062 11.9752 22.0034 26.2448 17.8761 4.28767 2.50226 13.625 14.3614 13.0336 21.0812 6.29958 9.91443 18.0218 27.8658 24.7069 25.2013 28.7028 27.1039 16.1596 27.1881 4.18189 13.4924 30.7997 30.3548 24.0727 8.81519 32.0386 10.4219 9.79684 21.4993 18.5983 17.5706 28.2111 4.35332 12.9921 3.68695 13.5682 20.3017 12.445 27.7128 28.321 25.1444 13.4759 18.365 21.3278 18.1766 8.95947 29.061 7.68317 26.9343 20.4269 13.5474 20.0679 13.976 30.9244 18.1051 15.0132 11.7988 10.9157 16.7779 7.48113 4.22167 22.1225 
24.5161 13.2344 26.7118 16.4568 15.8437 0.17144 13.0339 9.07111 21.9722 20.4031 26.0688 25.1967 1.8429 22.2157 18.3621 19.7855 14.0898 33.3683 22.2408 10.4205 22.4213 26.6688 17.2264 11.9427 21.2436 21.6257 17.8735 8.6826 24.8336 0 9.98511 8.35527 27.174 20.5934 14.1744 17.2535 18.4683 27.81 21.3614 5.12595 14.5547 11.0204 22.123 23.3104 24.6146 11.253 13.0242 20.7537 26.9131 32.7253 12.6483 20.2312 19.4505 19.123 28.0282 2.27428 8.70736 24.8095 22.7436 20.2888 10.5779 9.19115 26.6731 27.8474 8.45083 15.2259 20.3598 21.4639 18.7251 10.8742 12.8485 27.1909 17.219 23.0872 15.2518 8.68626 13.6661 6.68953 5.55314 4.0876 23.1498 19.9462 3.56843 25.9751 25.2757 4.76723 20.6593 19.5417 10.1544 11.2941 12.8024 11.1551 6.45851 7.12894 23.6968 13.0584 27.5972 22.0762 30.7613 21.0408 2.74985 
18.8393 8.16971 18.0385 6.61829 13.9056 9.9014 11.8991 1.42694 24.2231 15.6223 22.4243 23.7869 10.2248 15.4966 14.9638 12.7828 14.0519 25.8105 13.7661 0.479832 13.0499 21.4146 7.34776 3.66279 11.3918 12.3199 17.0431 4.67898 16.0569 9.98511 0 2.87767 20.7152 11.0323 4.68004 17.8404 9.75257 29.5949 16.9897 9.86803 19.1871 10.9313 14.4388 14.1235 20.4735 7.09291 8.37449 20.8371 19.6705 25.1357 4.9865 23.7746 21.6952 21.716 29.3946 12.0713 4.4491 26.5474 15.1041 16.7455 19.1423 18.0905 26.4594 21.2677 18.3013 8.96292 15.0118 21.5625 10.6473 2.95002 19.1749 19.2601 7.4146 15.2987 5.43324 4.56154 3.83234 15.2393 14.932 12.1264 19.2051 18.8787 6.54545 23.4275 19.2124 14.724 10.7797 22.8603 5.3437 4.59703 14.191 2.57722 16.4434 6.2831 20.3155 5.01807 21.8184 19.8041 22.8941 11.9241 7.33627 
21.5845 10.573 20.8657 9.17039 15.8975 8.23585 13.6024 3.32851 25.5063 18.2096 24.9181 25.8912 8.15204 18.3225 17.2945 15.6137 15.6029 28.6879 16.6273 3.04667 15.7607 24.1284 9.83312 6.46258 13.8347 15.0582 18.8927 6.23092 18.8784 8.35527 2.87767 0 23.5449 13.6895 5.89178 19.385 12.6134 31.0658 19.5333 9.70235 19.7189 12.2928 17.3138 16.8791 23.0254 9.17663 10.6959 22.5735 22.5408 28.0131 4.4581 24.7137 22.9316 22.8641 30.963 10.1845 6.03175 27.9926 17.9791 19.1428 18.3808 17.1683 28.3496 24.1077 16.8054 11.6379 17.6749 23.3098 10.6326 2.52091 19.2022 22.135 9.01279 18.1761 7.10688 1.84584 6.49491 14.3956 13.7325 11.2957 21.7107 20.8273 5.43845 25.7443 22.001 13.0977 13.1968 23.8424 3.11131 7.10102 15.3891 5.36345 14.6803 7.07361 22.7412 7.83701 24.5927 22.0184 25.7677 14.7131 6.07292 
3.20404 13.9756 8.08212 16.6031 13.2557 27.2085 15.5045 20.3559 21.0996 7.36317 7.87189 13.3894 28.4705 5.22277 10.2398 7.93278 16.1359 7.01174 8.71479 20.6787 12.0412 3.55333 16.5632 17.0823 15.3418 11.9826 14.0866 18.8234 8.76435 27.174 20.7152 23.5449 0 13.5378 21.3566 16.5541 11.852 22.8942 7.19588 23.0268 23.589 17.3849 6.78004 10.9306 6.50265 15.9415 14.1542 15.8339 2.60973 6.53468 24.1502 23.3976 20.1756 20.8292 21.9092 29.3753 18.8796 21.1314 6.1885 8.99615 30.1807 30.179 17.0378 0.730141 32.7614 12.1887 6.97589 15.9972 26.2275 23.0514 26.3464 5.03843 20.2782 6.28394 20.2187 25.2764 17.9784 27.9843 29.1414 26.1275 7.19859 13.4363 24.1037 10.7227 2.0808 30.5319 15.6983 22.5894 25.8767 16.7161 18.1979 18.1814 32.3591 20.0532 8.36066 15.7085 2.21954 10.898 5.87884 11.4606 24.7746 
13.3291 10.4415 7.77437 4.55423 15.4559 20.5424 15.417 11.5974 26.9332 12.6724 18.8452 22.6561 21.1267 9.4483 14.231 7.68399 17.4815 16.4233 4.82309 10.7204 2.1585 15.869 4.0192 8.72568 2.03596 1.69612 18.4338 12.4653 5.85702 20.5934 11.0323 13.6895 13.5378 0 9.18866 20.4199 3.52796 31.0231 14.0453 18.7112 25.0309 15.9996 6.98659 3.44048 16.714 11.6302 10.936 22.0478 11.4698 15.7575 12.2845 27.8105 24.8866 25.2355 30.4056 22.8083 12.3442 28.3536 7.45739 15.0282 28.0343 27.3364 26.1897 13.7992 28.4298 8.67041 11.4965 22.6111 12.8648 12.0654 26.3591 10.0165 7.14158 7.27282 7.77137 14.9204 7.2151 24.5401 24.7939 21.6748 16.0776 19.3894 17.025 21.0141 12.9995 25.1325 2.20365 26.8426 14.8579 9.81564 18.8438 9.43877 26.9527 14.5739 17.6077 7.86474 15.4307 18.6333 13.3307 2.08325 17.8442 
20.113 11.2066 16.9143 4.88459 17.3223 14.0655 15.7511 6.06959 28.2574 17.6737 24.5665 26.7855 14.0433 16.3564 17.733 13.7465 17.9927 25.3819 13.2287 4.20367 11.3462 22.775 5.20492 6.33875 8.7168 10.8087 20.5683 9.0727 14.9487 14.1744 4.68004 5.89178 21.3566 9.18866 0 21.707 9.52547 33.4049 19.13 14.5461 23.7185 15.1221 14.6256 12.6194 22.484 10.7776 11.5581 24.4355 19.7954 24.7065 3.0989 28.0717 25.793 25.8834 33.0984 16.0699 8.84627 30.4082 15.2612 19.296 23.7667 22.6693 29.7713 21.7924 22.6133 11.1412 16.8116 25.1359 6.35203 3.50515 23.8349 18.8213 3.14876 15.3014 1.46356 6.40298 3.73851 19.8327 19.3942 16.7096 21.391 22.2227 10.9625 26.0036 20.2159 18.9383 8.05777 27.1359 5.89406 7.9415 18.4213 5.77042 20.5561 10.8911 22.6927 7.14542 22.8419 22.6712 22.3203 10.7677 11.7008 
13.3676 10.7835 21.3243 19.4745 4.96408 17.3794 5.96876 16.5397 6.65216 9.78718 11.2116 8.26948 19.0657 14.1212 6.95153 13.7127 3.79571 23.5374 18.0145 18.1837 20.7773 14.0528 20.0915 15.3928 22.2914 20.0738 2.48624 13.2556 20.3703 17.2535 17.8404 19.385 16.5541 20.4199 21.707 0 16.8924 11.755 9.42811 12.1372 7.24659 7.10863 16.0919 20.6816 10.8666 10.9332 10.3455 3.5006 17.9617 23.0857 22.8262 7.51205 4.46746 4.86444 11.5836 18.7743 13.476 8.71788 16.3077 7.60337 15.1434 15.6712 9.431 17.2623 19.1278 11.9044 10.7892 4.21261 28.059 20.7511 10.4057 19.7099 23.0312 16.8245 21.5755 21.0962 18.2969 14.4189 16.1901 14.1174 9.63245 3.62061 16.0319 9.86516 14.5451 18.3488 22.1163 6.56906 22.4963 13.7655 4.45606 15.9626 19.8204 12.4348 9.12963 14.8645 15.6105 6.53137 22.1759 19.1424 16.2113 
10.9144 7.09934 8.35169 4.75949 11.9283 18.4415 11.9544 9.89891 23.4157 9.50131 16.0297 19.4341 19.2536 7.02059 10.7964 4.69564 13.9816 16.1516 4.01404 9.57321 4.36584 13.5628 4.80755 6.61193 5.44058 3.54558 14.9241 9.92573 6.40776 18.4683 9.75257 12.6134 11.852 3.52796 9.52547 16.8924 0 27.5877 10.933 15.9495 21.6142 12.6656 5.10029 4.94408 13.8855 8.51313 7.58524 18.5737 10.2952 15.474 12.4108 24.2861 21.3589 21.7081 27.0019 20.7331 9.85117 24.88 5.73704 11.7341 25.0738 24.4838 22.8916 12.271 25.8905 5.19214 8.38507 19.152 14.565 11.5782 23.0853 9.56463 8.57528 5.80002 8.36705 14.1432 6.37678 21.7499 22.1948 19.029 13.0777 15.9381 14.9427 17.9864 10.8483 22.7876 5.36486 23.3187 14.4568 7.22959 15.401 7.57687 24.6422 11.914 14.5628 5.41101 13.4411 15.3492 13.1794 2.73247 15.7433 
20.3469 22.3087 29.8763 30.8217 16.1893 27.9596 17.715 28.2874 5.83905 18.6641 15.1052 9.50518 29.6512 22.8848 16.7955 23.5554 15.5444 28.8842 27.6566 29.9385 30.9092 19.4215 31.368 27.07 33.0122 30.3265 12.9381 24.9942 29.5062 27.81 29.5949 31.0658 22.8942 31.0231 33.4049 11.755 27.5877 0 17.5385 22.9417 13.7997 18.778 25.3672 30.4933 16.4498 22.6577 21.9089 9.09303 25.1535 28.668 34.581 8.22342 8.37794 8.69097 1.21811 28.8678 25.2167 3.0776 25.3436 16.1555 21.9755 23.1456 5.9539 23.4264 27.0109 23.0545 19.875 8.46101 39.7523 32.501 16.805 27.4354 34.5431 25.8248 33.1937 32.7335 29.91 23.1619 25.145 24.0615 16.1689 11.6529 27.2835 12.2573 21.4351 27.5639 32.9495 8.59245 34.1726 25.4717 15.7323 27.6884 28.5853 24.034 14.7224 26.4354 21.0416 12.7292 28.7062 29.4156 27.3227 
3.9922 8.99102 12.4888 15.1639 6.22516 21.4249 8.76086 16.205 14.6078 1.46904 5.46355 8.64148 22.8682 5.35145 3.20981 6.36151 9.04287 14.2076 10.1794 17.111 13.5679 5.41757 15.4744 13.4326 16.0812 13.075 6.94374 13.8167 11.9752 21.3614 16.9897 19.5333 7.19588 14.0453 19.13 9.42811 10.933 17.5385 0 16.7448 16.3946 10.7733 7.84281 13.0242 3.49202 10.6789 8.94753 9.27213 8.55585 13.7225 21.3682 16.5542 13.3183 13.9201 16.763 23.4386 13.9409 15.2338 7.80556 1.82474 23.157 23.2594 12.2639 7.91898 26.0722 8.10639 2.55565 9.61313 25.0082 19.7693 19.1706 10.4516 19.1387 8.28976 18.3785 21.3727 15.4008 21.2343 22.559 19.6969 2.26128 6.63109 18.7129 7.06274 5.14429 24.1781 16.1562 15.6915 22.3307 12.4444 11.1084 14.45 25.9464 14.4819 3.64492 12.2291 6.66295 4.8115 12.7486 12.2101 19.2656 
20.1715 9.55365 23.7371 15.2565 10.9282 5.24674 8.12916 8.51391 17.1286 15.9372 21.184 20.0819 6.92864 18.3513 13.6291 16.1855 8.99157 29.5575 19.3086 10.3464 20.2285 22.1384 16.0566 10.1529 19.8053 19.4022 12.7739 6.29746 22.0034 5.12595 9.86803 9.70235 23.0268 18.7112 14.5461 12.1372 15.9495 22.9417 16.7448 0 10.2813 6.07696 18.7234 20.8916 19.8534 7.66786 9.21406 15.6359 23.1028 28.9423 14.0873 15.6981 14.5642 14.3051 23.0891 6.86293 6.45139 19.9029 19.2892 15.5141 9.46262 8.63764 21.5641 23.7292 10.0596 11.7312 16.0726 16.3495 20.2112 11.9643 9.50022 23.7239 17.1704 19.6967 15.221 10.891 12.7197 5.82918 6.33722 3.1754 18.3798 14.8417 4.63353 20.9375 21.0384 7.5055 19.3121 14.9245 12.4706 8.89592 7.68243 9.78608 9.33578 4.15413 18.8059 10.8478 23.2028 17.0515 27.1644 18.6685 4.46621 
20.3851 14.5991 27.4824 22.9066 10.7273 14.7174 9.69616 17.7605 8.12899 16.477 18.4167 14.7265 16.3524 20.5322 13.5147 19.516 7.95963 30.5997 23.6695 19.6308 25.8748 21.2623 23.6458 17.9932 26.6546 25.0909 9.58301 14.6491 26.2448 14.5547 19.1871 19.7189 23.589 25.0309 23.7185 7.24659 21.6142 13.7997 16.3946 10.2813 0 9.11423 22.1062 26.0645 18.1067 13.7367 14.1034 9.66986 24.7603 30.1169 23.907 5.75837 6.08225 5.46263 14.2746 15.2914 14.8742 11.0504 22.4475 14.5958 8.62106 9.55689 14.4908 24.3098 13.3702 16.4319 17.2995 10.1088 29.8317 21.7378 3.41345 26.2788 25.8086 22.9546 24.0301 21.0783 20.9802 9.3646 11.3498 10.5676 16.8422 10.8261 14.9132 16.8143 21.5368 13.7762 26.3326 5.21627 22.6428 16.3403 6.23361 18.1419 14.7948 12.9155 16.3751 18.0101 22.7897 13.7514 29.0304 24.1914 14.7145 
14.3854 5.57014 19.3652 13.8202 4.85274 11.1143 2.05421 9.57136 13.3005 10.1033 15.1087 14.3617 12.7115 13.1164 7.60469 11.3941 3.38125 24.1547 15.1952 11.3134 17.0012 16.1898 14.5482 9.04761 17.5654 16.1949 7.02864 6.26384 17.8761 11.0204 10.9313 12.2928 17.3849 15.9996 15.1221 7.10863 12.6656 18.778 10.7733 6.07696 9.11423 0 14.0461 17.3356 13.7932 4.64625 5.08103 10.4158 17.7984 23.5733 15.9005 12.9527 10.7641 10.7943 18.6731 12.9187 6.49149 15.7083 14.5161 9.45856 13.0999 12.8972 16.3194 18.1051 15.3843 7.58276 10.4219 11.1549 21.4243 13.7797 10.4354 18.7817 16.902 14.9841 15.2283 13.9898 12.0539 10.6009 11.8074 8.9282 12.3192 9.09521 9.14846 14.9635 15.3392 13.415 17.2288 12.0142 15.4027 7.36867 3.29945 9.37228 15.1738 5.33395 12.7308 8.92828 17.3458 11.0613 22.0083 15.3255 9.45532 
6.36781 9.16976 5.38384 9.83211 11.4606 22.1262 12.6521 14.3101 22.066 6.73456 12.049 16.4018 23.1721 2.61441 9.18388 2.65409 14.1467 11.4311 2.4095 14.3341 5.94364 8.88248 9.7836 10.9453 8.93395 5.62731 13.7399 13.4548 4.28767 22.123 14.4388 17.3138 6.78004 6.98659 14.6256 16.0919 5.10029 25.3672 7.84281 18.7234 22.1062 14.0461 0 5.22169 9.96309 11.0871 9.52415 16.8244 5.25584 10.7638 17.488 23.5817 20.4195 20.9165 24.605 24.3907 13.452 22.9763 0.665451 9.26372 27.1158 26.791 20.0743 7.1747 28.774 7.00327 5.54251 17.2609 19.4718 16.5396 24.2192 5.06795 13.5075 0.974161 13.4542 18.9547 11.3751 24.259 25.0554 21.8982 9.56274 14.1039 18.7634 14.4292 6.01892 26.0411 9.18928 22.6523 19.4043 10.9787 15.9894 12.0203 27.9082 15.1021 11.119 9.58329 8.50717 12.6511 8.65999 4.92119 19.5132 
11.3929 11.8427 4.34644 7.88992 15.813 23.2753 16.3737 14.5119 26.9282 11.8301 17.1978 21.6174 24.0004 7.8287 13.9826 7.03565 18.215 13.0621 2.8448 13.8569 1.32441 13.7151 7.42691 11.3745 4.67359 1.83674 18.4635 14.8483 2.50226 23.3104 14.1235 16.8791 10.9306 3.44048 12.6194 20.6816 4.94408 30.4933 13.0242 20.8916 26.0645 17.3356 5.22169 0 15.1438 13.3993 12.3081 21.7874 8.60022 12.404 15.7112 28.1885 25.1096 25.5459 29.7628 25.563 14.7647 28.019 5.43027 14.3406 29.9668 29.4076 25.2794 11.0677 30.8305 9.75283 10.6185 22.2701 16.0973 15.4022 27.7668 6.8254 10.5318 5.0579 11.2094 18.207 10.3882 26.686 27.1376 23.9728 14.7843 19.0681 19.7595 19.6387 10.8131 27.697 5.18137 27.2363 18.227 12.148 19.833 12.2416 29.546 16.8554 16.3405 10.2771 12.9993 17.8142 9.96694 2.26984 20.5695 
3.9842 12.4786 13.6501 18.3403 8.99675 24.6868 11.7408 19.697 14.6887 4.86463 2.14452 6.97458 26.1731 7.35561 6.25274 9.19179 11.547 13.081 12.3715 20.5878 15.903 3.30121 18.5828 16.9002 18.7331 15.534 8.57236 17.2775 13.625 24.6146 20.4735 23.0254 6.50265 16.714 22.484 10.8666 13.8855 16.4498 3.49202 19.8534 18.1067 13.7932 9.96309 15.1438 0 14.1347 12.423 9.5251 8.70588 12.7273 24.8001 17.1576 13.9855 14.679 15.5039 26.6369 17.4072 14.6288 9.71476 4.33982 25.5395 25.7985 10.6818 7.09703 28.8329 11.5603 5.67816 9.60629 28.237 23.2366 21.1622 11.0224 22.3066 10.1136 21.6674 24.8646 18.7727 23.9786 25.4301 22.6939 1.47405 7.39898 22.0892 4.55547 5.00266 27.1834 18.891 16.4058 25.8161 15.9354 13.5498 17.9271 28.9062 17.8526 1.90439 15.6746 4.95727 4.58912 12.3767 14.7434 22.6137 
13.4013 1.98315 16.0723 9.17589 6.81404 11.2804 4.97354 5.95614 17.4866 9.5018 15.9099 16.7457 12.5327 10.9676 8.16499 8.61229 7.2209 22.1489 11.6587 7.37805 12.8729 15.7171 9.90961 4.50495 13.0651 12.0479 9.96165 3.1439 14.3614 11.253 7.09291 9.17663 15.9415 11.6302 10.7776 10.9332 8.51313 22.6577 10.6789 7.66786 13.7367 4.64625 11.0871 13.3993 14.1347 0 1.80231 13.7827 15.6841 21.5136 12.0222 17.4717 15.046 15.1745 22.3962 13.4824 3.28254 19.6438 11.6707 10.0583 16.5686 16.0273 19.3665 16.6067 17.7268 4.08392 9.25697 14.5017 17.1288 10.0429 14.7601 16.123 12.3188 12.0612 10.7239 11.0137 7.48648 13.3536 14.0042 10.834 12.7484 11.7864 8.19682 16.5819 14.0855 14.9612 12.6887 16.5171 12.1892 2.84338 7.86578 5.0315 16.8269 4.12429 13.6617 4.28213 16.4938 12.8419 19.6252 11.2426 8.8412 
11.5991 0.495819 14.6565 9.18277 5.76495 13.0561 4.64335 7.39486 16.9908 7.7314 14.2504 15.4383 14.3288 9.22785 6.6099 6.97159 6.86659 20.4312 10.3268 8.59187 11.9284 13.9256 9.84308 5.23875 12.5602 11.1188 9.01669 4.88491 13.0336 13.0242 8.37449 10.6959 14.1542 10.936 11.5581 10.3455 7.58524 21.9089 8.94753 9.21406 14.1034 5.08103 9.52415 12.3081 12.423 1.80231 0 12.8883 13.9641 19.8024 13.1565 17.3074 14.6594 14.8747 21.5611 15.2403 4.99901 18.9542 10.0795 8.44716 17.7672 17.3387 18.2541 14.8241 19.253 2.6117 7.45673 13.583 17.8779 11.2942 15.5036 14.5099 12.6875 10.4953 11.2849 12.5417 8.00132 14.7519 15.537 12.389 11.0623 10.6806 9.99908 15.0743 12.2868 16.6153 12.2618 16.3398 13.6251 3.80562 7.96204 6.03174 18.4749 5.89916 12.0475 4.53148 14.6917 11.4304 17.9647 10.257 10.6401 
