200
4.87508 18.2049 1.8419 0
10.3385 21.8468 1.4865 0
6.84335 9.61016 0.571164 1
17.6011 18.5476 0.251445 0
8.87447 20.2158 13.6148 1
5.74141 6.93046 1.23546 1
16.9232 20.4831 1.6436 0
8.97196 18.1337 2.20507 0
6.15967 21.5409 0.224679 0
18.294 22.8335 1.2284 0
0.74009 1.62107 2.22004 0
1.23735 13.9712 1.22584 1
15.1925 20.4259 2.08074 0
1.40559 23.903 1.24991 0
4.80708 13.1754 0.578081 0
10.0612 13.8219 1.1951 1
16.9499 20.8375 1.59536 0
6.22512 7.28837 1.12989 0
8.32863 16.5897 1.50416 0
3.75933 10.9323 1.12574 0
16.3021 20.4255 1.68667 0
18.9981 22.9472 0.374134 0
14.2122 14.5765 1.30409 1
15.493 18.7736 1.67317 0
0.79698 4.58805 1.65541 0
14.0317 18.0031 1.55627 0
10.2682 22.1751 1.44503 0
18.2917 20.0219 1.53209 0
2.98653 5.889 0.676265 0
8.17323 9.13062 1.15029 0
8.62749 8.96795 0.891812 0
7.43513 19.6506 0.364031 1
2.92232 16.1768 1.46371 0
13.5347 14.1348 0.268925 0
11.4972 14.4882 1.02218 0
5.82842 21.9833 1.84766 0
8.8947 18.711 0.90512 1
8.41381 16.5565 1.01366 0
2.30353 21.9968 1.20017 0
17.8048 23.4653 1.3038 1
17.5135 18.851 1.67858 0
1.60766 12.1583 2.0041 0
1.49409 17.5894 1.952 0
7.20575 19.6055 1.60778 1
11.9602 19.6821 0.636571 0
7.82623 16.7501 0.338651 0
10.1632 15.4828 1.20064 0
9.69425 14.2559 1.01463 0
9.54375 21.9711 21.0493 0
2.50829 14.4903 1.07405 1
3.31122 14.8785 0.319803 0
8.72723 21.3883 18.1666 0
3.04876 23.9377 1.35257 0
0.113096 7.89312 0.229134 0
6.69608 6.98376 1.03007 0
12.281 12.6151 0.723543 0
2.54483 17.2202 1.22365 0
8.65688 12.6081 0.660126 0
12.4939 18.6741 0.336777 0
12.2659 17.0508 13.9619 0
17.5836 17.7948 1.47667 1
9.99115 17.5567 0.999948 0
9.60915 16.6341 0.864221 0
5.67995 22.2337 2.81705 0
12.4768 13.0861 1.65462 0
3.37647 13.437 17.2986 0
12.8704 16.1657 1.17176 0
18.3214 22.3784 10.462 0
10.9395 20.8894 1.14609 0
11.5645 14.0381 0.924064 0
3.57899 16.0521 1.27722 0
5.56336 19.7417 1.90095 0
8.73919 17.8534 2.2457 0
6.4719 16.955 1.55131 0
18.3575 20.4832 18.1454 1
17.5848 21.2476 0.582122 0
1.78618 22.5286 0.845513 0
6.60546 6.7119 0.948315 0
0.634637 21.572 6.21958 0
6.29506 16.3396 1.74534 1
11.2891 11.4279 23.957 0
14.2243 17.4153 12.489 0
7.58028 11.9148 1.42118 0
6.01794 21.7457 23.5629 0
7.13981 17.7562 1.65807 0
5.67062 22.9889 0.317462 0
3.42481 7.7837 0.662375 0
18.3214 19.412 1.49572 1
1.52671 12.8303 1.07478 0
0.948719 13.0297 0.520823 0
7.45537 9.90312 0.789069 0
17.5814 18.2302 1.28014 0
6.76503 20.9393 0.458748 0
16.5213 22.4803 0.365557 0
0.563907 1.19645 1.13045 0
8.33012 21.6024 6.36255 0
4.06729 20.8931 0.525547 0
11.1263 19.9012 1.09802 0
7.51171 9.16239 1.38859 0
16.8206 23.7213 1.47358 0
15.1354 19.0426 1.32695 1
2.03174 13.6784 4.88202 0
17.0841 19.3622 16.3389 0
7.02343 22.465 0.468532 0
7.06196 16.4013 1.37822 1
12.3057 22.0102 0.717221 0
3.57273 9.74111 2.21332 0
0.701288 13.8627 0.707575 0
8.53154 18.4387 0.458547 0
15.6304 23.9348 1.81604 0
3.62552 19.0189 0.940996 1
9.23033 19.3957 1.32997 0
13.8877 14.6991 2.18431 0
5.93263 10.9396 2.21645 0
1.79869 14.062 1.79352 0
11.124 16.4789 0.313959 0
0.617758 8.17638 0.428643 1
5.38826 19.7215 1.73542 1
16.5393 21.8173 0.94721 0
8.49461 16.5583 1.87374 1
6.26713 22.0071 0.653197 0
14.5755 20.917 2.13643 0
12.0116 18.7066 1.98675 0
12.1895 23.7389 0.772299 0
15.0371 15.9877 2.2246 0
11.9238 17.9704 19.6978 0
5.84546 16.1487 1.42096 0
5.27342 18.4696 1.63553 0
15.3563 16.7267 1.62162 0
1.8922 7.76757 0.37176 0
9.83241 9.92929 2.13504 0
2.4299 9.26831 1.24657 1
3.05738 3.31856 0.425153 0
13.2301 16.522 19.9342 0
17.6087 23.3363 1.37267 0
6.87673 10.013 0.643537 0
6.91936 8.85918 0.39508 1
12.5368 22.5691 1.74205 0
0.0483614 7.32698 1.82706 0
4.26708 8.75623 1.31057 1
0.825144 10.9192 7.83401 0
5.14022 9.11334 2.15798 0
16.8655 21.5256 0.63623 0
6.77665 19.2535 2.26392 0
18.2657 22.7828 0.953033 0
18.2752 19.2155 2.03265 0
18.5211 22.0541 1.8545 0
7.87963 22.4514 0.351611 0
14.8392 15.8461 0.710237 0
8.17053 16.6946 16.9772 0
7.82707 14.2158 1.21522 0
2.78568 14.1944 25.8941 0
18.0207 23.1711 1.02105 1
12.4115 20.6214 1.62647 0
13.675 16.4794 0.824466 1
15.5932 23.4994 13.151 0
6.93474 10.5075 0.576761 0
8.04462 18.2956 1.12235 1
4.78945 11.5508 1.39871 1
7.44915 15.1494 1.38554 1
0.864837 14.1644 0.742683 0
6.75231 21.007 1.25911 0
6.90365 7.00825 2.17951 0
10.5727 17.9839 0.843544 0
1.76205 2.70415 1.43539 0
13.6229 23.6742 1.55821 0
0.835675 7.96769 1.61307 0
11.1442 21.9555 1.87215 1
14.1748 14.7476 1.64899 1
11.7322 16.0287 1.32054 0
2.3664 22.1831 2.1403 0
5.84214 18.8932 14.4865 0
14.4349 22.4393 0.40679 1
5.16137 6.92695 2.26402 0
1.75697 11.5447 0.428747 0
16.3886 21.4979 1.24171 0
6.07929 15.9121 1.27628 0
12.8349 17.3633 0.985255 0
10.9737 13.1725 16.7466 0
5.86472 8.67798 25.1334 1
8.01219 16.0503 0.819551 1
10.0175 10.9608 2.0274 0
14.293 17.8515 2.08538 0
2.80548 9.64163 1.03709 0
13.6785 22.4427 1.41968 0
7.16327 8.85711 0.756771 0
3.20488 6.05996 2.25279 0
4.49251 9.26338 1.26508 0
1.70005 9.6491 1.08877 0
17.9837 21.7039 0.208312 1
9.25452 13.2093 1.44591 0
12.8764 20.2031 0.793121 0
11.2434 19.9675 1.9215 0
14.0614 17.1734 0.458103 0
16.5676 19.1715 0.727507 1
6.8169 22.8434 2.02647 0
0.199858 23.4058 0.35909 0
11.3695 14.4644 26.8966 0
4.86834 13.5581 2.19255 0
12.1992 20.3267 0.996402 0
400 50 500
0.025 0.0125 10000 3000 15 1e+06 300000 8 12
0 6.59022 1.2546 5.4959 6.71608 3.12076 4.16454 2.24713 4.34436 2.19243 5.80695 1.75521 3.11496 6.83354 7.83439 5.10702 8.2233 3.54383 3.85688 4.7863 5.06315 6.19739 5.11147 2.5408 8.0758 5.39498 7.28265 2.92604 2.18304 2.38404 3.32247 5.54382 7.01786 1.81853 3.62214 5.67121 9.31764 6.16557 6.55917 7.52314 7.64827 5.2354 6.63561 5.37664 3.03139 2.81053 4.60776 6.71091 2.69797 7.10556 7.64535 4.57889 1.96637 5.95353 4.36803 8.31611 2.44901 2.4466 5.88305 4.61844 9.49018 5.66046 7.54446 4.59872 8.41701 8.78223 5.9915 6.55033 1.48559 1.14851 1.48094 5.59043 5.91348 5.38631 8.93644 0.673386 3.3804 1.29286 2.1783 2.74713 5.87202 5.36655 3.35006 4.7434 5.41217 5.35509 6.17869 2.27955 0.626148 7.49963 7.04509 6.21228 8.30664 6.83174 6.87979 6.88218 2.21159 5.13561 8.36101 3.84068 5.35305 8.94456 8.46643 4.86881 3.26003 1.80872 8.00836 7.51603 3.06832 3.00748 8.1152 5.05639 1.85585 5.76424 7.30217 1.74577 6.60013 5.83968 5.03329 6.75937 2.66028 1.22951 5.57549 6.15167 7.22706 5.18097 8.35879 3.54854 3.50097 2.0667 4.72335 5.33157 8.79928 8.13842 8.88193 2.07184 1.41262 3.90279 3.60599 8.31373 6.88349 2.48913 2.5983 8.48112 6.7105 2.14317 8.82202 9.091 5.79787 0.384345 3.33352 7.01103 2.5923 7.56256 2.69393 3.34203 7.14637 5.69191 7.7272 5.7386 5.08815 3.66764 5.35758 5.57591 5.77424 2.7238 1.98416 2.67975 3.22883 5.87409 7.31353 3.00254 9.1984 6.73998 8.19141 5.44834 3.25885 5.70297 6.27592 5.16888 5.23821 4.0364 3.84364 8.86587 3.41878 4.31286 3.22446 4.07802 8.02181 7.7382 5.89512 5.32358 6.01512 9.03988 0.790143 5.55266 4.18056 2.9892 8.11456 8.09975 7.63423 
6.59022 0 7.83468 1.31248 0.126218 4.659 8.49677 6.2571 3.13362 4.98208 0.894382 7.01486 8.87911 6.00357 4.80712 2.796 4.27776 4.1266 9.63537 4.66088 1.92363 8.59599 7.35392 6.11966 9.60688 1.24266 5.65527 9.35063 6.82662 4.59703 4.58464 9.39298 2.40008 4.77995 4.42386 3.11829 9.19053 7.00845 9.83215 9.54005 1.22331 10.0605 7.31063 6.2597 5.44974 3.92872 3.90044 8.2864 8.35122 2.73018 3.70489 2.7389 4.90065 5.71505 2.33197 2.34401 6.14435 8.35866 0.712039 10.1353 9.05706 1.87069 5.47143 4.65733 2.87354 8.05367 7.08621 5.15844 7.86099 6.9098 8.0672 1.37158 10.1934 5.49774 9.72881 6.81013 8.9087 7.88251 5.85171 3.94932 10.6007 9.74403 4.14215 7.64586 1.58989 3.15406 5.03111 5.7126 6.47611 6.84696 5.40492 6.76266 6.82075 7.56131 3.13993 2.06289 7.53885 5.93968 2.85149 5.38866 1.80698 8.49976 2.7542 2.30869 5.17526 4.98691 7.41361 9.6474 4.86555 6.22817 5.1359 6.84292 8.4016 4.16617 2.64858 5.39142 6.66274 11.5059 10.3394 4.88243 3.94837 7.74632 8.40996 8.34995 0.753961 1.41921 5.11088 7.83233 3.91478 4.60136 8.43913 4.77864 7.42736 9.64173 9.3019 4.7352 7.80578 6.88478 8.55546 5.56994 7.15224 8.64345 4.97938 8.8117 9.5086 8.43828 9.70989 8.93634 1.03314 6.90257 3.51514 4.98085 8.8917 5.80286 6.59319 7.26965 5.6822 10.5517 9.65277 2.7192 1.51337 5.42799 10.8822 5.6211 0.882686 5.7346 6.47139 4.32117 8.4815 6.17757 4.34811 6.32411 8.993 0.191777 4.84639 5.10147 6.71315 9.32994 0.533547 10.6099 7.29151 3.27457 5.85945 8.28041 7.77632 6.24303 4.19729 7.70216 3.78154 3.51393 6.79433 11.0073 7.76594 9.263 7.36142 11.4402 9.32576 4.99376 9.17511 1.66917 8.72253 
1.2546 7.83468 0 6.75033 7.96031 4.0679 4.26355 3.02039 5.45348 3.35286 7.03916 1.88186 2.69694 7.7695 8.9453 6.3243 9.38943 4.70712 3.30465 5.83688 6.31569 6.6046 5.68734 3.09124 8.52326 6.63011 8.28502 1.96312 2.71968 3.59304 4.26329 5.61644 8.24898 3.0719 4.56851 6.86195 10.0013 6.90264 6.70303 7.9039 8.9014 4.98882 7.35803 6.19538 3.99332 4.0598 5.74953 7.25355 2.46079 8.32545 8.82791 5.72167 3.08712 6.88489 5.62261 9.56757 2.99677 2.08819 7.1257 4.123 10.2148 6.90668 8.58007 5.65123 9.65762 9.58513 6.70033 7.57521 0.665892 1.64896 0.239664 6.8449 5.80291 6.32844 9.47853 1.33478 3.05945 0.22103 2.87839 3.99928 5.60194 5.27777 4.52555 5.20739 6.61558 6.54609 7.20513 3.01929 1.59144 8.36498 8.06358 6.9958 9.23596 7.52743 8.07699 8.12225 2.36522 5.99927 9.60106 4.7864 6.60411 9.69675 9.71152 6.03969 4.26833 3.03547 8.83377 7.87136 3.96879 3.49568 9.21097 5.74251 0.840047 6.87254 8.52827 2.88108 7.42731 5.17255 4.59854 7.82099 3.91391 0.634905 5.94197 6.61123 8.47822 6.42946 9.46859 3.79292 4.5664 3.26873 4.94814 6.3693 9.6904 8.5876 9.49454 3.2197 0.958038 4.19615 3.54794 9.38035 7.65392 1.89669 3.70367 9.13154 6.96887 1.49054 9.35236 9.79007 7.05196 1.0171 4.57862 8.07226 1.82275 8.56351 3.04578 3.7726 8.1386 5.3867 8.11365 6.95175 6.337 4.37574 4.7911 6.50606 7.02519 3.40026 2.68684 3.8954 3.0992 6.73254 8.44165 3.45657 9.90043 7.98161 9.31485 6.44706 3.57521 5.82785 7.50842 4.65796 5.8402 5.15361 4.69307 9.64339 3.66484 5.08822 4.26763 4.44506 9.21137 8.93414 6.6504 4.68135 6.58937 9.6785 0.592035 4.7909 3.92628 4.05285 8.65384 9.35343 8.20061 
5.4959 1.31248 6.75033 0 1.4271 4.06824 7.18487 4.97125 2.81435 3.732 1.11751 6.14988 7.61447 4.9906 4.19682 1.58456 3.92628 2.81522 8.36254 3.42137 0.6132 7.3406 6.07831 5.42963 8.44626 0.97059 4.76733 8.15994 5.54721 3.35996 4.0475 8.08672 2.07906 3.67946 3.96674 2.07173 8.22783 5.82947 8.54883 8.33312 2.16361 8.74926 6.16422 5.03847 4.13981 2.7329 2.63883 7.08562 7.08735 2.34561 3.28312 2.46671 3.99229 4.58613 1.12925 2.89115 5.43623 7.11496 0.853301 8.84283 8.13845 0.830561 4.66807 3.39893 3.16262 7.14495 5.88568 4.17302 6.84814 5.70233 6.97593 0.212685 8.88299 4.30627 8.65457 5.64526 7.62836 6.77654 5.09219 2.77279 9.28823 8.43189 2.83677 6.34804 1.62945 2.01699 3.98448 4.97087 5.31344 5.86213 4.49646 5.60323 5.98972 6.41986 2.53998 1.78821 6.27288 4.70743 3.11815 4.08395 0.569701 7.5621 3.14212 2.11456 3.8631 3.80015 6.45107 8.43325 4.27496 5.62566 4.54387 5.57818 7.25796 3.09452 2.39697 4.16293 5.55836 10.2132 9.03732 3.9712 2.83785 6.60213 7.12726 7.10211 1.77468 0.581976 4.59854 6.52273 3.35965 3.62375 7.12983 3.60545 6.60798 8.48475 8.26364 3.8184 6.63345 6.41429 7.25449 4.9487 6.04773 7.41937 3.69237 7.76939 8.24553 7.2368 8.62336 7.96906 0.310985 5.78073 2.27154 4.11718 7.68347 4.95656 5.91361 5.95918 4.76233 9.24004 8.45611 1.7102 0.620966 4.99462 9.58564 4.44734 0.463941 5.08592 5.19948 3.07112 7.19284 5.01233 3.66477 5.71632 8.03561 1.50222 4.34038 3.93307 6.13159 8.02877 1.34829 9.3113 6.0248 2.82956 4.55375 7.35709 6.46835 4.9507 3.5851 6.39041 3.49432 3.18626 5.59927 9.71794 6.53441 8.25084 6.2434 10.1617 8.0245 3.68743 8.05324 2.60834 7.58384 
6.71608 0.126218 7.96031 1.4271 0 4.76885 8.61194 6.37876 3.23402 5.10619 1.00442 7.13452 9.00281 6.06539 4.82848 2.89017 4.27595 4.24227 9.75851 4.75511 2.03623 8.69089 7.45346 6.23238 9.68539 1.36285 5.70334 9.47671 6.94901 4.72163 4.69191 9.50133 2.41266 4.90605 4.52719 3.19244 9.24289 7.09109 9.93304 9.6259 1.12511 10.1763 7.3883 6.34949 5.56633 4.0543 3.99936 8.37172 8.47493 2.74398 3.71322 2.83913 5.02295 5.79186 2.4564 2.27106 6.25791 8.48343 0.836403 10.2564 9.10424 1.95657 5.51073 4.75483 2.82038 8.10058 7.17212 5.2186 7.98514 7.03554 8.19291 1.47719 10.304 5.58356 9.79504 6.93632 9.03114 8.00842 5.96782 4.07522 10.7148 9.85655 4.26026 7.7512 1.6863 3.23792 5.09871 5.82807 6.6023 6.90422 5.45582 6.84262 6.8604 7.63809 3.16987 2.07772 7.66238 6.03154 2.80072 5.49688 1.91001 8.54966 2.69259 2.40822 5.29011 5.11282 7.46754 9.73443 4.97501 6.33638 5.15428 6.9403 8.52779 4.23886 2.65072 5.51648 6.73521 11.627 10.4587 4.93497 4.07457 7.87252 8.51093 8.44345 0.659733 1.54537 5.12136 7.94915 4.02456 4.72565 8.54915 4.8628 7.46486 9.71967 9.36364 4.85787 7.93196 6.98479 8.67497 5.58999 7.22426 8.76891 5.10073 8.87428 9.60487 8.56419 9.77779 8.98944 1.14149 7.02868 3.6391 5.02794 9.01752 5.84604 6.70499 7.38599 5.73379 10.6671 9.73689 2.79225 1.63953 5.52781 11.0026 5.70421 1.00431 5.84572 6.59437 4.44513 8.603 6.25888 4.37868 6.4325 9.04486 0.113909 4.85719 5.18449 6.81974 9.4362 0.612578 10.73 7.38914 3.3811 5.96797 8.32881 7.89385 6.34705 4.3091 7.81419 3.77637 3.51455 6.87958 11.1288 7.85667 9.32144 7.48747 11.5629 9.44524 5.1117 9.24817 1.56423 8.79821 
3.12076 4.659 4.0679 4.06824 4.76885 0 6.89895 4.4703 1.6181 3.35088 3.76494 2.60545 6.20628 7.66897 7.79643 4.65666 7.80174 4.00546 6.96436 5.4855 3.9747 8.37047 7.08938 1.48519 10.0555 3.44864 7.81694 5.98141 4.76344 3.10608 0.201783 8.21207 6.09534 2.23283 0.50396 5.3684 10.7113 7.66715 9.09107 9.65352 5.8748 8.18837 8.12557 6.76324 4.53962 2.72545 4.87989 8.59634 5.75105 6.3153 7.15173 1.98902 1.30338 6.91284 3.2334 6.87212 1.52597 5.54416 3.99356 7.7029 10.7673 4.65877 7.91006 5.33069 7.22131 9.88143 7.58166 7.07291 3.79801 4.08279 4.30096 4.25291 8.74138 6.39282 10.6805 3.70053 6.43373 4.21286 1.33421 2.61116 8.82273 8.19751 3.80683 6.96172 3.11929 5.10872 6.74337 1.17648 3.44963 8.50587 7.53712 7.58778 9.02947 8.36937 6.34484 5.83517 5.12027 6.43166 7.1793 5.15344 4.26708 10.1781 7.18153 2.40616 4.54027 2.83232 9.09568 9.68983 0.208443 1.57459 8.13484 6.81504 4.85847 5.99765 6.41616 3.32694 7.81054 8.95431 8.0898 7.09037 2.2672 4.30467 7.86368 8.23872 5.4058 3.5291 8.28109 6.19939 0.744287 1.58603 7.27659 5.98043 9.61895 10.1115 10.4718 1.31644 4.52716 2.36258 6.50995 8.46522 8.22469 5.60988 3.78217 10.0052 9.0801 5.2586 10.5969 10.4577 4.28127 3.50446 3.05203 7.31455 5.69961 8.07495 1.94362 5.80506 7.73598 8.66931 9.83644 5.21156 3.46416 1.05602 8.45432 6.5937 4.10126 1.08175 4.4144 3.15441 6.20197 7.07799 7.22768 1.66916 10.5513 4.74404 8.04939 6.23722 2.07199 8.30406 4.18806 8.25123 7.14983 1.40079 5.43095 10.0333 6.08382 5.98638 0.483187 6.51883 7.43609 7.12327 7.38151 8.43635 7.89832 10.5598 3.84257 8.67323 7.17389 4.16725 9.90995 6.32686 9.40297 
4.16454 8.49677 4.26355 7.18487 8.61194 6.89895 0 2.49891 7.56757 3.84227 8.02513 5.85419 1.96948 5.16091 7.10144 5.90737 7.90583 4.37033 2.1495 4.30705 6.57746 2.55864 2.23098 6.68232 4.4387 7.63472 5.90861 3.44175 2.13568 4.22721 7.08866 1.3814 7.64652 4.75288 7.34769 6.0271 6.30432 3.67744 2.4415 3.75376 9.14661 1.56888 4.00559 3.44938 3.05253 4.92991 4.82523 3.42034 1.88505 7.54719 7.56394 7.63104 5.59559 4.43458 6.26477 9.28171 6.5937 2.28676 7.92388 2.06639 6.61104 6.83372 6.33407 4.20198 9.05176 6.25091 3.41999 5.43784 4.92574 3.01612 4.23723 7.15151 1.85353 4.07769 5.50916 3.49343 1.59656 4.05396 6.27987 4.97832 2.1116 1.3237 4.36852 1.56812 7.98219 5.79015 5.15248 6.35326 3.60784 5.3736 5.80512 3.91652 6.40097 4.06747 7.07095 7.69944 1.97061 3.50288 8.98929 3.21599 6.74066 6.19977 9.20399 7.73616 3.32197 4.19146 5.64181 3.69453 6.92143 7.1542 7.23402 2.64176 3.73589 5.38616 7.80767 3.65813 4.42999 3.29537 2.02758 5.84318 5.20011 3.63044 1.88832 2.66462 8.86764 7.20751 7.55236 0.717138 6.98074 5.378 0.77604 4.59271 6.6581 4.5033 5.66077 5.59581 3.30573 8.06721 0.808063 7.20578 4.41623 2.67771 3.63673 5.40264 2.73162 2.98507 5.36732 6.14292 7.47593 3.88452 5.13946 6.04845 3.00123 6.13952 6.85845 1.24002 5.73419 2.05548 3.96399 6.33629 7.1221 7.68168 2.64546 4.14798 7.62305 6.80712 2.48948 4.40492 1.25647 4.00251 6.78895 7.15644 6.25474 8.68539 7.51029 4.43941 7.42339 1.56731 8.42662 2.35224 2.42117 7.27226 2.76339 6.22523 0.820239 2.61905 6.801 0.922487 7.96549 7.78897 3.54221 2.89535 2.92123 5.89251 3.89288 3.47351 1.17731 3.52181 4.7145 9.51279 4.34183 
2.24713 6.2571 3.02039 4.97125 6.37876 4.4703 2.49891 0 5.06902 1.3644 5.6831 3.98193 2.67447 4.75709 6.10048 3.97402 6.67558 2.25519 3.40021 2.95511 4.39471 4.03661 2.88003 4.49803 5.87139 5.2766 5.30573 3.53502 0.588757 1.761 4.65209 3.75353 5.89295 2.27192 4.89584 4.32462 7.07612 3.93231 4.62468 5.35928 7.06685 3.95842 4.39908 3.18241 1.08904 2.47609 3.09183 4.47888 2.15679 5.88278 6.18346 5.14001 3.17828 3.8739 3.94327 7.42623 4.41952 2.27221 5.6274 3.8804 7.25882 4.79586 5.62874 2.78033 7.34407 6.58455 3.75024 4.62237 3.54563 1.37414 3.13737 4.98051 4.35005 3.32509 6.69771 1.73614 2.65835 2.8934 4.05242 2.51097 4.56121 3.82239 2.16777 2.58051 5.55992 4.02859 4.25856 4.09384 1.62451 5.34593 5.09964 3.99883 6.21921 4.58948 5.51708 5.85839 1.35375 2.9789 7.28293 1.80977 4.61316 6.72221 7.45134 5.26355 1.41531 1.69647 5.82394 5.36859 4.51615 4.9663 6.33495 2.80997 3.01602 4.06656 6.12161 1.16569 4.41473 5.25064 4.11251 4.90991 2.7101 2.49894 3.46094 3.95976 6.72791 4.89143 6.61479 1.78197 4.49545 2.9106 2.8069 3.45192 6.67005 5.93285 6.63494 3.15431 2.31812 5.94265 2.33666 6.45879 4.66528 2.66374 1.27894 6.23485 4.65547 2.62831 6.5861 6.85238 5.27786 2.15792 2.76726 5.15719 2.997 5.58147 4.77311 1.33658 5.15277 4.45809 5.55759 4.53034 4.80081 5.33297 4.63314 3.49637 5.37457 4.53855 0.349356 1.97995 2.22459 3.71293 5.64218 4.98842 6.96058 6.43848 6.49061 3.48293 5.31956 3.83474 6.11278 4.36706 2.99842 4.77335 1.67286 6.65465 1.68313 2.08775 4.33103 2.05121 6.58572 6.3427 3.66768 4.75021 3.77793 6.79314 2.44688 5.19165 3.1007 1.37327 5.87827 7.47525 5.39339 
4.34436 3.13362 5.45348 2.81435 3.23402 1.6181 7.56757 5.06902 0 3.74084 2.24785 4.18662 7.24885 7.20229 6.89412 3.84347 6.72531 3.83161 8.02793 5.15547 2.9251 8.59684 7.27529 3.10153 10.096 2.00371 7.18926 7.27037 5.49983 3.379 1.50045 8.77516 4.89293 2.87363 1.30022 4.53303 10.3953 7.5502 9.52344 9.80048 4.3568 8.99809 7.97413 6.65249 4.77901 2.7379 4.41805 8.64091 6.75054 5.15756 6.07649 0.394895 2.38141 6.56572 2.33741 5.42909 3.14403 6.61722 2.52231 8.69965 10.3869 3.5505 7.1939 5.03942 5.85405 9.43883 7.51844 6.4901 5.28469 5.09051 5.69267 3.0219 9.41622 6.11714 10.5612 4.80402 7.4105 5.5661 2.9297 2.65916 9.61469 8.89122 3.68583 7.2951 1.55026 4.33638 6.2084 2.77531 4.49951 8.07733 6.90618 7.40835 8.43157 8.23026 5.30231 4.59493 6.02129 6.30331 5.81861 5.18878 3.16903 9.7948 5.78356 0.826033 4.66597 3.3876 8.67997 9.86269 1.81084 3.1375 7.24182 6.89985 6.18292 5.36528 5.20982 3.91991 7.52895 10.0175 9.03099 6.41061 2.38578 5.57334 8.18611 8.41952 3.88756 2.23347 7.33624 6.85045 0.920618 2.34216 7.79988 5.56321 9.04424 10.1461 10.2719 2.27382 5.74058 3.75117 7.32984 7.61771 7.98746 6.76747 4.04257 9.78516 9.40156 6.45971 10.4982 10.1356 2.95584 4.7196 2.78043 6.60535 6.91823 7.42129 3.55055 6.37059 7.14085 9.4945 9.96377 4.2798 2.19647 2.2944 9.46577 6.30478 2.71876 2.69176 5.12181 3.27567 7.09769 6.84495 6.33616 3.23486 10.2186 3.19548 7.0862 5.86461 3.60478 8.81445 2.63256 9.23438 7.29408 0.311551 5.56779 9.62054 6.75187 6.10225 1.23568 7.01591 6.30549 5.99577 7.27579 9.49697 7.97864 10.3179 5.12379 9.805 8.05566 4.32319 9.84676 4.79784 9.3442 
2.19243 4.98208 3.35286 3.732 5.10619 3.35088 3.84227 1.3644 3.74084 0 4.35716 3.61849 3.89854 4.78369 5.64351 3.00143 6.04098 1.35641 4.66047 2.64452 3.19369 5.02237 3.73891 3.73779 6.71659 3.94516 5.15744 4.4675 1.88212 0.399947 3.51241 5.0353 4.9455 1.13774 3.72065 3.51052 7.55435 4.42403 5.81802 6.30273 5.87626 5.32219 4.89499 3.54508 1.19891 1.11563 2.41542 5.26304 3.37064 4.99715 5.47511 3.78932 2.14878 3.92814 2.65041 6.36726 3.67738 3.3831 4.3263 5.2053 7.66631 3.6897 5.39035 2.45836 6.37985 6.86576 4.30653 4.41126 3.67773 2.01016 3.54295 3.77066 5.68282 3.36324 7.39418 2.06686 3.94804 3.31091 3.26942 1.14663 5.9219 5.16451 1.17294 3.63212 4.20131 3.19505 4.04169 3.26339 1.76772 5.52522 4.90756 4.39406 6.24475 5.12492 4.727 4.85196 2.56086 3.24408 6.32114 1.90584 3.44642 7.09293 6.45614 3.90079 1.26859 0.571123 6.07623 6.33924 3.4376 4.17304 5.92778 3.48496 3.67045 3.57609 5.21101 0.47764 4.70091 6.57047 5.46266 4.59114 1.35975 3.03545 4.53485 4.88784 5.50601 3.58681 6.16786 3.12658 3.24688 1.76941 4.0626 3.19406 6.7744 6.77368 7.23312 2.06912 2.99534 5.17558 3.6958 6.1379 5.05875 3.69351 0.482921 6.78643 5.75555 3.53583 7.30164 7.31046 4.04275 2.3371 1.46726 4.84201 3.97131 5.43645 4.11038 2.63126 5.03181 5.82196 6.48626 3.61828 3.49414 4.31595 5.96597 3.56326 4.10519 3.66635 1.50979 0.661739 3.54908 3.95482 5.1211 4.21758 7.41147 5.15756 5.99905 3.35077 4.60354 5.08219 4.7984 5.70689 3.80319 3.45378 2.1058 6.98147 3.03576 2.65765 3.12716 3.28043 5.85878 5.58312 4.1384 6.06181 4.56014 7.34815 2.77424 6.46998 4.45487 0.913402 6.6046 6.30416 6.10007 
5.80695 0.894382 7.03916 1.11751 1.00442 3.76494 8.02513 5.6831 2.24785 4.35716 0 6.14488 8.24535 6.10765 5.212 2.6883 4.82271 3.69002 9.01356 4.48923 1.65095 8.3749 7.09032 5.22816 9.54073 0.41812 5.86894 8.62382 6.23306 3.96067 3.69041 9.01239 2.91748 4.01844 3.53257 3.18675 9.34341 6.92112 9.53944 9.40544 2.11507 9.57266 7.26658 6.11021 4.97736 3.26043 3.69506 8.16387 7.71853 3.22761 4.20511 1.85429 4.05254 5.6957 1.76036 3.19021 5.25414 7.69512 0.338582 9.55747 9.24955 1.92501 5.74993 4.44998 3.65832 8.25392 6.96696 5.28752 7.03207 6.21165 7.2745 1.29556 9.77933 5.39733 9.76867 6.07366 8.3052 7.09907 4.96742 3.26206 10.1367 9.30614 3.66295 7.31218 0.728216 3.13276 5.10199 4.82654 5.74033 6.97817 5.60111 6.70265 7.0824 7.5232 3.52919 2.58602 6.9143 5.77282 3.62859 5.03961 1.68457 8.67507 3.56654 1.42723 4.73433 4.28826 7.56576 9.50078 3.97134 5.33379 5.55451 6.60764 7.64047 4.212 3.20954 4.73165 6.67069 10.9251 9.7936 5.07475 3.20942 6.98856 8.12319 8.14504 1.64516 0.826877 5.5767 7.33805 3.02067 3.78054 8.04097 4.70651 7.69926 9.5805 9.38065 3.89125 7.06949 5.99732 8.01193 5.97315 7.15948 7.95385 4.42363 8.88632 9.26832 7.72539 9.73589 9.08487 1.0264 6.13423 2.91635 5.21154 8.1837 6.05 5.70057 6.78636 5.86954 10.0695 9.5342 2.81736 0.906619 4.54132 10.3145 5.54497 0.720537 4.84135 5.86551 3.70859 7.89973 6.11124 4.70269 5.42973 9.1507 0.987771 5.31368 5.03436 5.81908 8.97577 0.469264 10.05 7.04979 2.38077 5.50069 8.46822 7.2707 5.93704 3.3047 7.28048 4.35166 4.05946 6.68418 10.4181 7.5935 9.36835 6.58795 10.8244 8.78009 4.50383 9.15962 2.56341 8.68641 
1.75521 7.01486 1.88186 6.14988 7.13452 2.60545 5.85419 3.98193 4.18662 3.61849 6.14488 0 4.52263 8.39693 9.14872 6.18052 9.40296 4.86459 5.17225 6.25878 5.85679 7.95235 6.85805 1.30288 9.83 5.7722 8.77083 3.8164 3.93642 3.66264 2.77167 7.23501 7.96224 2.76473 3.05968 6.82899 11.0211 7.86262 8.27614 9.27788 8.18527 6.7777 8.33556 7.04172 4.65173 3.80994 5.93077 8.45787 4.20889 8.11001 8.7853 4.52642 2.15813 7.53229 5.09263 9.04098 1.21677 3.87648 6.31064 5.98493 11.1758 6.52338 8.98659 6.07373 9.26609 10.4297 7.70068 8.02076 1.36391 2.86914 2.06216 6.29285 7.53263 6.96431 10.6795 2.38957 4.85694 2.09033 1.27199 3.70975 7.40424 6.99248 4.65141 6.4986 5.58494 6.52168 7.65316 1.43023 2.3784 9.11426 8.51648 7.88767 9.86168 8.54077 7.98481 7.76682 3.88359 6.77703 9.21577 5.4484 6.16322 10.6192 9.27331 4.91296 4.83092 3.09231 9.64648 9.26963 2.44783 1.64613 9.45446 6.77946 2.71623 7.12119 8.2699 3.26318 8.24793 7.05424 6.449 8.17517 3.47638 2.38872 7.32786 7.90642 7.72892 5.70624 9.66826 5.27251 3.2672 2.5575 6.45173 6.80785 10.3841 9.89251 10.6096 2.3326 2.70595 2.32061 5.22763 9.70041 8.56034 3.75391 4.08657 10.1989 8.4523 3.35031 10.5672 10.7891 6.42026 1.97515 4.33017 8.42349 3.70403 9.04906 1.16869 5.09383 8.64813 7.20119 9.48216 6.80939 5.62285 2.6177 6.66739 7.16129 6.31506 1.68388 3.73521 3.90412 4.80997 7.50943 8.60047 1.59559 10.8949 7.13044 9.47517 6.9691 1.69386 7.4112 6.6003 6.52552 6.98009 3.926 5.515 10.5276 5.14178 6.01179 2.95242 5.82672 9.13235 8.83105 7.58645 6.56295 7.75901 10.7597 2.00602 6.66508 5.70885 4.511 9.85939 8.64495 9.37533 
3.11496 8.87911 2.69694 7.61447 9.00281 6.20628 1.96948 2.67447 7.24885 3.89854 8.24535 4.52263 0 6.77206 8.4843 6.64227 9.171 4.92904 0.780926 5.42001 7.05172 4.52765 4.03038 5.59455 6.40291 7.83016 7.45774 1.47367 2.08608 4.28928 6.40758 3.13812 8.54496 4.40036 6.70036 6.95233 8.25042 5.45931 4.24994 5.70736 9.73185 2.29951 5.83989 5.03378 3.6896 4.98504 5.70723 5.36904 0.52793 8.51573 8.73216 7.41116 4.96555 5.95397 6.5484 10.0969 5.49973 0.668981 8.22431 1.50353 8.54268 7.46987 7.84731 5.26848 9.99406 8.11872 5.21167 6.8781 3.34743 2.16026 2.59238 7.6362 3.15905 5.49294 7.47864 2.50581 0.40454 2.47609 5.27479 4.98823 2.90585 2.66306 4.84026 3.39652 8.02798 6.66717 6.54596 5.38578 2.77323 7.12533 7.30636 5.65527 8.12317 5.93567 8.11675 8.52387 1.34159 4.98356 9.93243 4.22176 7.27965 8.10649 10.1095 7.61988 4.02062 3.98837 7.4616 5.63883 6.17038 6.04229 8.6711 4.32061 1.97892 6.55541 8.76116 3.51548 6.15764 2.76982 1.93502 7.23644 5.09297 2.13404 3.8551 4.62448 9.38199 7.4848 8.9746 1.89576 6.49206 4.90947 2.74513 5.83764 8.4465 6.46735 7.62258 5.02688 1.8195 6.83862 1.16367 8.71551 6.22467 0.825804 3.93647 7.34907 4.64389 1.21925 7.33674 8.07972 7.92375 2.74481 5.3642 7.46749 1.0753 7.713 5.64886 2.27344 7.28827 2.68991 5.91643 7.18323 7.3919 6.77807 2.24807 5.61338 8.0002 5.82188 2.41665 4.55829 0.760787 5.61212 8.0875 6.02063 8.19194 9.05558 8.88918 5.77413 6.20182 3.39756 8.69234 2.054 4.21726 6.93778 3.88223 8.11381 1.82124 3.99703 6.24628 2.59676 9.13829 8.91616 5.27622 2.24906 4.82242 7.84957 2.53872 2.58605 1.25477 4.04116 6.68255 10.1449 6.30131 
6.83354 6.00357 7.7695 4.9906 6.06539 7.66897 5.16091 4.75709 7.20229 4.78369 6.10765 8.39693 6.77206 0 2.20064 3.47021 3.17355 3.69242 7.22108 2.20104 4.52592 3.57049 2.96978 8.43748 3.8107 5.9127 0.792186 8.04474 5.16231 4.8066 7.76797 5.17049 3.94917 5.78939 7.863 2.92352 3.24337 1.66199 4.99014 3.97539 5.95293 6.45313 1.65506 1.74045 3.80514 4.96547 2.81132 2.81488 6.39693 3.67587 3.12765 6.99486 6.74618 0.884772 4.89516 5.46005 8.38912 6.68904 5.8214 7.22568 3.1916 4.19862 1.24636 2.37205 4.94358 2.23777 1.89743 0.850143 8.25446 6.13008 7.89387 4.81622 6.03976 1.4479 3.74052 6.45294 6.52158 7.64958 7.97378 5.08241 6.72129 5.83938 3.9037 3.61627 6.54319 2.99088 1.01356 7.93881 6.26533 0.88149 0.819073 1.35419 1.47317 1.8373 3.11384 4.19926 5.8114 1.81615 4.8885 2.99697 4.42811 2.60233 5.16512 6.7997 3.57943 5.33258 1.48297 4.12063 7.82125 8.83557 2.21277 2.51927 7.74111 1.90256 3.91101 5.14103 0.918419 8.37764 7.12529 1.21209 5.42113 7.25478 3.81735 3.28686 5.92455 5.4232 2.5356 4.90657 7.23644 6.29079 4.58241 1.68856 1.99247 3.8307 3.29838 6.61473 7.05675 9.82516 5.76721 2.08382 1.31381 7.13977 4.31074 2.80904 4.42995 7.23454 3.73438 2.98344 5.12028 6.84637 4.62187 1.25182 7.50475 0.985819 8.84796 4.50337 0.624579 6.81255 4.01989 3.30702 5.39232 8.72278 7.74619 1.2639 5.41097 8.28875 5.1005 4.63548 6.0362 1.1659 2.15885 8.89418 3.05483 6.176 2.5757 1.45146 9.30322 4.94822 6.26816 7.45839 2.78929 7.04696 3.09142 2.41943 4.96182 2.80341 7.27978 4.27842 3.44662 3.41853 1.67665 8.02888 2.66474 3.2658 7.18652 8.62128 6.3362 3.8862 3.27297 6.12575 2.8879 
7.83439 4.80712 8.9453 4.19682 4.82848 7.79643 7.10144 6.10048 6.89412 5.64351 5.212 9.14872 8.4843 2.20064 0 3.13987 0.995765 4.30812 9.03404 3.14591 3.96947 5.76251 5.02764 8.87364 5.89453 5.163 1.43865 9.60307 6.61497 5.50893 7.8422 7.29451 2.42365 6.38756 7.85278 2.42811 4.72072 3.84466 7.18328 6.14042 4.36794 8.50344 3.8517 3.6833 5.02152 5.37211 3.23495 5.01142 8.0449 2.09261 1.19277 6.59272 7.18515 2.69244 4.61216 3.58196 8.84713 8.27478 4.87995 9.15537 4.489 3.38159 1.01029 3.32374 2.95826 3.51374 4.06487 1.66813 9.3179 7.39772 9.1114 3.98649 8.17257 3.03073 5.58901 7.6147 8.29479 8.86947 8.44201 5.48175 8.8256 7.92735 4.51446 5.63232 5.82066 2.69808 1.95493 8.36794 7.35914 2.68508 1.39244 3.53197 2.19716 4.01845 1.68502 2.75299 7.34893 3.5986 2.91233 4.31565 3.74133 4.00332 3.19741 6.28516 4.71306 6.09537 3.08287 6.29107 7.98229 9.19764 0.348309 4.51643 9.09709 2.0734 2.23631 6.09196 3.11902 10.3836 9.11701 1.26028 5.77006 8.52711 5.96192 5.47806 4.48529 4.753 0.5244 6.72261 7.20625 6.72227 6.61476 2.66274 2.7439 5.90496 5.05626 7.02437 8.39405 10.1245 7.60349 0.764173 3.48335 8.70581 5.24781 4.61848 6.63008 8.71994 5.62168 4.49224 4.1927 7.94699 4.88715 1.05669 9.05832 1.38242 9.33385 6.23696 1.58611 8.89557 6.16651 2.61967 4.76088 8.83081 9.73894 2.95379 4.49705 8.63119 6.44689 5.24922 7.79739 3.19067 0.568752 9.27313 4.5195 4.9419 0.409076 2.71191 9.69966 7.09127 5.21203 9.4467 4.86303 6.82973 4.60572 3.76153 6.7507 4.52959 7.34104 6.1839 1.37363 1.46989 3.81359 9.9968 4.84762 4.93203 8.35424 10.5709 8.25061 4.89408 5.29482 4.41456 4.98114 
5.10702 2.796 6.3243 1.58456 2.89017 4.65666 5.90737 3.97402 3.84347 3.00143 2.6883 6.18052 6.64227 3.47021 3.13987 0 3.23191 1.72707 7.34327 1.86503 1.05967 5.80072 4.57095 5.77417 6.86182 2.45362 3.35863 7.42315 4.56194 2.73126 4.70326 6.67692 1.94701 3.43772 4.72162 0.712656 6.71291 4.24589 7.05374 6.75803 3.24745 7.47397 4.58038 3.46835 2.97461 2.37667 1.12403 5.5077 6.12939 2.00119 2.60571 3.58828 4.11609 3.00786 1.50938 3.45509 5.75442 6.2342 2.43782 7.72192 6.65268 0.955012 3.35066 1.86898 3.39111 5.67454 4.30692 2.69151 6.57211 4.99293 6.52553 1.45025 7.50596 2.72364 7.08444 5.06618 6.58656 6.29913 5.35821 2.47243 7.97257 7.08903 1.85619 4.90274 3.07457 0.495637 2.45665 5.2727 4.75877 4.3506 3.07706 4.01873 4.60153 4.8364 1.80485 1.88509 5.32712 3.14469 3.33125 2.70265 1.0182 6.06746 3.48426 3.35259 2.65453 3.2983 4.94886 6.86135 4.84328 6.07751 3.47934 4.05238 6.67126 1.57142 2.2098 3.47856 3.98477 9.07801 7.85369 2.57168 2.71465 6.03651 5.633 5.55396 3.00751 1.95806 3.62671 5.29646 4.07455 3.66405 5.75 2.02099 5.21796 6.90022 6.70835 3.94814 5.99113 6.99071 6.09969 3.82134 4.47276 6.59838 2.77076 6.2137 6.71515 6.49121 7.04943 6.45271 1.7875 5.30865 1.85066 2.76206 6.90602 3.58253 6.24396 4.72916 3.32341 7.95108 6.87749 0.634709 1.92336 5.69185 8.43405 2.86282 2.03989 5.51133 4.26558 2.42975 6.11621 3.42778 2.57115 6.15591 6.52502 2.98613 3.40002 2.3487 6.58317 6.59113 2.92676 8.14911 4.50152 3.74066 3.17039 5.87407 5.2635 3.49323 4.20179 5.05279 2.95374 2.65624 4.01866 8.60543 4.97203 6.70806 5.75866 9.0968 6.85733 2.60184 6.4716 3.60544 6.00017 
8.2233 4.27776 9.38943 3.92628 4.27595 7.80174 7.90583 6.67558 6.72531 6.04098 4.82271 9.40296 9.171 3.17355 0.995765 3.23191 0 4.68458 9.76178 3.75457 3.84425 6.71283 5.90706 8.99284 6.89029 4.85147 2.42893 10.2085 7.22081 5.8478 7.82215 8.19056 1.90635 6.6456 7.79395 2.57609 5.65563 4.79433 8.13249 7.13063 3.64039 9.35232 4.82853 4.54907 5.58655 5.59304 3.64541 5.98843 8.70829 1.59724 0.651945 6.38973 7.34717 3.57473 4.56844 2.71078 8.97662 8.90789 4.48413 9.93847 5.39752 3.18146 2.00603 3.91446 2.04092 4.44621 5.00424 2.55041 9.70687 7.90956 9.57131 3.71454 9.07088 3.83494 6.56836 8.07712 9.011 9.33407 8.58455 5.69377 9.70396 8.79972 4.87369 6.48639 5.49157 2.88751 2.77416 8.49472 7.79851 3.68009 2.35581 4.4811 3.13146 5.00287 1.45751 2.24173 7.97534 4.42082 2.00247 4.95302 3.57083 4.9404 2.28378 6.03955 5.26225 6.43427 4.06311 7.28017 7.998 9.27737 1.14876 5.37966 9.61816 2.6203 1.6309 6.50896 4.09024 11.2002 9.93177 2.11276 5.94596 9.02 6.87642 6.42815 3.83598 4.50656 0.95524 7.47668 7.15659 6.89596 7.4665 3.34634 3.63309 6.90065 6.02782 7.17844 8.91729 10.1602 8.35547 1.55503 4.46973 9.32474 5.69437 5.59887 7.59303 9.30308 6.60516 5.43582 3.84984 8.37635 5.07548 1.96285 9.66751 2.37721 9.46654 6.96469 2.56981 9.76106 7.15954 2.61919 4.53374 8.80317 10.5511 3.7903 4.13951 8.71346 7.01367 5.56444 8.51371 4.09567 1.11923 9.35903 5.4558 4.38563 0.733687 3.4674 9.78589 7.99991 4.73872 10.258 5.75125 6.70571 5.29712 4.69608 7.49283 5.29721 7.32907 6.98352 0.509276 0.766355 4.74132 10.7947 5.79237 5.89266 8.80473 11.3565 9.03265 5.38611 6.2893 3.61366 5.9767 
3.54383 4.1266 4.70712 2.81522 4.24227 4.00546 4.37033 2.25519 3.83161 1.35641 3.69002 4.86459 4.92904 3.69242 4.30812 1.72707 4.68458 0 5.64437 1.49213 2.21068 4.82576 3.50638 4.76015 6.26444 3.32025 3.94739 5.70146 2.84395 1.20449 4.12024 5.32281 3.66588 2.13858 4.24824 2.16688 6.71121 3.73606 5.89077 5.9852 4.83988 5.93405 4.17528 2.83162 1.32667 1.28152 1.07337 4.81067 4.41191 3.68666 4.12185 3.73845 3.05957 2.9093 1.9477 5.17253 4.71652 4.50798 3.56358 6.06651 6.76186 2.54714 4.13134 1.32873 5.11468 5.88269 3.69109 3.19122 5.02928 3.28938 4.89352 2.79035 6.09277 2.38849 6.75898 3.40646 4.89297 4.65895 4.30117 1.39733 6.47625 5.62833 0.216355 3.64636 3.75937 1.85388 2.83367 4.25743 3.11814 4.50946 3.68166 3.61975 5.10542 4.42747 3.38445 3.61144 3.60536 2.48549 5.05435 1.4001 2.3944 6.17276 5.21124 3.6964 1.05091 1.7882 5.09455 6.05506 4.14687 5.14779 4.60244 3.0885 4.98565 2.25818 3.91284 1.82612 3.80986 7.43299 6.23686 3.31419 1.7401 4.36506 4.49185 4.6277 4.52601 2.864 4.83158 3.7088 3.65311 2.60069 4.35104 2.01545 5.67189 6.31444 6.50627 2.92406 4.29536 6.13405 4.45964 4.83651 4.23662 4.87159 1.05115 6.02985 5.67774 4.77083 6.68866 6.45626 3.10917 3.69251 1.05214 3.56109 5.18128 4.22108 5.18559 3.1443 3.84017 6.42515 6.14284 2.31178 2.7836 5.05179 6.79748 2.58878 3.25317 4.59779 2.53955 0.970029 4.43465 3.08561 3.77622 5.20875 6.54866 4.31507 4.65502 2.24503 5.62205 5.29213 4.07069 6.51858 3.50183 3.60812 1.83608 6.0299 3.65737 2.32508 3.64873 3.59395 4.50841 4.23726 3.45687 6.94751 4.1562 6.57806 4.12535 7.41812 5.22737 0.895577 6.02585 5.23674 5.52112 
3.85688 9.63537 3.30465 8.36254 9.75851 6.96436 2.1495 3.40021 8.02793 4.66047 9.01356 5.17225 0.780926 7.22108 9.03404 7.34327 9.76178 5.64437 0 6.03055 7.79259 4.63985 4.35844 6.2952 6.43631 8.59924 7.93816 1.67795 2.81717 5.0541 7.16598 3.03702 9.22481 5.18128 7.46092 7.61909 8.42345 5.807 4.11912 5.71387 10.4671 1.89712 6.15035 5.48331 4.37289 5.75449 6.37367 5.54627 1.29887 9.18082 9.34936 8.1919 5.73493 6.43871 7.30712 10.7974 6.19995 1.42224 8.98643 0.822193 8.74282 8.19085 8.34465 5.88898 10.6696 8.40041 5.55177 7.39964 3.92547 2.93786 3.1641 8.37806 2.84142 6.01329 7.55347 3.26793 0.760778 3.0885 5.99511 5.76041 2.42746 2.42392 5.56703 3.69968 8.8051 7.34202 7.08236 6.1118 3.54476 7.49793 7.80634 6.03097 8.51662 6.21669 8.7626 9.21788 2.09979 5.47462 10.6076 4.84118 8.01337 8.34401 10.7929 8.40055 4.69979 4.76611 7.78594 5.62544 6.92224 6.73342 9.20172 4.71867 2.51249 7.16106 9.43042 4.28773 6.54213 1.99502 1.3168 7.77698 5.87078 2.79849 3.99367 4.77958 10.1253 8.24703 9.5118 2.32276 7.26528 5.68758 2.89383 6.41612 8.7961 6.49945 7.75406 5.79997 2.50585 7.49274 1.45396 9.21735 6.55591 1.42018 4.67428 7.52365 4.59934 1.822 7.40629 8.27156 8.6708 3.47982 6.12271 7.99994 1.51032 8.18353 6.31929 2.7997 7.7658 2.18483 5.91741 7.86703 8.1545 7.50512 1.50774 6.11655 8.75485 6.54111 3.16438 5.31777 1.25182 6.05518 8.66377 6.70629 8.38283 9.81334 9.44176 6.32435 6.86343 3.32568 9.45812 1.35369 4.54892 7.71675 4.46643 8.37332 2.28479 4.50861 7.01601 2.95249 9.75571 9.54497 5.65275 1.47476 5.07017 7.9961 3.23135 1.81126 1.06812 4.75066 6.7858 10.8747 6.44651 
4.7863 4.66088 5.83688 3.42137 4.75511 5.4855 4.30705 2.95511 5.15547 2.64452 4.48923 6.25878 5.42001 2.20104 3.14591 1.86503 3.75457 1.49213 6.03055 0 2.84006 3.93587 2.72362 6.24037 5.07149 4.19896 2.513 6.47042 3.47911 2.62274 5.59262 4.90394 3.35707 3.59814 5.70418 1.7591 5.26285 2.4567 5.20578 4.91649 5.0346 5.83985 2.84528 1.62098 1.87641 2.76954 0.797982 3.67545 4.9538 3.2418 3.31884 4.99872 4.54588 1.43282 2.96414 5.00696 6.19365 5.15717 4.26918 6.26939 5.29145 2.80899 2.75816 0.1876 4.74581 4.39604 2.48193 1.76816 6.25253 4.25996 5.99212 3.30634 5.75854 0.963885 5.42157 4.50213 5.27424 5.74848 5.77812 2.88613 6.28551 5.38336 1.70271 3.11432 4.76103 1.57769 1.39767 5.74022 4.26706 3.02093 2.26436 2.27445 3.62851 3.10397 2.767 3.44422 4.22577 1.28614 4.68335 1.19884 2.86895 4.70006 4.90249 4.87177 1.57442 3.17021 3.61041 5.01366 5.63217 6.63523 3.38825 2.19461 5.95379 1.13554 3.50337 3.04778 2.37566 7.58036 6.32139 1.98413 3.22697 5.39335 3.79015 3.68918 4.84112 3.69909 3.66206 3.79145 5.09091 4.08982 4.0237 0.54954 4.1853 5.11441 5.11668 4.41372 5.25107 7.62415 4.65674 3.54349 2.83226 5.57938 2.19494 4.6297 4.85164 5.57846 5.36699 5.0051 3.64631 4.85741 2.45929 2.23548 5.927 2.79193 6.65654 3.25237 2.38963 6.29393 5.04536 2.11426 3.64293 6.53597 6.92853 1.14932 3.88399 6.08775 3.30108 2.43753 4.77898 1.69615 2.69298 6.69451 5.09357 4.85113 3.53559 0.753298 7.10499 4.79134 4.76961 6.63653 2.64364 4.96706 1.5739 4.54933 3.79109 1.72839 5.1118 3.40054 3.7252 3.51827 2.20523 7.14317 3.11322 5.16438 5.24489 7.68161 5.37068 1.79806 4.74145 5.34804 4.25012 
5.06315 1.92363 6.31569 0.6132 2.03623 3.9747 6.57746 4.39471 2.9251 3.19369 1.65095 5.85679 7.05172 4.52592 3.96947 1.05967 3.84425 2.21068 7.79259 2.84006 0 6.74379 5.4741 5.24837 7.89079 1.39456 4.37487 7.64946 4.97543 2.83708 3.98449 7.47353 2.13981 3.26553 3.94972 1.66125 7.76926 5.27088 7.94099 7.75652 2.68448 8.14312 5.62106 4.4608 3.53705 2.25954 2.04879 6.51352 6.52593 2.34235 3.19232 2.62717 3.70745 4.06037 0.771073 3.25386 5.24453 6.56899 1.43502 8.25644 7.70221 0.687787 4.32412 2.80699 3.41195 6.71885 5.31615 3.73436 6.45859 5.18766 6.53559 0.58587 8.27028 3.74736 8.13988 5.16206 7.05303 6.32759 4.87656 2.31641 8.67891 7.82053 2.24322 5.73628 2.01731 1.53617 3.51274 4.76795 4.83392 5.40511 4.09673 5.05545 5.61297 5.87834 2.39702 1.91516 5.71114 4.12509 3.3606 3.47099 0.306876 7.11901 3.43217 2.34577 3.25555 3.31589 6.00159 7.85332 4.17527 5.48999 4.31737 4.97886 6.78186 2.62397 2.45802 3.64037 5.03973 9.62596 8.44202 3.57965 2.43762 6.1284 6.51997 6.50867 2.3332 0.89848 4.41283 5.91948 3.31365 3.30137 6.51681 3.06232 6.2316 7.93093 7.76757 3.53248 6.14021 6.33727 6.66096 4.6979 5.52656 6.88719 3.11831 7.27293 7.64513 6.72115 8.1028 7.50925 0.898672 5.32693 1.76083 3.75012 7.16197 4.58426 5.73082 5.35474 4.35216 8.6329 7.884 1.36366 0.867114 4.96142 8.99538 3.89747 1.07112 4.93428 4.63508 2.53911 6.61082 4.46407 3.41351 5.57629 7.58047 2.11405 4.16476 3.38986 5.99966 7.41617 1.9421 8.71924 5.42424 2.87417 3.94065 6.92233 5.86735 4.34087 3.49668 5.77853 3.46289 3.14994 5.03324 9.13385 5.94885 7.76768 5.78931 9.58612 7.43036 3.09065 7.51695 3.11052 7.04049 
