20
10.3327 11.5227 0.419214 0
13.0024 20.0974 0.279437 0
15.7613 21.6022 0.837571 0
14.2272 18.6291 1.1444 0
7.62067 12.5812 0.668058 1
1.73472 17.8634 1.51312 0
11.0752 14.5127 2.04213 1
3.71307 19.4722 0.334979 1
14.9788 21.4136 1.25991 1
13.9619 23.0343 17.158 0
14.0923 16.3728 0.328847 0
0.15891 9.4302 1.60878 0
9.7899 11.9631 1.15979 0
3.41747 17.4547 1.48856 0
5.98476 13.2143 0.301567 0
1.8682 22.6927 1.77765 0
0.205831 14.5633 14.0093 0
5.95379 22.2701 1.67986 0
17.2879 23.9751 1.88686 0
14.9511 15.7073 1.54551 0
400 50 500
0.025 0.0125 10000 3000 15 1e+06 300000 2 2
0 1.96786 3.78508 3.89926 2.66594 4.79404 4.38944 3.07483 4.19186 6.99715 3.85894 1.585 4.52322 2.76175 4.25433 1.69546 3.15688 2.20803 3.52632 5.05251 1.46646 
1.96786 0 4.54614 3.94711 4.44229 4.52196 4.29557 1.75259 5.98431 7.51176 4.95148 0.895679 2.55553 2.20351 5.71485 2.60695 4.69306 4.14508 4.31381 7.02001 2.84964 
3.78508 4.54614 0 1.51698 2.77002 2.38496 1.88355 6.26388 3.45528 10.6739 7.35166 4.88864 6.38676 2.78462 2.13806 5.46288 6.27794 4.52647 0.258763 5.86264 5.09983 
3.89926 3.94711 1.51698 0 3.88651 1.02683 0.524194 5.69415 4.85994 10.8841 7.7338 4.53509 5.28803 1.79854 3.64166 5.56551 6.84825 5.28488 1.50748 7.11154 5.35497 
2.66594 4.44229 2.77002 3.88651 0 4.90701 4.38812 5.74035 1.54378 8.50853 5.09828 4.24364 6.91508 3.97749 1.87097 3.86128 3.84702 2.00361 2.59224 3.24026 3.30188 
4.79404 4.52196 2.38496 1.02683 4.90701 0 0.521303 6.2189 5.81896 11.7251 8.65108 5.22073 5.39596 2.32426 4.51547 6.41778 7.81902 6.29573 2.44141 8.12311 6.26013 
4.38944 4.29557 1.88355 0.524194 4.38812 0.521303 0 6.02555 5.30348 11.3587 8.2351 4.93734 5.41549 2.09879 4.02044 6.04127 7.36568 5.80907 1.92665 7.60203 5.85071 
3.07483 1.75259 6.26388 5.69415 5.74035 6.2189 6.02555 0 7.26483 6.36593 4.50607 1.50514 2.48949 3.92677 7.23864 2.61899 4.74424 4.87438 6.02414 7.80607 3.14995 
4.19186 5.98431 3.45528 4.85994 1.54378 5.81896 5.30348 7.26483 0 9.40478 6.042 5.77536 8.44025 5.34029 1.53288 5.22888 4.70487 2.99915 3.37757 2.58633 4.63255 
6.99715 7.51176 10.6739 10.8841 8.50853 11.7251 11.3587 6.36593 9.40478 0 3.41039 6.65196 8.77862 9.48663 10.3701 5.31871 4.70944 6.52193 10.42 7.98004 5.58408 
3.85894 4.95148 7.35166 7.7338 5.09828 8.65108 8.2351 4.50607 6.042 3.41039 0 4.06179 6.94676 6.56247 6.96011 2.37058 1.34689 3.11437 7.10319 4.98368 2.3928 
1.585 0.895679 4.88864 4.53509 4.24364 5.22073 4.93734 1.50514 5.77536 6.65196 4.06179 0 3.17459 2.90559 5.74005 1.73889 3.87548 3.5656 4.63958 6.49679 2.05957 
4.52322 2.55553 6.38676 5.28803 6.91508 5.39596 5.41549 2.48949 8.44025 8.77862 6.94676 3.17459 0 3.60686 7.96334 4.82665 7.00219 6.68373 6.20429 9.57449 5.22587 
2.76175 2.20351 2.78462 1.79854 3.97749 2.32426 2.09879 3.92677 5.34029 9.48663 6.56247 2.90559 3.60686 0 4.53647 4.23737 5.91583 4.69734 2.61442 7.12098 4.18919 
4.25433 5.71485 2.13806 3.64166 1.87097 4.51547 4.02044 7.23864 1.53288 10.3701 6.96011 5.74005 7.96334 4.53647 0 5.65781 5.68527 3.8501 2.1404 4.11583 5.12872 
1.69546 2.60695 5.46288 5.56551 3.86128 6.41778 6.04127 2.61899 5.22888 5.31871 2.37058 1.73889 4.82665 4.23737 5.65781 0 2.1763 2.42721 5.20447 5.28108 0.615841 
3.15688 4.69306 6.27794 6.84825 3.84702 7.81902 7.36568 4.74424 4.70487 4.70944 1.34689 3.87548 7.00219 5.91583 5.68527 2.1763 0 1.84343 6.04022 3.73347 1.84681 
2.20803 4.14508 4.52647 5.28488 2.00361 6.29573 5.80907 4.87438 2.99915 6.52193 3.11437 3.5656 6.68373 4.69734 3.8501 2.42721 1.84343 0 4.30194 2.93827 1.81307 
3.52632 4.31381 0.258763 1.50748 2.59224 2.44141 1.92665 6.02414 3.37757 10.42 7.10319 4.63958 6.20429 2.61442 2.1404 5.20447 6.04022 4.30194 0 5.73132 4.84397 
5.05251 7.02001 5.86264 7.11154 3.24026 8.12311 7.60203 7.80607 2.58633 7.98004 4.98368 6.49679 9.57449 7.12098 4.11583 5.28108 3.73347 2.93827 5.73132 0 4.6886 
1.46646 2.84964 5.09983 5.35497 3.30188 6.26013 5.85071 3.14995 4.63255 5.58408 2.3928 2.05957 5.22587 4.18919 5.12872 0.615841 1.84681 1.81307 4.84397 4.6886 0 
