100
3.10324 11.8534 1.09276 0
0.202114 22.4111 0.792254 1
7.13624 21.6203 2.17016 0
11.0573 11.5937 0.286886 0
4.79942 19.1352 1.72362 0
11.4121 15.8214 2.13735 0
13.8842 15.1747 2.1136 0
16.9679 18.199 1.88636 0
4.05083 17.5496 0.666031 0
7.3939 10.2255 0.447295 0
3.57011 5.90447 0.202658 0
0.382066 20.063 1.41887 0
10.2437 16.0576 1.59452 1
11.5984 21.7217 0.737566 0
18.3203 20.5421 2.09534 0
1.25327 20.6956 1.75573 0
2.65081 13.7361 1.80334 1
1.73875 18.4955 1.68731 0
11.0587 23.0467 1.47154 1
13.9183 18.3169 19.9095 1
9.87676 10.0667 0.342598 0
7.07887 12.6184 25.7689 0
14.6148 22.2824 1.77306 0
17.7835 22.2299 0.64599 0
16.8332 21.6637 1.25299 0
6.48442 23.1564 1.13567 0
13.2097 14.7623 0.989086 0
2.14308 9.09847 0.323163 1
16.6786 17.3108 7.86992 0
0.222747 2.45667 0.623918 1
1.03748 3.19233 0.208947 0
11.4064 14.5383 1.97196 0
7.47804 16.9064 1.29915 1
16.9137 18.1104 26.225 0
9.20012 16.9812 1.83248 0
0.426555 13.1586 0.891604 0
10.4493 13.3238 0.683663 1
17.4074 22.7108 1.77732 0
15.0178 23.662 2.05173 0
3.81715 13.2217 1.18415 0
6.32825 15.467 1.34652 0
17.1971 19.2321 1.111 0
15.6518 21.3514 1.80568 0
16.8343 20.5229 1.58849 0
18.3046 22.5151 2.24493 0
7.55312 20.8868 2.17029 0
11.0629 17.3282 1.16174 0
17.1504 23.4664 1.60863 0
14.0296 23.7888 2.46164 1
15.3245 18.855 1.67212 0
13.8337 19.0371 0.332641 0
3.9874 18.1822 20.6255 0
1.10025 21.2112 2.24327 0
13.7973 22.4544 0.35484 0
0.304763 22.0881 2.06562 0
10.2931 17.3893 0.414592 0
11.274 16.5868 0.765158 0
10.6503 17.783 2.18328 0
1.69237 13.7486 10.9516 0
11.0308 15.5902 0.83107 0
16.6857 19.3542 11.6614 0
18.6545 23.5327 1.68405 1
9.0224 18.4612 2.18992 1
16.4945 19.2352 3.35484 1
7.60708 12.2655 2.01015 0
6.71629 6.948 1.72153 1
18.669 23.408 2.04083 1
16.2744 20.0596 1.21473 0
5.68832 8.32212 0.939665 0
1.38327 2.1089 0.92384 0
9.308 22.1096 24.0811 0
7.19329 21.7362 15.8382 0
1.13536 12.2265 1.14565 1
18.6649 20.7403 0.727619 0
8.32481 23.9 0.481036 0
2.40031 12.1421 0.886856 0
11.9243 18.8678 1.27808 1
3.36968 23.5869 0.890367 0
11.1083 15.5637 0.693938 0
17.7977 22.6397 28.8524 0
14.7774 21.3139 1.55176 0
11.786 17.532 24.3944 0
18.4771 20.0016 0.579475 0
16.855 22.6519 1.07743 0
8.53139 23.7276 1.24811 0
9.21088 12.1533 1.80095 0
13.9696 16.9375 1.29994 0
7.0025 9.43882 0.638967 0
12.7601 15.9101 0.842597 0
9.99849 10.1032 1.77112 0
17.4492 19.1892 1.39419 0
7.19069 19.7335 1.45749 0
9.37306 11.8578 0.53168 0
11.2759 11.6666 0.5791 0
16.2931 19.2774 0.385596 0
5.64668 9.02432 2.05519 0
16.5255 19.8661 0.831217 0
3.48452 5.02829 1.72823 0
9.2753 11.4268 16.7931 0
17.8273 20.0387 28.6028 0
400 50 500
0.025 0.0125 10000 3000 15 1e+06 300000 6 9
0 18.3704 9.88233 26.6151 28.3107 13.7018 13.1358 11.0004 25.473 15.6147 25.7968 35.0545 26.1021 30.645 17.5044 26.6645 3.42605 20.2977 34.5748 33.2542 18.6633 13.7007 20.2135 35.28 21.5385 8.7376 17.2865 37.0665 21.1687 34.4595 35.756 5.15512 14.125 22.2985 34.9074 34.1344 28.9548 23.5692 29.9066 17.0227 20.0569 27.0979 40.6163 24.5962 38.1915 4.22377 10.339 37.0246 28.4156 31.4534 29.2064 9.49154 12.4336 6.00125 32.0038 17.1701 9.65039 8.45773 7.11214 22.8079 18.252 30.3228 5.94703 26.7521 15.8584 31.2475 14.9747 6.73659 14.4735 28.2127 24.4211 38.205 33.9447 19.2505 32.7832 28.5564 16.2569 9.73721 22.9991 17.0784 22.6672 13.883 33.6744 37.829 14.9738 11.1358 29.86 42.0243 38.5981 36.6642 10.1823 39.7334 24.1175 24.8265 14.5801 39.8068 15.8821 17.0755 30.3269 14.8648 6.76019 
18.3704 0 22.5256 19.1602 26.5273 8.66101 16.2602 17.5803 17.9249 13.8377 11.0636 22.4419 20.523 27.6804 25.1588 12.0203 21.703 20.085 32.7724 36.2734 5.36838 30.7972 25.826 28.0055 28.1481 13.5577 9.23256 39.4616 6.97192 23.9899 36.8362 13.3073 13.1703 38.7133 28.466 28.5958 29.5503 18.1276 18.084 19.0529 1.89713 24.9242 40.7978 7.75199 33.6691 16.3219 9.08009 37.7929 15.9962 27.5931 33.5196 9.73602 13.0444 16.7687 30.1911 30.5362 25.2561 24.1495 22.8248 13.2819 8.40584 36.9224 22.1804 23.5107 4.04381 19.3484 11.4869 22.2269 14.7553 31.3575 11.6974 36.7063 38.5411 28.855 17.359 20.1717 19.8404 9.98165 16.9308 14.9092 38.228 28.0624 19.9887 30.668 30.9775 28.3937 13.4217 43.0262 37.5641 24.4941 9.56858 36.9278 8.85394 9.40309 25.9408 36.8922 3.08882 19.1665 23.1757 5.98064 12.1768 
9.88233 22.5256 0 22.5297 21.1597 21.2689 8.8033 6.05756 21.6932 12.7009 25.9338 32.506 21.1555 23.7139 8.13855 26.578 8.92372 14.0874 26.7907 24.0119 24.8973 9.81985 11.1991 29.8196 12.0575 17.796 17.0005 27.8346 22.2186 30.7444 26.9245 11.326 11.8681 16.4563 29.0849 27.9697 20.7554 19.1666 27.5738 10.8112 23.6895 20.3017 31.8403 26.3479 31.2263 13.8591 17.4394 28.2256 26.6789 24.8233 19.8303 16.684 10.7633 6.16385 24.443 8.2355 4.11595 3.85769 3.9252 20.8224 18.3602 20.5207 4.86931 20.5165 18.8064 28.7546 13.6683 3.81587 11.0566 19.2094 23.71 30.0741 24.3493 9.37367 32.3407 24.5785 9.43832 12.5973 19.0953 13.4561 15.7254 5.53737 31.9479 32.0756 8.88758 8.28166 30.5314 32.9799 30.288 33.6834 17.5782 31.9879 24.9357 25.5877 4.7125 32.0978 21.0936 10.8011 25.421 17.061 11.2234 
26.6151 19.1602 22.5297 0 9.31895 26.045 14.1639 16.9544 1.29187 11.008 11.0743 10.4697 2.5395 9.35454 18.2518 10.793 28.4519 9.13075 14.3842 20.4599 24.5132 32.2118 16.3479 9.23299 18.3808 28.0534 11.1219 22.7154 12.4966 8.21653 19.5725 22.7007 12.4913 37.052 9.41883 9.43605 13.3684 3.36677 6.53356 11.8823 18.3193 7.9756 22.6707 14.9152 14.5141 27.7391 23.9092 20.2293 7.1375 8.82781 19.4183 23.9287 14.1841 21.0408 12.1222 26.9506 26.6437 26.2045 25.6507 5.87962 11.2126 24.0435 25.9325 6.20495 16.4834 7.1993 11.9229 25.1976 12.2976 16.8414 8.57231 18.1355 23.5698 21.8645 13.4334 2.04972 13.3957 18.2033 3.62616 9.62685 35.2768 26.4665 10.9546 11.9364 30.6022 30.8091 14.49 25.1397 19.1229 11.2948 24.4829 17.9488 12.3559 12.4035 22.3762 17.8909 21.031 11.9202 4.13919 15.4438 20.8249 
28.3107 26.5273 21.1597 9.31895 0 31.8468 15.3023 17.3357 9.98955 14.3097 20.2065 18.0684 6.89847 2.59782 14.1713 20.0248 29.1101 8.10501 6.5591 11.1497 31.6395 29.6798 11.2031 10.0876 12.3291 32.2951 17.4056 13.4939 20.6512 14.2942 10.5005 25.7892 15.7538 32.4856 8.86599 7.38041 4.14956 8.58835 15.4865 11.2884 26.1221 1.60325 14.2753 23.7535 10.0753 30.6599 28.9219 11.3365 16.417 3.93704 10.5984 28.687 17.1702 22.3095 3.87371 22.6557 25.013 25.0039 24.9581 14.1202 18.1215 15.4044 25.6384 3.21894 23.0857 15.7635 16.3637 24.6794 14.6343 8.06721 17.5248 10.4856 14.3304 16.6709 22.5436 10.163 12.1632 22.3052 9.80471 12.7345 30.2543 23.3175 19.4772 11.6647 27.397 28.9723 23.8076 16.516 11.1975 18.0156 29.4305 11.5158 21.1947 21.3615 19.0664 11.5668 27.6942 11.2353 8.16658 21.5328 24.1402 
13.7018 8.66101 21.2689 26.045 31.8468 0 18.306 18.2873 24.7549 17.6647 19.5683 30.8324 26.8476 33.4872 26.4857 20.5378 17.0679 24.2774 38.3725 40.1754 5.68247 27.3626 28.1078 35.2308 30.1614 5.99317 14.9799 43.7086 15.0741 31.9606 41.5126 9.9861 16.3826 35.8892 35.4564 35.3087 34.1271 24.2078 26.2043 22.1465 10.4939 30.2958 45.9181 16.411 40.2159 10.1894 3.83674 42.6159 24.1839 33.7092 36.791 4.58911 15.3557 15.1336 35.6965 29.4612 22.6966 21.4791 20.0516 20.4056 14.8558 39.3481 19.071 29.1891 9.65604 27.5262 15.4912 19.5215 17.8044 35.0125 19.7492 42.3224 41.8733 29.5598 26.0171 27.4191 22.3623 10.2278 23.1334 19.1695 36.0235 26.4404 28.5126 37.9354 28.3578 24.8038 22.0673 47.895 43.0395 32.8385 3.71199 42.999 17.3789 17.9737 25.6184 42.999 5.67092 22.2502 30.1821 10.6278 10.1831 
13.1358 16.2602 8.8033 14.1639 15.3023 18.306 0 2.83502 13.194 3.92711 17.3707 23.8063 13.2182 17.5555 8.89867 17.9485 14.4601 7.21095 21.7227 22.0012 20.0669 18.6178 9.89124 22.3176 12.0874 17.4079 8.74441 25.642 14.124 22.3372 23.7494 10.6033 3.43559 24.8207 21.8502 21.0191 16.5242 10.8818 18.8138 4.15266 16.9235 14.0148 28.4255 18.3377 25.0737 15.3728 14.7901 24.9421 17.8765 18.3234 18.4934 14.343 3.23835 7.19178 19.088 15.3324 12.8079 12.2101 11.5337 12.0201 10.1462 21.1685 11.7699 13.6163 12.2211 20.0231 5.38052 11.0582 2.27633 16.8101 15.0083 25.4963 23.5709 12.6461 23.5895 16.2002 4.06127 8.07918 10.5896 4.70411 23.653 13.7051 23.1542 24.8022 17.5425 16.9227 22.0139 30.1529 26.0088 25.0807 15.1982 26.805 16.6123 17.2207 10.4362 26.8629 15.8771 4.23446 17.5171 10.2857 9.11529 
11.0004 17.5803 6.05756 16.9544 17.3357 18.2873 2.83502 0 16.0087 6.6586 19.9112 26.6403 15.8971 19.7167 8.19886 20.5377 11.9191 9.42589 23.5751 22.8591 20.8129 15.8383 10.0613 24.9133 11.9434 16.4634 11.0521 26.6074 16.3615 25.145 25.0115 9.45164 5.82947 22.3214 24.3698 23.4524 18.0264 13.6439 21.6394 6.07354 18.4872 16.1738 29.8096 20.5439 27.2895 13.7817 14.5595 26.2524 20.667 20.6009 19.0612 13.9804 4.89892 5.01781 21.0051 13.1742 9.99826 9.37704 8.70869 14.7956 12.4355 21.1419 8.99102 15.9754 13.6312 22.8544 7.68009 8.24435 5.02638 17.6941 17.6548 27.2259 24.0499 11.4801 26.2832 18.9966 5.26528 8.30281 13.4013 7.5386 21.3183 11.2096 25.9597 27.343 14.8976 14.097 24.5276 31.3637 27.6479 27.9136 14.8797 28.7337 18.9954 19.6321 8.40754 28.8081 16.7199 6.11615 20.2047 11.7528 8.35495 
25.473 17.9249 21.6932 1.29187 9.98955 24.7549 13.194 16.0087 0 9.89605 10.2278 10.9846 3.09494 10.2929 17.809 10.0373 27.3805 8.68211 15.3779 21.0601 23.27 31.4306 16.0964 10.5224 18.2164 26.7784 9.83051 23.4679 11.329 9.14683 20.3856 21.4863 11.3512 36.4996 10.7053 10.6853 13.9297 2.74047 6.59642 11.1906 17.1252 8.54617 23.6458 13.9284 15.7446 26.518 22.6213 21.0963 6.80643 9.88778 19.7752 22.6454 13.0403 19.9645 13.028 26.422 25.7986 25.3177 24.717 4.66308 9.92801 24.3131 24.9585 6.79125 15.2009 7.47066 10.7008 24.2501 11.2487 17.212 7.60888 19.1849 24.0856 21.5157 13.2223 3.08343 12.723 16.9551 2.60857 8.57902 34.7962 25.7959 11.1285 13.2265 29.9086 29.9594 13.9057 26.0807 20.1475 12.0025 23.1956 19.1013 11.3606 11.4588 21.7676 19.0504 19.7576 11.2384 5.43092 14.1521 19.6057 
15.6147 13.8377 12.7009 11.008 14.3097 17.6647 3.92711 6.6586 9.89605 0 13.4929 20.1268 10.5941 16.1951 11.954 14.0442 17.4965 6.63113 20.8685 22.7639 18.3086 22.4967 12.0918 19.7638 14.4571 18.083 5.23943 26.1696 10.5501 18.9894 23.8641 11.9798 1.55095 28.7278 19.5173 18.9267 16.4737 7.98642 15.0622 5.24032 14.1474 12.8148 28.2578 14.7467 23.4177 17.0186 14.6166 24.9549 14.0168 16.6746 19.7553 14.3789 3.21814 10.082 18.1829 19.1302 16.6508 15.9836 15.1941 8.13979 6.60445 23.0884 15.2893 11.9542 9.87068 16.3135 2.37099 14.6802 1.65119 17.7042 11.0864 24.788 24.8153 15.879 19.6633 12.9749 6.22533 8.02574 7.38648 1.61328 27.5038 17.6205 19.3232 22.3712 21.4692 20.7243 18.1437 30.2357 25.4517 21.5104 15.1215 25.7052 12.8595 13.4391 14.2195 25.7305 14.1394 5.3538 14.7439 8.00791 10.1747 
25.7968 11.0636 25.9338 11.0743 20.2065 19.5683 17.3707 19.9112 10.2278 13.4929 0 11.3964 13.3221 20.4287 24.9714 0.972046 28.6296 16.8164 25.4332 31.2029 16.0855 35.5512 24.2333 18.3991 26.5792 23.6242 9.018 33.6938 4.79536 13.385 30.6085 20.794 14.0821 42.1865 19.2106 19.7806 24.0662 11.9782 7.45233 17.7769 9.48871 18.7276 33.7228 4.23163 24.8428 25.1676 18.9775 31.2957 5.35789 19.8376 29.5766 19.3805 15.2219 21.8414 23.1954 32.6135 29.6573 28.8197 27.7953 6.58652 7.76259 33.8747 27.5882 16.9944 10.6757 8.56605 12.2707 27.2218 15.1156 27.0686 2.82135 29.1126 34.12 28.9284 7.00567 11.1526 19.1672 16.0596 10.8936 13.3482 40.9967 31.0655 8.94555 20.8888 34.8059 33.5371 4.65227 36.2081 30.1323 13.4682 19.5517 28.659 2.21014 1.7483 27.7033 28.5733 13.9014 17.8721 14.2832 11.057 19.0472 
35.0545 22.4419 32.506 10.4697 18.0684 30.8324 23.8063 26.6403 10.9846 20.1268 11.3964 0 12.6722 16.8029 28.7186 10.4617 37.3918 19.5892 20.6077 28.7013 27.4691 42.2996 26.7722 10.767 28.7284 34.4164 17.8769 30.0191 15.769 4.29473 26.6622 30.469 21.3699 47.4779 12.1776 13.5255 22.1619 13.6987 5.14875 22.1676 20.8838 17.2205 28.2774 15.3017 17.6288 35.2677 29.8377 26.8996 6.81378 15.5341 28.6668 30.1233 22.9593 30.0604 19.3158 37.3901 36.5804 36.0162 35.3003 12.2611 17.1572 33.4666 35.4157 15.6383 21.5093 3.82704 20.151 34.7971 21.673 26.1267 11.2279 23.3827 32.0886 32.3246 7.25487 8.62172 23.7028 25.6508 13.4974 19.1022 45.7386 36.7668 2.99947 12.3565 40.8649 40.7185 11.0649 30.9092 24.5293 2.10747 30.4252 21.9265 13.6029 13.1107 32.7522 21.7693 25.1978 22.2178 9.90311 21.3561 28.595 
26.1021 20.523 21.1555 2.5395 6.89847 26.8476 13.2182 15.8971 3.09494 10.5941 13.3221 12.6722 0 7.29781 16.2319 13.1264 27.6707 7.26638 12.4139 17.9972 25.8114 30.677 14.1166 9.18255 16.0579 28.3354 11.8876 20.373 14.1677 9.86744 17.2977 22.5539 12.1403 35.1174 8.94548 8.51797 10.8805 2.69501 9.04525 10.3531 19.8685 5.48436 20.6443 16.9746 13.3697 27.6005 24.4128 18.0253 9.66277 7.07131 16.8796 24.3446 13.8093 20.3246 9.99106 25.0063 25.2643 24.9224 24.4863 7.48857 12.2607 21.5063 24.8722 3.71714 17.4964 9.62489 11.9709 24.0709 11.6291 14.3032 10.6813 16.2814 21.0671 19.7102 15.9728 4.05411 11.7973 18.3114 3.71504 9.05018 33.247 24.7473 13.401 11.7771 28.9082 29.4224 16.9421 23.0485 17.2068 13.2558 24.9697 16.4084 14.4067 14.5303 20.5736 16.3772 22.1191 10.371 4.3078 16.2317 20.7209 
30.645 27.6804 23.7139 9.35454 2.59782 33.4872 17.5555 19.7167 10.2929 16.1951 20.4287 16.8029 7.29781 0 16.7667 20.1262 31.5564 10.3517 5.12043 11.9044 32.9045 32.2776 13.7802 7.83925 14.8179 34.2716 18.7536 13.5824 21.4567 12.7752 10.3282 27.915 17.6927 34.9994 6.49564 4.91935 5.67184 9.55331 14.9118 13.6448 27.1137 3.54722 13.3553 24.2204 7.58133 32.8459 30.7228 10.9005 16.1383 1.50218 12.2085 30.539 19.1919 24.6493 2.78244 25.2169 27.5905 27.5634 27.4897 14.7855 19.3159 17.0287 28.1464 4.29858 24.4428 14.966 18.0994 27.1987 16.6945 9.82335 17.8909 9.02746 15.2866 19.2003 21.9452 9.67024 14.6134 24.2206 10.7514 14.5887 32.7319 25.9139 18.5414 9.17261 29.9891 31.5618 23.6568 15.7927 9.91925 16.4849 31.2489 9.53093 21.653 21.7366 21.6639 9.546 29.077 13.6006 7.07003 23.0064 26.2142 
17.5044 25.1588 8.13855 18.2518 14.1713 26.4857 8.89867 8.19886 17.809 11.954 24.9714 28.7186 16.2319 16.7667 0 25.3583 17.0262 9.13463 19.1278 15.8909 28.8312 15.5375 3.19143 23.7678 4.03552 24.3392 17.1893 19.7158 22.4906 26.087 18.8066 17.3518 12.1323 18.8995 22.7759 21.4378 12.9708 15.0686 24.3367 7.1998 25.7881 13.6958 23.7231 26.6674 23.996 21.071 22.7458 20.1109 24.0424 18.0658 11.747 22.1465 12.124 12.2536 16.9848 8.80058 11.3496 11.6443 12.0331 18.7274 18.5584 13.0777 13.0074 14.4224 21.1192 25.2787 14.0151 11.9544 10.6168 11.0814 22.3009 22.1796 16.4436 3.9612 30.3258 20.1738 5.82542 16.4445 15.5026 11.6787 17.0293 9.14855 28.8856 25.7004 13.233 15.0348 29.5783 24.842 22.3141 29.4688 23.0506 24.2668 24.654 25.1827 4.92129 24.395 24.6729 7.10789 20.1095 19.1832 16.4748 
26.6645 12.0203 26.578 10.793 20.0248 20.5378 17.9485 20.5377 10.0373 14.0442 0.972046 10.4617 13.1264 20.1262 25.3583 0 29.4642 17.0271 25.0827 31.0838 17.0086 36.2385 24.5061 17.764 26.8342 24.5882 9.75212 33.4876 5.74485 12.5806 30.3643 21.6843 14.7112 42.7683 18.6284 19.2631 23.9474 11.9658 6.68955 18.1585 10.4242 18.5783 33.3673 4.99954 24.2961 26.0944 19.9426 31.0173 4.63733 19.4726 29.584 20.3404 15.9095 22.6135 22.903 33.1275 30.3446 29.5275 28.5261 6.76508 8.54316 33.9475 28.3453 16.828 11.6322 7.74155 12.9404 27.9568 15.6812 27.0568 3.0583 28.7117 34.0552 29.3071 6.11873 10.7025 19.5787 16.9301 10.9324 13.8021 41.5308 31.6534 7.97837 20.2125 35.4348 34.2554 4.23187 35.8744 29.7473 12.542 20.5175 28.1731 3.16823 2.64939 28.2214 28.0812 14.87 18.2506 13.805 11.971 19.9233 
3.42605 21.703 8.92372 28.4519 29.1101 17.0679 14.4601 11.9191 27.3805 17.4965 28.6296 37.3918 27.6707 31.5564 17.0262 29.4642 0 21.3342 35.1326 32.9164 22.0875 10.5 19.9973 36.775 20.9784 11.8372 19.879 36.741 24.1077 36.4854 35.7276 8.40427 16.1077 19.1459 36.274 35.3714 29.2713 25.2634 32.2514 17.96 23.3519 28.029 40.6348 27.6909 39.1377 7.18341 13.7613 37.0207 30.8856 32.4921 28.7489 12.9146 14.4636 7.41619 32.6525 15.0433 7.34444 6.3039 5.26866 25.1388 20.954 29.3241 4.12261 27.892 19.0134 33.5663 17.2453 5.16342 16.1559 28.0463 27.0668 38.601 33.2588 18.0864 35.5681 30.4496 16.9492 12.665 24.8284 18.8252 19.7177 11.7193 36.1956 39.2396 12.0947 7.94803 32.8263 41.8535 38.8969 38.9039 13.5931 40.3325 27.055 27.7621 13.328 40.4239 19.2775 17.9929 31.9603 17.877 9.79996 
20.2977 20.085 14.0874 9.13075 8.10501 24.2774 7.21095 9.42589 8.68211 6.63113 16.8164 19.5892 7.26638 10.3517 9.13463 17.0271 21.3342 0 14.5871 16.2221 24.8136 23.4544 7.56928 15.7395 9.8379 24.2818 10.9184 19.5584 15.4595 17.1138 17.2373 17.6932 7.91386 27.929 15.0631 14.0615 9.84971 5.94276 15.2424 3.38648 20.1047 6.80696 21.6847 19.3267 17.8956 22.5553 21.1246 18.3403 15.0969 11.1792 13.5086 20.8214 9.18151 14.3074 11.9268 17.823 18.1616 17.9161 17.622 10.2625 12.0123 17.3365 18.1432 6.56536 16.2626 16.1525 8.92586 17.2614 6.62994 11.2759 14.015 18.4283 18.4768 12.8459 21.4828 11.0869 4.64913 14.4015 6.48267 5.24607 26.1495 17.4811 19.7896 18.0528 21.6428 22.2954 21.2422 23.618 19.0143 20.3946 21.6054 19.6195 16.9897 17.3933 13.3139 19.6718 20.6851 3.36591 11.4144 14.4889 16.0707 
34.5748 32.7724 26.7907 14.3842 6.5591 38.3725 21.7227 23.5751 15.3779 20.8685 25.4332 20.6077 12.4139 5.12043 19.1278 25.0827 35.1326 14.5871 0 9.0559 37.9712 34.5369 15.9459 10.237 16.2615 38.8386 23.7783 9.4772 26.5768 16.3537 6.1229 32.2753 22.3113 36.0823 8.6998 7.15162 6.17803 14.6485 19.5095 17.6263 32.229 8.07915 8.28966 29.2909 5.72227 37.095 35.4788 6.29557 20.9257 5.61555 11.1064 35.2461 23.7131 28.5876 2.68563 26.8428 30.4071 30.5575 30.6843 19.9024 24.3903 15.5198 31.4694 9.28371 29.4718 19.3681 22.9043 30.4681 21.1705 9.45053 22.9513 3.9584 12.489 20.7075 26.4176 14.4569 18.3208 28.8624 15.8542 19.2906 33.6026 28.1091 22.7215 10.2167 31.9911 34.1623 28.458 10.7989 4.80019 19.8856 35.9886 5.2045 26.7264 26.7875 24.0098 5.30782 34.0998 17.5613 11.5459 27.9826 30.6558 
33.2542 36.2734 24.0119 20.4599 11.1497 40.1754 22.0012 22.8591 21.0601 22.7639 31.2029 28.7013 17.9972 11.9044 15.8909 31.0838 32.9164 16.2221 9.0559 0 41.032 29.717 13.0408 18.9891 11.9776 39.2671 27.056 3.82503 31.1007 24.6164 4.09124 32.2881 23.8723 29.4051 17.4608 15.8172 7.13771 19.2947 26.5889 18.0315 36.1799 12.5157 8.45834 34.5349 14.5712 36.5495 36.7702 5.21509 27.5667 13.1852 4.2558 36.3425 24.8207 27.6389 9.45662 21.412 26.8373 27.3317 27.866 24.8765 28.0399 6.99002 28.8785 14.28 32.484 26.7739 25.1083 27.8232 22.3899 5.19378 28.4563 9.30722 3.46611 15.7016 33.653 21.2654 17.9687 30.0131 20.4581 21.4622 26.7281 23.5434 30.4116 19.2528 26.8573 29.9714 34.9375 9.04797 8.73913 28.2934 37.192 12.1465 32.0115 32.2451 20.0737 12.3613 36.8896 17.9291 18.939 30.7056 31.0137 
18.6633 5.36838 24.8973 24.5132 31.6395 5.68247 20.0669 20.8129 23.27 18.3086 16.0855 27.4691 25.8114 32.9045 28.8312 17.0086 22.0875 24.8136 37.9712 41.032 0 32.0519 29.9137 33.372 32.1509 11.6451 14.2358 44.3389 12.3046 29.2471 41.8264 14.2032 17.3714 40.3923 33.8331 33.9491 34.4808 23.3585 23.3106 23.3637 6.61445 30.0404 45.9119 12.2979 39.0137 15.5758 8.32811 42.8253 21.2056 32.8722 38.0508 9.17344 16.8494 18.7822 35.3618 33.1178 26.9614 25.7739 24.367 18.6385 13.5892 41.1584 23.5149 28.69 8.59023 24.5405 15.9439 23.7966 18.9436 36.0085 16.9946 41.9182 43.1198 32.2917 21.8459 25.54 23.9365 12.5559 22.1773 19.5699 40.261 30.326 24.8746 36.0317 32.7172 29.5296 17.6763 48.0844 42.7494 29.5503 8.54127 42.219 13.8952 14.3593 28.8485 42.1886 4.20337 23.4756 28.5409 10.3264 13.7428 
13.7007 30.7972 9.81985 32.2118 29.6798 27.3626 18.6178 15.8383 31.4306 22.4967 35.5512 42.2996 30.677 32.2776 15.5375 36.2385 10.5 23.4544 34.5369 29.717 32.0519 0 18.6505 38.9926 18.3826 22.3315 26.5457 33.3495 31.5865 40.4045 33.2993 17.8691 21.5807 8.64922 38.1146 36.8561 28.3592 28.8457 37.3895 20.3567 32.2213 29.09 38.1012 35.5987 39.5285 17.6818 23.8359 34.5953 36.494 33.5385 25.5035 22.991 20.3313 14.1699 32.4942 8.38572 5.89422 6.79222 8.0081 30.6303 27.86 24.3492 8.62753 29.5931 27.4742 38.5619 23.2986 8.60875 20.8596 25.7655 33.4311 37.3188 28.9702 14.1125 42.086 34.2535 18.8824 20.9287 28.8472 23.2752 9.4912 6.42833 41.7675 41.0785 3.00567 2.56525 40.0931 38.6928 37.3013 43.4328 23.757 39.593 34.4044 35.078 10.6197 39.7363 28.7925 20.3289 34.8688 25.9331 18.6588 
20.2135 25.826 11.1991 16.3479 11.2031 28.1078 9.89124 10.0613 16.0964 12.0918 24.2333 26.7722 14.1166 13.7802 3.19143 24.5061 19.9973 7.56928 15.9459 13.0408 29.9137 18.6505 0 21.0263 2.38757 26.5143 17.2442 16.854 22.3259 23.8418 15.7372 19.4961 12.6612 21.4152 19.9528 18.5494 9.7825 13.3943 22.6926 6.87043 26.2325 10.8976 20.6502 26.3937 20.8862 23.562 24.4807 17.0348 22.6508 15.1323 9.05702 23.9537 13.0707 14.6528 13.8438 11.4682 14.535 14.7983 15.1196 17.7516 18.5379 11.2777 16.0473 11.835 21.7978 23.5168 14.3751 15.0021 11.0733 8.05235 21.4655 18.9932 13.9947 5.66041 29.0488 18.1532 5.99665 17.8996 14.0378 11.3999 19.3305 12.2314 27.2206 22.8314 16.2414 18.218 28.7347 21.8749 19.1425 27.3471 24.8401 21.0773 24.1977 24.6618 8.06905 21.2066 25.713 6.75842 17.7103 19.8745 18.3975 
35.28 28.0055 29.8196 9.23299 10.0876 35.2308 22.3176 24.9133 10.5224 19.7638 18.3991 10.767 9.18255 7.83925 23.7678 17.764 36.775 15.7395 10.237 18.9891 33.372 38.9926 21.0263 0 22.365 37.2573 20.3506 19.7062 21.1057 6.48829 16.3583 31.6918 21.3048 42.4329 1.53955 3.17353 13.4786 11.7883 11.2225 19.0815 26.9499 10.1293 17.5409 22.6096 6.92424 36.7415 33.1418 16.4218 13.1445 6.33728 19.9393 33.1547 22.9816 29.4704 9.62405 32.4733 33.8734 33.6547 33.3446 14.8668 20.3755 24.7241 33.8177 9.40131 25.6177 10.5747 20.9991 32.9665 20.8067 17.6293 16.5895 12.6528 22.4541 26.6217 17.3674 7.85388 20.3853 27.3315 12.5637 18.2314 40.2701 32.7862 13.2803 2.70615 36.9359 37.9823 20.2459 20.1732 13.8046 9.75718 33.7151 11.1836 20.2209 20.0445 28.5189 11.0351 30.0932 19.076 5.1198 24.6583 29.8421 
21.5385 28.1481 12.0575 18.3808 12.3291 30.1614 12.0874 11.9434 18.2164 14.4571 26.5792 28.7284 16.0579 14.8179 4.03552 26.8342 20.9784 9.8379 16.2615 11.9776 32.1509 18.3826 2.38757 22.365 0 28.2794 19.6244 15.7929 24.7134 25.6251 15.1328 21.2707 14.9778 20.1861 21.1914 19.7023 10.1267 15.5512 24.8056 9.24902 28.587 12.3001 20.0283 28.7783 21.527 25.0933 26.4803 16.4412 24.8545 16.2493 7.77364 25.9188 15.3028 16.2457 14.4435 10.5951 14.9185 15.3653 15.8908 20.0724 20.9224 9.19991 16.9156 13.4555 24.1129 25.5764 16.7226 15.8599 13.3937 7.4447 23.8012 18.9365 12.408 4.46354 31.2719 20.1117 8.30839 19.9979 16.26 13.7869 17.9253 11.9897 29.3102 23.9805 15.7506 18.2813 31.0588 20.9933 18.9414 29.1983 26.815 21.2387 26.5733 27.0319 8.17661 21.3886 27.9563 9.13755 19.4188 22.184 20.2937 
8.7376 13.5577 17.796 28.0534 32.2951 5.99317 17.4079 16.4634 26.7784 18.083 23.6242 34.4164 28.3354 34.2716 24.3392 24.5882 11.8372 24.2818 38.8386 39.2671 11.6451 22.3315 26.5143 37.2573 28.2794 0 17.0927 42.9733 18.862 34.9025 41.157 7.01884 16.5791 30.969 37.2423 36.8334 33.9116 25.6409 29.4829 21.5446 15.4539 30.8495 45.8203 21.1045 41.4684 4.65667 4.65017 42.3492 27.6122 34.7477 35.5235 4.29334 15.1258 12.1388 36.1607 25.6429 18.3183 17.1063 15.7122 22.941 17.4482 37.4169 14.5975 30.0367 12.9784 30.8466 16.3742 15.264 17.669 34.0801 23.1917 42.7072 40.5085 26.84 30.4465 29.7045 21.3419 10.0737 24.7326 19.6945 31.4031 22.4255 32.4045 39.9453 23.7111 19.7723 26.7796 47.5589 43.2914 36.3086 4.08612 43.7623 21.5491 22.2132 22.4456 43.7939 10.4958 21.6318 32.1375 13.1057 8.29321 
17.2865 9.23256 17.0005 11.1219 17.4056 14.9799 8.74441 11.0521 9.83051 5.23943 9.018 17.8769 11.8876 18.7536 17.1893 9.75212 19.879 10.9184 23.7783 27.056 14.2358 26.5457 17.2442 20.3506 19.6244 17.0927 0 30.2293 5.38123 17.8679 27.6269 12.5926 5.31583 33.372 20.5022 20.3289 20.3216 9.28832 12.7599 10.3754 9.19108 15.808 31.6763 9.59586 25.2552 17.4237 12.8145 28.6049 11.151 18.8408 24.4158 12.8846 6.24103 12.8763 21.1491 24.065 20.654 19.8036 18.7795 5.8752 1.40176 28.0401 18.5947 14.4966 5.69349 14.1232 3.38651 18.2078 6.64307 22.189 7.18961 27.7336 29.395 21.1037 15.7728 12.6509 11.4568 7.7752 8.17418 5.90123 32.3347 22.2614 16.388 23.0558 25.8878 24.5191 13.5523 33.8561 28.5403 19.6039 13.3939 28.1825 7.94466 8.58875 19.1776 28.1682 10.3245 10.4869 15.2584 4.35224 10.7231 
37.0665 39.4616 27.8346 22.7154 13.4939 43.7086 25.642 26.6074 23.4679 26.1696 33.6938 30.0191 20.373 13.5824 19.7158 33.4876 36.741 19.5584 9.4772 3.82503 44.3389 33.3495 16.854 19.7062 15.7929 42.9733 30.2293 0 33.9919 25.7944 3.36101 36.0143 27.3479 32.5707 18.1717 16.627 9.92898 21.9961 28.4939 21.6079 39.2582 15.0147 5.38774 37.2293 14.1907 40.3292 40.3663 3.47578 29.6822 14.6141 8.0375 39.9631 28.3758 31.4232 10.8477 24.9993 30.6218 31.1347 31.6836 27.5733 31.1352 9.71666 32.7003 16.7124 35.7586 28.5125 28.4838 31.6448 25.9042 8.91365 31.0186 8.06956 4.99581 19.4217 35.519 23.2389 21.6399 33.5981 23.1962 24.7991 29.8439 27.2486 32.0052 19.4386 30.4538 33.6886 37.1701 5.34566 7.13271 29.3565 40.8015 10.843 34.6761 34.8534 23.8599 11.0733 40.2343 21.5091 20.6038 34.0281 34.7011 
21.1687 6.97192 22.2186 12.4966 20.6512 15.0741 14.124 16.3615 11.329 10.5501 4.79536 15.769 14.1677 21.4567 22.4906 5.74485 24.1077 15.4595 26.5768 31.1007 12.3046 31.5865 22.3259 21.1057 24.7134 18.862 5.38123 33.9919 0 17.0435 31.1368 16.1053 10.6916 38.6485 21.6377 21.8761 24.0938 12.064 11.1789 15.5124 5.85697 19.0666 34.7701 4.21465 26.9793 20.389 14.2235 31.985 9.1252 21.1882 28.8738 14.6029 11.4831 17.5959 24.0996 29.4344 25.7223 24.8012 23.6852 6.6905 3.98018 32.7921 23.3692 17.4898 5.89109 12.4778 8.75222 23.097 12.014 26.5042 4.74177 30.4474 33.7111 26.4261 11.7666 13.3166 16.7034 11.4554 10.8466 10.9378 37.6745 27.5611 13.5703 23.7489 31.0955 29.4515 8.71964 37.1189 31.3729 17.765 14.8025 30.4297 2.95011 3.65881 24.5534 30.3772 9.4788 15.6202 16.3852 6.32771 14.4086 
34.4595 23.9899 30.7444 8.21653 14.2942 31.9606 22.3372 25.145 9.14683 18.9894 13.385 4.29473 9.86744 12.7752 26.087 12.5806 36.4854 17.1138 16.3537 24.6164 29.2471 40.4045 23.8418 6.48829 25.6251 34.9025 17.8679 25.7944 17.0435 0 22.4341 30.223 20.3961 44.9807 7.88342 9.24327 18.2897 11.5779 5.95501 20.0519 22.6462 13.6465 23.9828 17.5794 13.3851 35.1863 30.4702 22.6377 8.06923 11.4331 24.8452 30.6408 22.0682 29.0714 15.1795 34.8706 34.8591 34.4193 33.85 11.9928 17.461 29.6691 34.1043 12.2234 22.3567 4.84623 19.516 33.389 20.3864 22.3484 12.3018 19.0881 28.0354 29.4833 11.0386 6.16686 21.5459 25.5143 11.7476 17.7206 43.0814 34.5769 6.84625 8.27537 38.7294 39.0247 14.3084 26.6146 20.2346 3.72536 31.0591 17.6668 15.4649 15.1259 30.4276 17.5146 26.4778 20.0834 6.2515 21.8316 28.3299 
35.756 36.8362 26.9245 19.5725 10.5005 41.5126 23.7494 25.0115 20.3856 23.8641 30.6085 26.6622 17.2977 10.3282 18.8066 30.3643 35.7276 17.2373 6.1229 4.09124 41.8264 33.2993 15.7372 16.3583 15.1328 41.157 27.6269 3.36101 31.1368 22.4341 0 34.2852 25.1348 33.3907 14.822 13.2691 7.39116 19.0823 25.2206 19.6255 36.5322 12.0726 4.91654 34.2394 11.0669 38.7932 38.2966 1.30851 26.4634 11.2971 7.88725 37.9452 26.2876 29.9496 7.56278 25.0952 30.0375 30.4279 30.835 24.6196 28.4548 11.0731 31.7817 13.7049 33.2366 25.2045 26.1207 30.7343 23.7649 7.72977 27.9762 5.31292 7.02223 19.193 32.226 19.9985 19.8642 31.5345 20.2956 22.4161 30.7373 27.0106 28.6709 16.1737 30.5045 33.3817 33.974 6.40838 4.65846 25.9963 38.7575 8.17211 31.6763 31.8228 23.309 8.39409 37.7781 19.5349 17.3008 31.5684 32.8638 
5.15512 13.3073 11.326 22.7007 25.7892 9.9861 10.6033 9.45164 21.4863 11.9798 20.794 30.469 22.5539 27.915 17.3518 21.6843 8.40427 17.6932 32.2753 32.2881 14.2032 17.8691 19.4961 31.6918 21.2707 7.01884 12.5926 36.0143 16.1053 30.223 34.2852 0 10.4288 26.1952 31.491 30.9004 27.117 19.9062 25.3444 14.7547 14.9479 24.4172 39.0057 19.4517 35.3004 5.04967 6.19657 35.4974 23.7314 28.5309 28.5125 5.40074 8.80025 5.29455 29.6198 19.484 12.8142 11.6106 10.1919 18.3344 13.419 30.4253 9.31228 23.7834 10.7057 26.704 10.7863 9.63463 11.2297 27.1089 19.5878 36.082 33.4907 20.0099 27.7973 24.541 14.4247 4.83024 19.1659 13.5682 26.152 16.4563 28.9115 34.3239 18.546 15.3681 24.7628 40.6736 36.609 32.1735 6.27668 37.304 19.0466 19.7551 15.8044 37.3511 10.9959 14.8343 26.6205 9.77979 1.89311 
14.125 13.1703 11.8681 12.4913 15.7538 16.3826 3.43559 5.82947 11.3512 1.55095 14.0821 21.3699 12.1403 17.6927 12.1323 14.7112 16.1077 7.91386 22.3113 23.8723 17.3714 21.5807 12.6612 21.3048 14.9778 16.5791 5.31583 27.3479 10.6916 20.3961 25.1348 10.4288 0 28.1261 21.0671 20.4765 17.7556 9.52121 16.2633 5.99257 13.6749 14.2817 29.5958 14.9043 24.9508 15.4681 13.2207 26.2501 15.0925 18.2004 20.7076 12.9458 1.6932 8.71425 19.6269 18.7494 15.698 14.9555 14.0796 9.22115 6.71685 23.8267 14.0904 13.4706 9.1372 17.5452 1.94517 13.544 1.58866 18.7567 11.8534 26.2157 25.7894 15.9733 20.5053 14.4345 6.67044 6.55145 8.88146 3.15035 27.0345 17.0046 20.4231 23.9171 20.7265 19.7048 18.7031 31.525 26.8561 22.8177 13.7109 27.188 13.2198 13.8417 13.8624 27.2173 13.1731 6.10428 16.273 7.2138 8.62619 
22.2985 38.7133 16.4563 37.052 32.4856 35.8892 24.8207 22.3214 36.4996 28.7278 42.1865 47.4779 35.1174 34.9994 18.8995 42.7683 19.1459 27.929 36.0823 29.4051 40.3923 8.64922 21.4152 42.4329 20.1861 30.969 33.372 32.5707 38.6485 44.9807 33.3907 26.1952 28.1261 0 41.3221 39.866 30.1374 33.7792 42.8794 25.3759 40.0006 32.3046 37.796 42.7961 41.5709 26.3241 32.2833 34.5991 42.311 36.418 25.5864 31.4458 27.1676 21.9472 34.5272 10.1115 13.4876 14.6434 16.0341 36.6164 34.7506 22.8832 16.8867 33.2227 35.1494 43.9188 30.0009 16.6134 27.0874 26.6781 39.8095 38.1309 27.6953 15.82 48.3104 39.0153 23.8375 28.7353 34.0521 29.1471 2.78626 11.1224 47.3969 44.1497 7.73699 11.1988 46.8224 37.7952 37.8513 48.3225 32.2419 40.73 41.3162 41.9532 14.7723 40.9083 36.9411 25.3156 38.9982 33.4631 26.7702 
34.9074 28.466 29.0849 9.41883 8.86599 35.4564 21.8502 24.3698 10.7053 19.5173 19.2106 12.1776 8.94548 6.49564 22.7759 18.6284 36.274 15.0631 8.6998 17.4608 33.8331 38.1146 19.9528 1.53955 21.1914 37.2423 20.5022 18.1717 21.6377 7.88342 14.822 31.491 21.0671 41.3221 0 1.66546 12.076 11.6243 12.2269 18.4387 27.4945 9.08151 16.1001 23.3858 5.73306 36.5346 33.2256 14.8992 14.0562 5.00148 18.4895 33.1991 22.7237 29.0343 8.12599 31.4193 33.1045 32.9345 32.6824 15.2213 20.6314 23.2582 33.2015 8.57112 25.9012 11.6994 20.9016 32.3245 20.4614 16.2167 17.242 11.2058 20.9266 25.5021 18.607 8.32209 19.6808 27.2451 12.5125 17.9493 39.1152 31.8531 14.5947 2.99158 35.9867 37.185 21.3162 18.7322 12.3537 11.2522 33.7918 9.88919 20.9434 20.8125 27.5821 9.75544 30.4353 18.4248 5.30363 24.8421 29.6637 
34.1344 28.5958 27.9697 9.43605 7.38041 35.3087 21.0191 23.4524 10.6853 18.9267 19.7806 13.5255 8.51797 4.91935 21.4378 19.2631 35.3714 14.0615 7.15162 15.8172 33.9491 36.8561 18.5494 3.17353 19.7023 36.8334 20.3289 16.627 21.8761 9.24327 13.2691 30.9004 20.4765 39.866 1.66546 0 10.4383 11.2094 13.0779 17.448 27.7222 7.76621 14.8168 23.894 5.1095 35.9272 32.9299 13.4086 14.7815 3.45418 16.8294 32.8615 22.1036 28.2103 6.4613 30.0154 31.9506 31.8263 31.6296 15.3141 20.5707 21.5942 32.1918 7.4989 25.8443 12.6945 20.4594 31.2916 19.7621 14.5711 17.6449 9.93362 19.2818 24.0506 19.697 8.67684 18.6226 26.7861 12.2032 17.3323 37.626 30.5522 15.8001 4.28546 34.6675 35.9999 22.1828 17.4407 11.0648 12.7353 33.4874 8.94057 21.4012 21.3232 26.2838 8.83595 30.4276 17.4257 5.5348 24.6811 29.101 
28.9548 29.5503 20.7554 13.3684 4.14956 34.1271 16.5242 18.0264 13.9297 16.4737 24.0662 22.1619 10.8805 5.67184 12.9708 23.9474 29.2713 9.84971 6.17803 7.13771 34.4808 28.3592 9.7825 13.4786 10.1267 33.9116 20.3216 9.92898 24.0938 18.2897 7.39116 27.117 17.7556 30.1374 12.076 10.4383 0 12.1825 19.6243 12.3738 29.3293 5.39696 11.9093 27.4368 11.4381 31.7577 30.9408 8.49575 20.498 7.15969 6.56455 30.6077 18.9437 23.0312 4.4043 20.7216 24.285 24.4783 24.6701 17.771 21.2088 11.3921 25.5029 7.16743 25.8915 19.9131 18.7311 24.4843 16.4086 4.15347 21.3248 9.33471 10.2079 14.5873 26.6752 14.3049 12.7819 24.1892 13.3603 15.027 27.7341 21.9312 23.6239 14.5378 25.8258 27.9999 27.8215 13.7695 9.64849 22.0146 31.4097 11.2964 24.9028 25.1232 17.8381 11.4243 30.4109 12.29 12.2636 24.1996 25.6282 
23.5692 18.1276 19.1666 3.36677 8.58835 24.2078 10.8818 13.6439 2.74047 7.98642 11.9782 13.6987 2.69501 9.55331 15.0686 11.9658 25.2634 5.94276 14.6485 19.2947 23.3585 28.8457 13.3943 11.7883 15.5512 25.6409 9.28832 21.9961 12.064 11.5779 19.0823 19.9062 9.52121 33.7792 11.6243 11.2094 12.1825 0 9.31134 8.52769 17.601 7.00996 22.751 15.2559 16.0154 24.9555 21.7266 19.921 9.32553 9.55556 17.6184 21.6522 11.2038 17.8743 12.0949 23.6939 23.2814 22.8538 22.3229 5.58917 9.76989 22.0166 22.6331 5.43609 14.9461 10.211 9.28009 21.8788 9.12912 15.0963 9.19043 18.5788 22.1489 18.7819 15.759 5.41304 10.0488 15.6226 1.21899 6.49142 32.0601 23.126 13.854 14.4195 27.2539 27.4471 16.04 25.0669 19.4448 14.6321 22.2818 18.9039 12.7205 12.9521 19.0647 18.8859 19.58 8.56877 6.76045 13.6118 18.0626 
29.9066 18.084 27.5738 6.53356 15.4865 26.2043 18.8138 21.6394 6.59642 15.0622 7.45233 5.14875 9.04525 14.9118 24.3367 6.68955 32.2514 15.2424 19.5095 26.5889 23.3106 37.3895 22.6926 11.2225 24.8056 29.4829 12.7599 28.4939 11.1789 5.95501 25.2206 25.3444 16.2633 42.8794 12.2269 13.0779 19.6243 9.31134 0 17.5036 16.703 14.3069 27.6734 11.6703 17.9562 30.1749 24.9532 25.6978 2.11422 13.9592 25.8561 25.193 17.8346 24.9347 17.6586 32.8508 31.6181 31.0128 30.2554 7.11471 12.1049 30.5309 30.3366 12.5653 16.6962 1.36879 15.0074 29.7423 16.6379 23.2768 6.45675 22.8691 29.8163 28.0881 7.06414 5.32582 19.0419 20.5346 8.85053 14.1221 41.2621 32.0201 4.54914 13.5789 36.0721 35.7357 9.10732 30.2551 23.9607 6.85701 25.5427 22.0087 9.51066 9.18492 28.1095 21.8953 20.6523 17.5649 7.9645 16.3816 23.466 
17.0227 19.0529 10.8112 11.8823 11.2884 22.1465 4.15266 6.07354 11.1906 5.24032 17.7769 22.1676 10.3531 13.6448 7.1998 18.1585 17.96 3.38648 17.6263 18.0315 23.3637 20.3567 6.87043 19.0815 9.24902 21.5446 10.3754 21.6079 15.5124 20.0519 19.6255 14.7547 5.99257 25.3759 18.4387 17.448 12.3738 8.52769 17.5036 0 19.387 10.1007 24.2786 19.631 21.216 19.4842 18.7585 20.8074 17.0142 14.5348 14.7342 18.3622 6.79082 11.0216 15.0151 15.3654 14.9144 14.6075 14.2632 11.5521 11.6796 17.873 14.763 9.95122 15.0542 18.5529 7.56668 13.891 4.43151 12.8666 15.1013 21.3671 19.8212 11.1524 23.2081 13.9136 1.53923 11.9913 8.68672 4.57828 23.7976 14.6059 22.0264 21.4262 18.727 19.07 22.3788 26.0327 21.8642 23.159 19.1953 22.745 17.5277 18.0347 10.6087 22.8109 19.1656 0.113652 14.6098 13.1556 13.2563 
20.0569 1.89713 23.6895 18.3193 26.1221 10.4939 16.9235 18.4872 17.1252 14.1474 9.48871 20.8838 19.8685 27.1137 25.7881 10.4242 23.3519 20.1047 32.229 36.1799 6.61445 32.2213 26.2325 26.9499 28.587 15.4539 9.19108 39.2582 5.85697 22.6462 36.5322 14.9479 13.6749 40.0006 27.4945 27.7222 29.3293 17.601 16.703 19.387 0 24.5216 40.349 5.93636 32.8212 18.1503 10.9606 37.4428 14.5953 26.9281 33.6066 11.6005 13.7754 18.1035 29.6956 31.5766 26.5945 25.5166 24.2223 12.4632 8.13999 37.1879 23.6334 23.0303 4.88997 17.9268 11.8666 23.6222 15.233 31.3659 10.4404 36.1344 38.5776 29.569 15.5693 19.1731 20.2958 11.3036 16.3864 15.0533 39.4147 29.2214 18.3473 29.5821 32.2759 29.8562 11.5736 42.6373 37.0291 22.9568 11.4561 36.2162 7.28906 7.77856 26.891 36.1697 4.98182 19.5004 22.24 6.73438 13.7038 
27.0979 24.9242 20.3017 7.9756 1.60325 30.2958 14.0148 16.1738 8.54617 12.8148 18.7276 17.2205 5.48436 3.54722 13.6958 18.5783 28.029 6.80696 8.07915 12.5157 30.0404 29.09 10.8976 10.1293 12.3001 30.8495 15.808 15.0147 19.0666 13.6465 12.0726 24.4172 14.2817 32.3046 9.08151 7.76621 5.39696 7.00996 14.3069 10.1007 24.5216 0 15.8771 22.215 11.1163 29.3274 27.4109 12.9297 15.1103 4.5219 11.5706 27.1922 15.7368 21.1021 5.4007 22.3526 24.236 24.1583 24.0349 12.5652 16.5184 16.3087 24.6629 1.7711 21.4911 14.6844 14.8254 23.7282 13.2176 8.99585 16.0189 12.0266 15.5942 16.4991 21.3332 9.02076 11.1004 20.8299 8.22306 11.2258 30.1614 22.7915 18.4384 12.0088 26.9151 28.259 22.4264 18.1178 12.768 17.3358 27.9251 12.9148 19.6614 19.8448 18.5217 12.9511 26.1031 10.058 7.40668 19.9495 22.7383 
40.6163 40.7978 31.8403 22.6707 14.2753 45.9181 28.4255 29.8096 23.6458 28.2578 33.7228 28.2774 20.6443 13.3553 23.7231 33.3673 40.6348 21.6847 8.28966 8.45834 45.9119 38.1012 20.6502 17.5409 20.0283 45.8203 31.6763 5.38774 34.7701 23.9828 4.91654 39.0057 29.5958 37.796 16.1001 14.8168 11.9093 22.751 27.6734 24.2786 40.349 15.8771 0 37.5693 11.0171 43.5842 42.8088 3.61531 29.165 13.8947 12.6028 42.4944 30.8333 34.7752 10.6705 29.8375 34.9417 35.3414 35.7515 28.1223 32.3923 15.0348 36.6963 17.3187 37.3484 27.4338 30.4454 35.6494 28.29 12.6446 31.2331 4.89482 10.3784 24.019 34.4727 22.716 24.6155 36.0732 23.968 26.7519 35.0927 31.8544 30.6168 16.5862 35.2714 38.247 36.6882 2.63252 3.75282 27.2753 43.2867 6.88669 35.003 35.0727 28.2043 7.10279 41.9442 24.1932 19.7393 35.7603 37.5348 
24.5962 7.75199 26.3479 14.9152 23.7535 16.411 18.3377 20.5439 13.9284 14.7467 4.23163 15.3017 16.9746 24.2204 26.6674 4.99954 27.6909 19.3267 29.2909 34.5349 12.2979 35.5987 26.3937 22.6096 28.7783 21.1045 9.59586 37.2293 4.21465 17.5794 34.2394 19.4517 14.9043 42.7961 23.3858 23.894 27.4368 15.2559 11.6703 19.631 5.93636 22.215 37.5693 0 28.9794 23.3103 16.4954 34.9969 9.58596 23.7415 32.5695 17.035 15.6525 21.5039 26.954 33.6414 29.7636 28.8065 27.6451 9.66671 8.19481 36.6431 27.2601 20.5384 8.76035 12.741 12.9631 27.051 16.226 30.1338 6.34313 33.0471 37.2951 30.6112 9.63491 15.2249 20.8633 15.0612 14.0786 15.0536 41.862 31.7285 12.6082 25.1147 35.2068 33.4053 5.68844 40.0089 34.0381 17.4037 17.0338 32.7199 2.56834 2.57392 28.7645 32.6425 10.808 19.7368 18.3693 9.84083 17.8956 
38.1915 33.6691 31.2263 14.5141 10.0753 40.2159 25.0737 27.2895 15.7446 23.4177 24.8428 17.6288 13.3697 7.58133 23.996 24.2961 39.1377 17.8956 5.72227 14.5712 39.0137 39.5285 20.8862 6.92424 21.527 41.4684 25.2552 14.1907 26.9793 13.3851 11.0669 35.3004 24.9508 41.5709 5.73306 5.1095 11.4381 16.0154 17.9562 21.216 32.8212 11.1163 11.0171 28.9794 0 40.2775 37.7056 10.7212 19.7576 6.77218 16.827 37.5923 26.518 32.203 7.08534 32.1116 35.0421 35.0642 35.0332 20.393 25.5698 21.2124 35.7101 11.5196 30.8329 17.4252 25.1288 34.754 24.0752 15.084 22.7487 6.3159 17.9158 25.9898 24.2859 13.7778 22.1937 31.3949 17.0847 21.8052 39.1449 33.1164 20.2017 5.57472 37.1097 38.9501 27.0491 13.6151 7.43993 16.4298 38.2524 4.31502 26.4976 26.4066 28.9173 4.14713 35.4374 21.1741 10.6404 29.6012 33.5534 
4.22377 16.3219 13.8591 27.7391 30.6599 10.1894 15.3728 13.7817 26.518 17.0186 25.1676 35.2677 27.6005 32.8459 21.071 26.0944 7.18341 22.5553 37.095 36.5495 15.5758 17.6818 23.562 36.7415 25.0933 4.65667 17.4237 40.3292 20.389 35.1863 38.7932 5.04967 15.4681 26.3241 36.5346 35.9272 31.7577 24.9555 30.1749 19.4842 18.1503 29.3274 43.5842 23.3103 40.2775 0 7.43769 40.033 28.4837 33.5053 32.6169 6.66663 13.8243 8.91254 34.4599 21.3719 13.8739 12.6812 11.3282 23.2433 18.1219 34.0633 10.1694 28.758 14.6355 31.5409 15.8179 10.9334 16.2064 31.4213 24.2259 40.8509 37.4772 23.1523 32.1555 29.5644 18.9794 9.67696 24.2131 18.5994 26.8111 18.0961 33.5715 39.3723 19.1327 15.1255 28.8418 45.141 41.3316 37.0254 7.09715 42.1715 23.27 23.969 18.5705 42.2261 13.4868 19.5549 31.6693 14.1354 6.91432 
10.339 9.08009 17.4394 23.9092 28.9219 3.83674 14.7901 14.5595 22.6213 14.6166 18.9775 29.8377 24.4128 30.7228 22.7458 19.9426 13.7613 21.1246 35.4788 36.7702 8.32811 23.8359 24.4807 33.1418 26.4803 4.65017 12.8145 40.3663 14.2235 30.4702 38.2966 6.19657 13.2207 32.2833 33.2256 32.9299 30.9408 21.7266 24.9532 18.7585 10.9606 27.4109 42.8088 16.4954 37.7056 7.43769 0 39.4352 23.0473 31.0694 33.2731 0.848855 12.0117 11.2982 32.7934 25.642 18.9826 17.7714 16.3465 18.5795 13.0207 35.6784 15.4095 26.436 8.35171 26.3116 12.6257 15.8017 14.5334 31.5858 18.6102 39.4037 38.3408 25.7542 25.798 25.4641 18.8491 6.77033 20.7376 16.1882 32.3226 22.647 27.7797 35.8437 24.6864 21.2936 22.1582 44.6996 40.0657 31.7539 0.589711 40.2533 16.8989 17.5633 21.7828 40.2682 6.11267 18.8577 28.0329 8.64137 6.35882 
