200
8.94694 13.6951 0.639242 1
18.3002 21.0172 1.20578 1
4.72234 8.66076 0.988431 0
7.58315 23.1571 2.16685 0
17.074 19.2371 13.7466 0
15.0846 17.8204 1.67173 0
0.00379346 9.73977 0.553774 0
1.34521 18.2725 0.73193 0
7.20097 9.05918 0.694912 0
13.8562 21.5424 1.55071 0
14.5209 18.4431 1.15111 0
3.52966 12.9237 1.14337 0
17.5369 20.4481 1.13886 0
11.0423 13.3018 0.392902 1
9.18292 15.3514 0.80706 1
9.70404 18.9667 18.7213 0
16.132 20.6388 0.950513 0
0.03844 19.8742 0.920513 0
7.4491 7.61718 0.574589 1
12.2216 15.7396 0.883659 0
3.94193 12.9432 15.3968 0
3.28728 6.73649 1.88372 1
16.7073 20.503 25.7322 0
1.73836 11.9507 19.089 1
6.7855 19.9852 0.773544 0
4.15875 9.82206 1.65003 0
3.39033 16.2699 0.939061 1
7.34767 7.86809 1.9987 0
9.5931 10.0159 2.0836 0
0.880317 22.4654 2.14147 1
2.18906 20.0302 1.30195 1
5.16696 19.1074 1.85953 0
10.4126 15.5528 18.7214 1
7.50334 21.6854 1.69864 0
6.40351 10.9434 0.745944 0
12.7862 17.7217 0.451999 0
14.0911 19.5014 1.67585 0
0.51132 6.93475 0.715221 0
7.35077 14.5752 2.1742 0
15.5891 19.9705 0.889129 0
11.9514 18.1446 1.17012 0
3.71155 7.30932 1.8082 0
6.18217 6.71327 1.85452 0
12.972 16.6455 10.9179 0
15.484 16.9059 2.12957 0
17.5258 21.1558 1.32438 0
0.389707 13.7189 1.71528 0
2.43005 12.5591 4.36921 1
6.28581 12.3289 0.486222 0
13.7846 19.671 0.546984 0
10.3759 20.763 1.97296 1
2.82266 18.6697 1.37982 0
16.6749 19.0243 1.45879 1
2.59837 6.26641 1.28766 1
0.775966 17.4598 0.780022 1
9.04619 13.7786 9.11298 0
2.00213 4.04783 1.93469 0
3.96083 10.9641 1.35691 1
7.49657 19.4258 1.27344 0
6.00327 15.7911 0.635883 1
0.766761 18.2047 2.24271 0
12.3737 15.99 0.986076 1
16.5974 22.6016 4.45459 0
7.75196 18.0295 15.8385 0
6.91812 9.64501 2.19367 0
11.4325 13.722 0.702973 0
0.63181 9.12961 2.00368 0
4.92686 21.3479 0.831596 0
16.8898 18.3236 2.20252 0
9.52759 14.811 1.09766 0
5.03536 14.438 2.24133 0
1.87592 6.43841 13.2039 1
1.69746 8.91474 0.74604 0
12.1534 18.3762 0.691787 0
3.45369 10.6101 0.798902 0
10.8475 15.9463 0.905182 1
11.0138 15.5693 1.00972 0
0.147619 1.53783 1.01305 1
17.088 21.4586 0.607582 1
16.0847 22.4052 1.39587 0
9.20206 14.7722 0.913552 0
1.09516 5.55348 2.0917 0
18.9217 19.1734 25.4364 0
9.33891 11.8412 0.660684 0
18.4975 18.7806 0.956065 0
14.2458 22.9248 0.440026 1
17.3805 20.233 2.23159 0
0.853963 17.6678 1.88893 0
6.35022 12.2208 0.791516 0
5.05416 10.993 0.660563 0
16.2053 17.3713 0.530403 1
3.31729 17.2446 1.04868 0
4.32797 9.46118 0.73935 0
8.6359 18.2606 1.48019 0
16.6514 20.3902 0.733422 1
11.6066 14.1447 1.36246 1
17.8355 22.9849 1.17417 0
17.4092 22.858 1.75503 1
12.3487 23.4796 0.400748 0
16.9888 21.3194 1.46314 0
16.4795 19.1606 1.85865 0
15.2599 18.2582 1.32447 0
12.8668 19.8484 0.811915 0
14.0566 23.6815 0.607287 0
9.3958 20.4146 0.787908 0
18.946 19.3526 1.63032 0
1.33199 1.36829 0.38697 0
5.89193 20.7764 1.73682 0
1.9619 14.7339 2.24711 0
2.98542 9.07869 2.26593 0
0.847758 13.4647 0.795135 0
17.3008 19.2777 0.841737 0
15.3893 15.4958 0.359841 0
10.2959 18.8902 1.03463 0
18.7557 22.7335 1.7311 0
14.7222 23.8435 8.88014 0
1.52592 12.7136 1.46318 0
13.9671 20.3019 1.29731 1
4.08253 9.22804 1.95296 0
10.1678 14.8472 1.40985 0
7.09926 22.9783 4.22593 0
12.4913 23.257 0.634517 1
2.91983 5.98075 1.03403 0
7.24567 20.2036 2.05383 0
11.8441 18.0916 22.5906 0
17.4492 19.5998 0.407891 0
12.5624 19.8267 1.99054 1
3.4572 3.60614 2.17519 0
2.59936 15.6757 3.31708 0
15.1353 16.485 0.623069 0
13.9962 19.3224 1.2817 0
3.83751 22.3524 0.660733 0
13.5342 18.9166 1.33946 1
10.2562 21.4455 0.770809 0
17.552 19.7514 1.60394 0
5.92681 13.293 1.74371 0
13.2649 20.1735 1.70776 1
6.79957 22.3521 0.784196 0
11.1904 20.8528 0.55032 0
12.9362 14.3471 0.890041 1
15.3716 17.42 0.88839 1
17.1052 19.9347 1.8087 0
14.8794 17.2934 1.69628 1
13.8624 19.6106 1.30441 0
12.9364 15.4986 10.0148 0
6.28674 21.4776 1.88235 1
2.48991 15.4847 1.06471 0
12.2145 17.3693 1.57246 0
16.1176 17.5651 0.647068 0
2.70944 22.0329 0.749818 1
12.7038 21.4241 0.511773 0
0.890999 12.49 0.589007 0
15.2058 22.1734 17.4182 1
14.4305 19.8323 2.26331 0
15.6375 20.5457 1.45808 1
12.2676 21.4882 1.08666 1
6.84901 21.6729 0.504934 0
13.161 21.4176 1.89676 0
18.8055 22.9298 1.31276 0
6.0384 22.3451 22.0318 0
0.162191 19.2486 1.75978 1
14.7017 20.5856 0.745345 0
6.34102 19.1049 0.251356 0
8.2333 21.1386 1.09237 0
15.0806 19.1645 1.24541 0
8.13772 18.1573 10.6268 0
13.0648 16.4179 11.1423 0
17.9599 22.7104 1.75614 0
7.99773 17.1322 5.72273 1
1.53405 12.5662 5.94021 0
13.7792 16.1104 11.909 1
1.20189 9.42226 0.355909 0
3.19185 17.4356 0.986174 0
6.41409 21.2997 0.826204 0
4.73427 9.61478 1.41755 0
18.9421 23.7849 24.9148 0
14.4088 17.6473 2.26 0
0.907122 17.5723 0.704568 0
4.82991 13.1927 2.16727 0
18.6594 21.988 0.65739 1
0.806609 14.8491 1.13703 0
0.820138 22.5236 1.93485 0
6.89467 11.9699 1.88303 0
2.58912 13.4726 1.5409 1
5.33462 23.8255 0.44257 0
9.91876 23.1061 0.761414 0
18.622 22.2619 1.07741 0
7.2745 22.1256 1.29428 1
12.7068 22.2887 0.738753 0
3.76856 18.6714 0.565117 1
14.4102 16.2337 28.8577 0
18.3789 20.7283 0.368397 0
13.6781 20.4142 0.351603 0
6.5847 11.6866 1.03584 0
4.13144 16.9046 1.53849 0
6.71079 23.1266 6.76593 1
0.644282 12.7507 2.21056 0
11.29 12.2438 2.13203 0
6.39904 13.5686 0.852459 0
1.30476 12.1217 2.11801 0
400 50 500
0.025 0.0125 10000 3000 15 1e+06 300000 8 12
0 11.2072 4.50073 18.7783 15.7679 19.2346 2.67192 8.20053 16.0144 2.91259 11.8852 18.441 12.0404 8.71481 15.394 6.30984 20.8117 13.982 13.603 19.3939 9.66144 17.5483 14.0661 5.7231 15.8063 6.11986 12.3741 11.9309 10.6555 18.1105 3.2391 12.4415 16.8197 13.1579 15.9904 6.44969 11.1474 5.25471 14.1347 3.54087 23.8277 4.1783 18.6585 14.7505 23.0867 12.5444 14.7869 7.38056 2.17307 16.6912 9.54636 11.8174 13.4496 11.1922 16.192 5.98899 19.943 20.8374 12.5098 14.6126 14.6184 11.7286 8.6087 6.77472 10.923 16.6099 12.0853 11.5417 6.63833 8.96048 12.1833 13.6356 16.3946 7.18059 7.15462 22.5643 7.90095 11.1875 11.9668 12.2322 22.4034 13.2871 12.9482 15.4298 11.6562 14.2211 20.0502 8.08837 13.0687 8.2294 17.1258 3.87489 7.42031 11.1235 15.294 9.82226 18.3355 13.582 18.6473 18.1276 7.9965 15.6207 6.38448 15.7727 12.1838 10.1053 11.4577 23.7733 9.36556 13.8628 17.6397 8.40382 15.9826 15.2403 8.69506 2.70097 13.5354 11.7674 8.76824 3.87592 12.4737 23.6218 9.16491 22.4754 16.6511 9.60509 14.5225 11.0389 12.0228 3.85357 21.684 11.3997 19.439 14.8262 11.7052 17.0829 14.8139 10.9806 11.6842 20.5523 15.6093 8.97889 11.2951 19.7602 16.9988 3.41804 4.56114 11.8342 3.15516 12.1219 10.2703 8.14203 19.0512 23.87 10.3556 11.7416 5.77999 21.5443 7.76737 3.52844 4.53551 14.0246 17.0855 11.8316 9.10098 9.67107 6.82916 11.5352 12.9834 11.6425 15.0881 10.1805 7.93817 14.7318 12.793 9.18735 19.5103 16.6581 17.193 7.20473 13.8177 12.175 9.31604 5.73044 12.0056 18.1278 4.55162 12.8823 13.8554 7.53427 19.2706 15.4622 2.56926 6.65162 18.219 14.4939 13.1303 18.4024 4.08181 17.3072 11.5806 
11.2072 0 10.4068 19.2239 26.0038 16.4219 13.3019 17.7675 16.9063 13.7031 9.19496 12.1569 19.0019 16.3931 14.5429 6.31294 21.1673 3.71486 23.6896 10.8415 6.96763 18.2257 3.9254 10.5082 8.3201 10.1784 5.00284 20.3282 18.2243 18.3688 13.1962 21.01 26.3978 19.2038 19.4695 5.04856 1.02633 6.03063 14.5725 14.6717 25.5478 11.2832 11.8574 17.1745 24.7181 17.9715 3.65656 18.401 12.5868 20.2278 7.87172 9.81664 16.555 15.4368 5.01474 14.732 11.4671 25.822 4.18377 21.0317 7.49521 1.85984 16.6351 16.5289 21.6796 24.5588 2.55349 19.5814 17.7838 19.0422 20.5094 19.3984 10.52 9.41002 18.0149 24.1534 15.7757 21.6936 23.092 22.9566 12.1315 5.97213 3.62258 19.8212 19.5397 21.6211 16.6682 3.19776 24.0537 3.37335 25.6591 13.2449 16.722 17.1529 6.51963 18.9223 23.2786 5.99553 18.1131 7.6287 18.4056 5.15421 9.67939 26.5326 21.9641 16.3765 2.11752 26.2032 18.9278 24.8279 10.0066 19.5144 26.8597 24.7686 2.62662 13.5765 19.1306 5.58823 13.1313 14.2175 6.05265 26.7364 20.1576 23.046 25.4092 16.1276 3.33188 17.9069 2.11115 7.5196 11.1479 10.0932 12.7061 15.5851 10.0463 20.6217 21.4398 2.63813 22.3565 10.6651 26.5613 16.0442 5.85388 9.12574 26.4639 14.6191 14.1211 11.6351 14.0103 21.4978 18.7726 4.67478 10.9785 25.7746 21.4778 17.897 11.8769 24.5565 18.4281 14.633 6.7714 19.7942 15.4915 9.95836 3.80815 2.69869 15.8486 17.0005 22.8455 22.8442 22.318 12.4589 14.268 13.9898 1.87909 10.0167 15.8257 6.5673 22.9251 9.21992 2.74401 21.8058 19.5932 6.64153 7.74252 19.8116 10.8726 20.7475 24.2976 16.5566 25.4791 24.0533 11.9935 6.07228 7.55126 3.69451 2.86514 29.4554 14.5076 15.7922 13.9979 
4.50073 10.4068 0 22.5433 19.5571 22.2109 4.35227 12.5234 19.7793 7.11405 14.3756 20.28 16.5386 13.2142 18.7155 8.09693 24.6118 13.8833 17.5362 20.3654 6.18963 21.3236 14.0388 1.2224 17.0508 1.65665 9.6779 16.3709 8.10559 21.814 7.71259 16.8518 20.8996 17.625 20.2288 5.47847 10.7634 5.99377 17.7049 6.11037 27.9361 8.35289 20.3181 10.4264 27.1697 16.951 13.5014 10.773 3.78857 20.953 5.76003 14.5161 17.5503 15.3957 14.9242 10.4871 20.9664 25.2964 10.1291 19.107 15.9092 10.1871 13.1082 11.108 14.4608 21.0462 10.2947 16.0186 9.78455 8.78395 16.6277 18.0886 18.2667 10.4234 8.38406 26.632 12.4003 14.9413 14.8241 15.7474 22.4706 14.3712 13.2026 19.7775 16.1416 18.7129 22.8949 7.97856 16.2027 8.49039 21.4749 3.28907 6.34738 15.56 15.9814 8.51614 22.7743 14.5979 22.1889 17.9875 11.9799 15.4628 2.0504 19.1303 16.2988 14.5427 11.4667 27.9895 8.54645 17.0018 18.9311 11.5097 19.1886 19.3702 8.51185 6.86638 17.974 8.8167 4.50038 8.20619 9.42238 27.927 12.4782 26.3546 20.9635 6.33594 13.6257 8.05988 11.911 5.49586 21.5382 14.2591 21.1567 18.5086 14.4952 21.3527 19.3132 9.13694 15.2741 20.8575 18.7137 13.4565 8.22833 19.5221 21.1156 6.73216 9.03158 15.0649 7.26612 16.3731 14.7238 9.26439 20.2215 28.0085 13.3022 8.4166 9.94003 25.8131 8.54725 7.22089 5.65357 18.4825 20.3004 14.5714 9.88335 8.06174 5.46022 7.88369 17.0411 14.108 19.5824 5.69032 4.40725 18.0428 12.2551 12.3787 22.2456 16.7602 21.6732 10.3766 12.5359 16.3452 9.39608 7.60401 13.9944 22.1209 0.465962 17.3589 17.5593 11.9826 23.7705 19.8232 2.75256 8.35185 17.945 12.8914 11.4107 21.2448 4.93835 20.5529 15.4472 
18.7783 19.2239 22.5433 0 20.8472 5.51773 21.0784 15.864 2.76973 18.006 10.0291 11.2916 11.1883 12.6778 4.69948 15.2563 2.07771 17.7645 19.0998 15.2747 24.261 1.2301 17.5645 23.6063 13.4741 23.7586 24.0307 13.9424 29.3684 0.856972 16.7177 14.4403 19.1599 9.60796 5.21337 19.4729 18.2269 17.4841 4.941 20.7092 6.38372 14.6228 12.1402 32.8454 5.56003 8.76214 21.429 19.9779 20.8303 5.27344 24.8191 9.42872 5.85874 8.17754 21.9495 14.6532 15.2505 9.85635 23.3432 10.3736 13.2985 21.069 13.1779 16.1243 20.3328 14.4614 21.768 13.144 20.4662 26.5338 13.8394 9.11398 10.9827 12.1803 23.8467 5.00776 13.1207 19.4332 23.1828 20.8678 20.2421 14.0934 16.6218 6.7447 12.8511 12.3053 6.46587 17.8348 22.7658 17.1034 16.2454 22.6165 25.8241 9.93847 15.4332 28.0751 8.4233 14.2886 1.7586 19.0457 17.8997 18.297 23.6962 23.1735 17.4776 10.5592 17.2602 7.31061 27.3651 23.1326 13.5076 21.0314 23.971 18.1285 17.8795 18.1784 8.84618 24.3093 27.0353 17.1742 24.9354 8.27927 20.6399 3.91069 16.6141 28.3706 20.2258 29.8119 17.5874 17.2623 20.6887 9.25491 12.0663 4.04798 9.23151 5.30503 10.8258 21.5279 20.3463 18.3925 24.1925 11.8459 24.3181 20.0859 18.902 19.7201 15.9638 7.89218 18.1715 16.3274 13.9253 15.4299 14.3451 6.65929 22.1867 30.5131 13.0604 6.41214 24.7371 19.0519 17.4115 9.1176 4.29588 9.29394 15.7833 20.7092 25.4107 30.2401 18.0681 24.1346 12.1751 27.8147 26.6292 5.23418 18.8053 10.3658 6.96112 17.7152 9.63632 12.2573 21.0695 17.0432 26.5788 15.5321 11.5411 2.10667 22.8023 12.996 20.5515 14.8185 11.6401 15.5814 21.3438 15.1722 19.5516 22.2005 21.9717 26.9486 22.3047 4.0389 7.20028 
15.7679 26.0038 19.5571 20.8472 0 24.9336 15.2373 8.26139 19.1823 12.8615 21.611 27.8868 9.94643 10.4747 20.9863 19.7937 21.9886 27.7226 2.33595 30.6249 25.3872 20.0145 27.7072 20.6395 27.1348 21.1642 28.0832 7.224 20.2786 20.7827 12.9684 6.58769 2.71163 11.3183 15.6518 21.9426 25.5981 20.146 19.1812 13.4969 21.8165 14.7487 28.5027 27.6277 21.4977 12.4268 29.649 8.82953 15.7686 15.7407 25.176 21.0266 15.7919 14.347 30.9435 11.3299 30.9852 14.8948 28.1255 10.5282 26.1167 26.9854 10.0406 9.47777 5.19111 7.30201 27.4588 8.14217 9.8917 15.2434 7.23849 11.7616 26.2244 17.5637 12.9537 21.2528 10.7852 4.61858 6.41 4.03015 34.9417 25.4616 26.4115 14.1303 8.38468 8.57493 26.034 22.8377 4.7697 22.647 5.89159 16.7322 16.8063 11.7942 27.7167 17.5566 13.9225 25.8035 22.0095 31.4136 7.78488 29.2192 21.6073 2.77751 4.18775 11.7969 25.4681 20.7184 16.5262 4.36824 28.5102 8.36128 3.64153 2.81974 23.3825 13.0671 12.0533 27.5242 22.4416 12.0356 28.236 19.5615 7.27353 22.6387 5.17797 21.0818 29.0607 21.3374 26.0698 18.691 34.6332 20.3491 28.9883 18.989 20.711 15.8483 10.1229 26.4404 4.36247 32.873 4.17171 11.1988 27.0617 33.0228 3.13388 12.8295 11.9082 19.3999 12.6129 5.03634 8.07674 21.6997 29.9273 21.5695 7.15773 22.4952 14.4849 18.5455 13.5676 12.4024 19.4361 11.7312 22.4916 20.9216 22.7663 25.1078 17.2119 23.0849 3.3132 7.90146 8.87405 24.4756 20.5737 20.6412 27.1686 18.3698 26.0282 29.771 12.1479 17.7471 28.7468 4.4752 14.7085 19.3934 22.8417 18.9164 19.3605 7.90805 2.04067 9.56273 11.8943 5.5887 16.8068 20.0854 31.6819 29.6172 28.4064 6.2742 15.0955 22.5077 16.5966 
19.2346 16.4219 22.2109 5.51773 24.9336 0 21.8158 18.6492 5.86284 19.2988 7.95813 6.16137 14.9885 15.434 4.19624 14.2028 6.41313 14.113 22.942 10.1633 22.4823 5.58508 13.8795 23.099 9.16295 23.123 21.4205 17.7417 29.8114 4.99011 18.0079 18.3505 23.6033 13.686 9.98633 18.0533 15.3962 16.4572 5.95449 21.8921 11.0764 15.4373 6.9956 31.974 10.3393 12.5087 17.8641 22.3128 21.4038 10.3041 23.1931 7.71072 9.14176 10.8475 18.0993 16.6484 10.0416 15.3545 20.5964 14.8963 9.37851 18.2661 15.9595 18.5067 23.4717 19.2273 18.9407 16.8476 22.5526 27.8354 17.7043 13.3232 6.49746 12.0597 25.4003 9.86968 15.6202 22.727 26.1772 24.2351 15.0302 10.6056 13.2215 11.4255 16.5844 16.7001 1.10322 15.9111 26.07 15.1567 20.9785 23.0784 26.6352 13.2496 11.3169 29.0145 13.7453 10.6941 3.76349 14.4757 20.566 14.2492 22.9258 26.9858 21.1602 13.5167 14.3151 12.3477 28.4606 26.5574 8.67481 23.4882 27.7187 22.3793 15.7709 19.4117 13.0014 21.9131 26.5283 18.7252 22.4438 13.5431 23.3332 7.97753 21.2403 28.4397 16.6103 30.0526 14.4825 16.7151 15.6149 7.95705 6.75915 5.95782 7.71612 10.4507 15.3926 18.9757 23.6536 13.3082 27.8336 14.5639 22.0591 15.284 23.3995 21.0409 17.625 7.42276 19.5339 20.0737 17.2794 13.6556 9.23976 11.4464 24.9529 30.5711 14.1307 11.8491 26.2323 20.4747 16.6214 13.4546 2.49092 7.64614 13.6342 18.4431 26.0635 30.0945 21.8749 26.8938 16.7668 26.881 26.5635 4.75295 15.538 10.0482 1.44637 13.3701 14.735 12.0495 17.7136 20.7551 28.02 14.6432 8.89323 7.48364 22.5562 17.0525 24.2962 17.3782 16.9502 20.0681 21.6676 14.0024 15.0072 18.7935 18.8894 30.7463 23.1756 2.43221 8.88341 
2.67192 13.3019 4.35227 21.0784 15.2373 21.8158 0 8.64698 18.3347 3.48561 14.5507 21.1104 13.3074 10.0385 17.9053 8.91731 23.079 16.3281 13.2682 21.9905 10.4387 19.8508 16.4317 5.40241 18.4262 5.93017 13.6698 12.6505 8.30227 20.4485 4.56983 13.0469 16.6846 14.6297 17.9131 8.31112 13.3741 7.59578 16.566 1.75812 25.8403 6.49766 21.3207 13.4381 25.1277 14.2208 16.7609 6.42853 0.718652 18.5753 10.0865 14.4684 15.5548 13.2258 18.1868 7.27242 22.5482 22.2632 13.9736 15.8907 17.2391 13.5584 9.80601 7.29919 10.116 17.2595 13.8173 12.4455 5.43232 6.29658 12.9166 15.1565 19.0634 9.79316 4.7222 24.6225 9.25265 10.631 10.5379 11.3984 24.842 15.8736 15.3718 17.1906 12.615 15.1955 22.6539 10.3216 11.8709 10.5716 17.5086 1.79664 4.8252 12.7446 17.8274 7.1997 19.8514 16.1601 21.0586 20.4954 7.7973 17.9661 6.39193 14.7813 12.1374 11.7467 13.8008 25.6663 6.70229 12.6715 20.2705 7.16407 14.8541 15.1948 10.9256 3.24413 15.1068 12.9093 7.62005 4.60504 13.5635 25.39 8.12588 24.683 16.9494 7.61605 16.6331 8.8371 14.3417 6.32865 24.0679 14.0347 22.1048 17.2001 14.3471 18.9517 16.0173 12.6685 10.9327 23.0365 14.3934 10.491 12.3604 22.1112 16.9219 2.49334 5.71667 14.3972 3.498 12.3296 11.0787 10.6777 21.6723 25.8516 8.9878 9.67806 8.02159 23.3798 5.22172 3.11167 6.9289 15.5213 19.6183 14.4785 11.5876 11.4261 4.33467 9.67232 12.8365 9.93217 16.0769 9.43842 6.24497 17.2507 14.9986 11.7848 22.1328 19.0769 18.5486 9.82945 15.7815 12.2254 6.67739 8.33736 14.6731 20.2786 4.12613 13.7613 13.2281 8.40032 20.4141 15.8888 1.61834 9.25356 20.5516 16.3393 14.909 16.9905 1.41036 19.8301 13.8905 
8.20053 17.7675 12.5234 15.864 8.26139 18.6492 8.64698 0 13.5104 5.40937 13.8535 20.4682 5.43758 3.2406 14.4651 11.5338 17.5448 19.4811 5.93251 22.8149 17.795 14.7609 19.4725 13.719 19.2309 14.1797 20.1357 4.04207 15.9709 15.5024 5.04746 4.40047 8.7719 7.08365 11.355 13.9177 17.3415 11.9969 12.6966 7.23048 19.1055 6.49259 20.9921 22.0555 18.5214 7.31773 21.4043 4.29636 8.93766 11.8232 17.7339 13.357 10.0424 7.89159 22.6886 3.07058 23.2263 14.2007 20.0911 7.81702 18.1551 18.8153 2.71897 1.42589 4.90598 8.61259 19.3176 4.01456 5.07571 11.8017 4.31076 7.67579 18.645 9.43421 8.9517 18.1006 3.06416 4.38757 7.5282 5.88856 26.9137 17.3699 18.1821 10.1716 4.24724 6.72541 19.6986 14.6206 7.56808 14.4023 8.95188 10.4189 12.1112 5.9608 19.625 13.8379 12.0353 17.7112 16.5122 23.2382 2.04393 20.9964 14.5138 9.23328 4.20882 5.31646 17.2081 18.5582 12.9129 8.1664 20.7395 5.21274 9.77088 7.15329 15.1535 5.65755 7.76611 19.6729 16.265 4.33566 20.4007 17.9514 4.78091 18.7697 8.4551 15.93 20.8008 16.7919 17.81 10.5814 26.5301 12.6978 21.5742 12.8501 13.071 12.1186 7.81151 18.3389 5.26163 24.8656 9.68809 4.1094 19.264 24.8613 8.90451 6.22102 3.81413 12.0509 5.2709 3.94212 2.62829 13.4393 22.1871 19.0122 6.35859 17.8101 6.29226 16.1912 9.84853 5.54314 11.31 7.94137 16.1636 13.2747 14.507 17.011 12.1109 18.0342 5.08291 8.31255 7.59757 18.0162 14.8141 13.9692 18.9077 10.5076 19.4913 21.6047 10.4826 9.60909 20.5115 4.09718 11.6196 11.1412 14.9074 14.4026 12.4537 5.2425 6.71085 1.40462 12.0055 7.30056 9.9427 11.8241 23.487 21.4044 20.2312 12.7173 9.15144 16.2626 9.77639 
16.0144 16.9063 19.7793 2.76973 19.1823 5.86284 18.3347 13.5104 0 15.3096 7.7763 10.5374 9.27874 10.2785 2.91693 12.5922 4.83252 15.7961 17.2715 14.3321 21.6449 1.5445 15.6157 20.8483 11.9868 21.0075 21.6036 12.0581 26.6171 2.12049 14.0144 12.6299 17.7616 7.87703 4.23153 16.8262 15.9344 14.7952 2.34639 18.0097 8.69152 11.8657 11.3544 30.0972 7.86576 6.78366 19.3588 17.5087 18.0752 4.688 22.1744 7.10641 3.51203 5.6564 19.9998 12.0578 14.4186 10.2845 20.9609 9.03359 11.6031 18.7272 10.7944 13.6418 18.1503 13.3704 19.4257 11.1949 17.9336 23.8686 11.9956 7.48441 9.74902 9.43991 21.2154 7.29952 10.6417 17.3149 20.9542 18.7916 19.308 12.1591 14.5723 5.59665 10.917 10.8502 6.96163 15.3008 20.6683 14.5846 15.1173 19.8583 23.0966 7.73108 13.7586 25.3652 8.27195 12.3945 3.00192 17.5552 15.5206 16.5094 20.9544 21.3423 15.5477 8.20304 15.0242 9.30083 24.6727 21.0938 12.3758 18.604 22.105 16.574 15.388 15.4751 7.16963 21.8242 24.2735 14.512 22.4699 9.94043 18.2872 6.60519 15.3782 25.603 18.1952 27.0505 15.4015 14.5237 19.5891 6.82058 11.4766 1.35435 6.86195 4.92783 9.52978 19.1076 18.2392 17.3446 22.2683 9.42096 21.8001 18.7482 17.5497 17.0354 13.3124 5.33991 15.4856 14.4275 11.7946 12.8987 13.4265 8.89086 19.8675 27.7461 10.3133 7.82147 22.0983 16.3792 14.695 7.59964 3.63813 6.96009 13.3367 18.2227 22.6689 27.4704 16.2138 21.8214 10.904 25.0777 23.8596 3.1788 16.6569 7.6755 7.12972 16.1088 9.01957 9.52386 18.9198 15.1275 23.9361 12.8418 9.39256 2.92726 20.0355 11.276 18.6717 12.3778 11.3872 14.2148 18.5785 12.5274 18.0339 20.0559 19.7104 25.1192 19.5754 3.54715 4.44504 
2.91259 13.7031 7.11405 18.006 12.8615 19.2988 3.48561 5.40937 15.3096 0 12.6486 19.4277 9.82451 6.55387 15.2278 8.09384 19.9566 16.1419 10.6904 20.8961 12.57 16.7899 16.1941 8.31107 17.246 8.77039 15.2447 9.30493 11.6049 17.4298 1.30422 9.75677 13.9229 11.1483 14.5486 9.19764 13.5109 7.67313 13.7359 2.7036 22.499 3.957 19.7597 16.8737 21.8053 10.7771 17.3405 4.69904 3.6166 15.1892 12.4315 12.4122 12.3285 9.96955 18.7176 3.79585 21.4043 18.7777 15.338 12.4095 16.0719 14.4078 6.32253 3.99633 8.08984 13.9643 14.8126 9.02994 4.17745 8.59356 9.56656 11.6794 17.4177 7.68889 6.10839 21.3125 5.77182 8.29594 9.40862 9.39409 24.319 14.9106 14.9932 13.7612 9.1839 11.7691 20.2149 10.5148 10.3606 10.517 14.3609 5.27461 7.88388 9.29309 17.0544 10.0746 16.3694 15.2305 18.1467 20.2063 5.08465 17.7608 9.11063 12.958 9.28948 8.30665 13.6636 22.2658 9.36312 11.142 18.9981 5.83983 13.2161 12.3537 11.1076 0.252791 11.637 14.6643 10.9774 1.135 15.3747 21.9465 6.45665 21.4921 13.8543 11.0871 16.9614 12.2327 14.2534 6.18347 23.7071 11.8787 20.483 14.2644 12.2272 15.5575 12.5444 13.7385 8.82859 22.3822 12.8831 7.02743 14.2005 21.8524 14.1104 1.74766 2.24357 11.9253 0.316845 9.28034 7.688 10.0658 20.4468 22.4929 7.79898 13.1222 5.17284 19.9608 6.9335 1.21494 6.93272 12.0411 16.9756 12.39 11.1087 12.413 7.59199 13.1537 10.0791 9.30702 12.6489 12.6436 9.72178 14.6009 15.1542 9.51642 19.783 18.6613 15.0642 7.78404 16.3879 9.29669 8.73084 7.5566 13.1354 17.0562 7.05035 10.3596 10.9638 4.96749 16.957 12.7095 4.57543 8.43674 20.3528 17.1385 15.8245 15.7535 4.42508 17.1596 10.9097 
11.8852 9.19496 14.3756 10.0291 21.611 7.95813 14.5507 13.8535 7.7763 12.6486 0 6.80629 12.4623 11.1416 5.35822 6.29372 11.9854 8.13321 19.3336 9.01571 14.6382 9.04187 7.97597 15.2064 5.57414 15.2037 14.0338 14.6779 22.1899 9.17424 11.4694 15.3902 21.1096 11.9876 10.8714 10.1051 8.2008 8.52088 5.49094 14.9754 16.362 8.71198 7.21907 24.016 15.5323 10.6042 11.6021 16.5592 14.0406 11.5839 15.3075 0.741853 8.17671 7.97854 12.3145 11.0886 9.39394 17.3648 13.3227 13.7594 4.68373 11.0406 11.5954 13.1825 18.694 17.9301 11.7395 13.7698 16.4929 20.7946 14.7626 11.9677 4.85191 4.96114 18.6518 14.9687 10.9197 18.2403 21.0145 19.7403 13.4665 4.64449 6.85119 11.5781 13.6064 14.9419 8.54946 8.06677 21.3561 7.31247 19.4009 15.5906 19.2745 10.3886 6.64855 21.6866 14.9627 4.93848 8.97302 10.5901 15.3859 9.0611 14.9868 23.0299 17.448 10.0209 7.25736 17.0698 21.2505 21.9963 6.90967 17.7991 23.6098 19.591 8.0088 12.6954 11.6432 14.3719 18.6149 12.389 14.9713 17.698 17.9529 13.8652 19.378 20.674 10.4625 22.3383 7.62533 8.90824 13.3451 1.35127 7.88534 6.49869 1.07322 11.9476 14.2448 11.5323 19.1116 11.3844 23.5416 10.4178 14.4326 12.0339 21.0418 14.2953 11.5294 2.84388 12.9334 16.5932 13.5469 5.73554 8.34513 16.5976 19.5591 22.7832 7.90096 15.549 19.401 13.8634 8.73471 12.3022 6.47626 0.894834 5.86543 10.7963 18.6171 22.2463 18.3037 21.382 15.418 18.9232 18.7677 4.79489 8.88246 3.36069 7.87343 8.98896 15.0246 4.86559 11.144 17.1369 21.0861 6.77158 1.67899 10.7021 14.745 14.5698 20.4072 12.4494 17.6216 18.0191 14.1393 6.07086 10.9945 12.2802 11.9596 26.5706 15.9553 6.76951 5.87541 
18.441 12.1569 20.28 11.2916 27.8868 6.16137 21.1104 20.4682 10.5374 19.4277 6.80629 0 18.2251 17.5535 7.71969 12.3504 12.5111 9.05434 25.6795 4.01401 18.9302 10.9553 8.80214 20.9122 3.87264 20.7921 17.0314 20.7398 28.3312 10.5809 18.2667 21.4283 27.0629 17.3361 14.6963 15.245 11.1988 14.291 9.2484 21.6776 17.2124 15.5082 0.849309 28.9941 16.4579 15.9796 12.6568 23.3539 20.5475 15.215 19.7676 7.16857 12.8336 13.6348 12.6037 17.8249 3.95919 20.7718 16.1047 18.9013 4.69235 13.8534 18.0433 19.9018 25.3563 23.2802 14.4568 19.8126 23.2992 27.4006 20.7775 17.1408 2.04812 11.7552 25.3734 15.9696 17.4521 24.8311 27.7599 26.3467 8.95274 6.28735 8.56963 15.895 19.6037 20.436 5.7491 12.7503 28.0233 12.0683 24.9182 21.9734 25.7092 16.2068 5.96618 28.12 18.8059 6.19528 9.58091 8.48034 22.1003 8.73286 20.4581 29.5206 23.8022 16.0938 10.1022 18.4267 27.7654 28.6345 2.66937 24.5924 30.1472 25.6411 12.4047 19.464 16.8004 17.726 24.1496 19.1942 18.1303 19.537 24.7149 14.1336 25.0279 26.6049 11.4153 28.3399 10.051 15.0724 9.46575 7.80046 1.10726 9.88337 7.42708 15.4651 19.4112 14.7931 25.724 7.15812 30.126 16.7561 18.0108 9.15605 26.9374 21.0466 18.3303 8.49962 19.7174 22.8536 19.8326 11.022 3.08533 17.5721 26.3294 28.6379 14.6908 17.7005 26.0948 20.6407 14.71 17.3867 7.10237 7.23149 10.5324 14.6231 24.9908 27.9572 24.6232 28.1696 20.7264 24.0223 24.6677 7.75624 10.8069 10.1182 4.89589 7.5975 19.4308 11.6491 12.7317 23.4545 27.734 12.9098 6.44024 12.9688 20.6972 20.3853 26.8544 19.0745 21.884 23.7272 20.5116 12.0469 9.01894 13.7032 14.133 33.1436 22.5207 7.31275 11.3509 
12.0404 19.0019 16.5386 11.1883 9.94643 14.9885 13.3074 5.43758 9.27874 9.82451 12.4623 18.2251 0 3.32692 11.0633 12.8117 12.6217 19.7205 7.99302 21.299 20.856 10.2359 19.6427 17.7603 18.0216 18.1373 22.4267 2.7812 21.1583 11.0064 8.89778 3.36242 8.84106 1.70297 6.22167 16.3266 18.3226 14.1306 9.26936 12.1942 13.7254 8.64071 18.9007 26.6641 13.1752 2.4953 22.411 9.71912 13.4101 6.56878 21.0098 11.7871 5.84732 4.60151 23.5098 6.09407 21.5895 8.97045 22.1525 2.58787 17.1385 20.4304 3.50204 6.33242 9.25821 5.60797 21.0412 1.95636 10.5089 17.2028 2.71987 2.29107 16.7208 9.61604 14.3542 12.7816 4.14035 8.2975 12.1409 9.69689 25.9182 16.8204 18.3511 4.87156 1.66292 2.62306 16.0883 16.1842 11.6 15.7333 6.95341 15.099 17.3111 2.07421 19.0006 19.1758 6.65681 17.1517 12.1795 22.896 7.3933 21.0149 18.3491 12.066 6.29928 2.63507 17.865 13.1273 18.28 11.9465 19.1704 10.5399 12.8368 7.46895 16.591 10.0701 2.45195 22.1977 20.7186 8.70291 22.9308 12.5197 9.91165 13.6452 6.91737 20.873 21.5536 21.9016 18.4296 13.0114 25.8017 11.1212 19.3098 9.04288 11.45 6.81951 2.77701 20.2567 9.19579 23.837 13.0249 3.18576 21.9121 24.4142 8.71273 11.1269 7.62862 9.90391 9.81697 5.16099 2.95495 14.3334 20.5257 13.6133 11.3296 22.8571 7.41509 10.7596 15.2572 10.3982 13.6025 2.51473 12.5458 11.6588 15.2843 19.0084 17.202 22.956 6.93725 13.2302 3.3356 22.2206 19.546 10.7524 19.6764 9.61671 16.0867 21.2544 5.24394 9.80955 21.6451 5.87002 17.0452 12.6392 13.9324 9.45196 16.5855 2.16013 9.40447 5.01842 7.2355 5.56569 14.299 12.9951 23.2491 22.6825 21.7654 15.8445 14.0988 12.5615 6.88374 
8.71481 16.3931 13.2142 12.6778 10.4747 15.434 10.0385 3.2406 10.2785 6.55387 11.1416 17.5535 3.32692 0 11.2615 10.0904 14.4149 17.5699 8.19224 20.1573 17.6762 11.5544 17.5259 14.4362 16.6607 14.8177 19.4622 3.93741 18.0347 12.2885 5.578 4.62897 10.2171 4.59997 8.39877 13.2786 15.8131 11.1349 9.47954 9.03038 16.3018 5.49623 18.1269 23.3505 15.6665 4.4038 19.9276 7.31354 10.1094 8.94815 17.7866 10.5723 6.83151 4.65099 21.1157 2.78002 20.5275 12.2299 19.2609 5.90791 15.6504 17.6852 0.525704 3.50866 8.04602 8.33002 18.2606 3.2086 7.88692 14.3541 4.11653 5.14389 15.814 7.28732 11.5391 15.2135 0.813871 7.36482 10.7517 8.88714 24.4832 15.0554 16.2213 7.38856 3.2096 5.62273 16.4915 13.4131 10.6718 13.0453 9.28142 11.8217 14.2178 2.93251 17.3022 16.2014 9.81766 15.3965 13.2796 21.0733 5.24255 18.9875 15.0386 11.9671 6.30654 2.12517 15.4948 15.9112 15.3548 11.2075 18.0475 8.35382 12.6029 8.6247 13.8734 6.79437 5.12927 19.1616 17.3978 5.45205 19.897 15.4808 8.00942 15.7215 9.0162 17.6367 19.1759 18.7298 16.0831 9.91301 24.2112 9.89713 18.6604 9.61088 10.2632 9.28192 6.09911 17.4006 8.28293 22.4104 12.6131 0.871355 18.8398 22.6586 10.2211 7.95979 4.32929 9.06229 6.57292 5.48485 2.47635 11.8037 19.4728 16.2489 9.59763 19.653 4.52466 13.568 12.4476 7.22906 10.5515 5.49515 12.9451 10.4728 12.8231 16.1146 14.0439 19.7072 7.16406 11.5513 6.459 18.8943 16.261 10.7861 17.2748 7.9009 16.3104 19.4238 8.53025 7.4795 19.1017 5.99954 14.2774 9.82956 12.3748 11.3062 13.2587 4.46257 9.30537 2.15728 10.5564 7.6617 10.9825 10.3209 21.3729 20.0869 19.0615 15.6131 10.9037 13.0373 6.58726 
15.394 14.5429 18.7155 4.69948 20.9863 4.19624 17.9053 14.4651 2.91693 15.2278 5.35822 7.71969 11.0633 11.2615 0 10.995 6.62741 13.1021 18.9246 11.4399 19.8212 3.82431 12.9085 19.6937 9.08836 19.7821 19.3897 13.764 26.0405 3.84259 13.928 14.4031 19.8332 9.92238 6.98015 15.1211 13.5404 13.2667 1.81239 17.8619 11.0744 11.4435 8.51665 28.8007 10.2474 8.64332 16.7429 18.1213 17.5422 7.52244 20.4326 4.80229 5.31435 6.72829 17.2989 12.4641 11.548 13.1934 18.6804 11.3446 8.75843 16.3934 11.7864 14.3107 19.3064 15.737 17.0917 12.8519 18.3778 23.8041 13.75 9.64353 6.83481 8.32592 21.3079 9.68937 11.4286 18.5852 21.993 20.0994 16.4072 9.43542 11.9357 8.18822 12.6028 13.0128 5.23355 13.3066 21.9189 12.562 17.4311 19.2663 22.7296 9.21077 10.9132 25.081 11.1152 9.64666 3.65469 14.6673 16.3723 13.7155 19.6537 22.9366 17.11 9.39261 12.5644 11.9004 24.4823 22.4236 9.46433 19.2936 23.6491 18.5238 13.3053 15.3541 9.30711 19.7084 23.1437 14.6026 20.318 12.6904 19.1381 8.50714 17.6117 24.806 15.548 26.3578 12.888 13.268 16.6737 4.73406 8.70678 2.18237 4.64576 7.79465 11.8539 16.8875 19.5104 14.4338 23.7381 10.3936 19.7471 15.8389 19.6623 16.975 13.4794 3.65128 15.4503 16.0512 13.1847 10.916 10.5419 11.3346 20.7587 26.951 10.0569 10.6297 22.154 16.385 13.2999 9.84326 1.75479 4.67824 11.181 16.119 22.2046 26.559 17.8548 22.6985 13.2038 23.7204 22.9769 0.67274 14.107 6.33908 5.07599 13.2469 11.7141 8.35359 16.3717 16.7164 23.9586 11.3473 6.8423 5.70267 19.0238 13.1857 20.2419 13.1851 14.1668 16.3681 17.8949 10.8617 15.1524 17.5035 17.2765 26.6789 19.2344 1.9331 4.69116 
6.30984 6.31294 8.09693 15.2563 19.7937 14.2028 8.91731 11.5338 12.5922 8.09384 6.29372 12.3504 12.8117 10.0904 10.995 0 17.3262 8.10956 17.4663 13.0844 9.08939 14.0928 8.14197 8.91304 9.50891 8.92091 9.75587 14.0216 16.0261 14.4549 7.30071 14.7002 20.0974 13.1805 14.1957 4.24106 5.81231 2.27613 10.3156 9.78559 21.1956 5.04762 12.4868 17.8339 20.3835 12.044 9.90198 12.6992 8.30019 14.9652 9.58508 6.49408 11.2621 9.68871 11.1603 8.4729 13.6358 20.2404 9.38646 14.9793 8.32201 7.62488 10.3235 10.3601 15.7062 18.3139 8.22966 13.2879 12.2701 15.1982 14.2065 13.4431 10.3086 3.5024 13.454 19.822 9.46349 15.6081 17.4225 16.9459 16.2386 6.97871 6.91285 14.2545 13.2566 15.4142 14.8379 3.37391 18.2014 2.9549 19.3671 9.63582 13.3784 11.0649 9.02546 15.7837 17.6519 7.27691 14.6077 12.121 12.3539 9.70524 8.72902 20.499 15.7058 10.2182 5.71313 21.5599 15.4702 18.9483 11.3566 13.8914 20.892 18.4697 3.79134 8.03347 13.2058 9.69571 12.3289 8.34794 10.4057 21.828 14.3813 19.1624 19.1041 14.4184 9.26703 16.1091 6.31548 2.72231 15.6133 6.32886 13.296 11.2461 6.51671 15.3738 15.3559 7.47142 16.3294 14.3287 20.6517 9.77701 9.53551 13.7678 20.1573 9.39908 8.02852 7.40753 8.41058 15.2022 12.4598 1.98506 12.755 21.3463 15.8306 16.5129 5.56808 19.6346 14.077 9.2024 2.44469 13.8497 12.4525 6.56607 3.05111 6.27348 12.6448 15.9557 16.5914 17.3988 16.1454 12.7433 12.5 10.3333 7.37595 4.92324 14.1667 10.5677 17.0719 3.3444 9.04104 15.5306 15.5947 0.580193 5.95119 15.2812 8.47921 14.4777 18.1572 10.2814 19.558 17.7521 8.17611 0.346674 12.2841 10.0023 8.98145 23.6167 10.3136 12.7237 8.76634 
20.8117 21.1673 24.6118 2.07771 21.9886 6.41313 23.079 17.5448 4.83252 19.9566 11.9854 12.5111 12.6217 14.4149 6.62741 17.3262 0 19.5507 20.3745 16.5251 26.3152 3.28829 19.342 25.6791 15.0534 25.8339 26.0137 15.3123 31.3766 2.87507 18.677 15.7523 20.1225 10.9686 6.42481 21.5374 20.1617 19.558 7.01373 22.6597 4.72151 16.6464 13.3565 34.9216 3.94906 10.2979 23.2512 21.7283 22.8472 6.24984 26.8816 11.4131 7.68463 10.0432 23.709 16.5235 16.4348 9.71048 25.3078 11.4613 14.9847 23.0194 14.8998 17.9003 21.8605 15.2733 23.7174 14.5695 22.267 28.444 15.1831 10.4287 12.4739 14.2572 25.7273 3.46052 14.9109 20.918 24.7331 22.313 21.4311 15.886 18.4526 7.89907 14.2709 13.415 7.14956 19.8658 24.2173 19.13 17.0517 24.6378 27.8017 11.5847 17.0876 30.0311 8.79946 16.0608 3.1373 20.5727 19.5883 19.989 25.7733 24.4226 18.8397 12.29 19.1732 5.93454 29.3024 24.538 14.8948 22.745 25.2418 19.2148 19.8953 20.1358 10.1993 26.316 29.1057 19.0941 26.9336 7.16935 22.2963 1.87981 17.4917 30.411 22.0323 31.8372 19.477 19.3396 21.9756 11.2747 13.167 6.12527 11.2321 6.1482 11.8698 23.511 21.8174 19.6683 25.5061 13.6083 26.3378 21.5186 19.834 21.6569 17.8766 9.94738 20.1116 17.6792 15.4644 17.4628 15.5959 5.06634 23.8112 32.5515 15.0721 5.68446 26.6234 20.978 19.4888 10.3636 5.88971 11.283 17.7861 22.7198 27.4067 32.2918 19.3706 25.7477 13.1638 29.8923 28.6806 7.20774 20.6735 12.4416 7.82435 19.3154 10.2704 14.3348 22.9315 18.3991 28.4669 17.6065 13.4465 3.17185 24.8673 14.2695 21.853 16.5699 11.9305 16.5673 23.3795 17.2379 21.0905 24.057 23.8841 28.1777 24.2866 5.59958 9.23209 
13.982 3.71486 13.8833 17.7645 27.7226 14.113 16.3281 19.4811 15.7961 16.1419 8.13321 9.05434 19.7205 17.5699 13.1021 8.10956 19.5507 0 25.3867 7.19856 10.6363 16.9215 0.253043 14.0983 5.20473 13.8023 8.10768 21.4611 21.8329 16.9141 15.4073 22.1698 27.7783 19.5997 18.9911 8.41076 3.12766 8.74874 13.5835 17.5205 24.1465 13.0796 8.61194 20.8379 23.3243 18.2655 3.75202 20.792 15.6316 19.7111 11.5539 8.86356 16.2267 15.6207 4.20385 16.4135 7.82238 25.4792 7.14493 21.4273 4.73778 5.03569 17.902 18.39 23.8029 25.3258 5.55045 20.6306 20.3139 22.3219 21.6063 19.6847 7.746 10.2832 21.0404 22.7719 17.0768 23.6655 25.5181 25.0307 8.59884 3.67118 1.37026 19.6184 20.5368 22.3239 14.1572 6.03786 26.3105 5.76309 26.6136 16.5103 20.1089 17.7219 3.10629 22.377 23.042 3.49147 16.4178 4.16962 20.4369 1.6397 13.325 28.5685 23.5713 17.1035 2.52871 25.0009 22.3097 27.0554 6.63732 21.9711 28.9829 26.1716 5.44955 16.0585 19.3819 8.91513 16.8283 16.4543 9.22556 25.7339 22.4871 21.3963 26.4632 19.7773 2.5023 21.5591 1.99662 10.1331 7.74594 9.35114 9.42552 14.5762 9.17078 20.078 21.8819 6.13359 24.4101 7.00044 28.7544 17.0607 9.29686 5.78476 27.7906 17.3031 16.1159 10.9352 16.4582 22.9505 20.0369 6.12729 7.4288 24.4223 23.9197 21.5833 13.2483 23.6142 21.5373 17.1962 9.45062 20.0533 13.6791 9.01786 5.05856 6.41281 19.2569 20.7024 24.46 25.4396 22.9231 16.1699 17.8954 12.6635 1.92674 10.1511 13.2794 2.88853 22.9758 10.0906 3.68434 23.3534 22.8312 8.61019 6.45844 18.7146 14.3477 21.6649 26.1693 18.1598 25.5745 25.0881 15.1708 7.78183 4.23707 4.70602 5.0955 31.725 17.622 13.976 13.7826 
13.603 23.6896 17.5362 19.0998 2.33595 22.942 13.2682 5.93251 17.2715 10.6904 19.3336 25.6795 7.99302 8.19224 18.9246 17.4663 20.3745 25.3867 0 28.3493 23.2547 18.1996 25.3713 18.6522 24.8407 19.165 25.86 5.2139 18.9209 18.9706 10.7152 4.66287 3.51489 9.49449 13.9664 19.6916 23.2735 17.859 17.1132 11.5596 20.6163 12.4239 26.2792 26.0182 20.2269 10.4879 27.3313 6.97746 13.7567 14.1401 23.0813 18.7618 13.8192 12.229 28.6201 8.99824 28.719 14.0741 25.8775 8.97942 23.8128 24.6954 7.74359 7.17655 3.63708 6.58317 25.1783 6.09503 8.0789 13.9965 5.28156 9.98876 23.9848 15.2334 11.4889 19.9352 8.47012 2.73791 5.77902 2.90964 32.6311 23.1388 24.0756 12.4754 6.36278 7.05795 24.0371 20.5305 4.47415 20.3287 5.65378 14.8449 15.2922 9.71438 25.3946 16.299 12.7487 23.4808 20.1631 29.0819 5.61012 26.8836 19.5846 4.07784 1.88591 9.62536 23.1355 19.6421 15.2714 4.47238 26.2397 6.75168 4.87295 2.36924 21.0709 10.9064 10.2538 25.327 20.6455 9.81211 26.044 18.6088 5.64931 21.1659 4.90769 19.524 26.7333 19.9341 23.7369 16.4134 32.3111 18.0856 26.7838 16.9844 18.4501 14.2923 8.63864 24.1716 2.90312 30.5651 5.1429 8.9429 24.8784 30.6928 3.82853 10.8102 9.6184 17.1817 10.4575 2.8735 5.84727 19.3674 27.6635 20.4047 6.002 21.0702 12.1495 17.3806 12.195 10.3274 17.1549 10.0173 20.4774 18.6602 20.4334 22.8396 15.6094 21.5737 1.06994 7.25657 7.53995 22.6233 18.8618 18.5488 24.8398 16.0713 23.9896 27.4401 10.9528 15.4161 26.4333 2.22752 13.5337 17.0712 20.5392 17.2464 17.3674 6.11209 1.50419 7.22684 11.1792 4.70852 14.8001 17.7561 29.3483 27.3129 26.1151 7.85726 13.2607 20.5102 14.4473 
19.3939 10.8415 20.3654 15.2747 30.6249 10.1633 21.9905 22.8149 14.3321 20.8961 9.01571 4.01401 21.299 20.1573 11.4399 13.0844 16.5251 7.19856 28.3493 0 17.8065 14.8769 6.9627 20.7824 3.65569 20.5606 15.2321 23.6409 28.4603 14.5434 19.868 24.3484 30.056 20.6019 18.3906 14.9711 10.0663 14.5956 12.783 22.8426 21.2252 17.1682 3.17026 28.0141 20.4719 19.2182 10.2109 25.1942 21.355 18.9585 18.7132 9.60546 16.2713 16.7122 9.77863 19.9506 0.625653 24.6135 14.2514 22.2667 4.82418 12.2287 20.61 22.0516 27.5993 26.5897 12.7133 22.7238 24.9752 28.2452 23.7113 20.476 4.68008 13.5416 26.5285 19.9834 19.9236 27.2004 29.7883 28.6868 4.98649 6.11888 7.34281 19.4895 22.5446 23.6624 9.67599 12.4159 30.2467 11.875 28.1568 22.5567 26.2825 19.2337 4.42313 28.6488 22.5487 5.84259 13.5792 5.04515 24.2466 6.22395 20.1384 32.0229 26.4638 18.9657 9.10893 22.4388 28.4335 30.9125 2.12921 26.4319 32.585 28.563 11.9291 20.8855 20.1378 16.0874 23.755 20.8699 16.3524 23.5362 26.7043 18.1403 28.1985 26.5313 9.08381 28.3072 8.82332 15.6858 5.45297 10.2837 3.51413 13.5353 9.92774 19.2345 22.7716 13.3314 28.0559 3.14544 32.4928 19.4281 16.4884 5.33371 29.9685 22.3708 20.1793 11.3951 21.2044 25.6027 22.5559 11.3446 0.9307 21.5858 28.2759 28.4424 16.6792 21.6732 27.1612 22.0773 15.1638 20.7586 11.0358 9.71644 10.5413 13.5221 25.4887 27.6316 27.3189 30.0192 24.0386 23.2664 24.6083 11.3591 9.12479 12.3158 8.85303 4.77253 23.0427 13.3934 10.5592 26.1516 28.6645 13.6642 7.93448 16.8873 20.815 23.4427 29.4134 21.411 25.554 26.8609 21.1233 12.7438 5.56565 11.3332 12.1192 35.523 23.3767 11.2636 14.4561 
9.66144 6.96763 6.18963 24.261 25.3872 22.4823 10.4387 17.795 21.6449 12.57 14.6382 18.9302 20.856 17.6762 19.8212 9.08939 26.3152 10.6363 23.2547 17.8065 0 23.124 10.8615 5.50265 15.1747 4.96985 3.83837 21.3 12.3659 23.4406 12.7492 21.8745 26.4774 21.5966 23.1992 4.85872 7.81061 7.04162 19.3371 12.1746 30.2793 12.2162 18.7087 10.2077 29.4649 20.6377 8.79435 16.7485 9.79622 23.9653 0.939335 15.0665 20.2903 18.5305 10.0848 15.2288 18.4321 29.017 4.5803 23.2864 14.2389 5.74705 17.715 16.3775 20.4102 25.933 5.47869 20.7774 15.8242 14.5983 21.5359 21.9572 17.1444 12.5011 14.5457 28.9023 16.8975 20.7799 20.9724 21.7141 18.6366 12.6444 10.5519 23.1209 20.8378 23.2969 22.906 6.57848 22.3015 7.33425 26.6213 9.46781 12.0173 19.4424 13.4773 13.7817 26.4258 12.7404 23.4747 14.2022 17.6446 11.9141 4.38438 25.1738 21.8415 18.4792 8.86903 30.646 14.0922 23.1029 16.9261 17.5828 25.2801 24.8911 6.72284 12.3498 21.7681 2.81975 6.81973 13.5178 3.30979 30.8824 18.4999 28.1715 26.1934 10.0965 9.38158 11.7944 9.03505 7.88584 17.5046 15.0883 19.5658 20.2928 15.1858 24.3752 23.5868 4.56566 21.2037 17.4062 24.8295 17.6704 2.18366 15.5027 26.65 12.6358 14.0218 16.3693 12.7974 21.7356 19.6266 8.91924 17.941 30.434 19.4264 11.5346 13.5218 28.6935 14.6412 12.9962 7.39056 22.3672 21.1037 15.1756 8.84858 4.32803 11.1245 10.5067 22.6447 20.2931 24.1212 5.65141 8.49584 19.1845 8.71881 14.0031 22.1176 13.3954 25.6339 12.3665 7.96751 21.8216 15.2673 8.93163 13.5954 24.3672 6.5436 22.0952 23.4376 16.964 27.9824 24.9518 8.82245 9.12489 14.0003 7.88335 6.47021 27.4129 11.1279 21.3931 17.8343 
