100
12.891 23.2255 1.38367 0
16.12 20.5828 1.81008 1
12.1123 22.9618 0.961545 0
10.3194 19.4569 17.0309 0
7.12387 13.1645 2.05034 0
5.99808 22.0498 0.694154 0
2.36788 5.70552 2.07761 0
9.11921 13.5387 0.790776 0
16.5589 21.3137 0.789422 0
12.4669 13.2542 23.5437 0
16.5612 18.927 0.267252 0
10.7655 14.6924 1.31716 0
1.12722 19.6509 0.674775 1
3.12646 17.2097 1.62727 0
16.3987 23.7084 0.697972 0
5.3742 19.0131 0.638925 0
7.6559 14.1292 1.61775 0
10.423 13.5531 1.97728 0
17.0122 19.3141 0.728906 0
9.46529 23.8549 0.784916 0
13.2873 17.5629 6.69126 0
1.42487 15.5746 8.0376 0
9.63664 16.3467 13.3606 0
17.2717 22.4988 1.32799 0
0.33482 2.26265 1.95843 0
15.4267 19.7259 1.39852 0
12.1816 21.6866 5.31103 1
1.00234 21.1024 0.715168 1
1.43019 17.9907 7.81598 1
10.1662 11.7832 1.35152 0
7.54556 23.564 1.81066 0
5.8815 16.9983 1.56441 0
11.6218 13.3588 0.47235 0
12.7177 18.9598 0.292817 1
9.66245 21.5316 0.409 1
9.44056 11.9889 1.66008 0
12.6619 21.7184 2.11767 0
2.89159 12.4438 1.77434 0
5.82279 21.721 0.525924 0
9.46178 17.5516 0.883834 0
14.6961 16.1627 15.7876 0
0.365239 17.5852 2.23062 0
0.88022 2.53535 11.7356 0
6.83775 21.8215 1.26925 0
13.6791 21.7957 26.1287 1
14.39 18.4084 0.864623 1
17.3648 20.4856 1.93614 0
14.5196 23.1674 1.69316 0
15.3802 17.5418 0.34666 1
4.5423 7.25688 0.878079 0
7.84667 22.138 0.338468 1
0.112816 2.17136 0.889087 0
4.23973 19.9644 0.348298 0
3.52413 11.6054 5.71689 0
9.12894 13.6912 1.96744 0
18.2463 21.6532 0.299615 0
12.4838 21.478 0.758815 0
12.9219 18.0102 0.308894 0
1.36437 21.3923 0.973003 0
18.3568 19.4118 1.41767 0
9.27034 13.4773 2.01387 0
13.1519 23.838 1.98227 0
18.9399 19.9079 1.6029 0
1.10157 1.22244 0.276215 0
0.291533 4.23246 2.00264 0
0.997592 18.7391 0.342422 0
17.7805 18.9311 11.0435 0
0.638879 21.8865 10.521 0
7.56681 11.2655 0.239377 1
17.6563 19.0918 1.9596 0
18.0706 23.5158 1.95147 0
4.41425 12.4581 1.57558 1
0.304048 14.9349 2.0053 1
14.349 16.8093 3.58121 0
7.36122 11.9263 0.9695 1
9.71534 21.1059 0.476736 0
12.042 15.5767 2.14024 1
13.9489 14.8575 2.07281 1
9.28378 11.968 2.06423 1
8.64773 16.1979 17.5884 1
9.50691 11.6648 0.252233 1
8.84455 18.7882 0.322177 0
15.0867 19.264 0.31305 0
16.5968 22.2527 1.25624 0
16.3336 21.2066 1.77429 0
1.24137 23.7529 1.32286 0
0.895075 8.57243 17.4278 1
5.72715 8.86414 4.433 0
15.7796 17.552 9.10497 1
4.69965 6.90788 19.7458 0
16.0498 23.1433 1.69812 0
9.7942 12.9231 0.212591 0
7.34029 23.4011 1.38598 1
10.4505 16.3275 0.432679 0
0.725605 1.21907 13.8077 0
4.65817 8.04415 1.75503 0
7.37076 16.972 1.08484 0
13.685 16.9698 1.64223 0
15.1107 16.0615 1.50982 0
9.06544 18.7692 2.00246 0
400 50 500
0.025 0.0125 10000 3000 15 1e+06 300000 2 2
0 43.5895 11.0416 9.70991 27.851 9.62353 40.759 5.67001 37.1987 5.52087 31.0933 3.28636 45.1198 19.4239 9.52516 27.1482 18.1587 19.0121 15.8735 35.2251 11.7806 27.3836 37.9391 27.2267 20.8104 45.7608 48.9094 34.6625 22.977 20.4232 38.8181 23.6901 10.5498 40.2465 44.0434 26.8915 26.7587 21.917 42.6359 25.7873 28.5341 30.4249 30.9011 30.7769 14.4704 2.92167 18.7257 9.01984 27.7079 30.4859 19.8529 29.5337 10.5362 39.1207 31.1973 20.1888 3.95546 37.6788 47.1689 20.9757 45.8649 34.988 38.9114 17.9728 35.7097 34.9579 2.74401 44.4518 35.0357 38.773 3.01489 44.46 29.1603 13.9652 34.4296 11.9457 42.9158 40.5517 28.3014 33.5286 23.2891 25.965 25.497 49.2152 19.2896 20.0714 45.0261 21.1517 4.65727 5.76048 5.58169 34.5591 29.638 24.6747 11.1301 6.13096 49.0647 32.9563 36.96 38.6316 10.6641 
43.5895 0 42.8265 36.5153 22.3018 43.8193 5.46028 48.815 13.4961 48.9912 12.9169 42.1184 15.0418 25.9069 43.1526 42.8442 25.7367 45.9408 28.2363 12.8753 32.6352 46.0453 26.8052 38.4374 29.713 2.18506 21.2559 45.1733 43.0325 23.3955 7.0196 20.5295 44.6524 9.8474 17.0248 43.0458 45.5938 39.8492 15.3549 18.4543 23.6124 38.9964 13.7237 12.815 29.3991 41.9105 27.4466 35.1464 42.694 36.0156 36.5177 21.1667 43.4994 5.24911 18.5916 26.2589 39.8751 17.6361 12.9995 24.1264 2.81695 24.8193 9.572 27.483 19.9158 13.7009 41.6785 2.03714 18.6457 21.3571 46.5286 10.4926 16.5603 37.3945 45.0146 35.4311 26.0666 5.7468 26.2486 43.0445 24.9299 24.8562 30.3748 11.7364 27.596 36.6785 26.1606 24.7497 42.5303 38.7749 40.9821 9.05715 30.8078 40.2781 49.3041 37.5677 10.119 35.1404 7.22451 11.4711 35.4945 
11.0416 42.8265 0 17.7458 32.5014 20.4596 38.8714 11.2214 39.8443 14.2061 31.8588 13.7287 40.6119 23.5172 1.57335 16.3116 17.8606 8.11488 19.4181 32.0401 11.4659 16.349 43.9654 17.0805 14.577 44.991 43.1733 23.8329 12.0315 20.0794 39.5955 22.4046 21.4663 37.1605 39.0228 16.0279 15.7292 11.4524 38.0073 24.4162 22.8369 20.2335 32.2503 30.5286 17.8914 13.1793 23.6665 15.1017 16.9019 20.8822 10.5305 24.5776 21.2916 37.7843 34.9235 16.6578 9.6592 32.6403 43.271 24.4969 45.4408 40.6609 40.5188 22.5527 30.1819 31.5351 8.90651 43.1986 39.0691 32.6861 12.5968 41.0524 26.5859 5.87018 23.6057 7.50723 35.7535 41.1644 34.3249 22.8661 18.7398 20.4086 17.7605 45.8434 24.5543 10.6581 37.9409 18.1194 6.41361 8.32456 15.6237 34.3622 36.9219 14.1425 22.0171 12.5159 46.1159 23.5713 35.6631 40.772 18.2626 
9.70991 36.5153 17.7458 0 18.4885 7.61295 34.5836 15.2667 28.4038 13.8479 23.6217 6.80045 40.828 10.8424 16.6376 31.6517 13.502 25.6749 8.44537 30.39 10.4462 32.8019 28.2315 30.3485 20.6594 38.6189 45.5662 38.7947 28.0891 15.1871 30.9563 18.5934 8.63484 35.0148 40.2522 31.49 32.137 26.0532 38.5671 20.4356 26.5683 33.3818 23.0667 24.0282 7.67478 6.92318 9.69489 3.36397 32.0932 32.5479 22.8406 26.766 7.60669 32.6262 22.095 17.7987 8.31026 34.2654 42.2769 12.5865 38.4997 25.3105 30.5818 9.25713 32.8871 30.3394 9.77323 37.6751 25.7323 36.2677 11.8086 39.2817 24.373 17.5236 38.5528 13.9603 41.2618 32.7257 18.616 37.2479 21.0932 24.2206 25.9229 43.8244 10.0394 23.1172 43.1897 18.08 12.2723 9.42786 4.86864 27.5164 20.0141 28.6651 12.8981 5.23039 43.3511 34.5364 30.5512 30.0384 1.08024 
27.851 22.3018 32.5014 18.4885 0 24.3072 22.8798 33.5183 10.6882 32.3357 11.2634 25.2385 32.4682 8.9937 32.003 41.009 16.4193 38.9412 13.0914 22.9314 21.1749 43.345 11.9706 37.8625 26.1731 24.0151 38.5901 46.5566 38.9195 15.2706 15.4438 16.0891 24.8483 25.5143 33.066 41.0142 42.7124 35.9504 31.0546 16.04 26.5218 40.0618 9.69168 13.7837 14.633 25.2858 9.19027 18.9545 41.2024 37.9409 32.0224 25.0633 23.6964 20.4835 4.08308 21.2396 25.2316 29.0288 32.3984 8.11381 23.3855 8.49746 13.8588 10.1277 29.228 23.4066 27.0711 24.0415 7.24662 32.5057 30.2378 29.1747 19.2108 29.2075 46.3305 25.6783 38.3219 17.0778 4.50329 44.5435 22.9709 25.4892 30.3327 32.661 8.56165 32.2941 39.5996 20.1223 29.0294 25.2162 23.3461 15.0988 9.51292 37.8077 29.7367 22.0288 31.5237 38.7381 19.0892 12.6947 17.4273 
9.62353 43.8193 20.4596 7.61295 24.3072 0 42.1064 13.342 34.7693 10.4335 30.9027 6.74107 48.4288 17.924 19.0086 36.1131 21.0067 28.5348 16.0194 38.0006 16.8702 36.6655 32.2213 35.5906 27.1618 45.8881 53.0936 43.5454 32.1173 22.776 37.9788 26.1921 1.14918 42.6226 47.8169 35.8899 36.0234 30.6636 46.1517 28.0476 33.7387 38.7464 30.2058 31.5057 15.2862 7.30112 16.482 10.2533 36.6326 38.3456 28.0191 34.1193 1.01103 40.101 28.228 24.9323 11.2684 41.771 49.889 19.705 45.6868 29.7847 37.32 16.3402 40.2934 37.9429 11.5672 45.0601 31.4438 43.6319 9.65811 46.8879 31.9734 22.2248 43.3073 19.2406 48.4633 39.7488 23.2612 42.2309 28.2446 31.3031 32.3209 51.4145 16.5329 28.2722 50.4431 25.3837 14.0687 13.2193 5.23081 34.8937 23.1249 33.4009 5.52436 9.98263 50.9126 40.5742 38.0523 36.5723 8.50255 
40.759 5.46028 38.8714 34.5836 22.8798 42.1064 0 45.7308 16.1408 46.2504 11.9911 39.6347 10.6945 24.5236 39.34 37.7252 22.6149 41.3735 26.1435 7.65278 29.3491 40.9647 29.5577 33.2715 25.1767 7.08696 17.1133 39.8022 38.149 20.3359 9.56767 17.1296 43.0282 4.51303 12.275 37.9423 40.5368 35.0057 10.4225 15.013 18.5204 33.6953 13.3282 10.6405 27.1019 39.3653 26.223 32.7861 37.546 30.6932 31.84 16.0928 41.9052 2.40619 19.7324 22.2153 36.9129 12.1895 9.68098 22.7959 8.18112 27.093 12.5881 26.0195 14.4588 8.44004 38.6399 4.71547 20.8869 15.9528 43.7532 6.55757 12.2861 33.2502 39.6478 31.6507 20.8529 9.20843 27.2054 37.6815 20.4588 19.9896 25.344 9.83106 26.5702 31.9808 21.1208 20.7794 39.2138 35.6123 38.751 7.85893 32.0683 35.2637 47.4815 34.9202 8.93112 29.7373 4.09361 14.5051 33.6252 
5.67001 48.815 11.2214 15.2667 33.5183 13.342 45.7308 0 42.8292 3.54463 36.4968 8.52221 49.3766 25.0716 9.71155 27.2998 23.1501 17.9819 21.4447 39.8141 16.4009 26.8423 43.4758 28.3018 24.0626 50.9953 52.7334 34.7611 22.9338 25.4709 44.2696 28.6012 13.9513 44.9077 48.1131 26.9887 26.2801 22.6633 46.8349 30.718 32.1857 31.4525 36.3833 36.0086 20.0011 8.34487 24.3953 14.6718 27.9146 32.0514 21.5249 33.4797 14.3495 44.2045 36.8624 24.3857 8.96466 41.6927 51.6361 26.5994 51.1623 40.5772 44.4619 23.6336 39.5208 39.475 7.1368 49.5849 40.7057 42.3869 3.75937 49.0587 33.8438 16.015 34.5421 15.226 46.0686 45.9885 33.8826 33.9441 27.2495 29.6235 28.1853 53.851 24.9574 21.6877 48.2287 25.533 6.8117 10.1203 10.7424 39.8327 34.9999 25.327 12.4422 11.7106 53.8179 34.7033 42.0365 44.23 16.2588 
37.1987 13.4961 39.8443 28.4038 10.6882 34.7693 16.1408 42.8292 0 42.0862 9.32052 34.93 26.7903 17.7886 39.6723 44.961 22.1245 45.0917 21.439 19.6449 28.4441 47.7621 13.4626 41.1155 30.0785 14.7054 33.2109 49.2374 43.811 20.1203 6.69044 18.9905 35.3785 20.0481 28.1167 45.0546 47.1896 40.6265 26.1431 17.7238 27.3223 42.6572 8.17059 12.0654 22.9426 34.889 18.7137 28.1826 45.0069 40.044 36.7767 25.1976 34.217 13.9045 6.61639 25.3607 34.0856 26.0032 25.6801 16.2302 13.7491 11.3235 3.93542 19.2911 27.2185 20.3909 35.9715 15.4907 5.19447 29.8984 39.8313 22.6684 18.8808 35.4806 49.0352 32.4593 35.5185 7.75162 13.6632 47.1072 25.761 27.2911 32.9041 25.0359 18.4056 37.0124 36.2653 23.8916 37.556 33.6292 33.2524 10.2922 17.7311 41.9204 40.2533 31.1214 23.5423 40.0991 13.5642 2.18538 27.3236 
5.52087 48.9912 14.2061 13.8479 32.3357 10.4335 46.2504 3.54463 42.0862 0 36.3903 7.15623 50.6064 24.318 12.644 30.4688 23.666 21.3636 21.0244 40.7439 17.2817 30.173 41.6864 31.1932 25.9427 51.1558 54.3011 37.9684 26.1317 25.9171 44.0513 29.2019 10.8822 45.7674 49.4935 30.1707 29.5956 25.6323 48.1113 31.2951 33.8466 34.3731 36.1146 36.1907 19.7007 7.22085 23.4122 14.0412 31.0714 34.7778 24.1513 34.9383 11.4412 44.5841 35.8922 25.6368 9.46134 43.1111 52.6821 25.9563 51.2224 38.9414 44.002 22.7962 41.0852 40.4722 7.98338 49.8942 39.5777 44.0906 2.5064 49.9801 34.681 18.4205 37.7453 17.0117 48.066 45.7984 32.2561 37.0638 28.6847 31.2734 30.3927 54.7361 23.8482 24.3376 50.1993 26.6385 8.77193 11.1347 9.00987 39.9446 32.929 28.3421 8.9231 11.4246 54.5822 37.3661 42.4273 43.6174 14.9088 
31.0933 12.9169 31.8588 23.6217 11.2634 30.9027 11.9911 36.4968 9.32052 36.3903 0 29.4008 21.206 12.9978 31.9069 35.7116 14.0333 36.4069 15.4385 11.9144 20.8414 38.5693 20.4037 31.8126 20.9388 15.0006 27.3417 39.9195 34.7384 11.7795 7.82762 9.95888 31.7404 14.2624 21.8377 35.8163 38.0098 31.5301 19.8206 8.47676 18.0857 33.3376 1.67711 2.97292 16.6938 29.2291 14.5735 22.4122 35.7402 30.7392 27.7399 16.0541 30.5894 9.68541 8.97758 16.3869 27.5359 18.2265 21.2603 11.2193 14.9001 17.2917 8.76964 14.5692 18.8844 12.491 29.3908 14.2146 11.793 21.9279 33.9674 18.0308 9.70793 27.0181 39.7167 24.3554 27.7267 9.5078 15.7425 37.7912 16.4992 17.9721 23.5869 21.8144 14.7928 27.9636 28.8083 14.8688 30.5441 26.6663 28.1563 4.1728 20.7356 32.7073 36.388 24.9908 20.882 30.8664 7.99476 9.43542 22.5927 
3.28636 42.1184 13.7287 6.80045 25.2385 6.74107 39.6347 8.52221 34.93 7.15623 29.4008 0 44.7171 17.167 12.2975 29.4355 17.2854 21.8207 13.9738 34.5666 11.6672 29.9291 34.9592 29.1063 21.5367 44.2685 48.8599 36.8981 25.3978 19.4176 36.9959 22.8026 7.7823 39.476 43.8136 29.2037 29.2886 24.0367 42.3002 24.8434 28.7994 32.2863 29.0562 29.3695 12.7247 0.57063 16.2618 6.98854 29.9661 32.0752 21.5797 29.5411 7.56343 37.8643 28.7494 20.1485 4.71409 37.5422 46.5569 18.8177 44.2789 32.0882 36.8767 15.6407 35.7614 34.3752 4.82741 43.1051 32.4707 38.9564 5.00971 43.7304 28.4615 15.7116 36.6614 13.0491 43.4121 38.7508 25.3911 35.639 23.3894 26.2663 26.5055 48.4253 16.7192 21.8211 45.4731 20.9066 7.36569 6.7612 2.30356 33.0612 26.504 26.7865 9.53945 4.82249 48.1517 34.4192 35.7257 36.4686 7.83175 
45.1198 15.0418 40.6119 40.828 32.4682 48.4288 10.6945 49.3766 26.7903 50.6064 21.206 44.7171 0 32.0908 41.4553 34.9833 27.5502 41.0084 32.5961 10.5056 33.3412 38.3039 40.1401 30.4757 26.0365 15.5906 6.42261 35.0368 36.6174 25.6564 20.2613 22.2368 49.4628 6.98322 2.55005 35.2814 38.0244 33.8239 2.61111 20.4291 17.8301 29.8766 22.7902 18.9113 33.1584 44.3419 33.8909 38.396 34.6357 26.8665 31.5683 16.0563 48.4183 12.8879 29.7861 25.0089 41.1644 8.04039 3.53878 30.5459 17.0283 37.5369 23.2826 33.3888 10.7355 10.4907 42.6513 13.2737 31.3891 9.60712 48.1186 4.56744 16.4555 34.7417 34.9351 34.2815 12.1746 19.8338 36.936 33.0842 22.1692 20.2041 23.9991 6.83495 34.4624 31.6181 11.6627 23.969 42.5794 39.4971 44.3244 17.5536 41.9119 33.2337 53.4808 39.8963 8.27539 25.0645 13.6086 25.1979 40.0106 
19.4239 25.9069 23.5172 10.8424 8.9937 17.924 24.5236 25.0716 17.7886 24.318 12.9978 17.167 32.0908 0 23.0096 33.0135 8.71111 30.1317 4.09972 21.6347 12.2705 35.097 20.5946 30.3087 18.7415 27.9662 37.5196 39.1118 30.5364 8.59244 20.1325 11.0451 18.7455 25.6748 31.9865 32.9759 34.4476 27.7147 30.1145 12.1641 21.3282 32.8225 12.2905 13.8938 5.63942 17.1085 1.80675 10.404 33.2756 31.0729 23.8454 20.5789 17.5927 22.3943 11.8532 14.0959 16.4707 26.6714 32.9937 1.78127 27.7684 17.2142 19.7607 1.59366 26.0042 21.7998 18.3425 27.1971 15.8496 29.471 22.0442 29.8492 16.1955 20.4635 38.8772 16.8343 35.0441 21.9034 11.2376 37.2068 16.6366 19.6284 23.5197 34.127 2.5694 24.1271 36.689 13.4015 20.1569 16.2946 15.5977 17.0524 14.9984 29.8001 23.4276 13.3892 33.4358 32.3212 20.4313 19.3019 9.7763 
9.52516 43.1526 1.57335 16.6376 32.003 19.0086 39.34 9.71155 39.6723 12.644 31.9069 12.2975 41.4553 23.0096 0 17.8849 17.8738 9.52637 18.9155 32.6578 11.2287 17.8924 43.3236 18.6022 15.4723 45.3262 44.1918 25.4061 13.6017 20.1473 39.6886 22.6516 19.9987 37.7911 39.9318 17.6011 17.2771 12.997 38.8584 24.7026 23.7551 21.7652 32.2179 30.7118 17.3702 11.7569 23.0452 14.157 18.4751 22.3486 11.8974 25.4 19.8581 38.1694 34.5713 17.1481 8.41892 33.5262 44.0386 24.0814 45.7288 40.0587 40.498 21.965 31.1251 32.1839 7.50055 43.5955 38.6954 33.7196 11.0243 41.7442 27.0732 6.82892 25.179 7.72221 36.9436 41.2882 33.6434 24.4359 19.4322 21.2811 18.9447 46.5459 23.9 12.042 39.1263 18.5609 4.93992 7.29847 14.2574 34.5654 36.0714 15.6987 20.4583 11.4292 46.7605 25.0173 36.0314 40.6764 17.2155 
27.1482 42.8442 16.3116 31.6517 41.009 36.1131 37.7252 27.2998 44.961 30.4688 35.7116 29.4355 34.9833 33.0135 17.8849 0 24.6182 9.96911 29.4745 30.0727 21.8895 3.32429 52.9713 4.53677 15.015 44.7497 35.1218 7.52532 4.38137 25.8229 42.2312 26.049 37.1955 34.3948 32.7231 0.386246 3.07031 5.60207 32.534 27.2452 19.2333 5.85264 36.7949 33.2831 28.3297 28.8655 33.9552 28.3988 0.648175 8.40761 9.21297 21.678 36.8337 37.6373 42.0183 19.939 24.8506 27.3805 38.3379 33.1865 45.661 49.4911 44.1748 32.7394 24.5654 29.2909 24.7033 42.4407 46.0418 25.473 28.9051 37.1972 26.9772 14.143 7.29622 17.7267 25.9492 43.369 44.1645 6.69171 19.2124 18.2032 12.5168 41.4846 34.9795 8.92681 28.007 21.2686 22.5023 22.9629 30.9704 36.4378 47.9473 3.21448 38.2482 26.8001 42.4056 10.9111 35.9204 45.1138 31.7891 
18.1587 25.7367 17.8606 13.502 16.4193 21.0067 22.6149 23.1501 22.1245 23.666 14.0333 17.2854 27.5502 8.71111 17.8738 24.6182 0 23.0756 6.27935 17.2903 6.91379 26.9272 28.3899 21.6812 10.0465 27.9215 32.0872 30.4678 22.5369 2.34288 21.8263 5.5419 22.0806 22.1956 26.8291 24.6129 26.2963 19.5355 25.2057 7.62919 13.4881 24.1289 14.3915 13.0091 6.11559 16.9553 10.0386 10.8558 24.8333 22.3652 15.6049 13.363 21.0939 21.0547 17.8634 5.42674 14.298 20.7705 29.2805 8.60553 28.1766 24.9155 22.6584 8.91139 19.4115 17.128 16.0358 26.4425 22.0133 22.8193 21.1628 26.4462 11.185 13.3808 30.2351 10.3846 27.9784 23.4468 19.6028 28.5351 8.28091 11.4208 14.8347 31.1533 11.0428 15.8758 29.8365 5.0037 16.7948 13.057 16.7758 16.8743 23.6695 21.4096 25.9414 12.4778 30.9333 23.6728 18.8865 22.9427 12.8176 
19.0121 45.9408 8.11488 25.6749 38.9412 28.5348 41.3735 17.9819 45.0917 21.3636 36.4069 21.8207 41.0084 30.1317 9.52637 9.96911 23.0756 0 26.1201 33.9634 17.8825 8.90047 50.7251 12.57 16.2317 48.0265 42.3834 17.0827 5.76497 24.9746 43.8012 26.4803 29.5207 38.8629 39.0489 9.60562 8.37468 7.42732 38.421 28.2284 23.4851 15.2417 37.1039 34.5576 24.6864 21.2768 30.5792 22.8254 10.6169 16.9346 9.5975 25.6952 29.383 40.7184 40.8704 20.1 17.7463 33.0013 44.0642 30.8274 48.6911 47.3276 45.1753 29.4003 30.2732 33.3094 17.0096 45.9681 45.0356 32.0756 20.1739 42.3259 29.3833 9.7547 16.8799 13.2979 33.8822 45.2138 41.2646 16.6103 21.011 21.5262 17.0095 46.9629 31.5358 9.49563 36.0471 21.6457 14.4661 16.2698 23.7385 38.2048 44.2694 9.15375 29.7339 20.4605 47.5537 19.716 38.7272 45.7181 26.1061 
15.8735 28.2363 19.4181 8.44537 13.0914 16.0194 26.1435 21.4447 21.439 21.0244 15.4385 13.9738 32.5961 4.09972 18.9155 29.4745 6.27935 26.1201 0 22.107 8.23758 31.3996 24.6392 27.0562 15.7804 30.3679 37.5855 35.8536 26.7777 7.25281 23.0308 10.4894 16.9912 26.6234 32.1701 29.4117 30.7429 24.0625 30.4145 12.1694 19.7335 29.732 15.0919 15.6216 1.55442 13.8241 4.52649 6.99195 29.7758 28.2213 20.2635 19.4401 15.9038 24.2106 15.7966 11.5825 12.6466 26.4009 33.9114 5.27542 30.3326 21.2836 23.0379 3.31566 25.3161 22.1148 14.5325 29.3205 19.8599 28.768 18.648 30.8833 16.1966 16.5166 35.6155 12.8301 34.084 24.7821 15.1508 34.0224 14.5574 17.7002 20.841 35.3951 5.53422 20.5491 35.8819 11.283 16.1983 12.2988 12.746 19.1935 18.5106 26.2751 21.3421 9.74712 34.9066 29.7149 22.1218 22.7882 7.51693 
35.2251 12.8753 32.0401 30.39 22.9314 38.0006 7.65278 39.8141 19.6449 40.7439 11.9144 34.5666 10.5056 21.6347 32.6578 30.0727 17.2903 33.9634 22.107 0 23.4916 33.3125 32.1304 25.6236 17.8931 14.6973 15.9774 32.3267 30.5519 15.2762 14.2707 11.8451 39.0202 5.13753 10.4074 30.2895 32.8868 27.4326 8.48988 9.95666 10.8745 26.1211 13.5905 9.15717 22.7152 34.2228 23.4394 28.0667 29.8959 23.1437 24.3828 8.45811 37.963 7.847 20.8866 15.5854 31.2856 6.40182 11.9908 20.1334 15.6816 29.1366 17.052 22.9035 7.71068 0.849091 32.8825 12.3681 23.3539 10.2597 38.2396 9.2478 6.10576 26.2756 32.1641 25.1109 15.9559 14.77 27.4332 30.1918 13.3317 12.4615 17.7062 14.0372 24.047 24.5082 16.9194 14.3114 33.1058 29.7575 34.0345 9.35984 32.4423 27.6229 43.1246 29.7495 14.1103 22.353 6.67612 18.6808 29.5509 
11.7806 32.6352 11.4659 10.4462 21.1749 16.8702 29.3491 16.4009 28.4441 17.2817 20.8414 11.6672 33.3412 12.2705 11.2287 21.8895 6.91379 17.8825 8.23758 23.4916 0 23.515 32.8611 20.1032 10.3247 34.8203 37.2517 28.7293 18.8225 9.25532 28.6627 12.2282 18.0161 28.5521 32.2993 21.7799 22.8503 16.332 30.8647 14.3464 17.1419 23.0587 21.0531 19.9228 6.82046 11.2204 12.7118 7.08995 22.2621 22.1132 12.7708 17.8965 17.2503 27.8872 23.4644 8.5002 7.82554 25.9667 35.4056 13.0975 35.0889 29.4841 29.3303 11.524 24.1114 23.1995 9.39214 33.2962 27.616 27.2897 14.7855 32.7377 17.4686 8.33756 28.4876 4.60104 31.7994 30.3083 23.3845 27.0694 11.7225 14.6231 15.5495 37.5128 13.6842 13.0561 33.84 9.37773 9.90151 6.28694 11.8837 23.7876 26.555 18.7642 21.0383 7.03668 37.4337 24.0933 25.7193 29.4607 10.2979 
27.3836 46.0453 16.349 32.8019 43.345 36.6655 40.9647 26.8423 47.7621 30.173 38.5693 29.9291 38.3039 35.097 17.8924 3.32429 26.9272 8.90047 31.3996 33.3125 23.515 0 55.3147 7.85801 17.6934 47.9707 38.364 8.38114 4.72521 28.3026 45.2504 28.7864 37.7094 37.6843 36.0366 3.05079 0.667287 7.39914 35.8575 30.0925 22.4514 8.89524 39.5919 36.2209 30.1632 29.3659 35.9181 29.6524 3.69182 11.6389 11.3226 24.8911 37.4463 40.825 44.5617 22.5327 25.5083 30.703 41.6616 35.4011 48.861 51.8421 47.1165 34.7016 27.8874 32.5387 25.1163 45.679 48.6315 28.784 28.8386 40.5157 30.0395 15.3684 8.20235 19.1124 29.1225 46.4289 46.3152 8.38511 22.098 21.3041 15.6749 44.8088 36.9326 11.0514 31.1516 23.9302 22.7358 23.748 31.6394 39.4635 49.9099 5.87828 38.3411 27.7702 45.7267 14.0239 39.0741 47.9957 33.0412 
37.9391 26.8052 43.9654 28.2315 11.9706 32.2213 29.5577 43.4758 13.4626 41.6864 20.4037 34.9592 40.1401 20.5946 43.3236 52.9713 28.3899 50.7251 24.6392 32.1304 32.8611 55.3147 0 49.7615 38.0911 27.7561 46.5448 58.407 50.8768 27.188 20.1507 27.6663 32.4098 33.2844 41.3217 52.9797 54.6814 47.9192 39.3188 27.2543 37.7392 51.8746 18.7582 23.361 26.1231 35.1361 20.299 29.5692 53.1576 49.6471 43.9922 36.0095 31.3823 27.2673 11.6754 33.1451 35.9249 38.5204 39.1386 19.9892 26.6144 3.48127 17.2812 21.423 39.2881 32.7796 37.662 28.8303 8.81687 42.2933 39.9094 36.1048 29.792 41.0359 58.1838 37.4285 48.0645 21.0848 9.72125 56.3688 34.6791 36.9964 42.0804 38.4573 19.4241 44.2643 49.0325 31.9682 39.8779 36.251 32.8001 22.9657 9.34524 49.7727 37.0984 32.6265 36.9142 50.2677 26.6664 15.3506 27.2821 
27.2267 38.4374 17.0805 30.3485 37.8625 35.5906 33.2715 28.3018 41.1155 31.1932 31.8126 29.1063 30.4757 30.3087 18.6022 4.53677 21.6812 12.57 27.0562 25.6236 20.1032 7.85801 49.7615 0 11.6959 40.3161 30.8005 8.80696 6.95808 22.5919 38.0773 22.3993 36.7124 29.8817 28.2382 4.81425 7.55003 5.69962 28.0136 23.4082 14.8362 3.19867 32.9825 29.2725 26.0699 28.5389 31.4216 27.0047 4.28345 4.38764 7.58202 17.2816 36.2176 33.2525 38.5603 16.6234 24.4025 22.845 33.8156 30.2814 41.254 46.2829 40.1282 30.2208 20.0294 24.8318 24.6019 37.9861 42.5001 20.9991 29.3539 32.6605 22.8 13.395 8.57094 16.4861 21.796 39.1555 41.2721 6.99035 15.3983 14.016 8.29244 36.9543 32.4496 7.32264 23.9051 17.8093 22.7178 22.3919 30.3658 32.2864 45.3071 3.41697 38.3318 25.854 37.8691 7.15165 31.5846 41.1512 30.3356 
20.8104 29.713 14.577 20.6594 26.1731 27.1618 25.1767 24.0626 30.0785 25.9427 20.9388 21.5367 26.0365 18.7415 15.4723 15.015 10.0465 16.2317 15.7804 17.8931 10.3247 17.6934 38.0911 11.6959 0 31.795 28.7777 20.4463 13.8137 10.9055 27.9247 11.0938 28.3101 22.9207 24.4626 15.0706 17.114 10.5964 23.4309 12.4836 8.28294 14.0831 21.9112 18.7389 15.0136 21.028 19.97 17.346 15.1395 12.441 6.90125 10.0274 27.5679 24.4871 27.0124 4.95046 17.0855 18.067 28.7444 18.6172 32.4707 34.6107 29.5882 18.7951 15.6565 17.2974 18.0943 29.7455 31.0269 18.3542 23.6036 26.6469 13.1637 8.70722 20.2156 8.93114 22.1268 29.2382 29.594 18.4938 4.78855 5.83239 5.27047 31.405 20.9912 7.09841 24.2566 6.25567 17.3148 15.0902 22.0828 22.21 33.7158 11.89 31.0635 17.2205 31.7934 14.0532 22.5056 30.3742 20.3746 
45.7608 2.18506 44.991 38.6189 24.0151 45.8881 7.08696 50.9953 14.7054 51.1558 15.0006 44.2685 15.5906 27.9662 45.3262 44.7497 27.9215 48.0265 30.3679 14.6973 34.8203 47.9707 27.7561 40.3161 31.795 0 21.5696 46.8838 45.035 25.5802 8.58195 22.7101 46.7084 11.179 17.7621 44.9593 47.5301 41.863 16.244 20.6317 25.5204 40.7803 15.7275 14.991 31.5459 44.0653 29.479 37.292 44.584 37.7799 38.5746 23.0797 45.5526 7.30846 20.1991 28.4068 42.0531 19.0474 13.1325 26.1849 1.45406 25.983 10.7815 29.5479 21.4561 15.5027 43.8586 2.50709 19.8986 22.6472 48.6961 11.0362 18.6617 39.54 46.7306 37.6043 27.0805 7.05804 27.8314 44.7652 27.0185 26.8508 32.3157 11.3507 29.5985 38.7307 27.0115 26.9028 44.7153 40.9585 43.1116 11.2126 32.2727 42.2311 51.3819 39.7316 9.56645 36.807 9.35331 12.5843 37.5925 
48.9094 21.2559 43.1733 45.5662 38.5901 53.0936 17.1133 52.7334 33.2109 54.3011 27.3417 48.8599 6.42261 37.5196 44.1918 35.1218 32.0872 42.3834 37.5855 15.9774 37.2517 38.364 46.5448 30.8005 28.7777 21.5696 0 33.7939 37.4497 30.4269 26.681 27.0976 54.1668 13.2975 5.57384 35.4595 38.1899 34.9861 7.55164 25.5057 20.553 29.55 28.9622 24.8805 37.9736 48.4415 39.3263 42.9007 34.6796 26.7263 33.3702 19.3766 53.1701 19.307 36.061 28.7556 44.9821 11.3396 8.47921 36.0698 23.0231 43.9057 29.7004 38.7196 13.2221 15.7323 46.3202 19.3909 37.7789 10.492 51.8575 10.7985 21.4343 37.3672 33.734 37.5074 9.55147 26.221 43.0807 32.0455 25.622 23.1104 25.6784 11.0994 39.9734 33.3656 7.99378 27.9574 45.9302 43.178 48.7031 23.844 48.0771 33.9044 57.9373 44.0827 12.9546 24.4536 19.9481 31.6182 44.8238 
34.6625 45.1733 23.8329 38.7947 46.5566 43.5454 39.8022 34.7611 49.2374 37.9684 39.9195 36.8981 35.0368 39.1118 25.4061 7.52532 30.4678 17.0827 35.8536 32.3267 28.7293 8.38114 58.407 8.80696 20.4463 46.8838 33.7939 0 11.8372 31.2984 45.6697 30.8621 44.6384 35.9372 32.5714 7.80529 8.78929 12.8863 32.848 31.6753 22.1487 6.59248 41.1942 37.2312 34.8448 36.3276 40.228 35.4876 6.9547 9.28434 15.9834 24.4962 44.2435 40.1578 47.0809 25.3328 32.277 28.2792 38.5507 39.0592 47.9595 54.9345 47.9326 39.0266 25.6044 31.4894 32.1942 44.4472 50.9428 25.4885 36.4284 38.0259 30.5268 21.4151 0.241956 24.8367 24.2471 46.5887 50.0403 2.15053 23.8088 21.9477 16.4302 41.8255 41.2561 15.7018 26.0144 26.4439 30.0211 30.3515 38.3729 39.9383 54.1096 10.1729 45.7695 34.0816 43.0269 10.1384 38.714 49.098 38.8561 
22.977 43.0325 12.0315 28.0891 38.9195 32.1173 38.149 22.9338 43.811 26.1317 34.7384 25.3978 36.6174 30.5364 13.6017 4.38137 22.5369 5.76497 26.7777 30.5519 18.8225 4.72521 50.8768 6.95808 13.8137 45.035 37.4497 11.8372 0 24.0509 41.7025 24.832 33.1785 35.2053 34.5095 4.05785 4.05803 3.22608 34.0784 26.2959 19.7308 9.4855 35.6619 32.5452 25.5117 24.8307 31.3024 24.9296 5.01206 11.3451 7.04316 22.103 32.8747 37.7842 40.3087 18.4555 20.904 28.7395 39.8287 30.9126 45.8327 47.4137 43.4019 30.0877 25.9431 29.8264 20.6131 42.8348 44.4164 27.365 24.6242 38.3669 26.6869 10.6437 11.6152 14.3928 28.6405 42.9731 41.7704 11.0689 18.4626 18.1843 12.9212 42.859 32.3116 6.8008 30.7745 19.9206 18.32 19.0992 27.0405 35.9556 45.2789 3.59178 34.0326 23.0822 43.6123 14.0949 35.922 44.1712 28.3194 
20.4232 23.3955 20.0794 15.1871 15.2706 22.776 20.3359 25.4709 20.1203 25.9171 11.7795 19.4176 25.6564 8.59244 20.1473 25.8229 2.34288 24.9746 7.25281 15.2762 9.25532 28.3026 27.188 22.5919 10.9055 25.5802 30.4269 31.2984 24.0509 0 19.5415 3.43115 23.819 20.0818 25.0731 25.8482 27.6883 20.9608 23.3801 5.42609 12.7821 24.8343 12.2348 10.6693 7.54893 19.1121 10.1829 12.7939 25.9885 22.8395 17.0328 12.2534 22.7905 18.7367 16.2663 5.96959 16.5914 19.1848 27.2419 8.00966 25.834 23.707 20.4662 9.20025 18.0644 15.1787 18.3479 24.1148 20.3655 21.519 23.4183 24.3466 9.20587 15.3791 31.071 12.5775 26.8808 21.1457 18.8191 29.3015 8.08962 11.0375 15.2213 29.0151 11.1138 17.2912 28.6501 4.95125 19.1373 15.3896 18.7719 14.5354 23.1733 22.6423 27.8502 14.6409 28.7391 23.8944 16.5697 20.832 14.4075 
38.8181 7.0196 39.5955 30.9563 15.4438 37.9788 9.56767 44.2696 6.69044 44.0513 7.82762 36.9959 20.2613 20.1325 39.6886 42.2312 21.8263 43.8012 23.0308 14.2707 28.6627 45.2504 20.1507 38.0773 27.9247 8.58195 26.681 45.6697 41.7025 19.5415 0 17.3706 38.7347 13.7153 21.7428 42.3762 44.729 38.4765 19.816 15.5739 23.5238 39.1963 7.93976 9.24373 24.3627 36.8547 21.4971 30.0222 42.1865 36.3856 34.8189 21.1822 37.5701 7.47451 11.6223 23.7016 35.3179 20.3667 19.0075 18.3726 7.96678 17.9376 3.02723 21.7258 21.9808 15.0908 37.1808 8.93606 11.7203 24.2945 41.6557 16.0364 15.2774 34.6026 45.4848 32.0884 29.6976 1.77126 19.2666 43.5194 23.2427 24.0643 29.7884 18.3646 21.4948 35.0219 30.2459 22.1555 38.3687 34.4853 35.6273 5.79413 23.7893 39.3749 43.5008 32.6962 16.9117 36.0408 7.6704 4.93786 29.8985 
23.6901 20.5295 22.4046 18.5934 16.0891 26.1921 17.1296 28.6012 18.9905 29.2019 9.95888 22.8026 22.2368 11.0451 22.6516 26.049 5.5419 26.4803 10.4894 11.8451 12.2282 28.7864 27.6663 22.3993 11.0938 22.7101 27.0976 30.8621 24.832 3.43115 17.3706 0 27.2281 16.6753 21.702 26.1247 28.2078 21.6395 19.9821 2.11831 10.5954 24.288 10.8309 8.16688 10.9314 22.4834 12.7845 16.2232 26.1307 21.9845 17.8102 9.57033 26.1903 15.6746 16.221 6.42828 19.8093 15.9292 23.8145 10.0211 23.079 24.2224 18.7107 11.9604 15.015 11.753 21.5165 21.0958 20.1053 18.4852 26.6974 20.935 5.78151 17.2425 30.6451 14.9422 24.0061 18.8581 20.0921 28.7878 7.0536 9.40013 14.4525 25.6233 13.6137 18.0401 25.6827 4.91864 22.116 18.4829 22.1974 11.9662 24.7579 22.9652 31.2811 18.0065 25.3914 22.6597 13.5097 19.363 17.7919 
10.5498 44.6524 21.4663 8.63484 24.8483 1.14918 43.0282 13.9513 35.3785 10.8822 31.7404 7.7823 49.4628 18.7455 19.9987 37.1955 22.0806 29.5207 16.9912 39.0202 18.0161 37.7094 32.4098 36.7124 28.3101 46.7084 54.1668 44.6384 33.1785 23.819 38.7347 27.2281 0 43.611 48.8751 36.969 37.0697 31.7603 47.1988 29.0641 34.8644 39.8715 31.004 32.412 16.3069 8.34819 17.2539 11.3644 37.719 39.4855 29.1442 35.226 1.16689 41.0007 28.8095 26.0574 12.3642 42.8498 50.8882 20.5263 46.4818 30.0648 38.0065 17.1714 41.3933 38.9739 12.5957 45.921 31.9338 44.7389 10.3406 47.8731 33.0079 23.339 44.4006 20.379 49.589 40.5027 23.6102 43.337 29.37 32.4343 33.4701 52.3795 17.2515 29.3961 51.5642 26.4935 15.0612 14.3311 6.36513 35.7586 23.2321 34.5011 4.88926 11.1312 51.8549 41.7192 38.965 37.214 9.48204 
40.2465 9.8474 37.1605 35.0148 25.5143 42.6226 4.51303 44.9077 20.0481 45.7674 14.2624 39.476 6.98322 25.6748 37.7911 34.3948 22.1956 38.8629 26.6234 5.13753 28.5521 37.6843 33.2844 29.8817 22.9207 11.179 13.2975 35.9372 35.2053 20.0818 13.7153 16.6753 43.611 0 8.06864 34.6381 37.2987 32.1487 6.10756 14.6673 15.4859 30.0233 15.8265 12.109 27.3637 39.1508 27.4528 32.855 34.1639 26.9869 29.2658 13.1797 42.5272 6.24261 22.8043 20.7214 36.3192 7.87019 7.32373 24.0523 12.428 30.6098 16.7348 27.0563 10.3586 5.63444 37.9434 8.67641 24.4983 11.5137 43.2612 4.27083 11.0887 31.379 35.7947 30.248 16.3409 13.5811 29.9709 33.8437 18.4326 17.3412 22.2867 8.9689 27.9498 29.3753 16.6507 19.4346 38.2181 34.8304 38.8429 10.5721 34.9392 32.13 47.8433 34.6732 8.97285 25.8115 6.65065 18.5994 34.1296 
44.0434 17.0248 39.0228 40.2522 33.066 47.8169 12.275 48.1131 28.1167 49.4935 21.8377 43.8136 2.55005 31.9865 39.9318 32.7231 26.8291 39.0489 32.1701 10.4074 32.2993 36.0366 41.3217 28.2382 24.4626 17.7621 5.57384 32.5714 34.5095 25.0731 21.7428 21.702 48.8751 8.06864 0 33.0296 35.7767 31.7888 2.02219 20.0382 16.1864 27.5203 23.473 19.3283 32.6196 43.4158 33.7931 37.6791 32.3567 24.5299 29.7031 14.639 47.8586 14.2742 30.6311 23.858 40.0947 6.42752 6.07738 30.5188 19.1785 38.5884 24.7687 33.2085 8.87471 10.1868 41.5148 15.3681 32.5203 7.25664 47.0228 6.76844 15.9791 33.1602 32.474 32.9324 9.65823 21.4833 37.5625 30.638 20.8657 18.6548 22.0601 9.37129 34.4269 29.7368 9.28078 22.9331 41.3023 38.3602 43.5454 18.4618 42.5649 31.0788 52.7542 39.0081 10.8236 22.6498 14.6556 26.6493 39.4801 
26.8915 43.0458 16.0279 31.49 41.0142 35.8899 37.9423 26.9887 45.0546 30.1707 35.8163 29.2037 35.2814 32.9759 17.6011 0.386246 24.6129 9.60562 29.4117 30.2895 21.7799 3.05079 52.9797 4.81425 15.0706 44.9593 35.4595 7.80529 4.05785 25.8482 42.3762 26.1247 36.969 34.6381 33.0296 0 2.74814 5.46138 32.8255 27.3455 19.4394 6.22976 36.8863 33.4062 28.2532 28.6341 33.8998 28.2474 1.02326 8.755 9.14897 21.8825 36.6167 37.8337 42.0602 19.9822 24.632 27.6572 38.6282 33.1695 45.8623 49.5003 44.3004 32.6835 24.8411 29.5114 24.4611 42.6575 46.093 25.7822 28.624 37.4663 27.1319 13.9717 7.57906 17.5814 26.3022 43.5253 44.1404 7.0336 19.3182 18.367 12.6971 41.7685 34.9231 8.86401 28.3642 21.3263 22.2421 22.7557 30.7566 36.5839 47.8956 3.20754 37.9838 26.6154 42.679 11.2768 36.1047 45.2253 31.6393 
26.7587 45.5938 15.7292 32.137 42.7124 36.0234 40.5368 26.2801 47.1896 29.5956 38.0098 29.2886 38.0244 34.4476 17.2771 3.07031 26.2963 8.37468 30.7429 32.8868 22.8503 0.667287 54.6814 7.55003 17.114 47.5301 38.1899 8.78929 4.05803 27.6883 44.729 28.2078 37.0697 37.2987 35.7767 2.74814 0 6.76232 35.5634 29.5338 22.0174 8.81767 39.0203 35.6802 29.5031 28.7248 35.2623 28.9858 3.53067 11.4696 10.6917 24.4527 36.8012 40.3676 43.9506 21.936 24.8577 30.3789 41.3648 34.7601 48.4085 51.2098 46.5742 34.046 27.5621 32.1186 24.4786 45.2496 48.0257 28.53 28.2385 40.1758 29.5358 14.7011 8.60065 18.4454 28.9972 45.9197 45.6683 8.64869 21.5524 20.819 15.219 44.4982 36.2763 10.4224 31.0439 23.3423 22.1083 23.0915 30.9901 38.9453 49.2528 5.35803 37.7311 27.1088 45.3944 13.926 38.6015 47.4394 32.3749 
21.917 39.8492 11.4524 26.0532 35.9504 30.6636 35.0057 22.6633 40.6265 25.6323 31.5301 24.0367 33.8239 27.7147 12.997 5.60207 19.5355 7.42732 24.0625 27.4326 16.332 7.39914 47.9192 5.69962 10.5964 41.863 34.9861 12.8863 3.22608 20.9608 38.4765 21.6395 31.7603 32.1487 31.7888 5.46138 6.76232 0 31.259 23.0801 16.6628 8.79762 32.4703 29.322 22.8652 23.466 28.5705 22.7968 6.04425 9.83286 3.93457 19.0029 31.3576 34.6002 37.2271 15.2875 19.3965 25.8754 36.9694 28.0024 42.6456 44.4478 40.1832 27.3534 23.1036 26.7205 19.3792 39.6811 41.3177 24.7358 23.8843 35.4027 23.4721 8.5615 12.6473 12.125 26.4601 39.748 38.9244 11.619 15.2366 15.021 9.91949 39.9508 29.5892 3.67075 28.6285 16.7358 17.3224 17.4652 25.4868 32.7298 42.5693 2.75855 33.047 21.2331 40.6478 12.6175 32.7233 40.9645 26.187 
42.6359 15.3549 38.0073 38.5671 31.0546 46.1517 10.4225 46.8349 26.1431 48.1113 19.8206 42.3002 2.61111 30.1145 38.8584 32.534 25.2057 38.421 30.4145 8.48988 30.8647 35.8575 39.3188 28.0136 23.4309 16.244 7.55164 32.848 34.0784 23.3801 19.816 19.9821 47.1988 6.10756 2.02219 32.8255 35.5634 31.259 0 18.2542 15.2191 27.5237 21.4536 17.3298 30.9131 41.9155 31.9203 36.0614 32.2015 24.4964 28.9669 13.4637 46.169 12.3415 28.6089 22.4894 38.6815 5.43391 5.80556 28.6229 17.6319 36.5731 22.8383 31.3619 8.15676 8.334 40.1462 13.7965 30.5137 7.36191 45.6288 5.50241 14.2211 32.1371 32.7372 31.7143 10.8645 19.6156 35.5496 30.8589 19.6054 17.5988 21.4139 9.01191 32.5358 29.0189 10.8065 21.487 40.0325 36.9907 41.9628 16.4431 40.5507 30.7188 51.1471 37.484 10.1916 22.7997 12.653 24.7067 37.7739 
25.7873 18.4543 24.4162 20.4356 16.04 28.0476 15.013 30.718 17.7238 31.2951 8.47676 24.8434 20.4291 12.1641 24.7026 27.2452 7.62919 28.2284 12.1694 9.95666 14.3464 30.0925 27.2543 23.4082 12.4836 20.6317 25.5057 31.6753 26.2959 5.42609 15.5739 2.11831 29.0641 14.6673 20.0382 27.3455 29.5338 23.0801 18.2542 0 10.5181 25.0828 9.57477 6.3304 12.7614 24.5352 13.9555 18.1884 27.2843 22.6181 19.3286 9.04875 28.0064 13.5642 15.6376 8.13177 21.9156 14.5143 21.866 10.9088 21.0311 23.8629 17.1093 13.2572 13.9111 9.94534 23.6297 18.9886 19.3263 17.3624 28.792 18.9358 4.07301 19.1503 31.4654 16.9837 23.0264 16.9987 20.2575 29.5685 8.03749 9.82406 15.2587 23.5908 14.6985 19.5442 24.5909 6.58429 24.2324 20.6004 24.1756 10.0298 25.0738 24.2311 33.2035 20.0616 23.3189 23.0441 11.4014 17.9063 19.5944 
28.5341 23.6124 22.8369 26.5683 26.5218 33.7387 18.5204 32.1857 27.3223 33.8466 18.0857 28.7994 17.8301 21.3282 23.7551 19.2333 13.4881 23.4851 19.7335 10.8745 17.1419 22.4514 37.7392 14.8362 8.28294 25.5204 20.553 22.1487 19.7308 12.7821 23.5238 10.5954 34.8644 15.4859 16.1864 19.4394 22.0174 16.6628 15.2191 10.5181 0 15.6829 19.5082 15.257 19.5713 28.3384 22.9598 23.5174 19.083 12.867 13.9101 2.44629 33.9833 18.4171 26.0848 8.80702 24.6583 9.81461 20.6824 20.5119 26.4293 34.3667 25.8044 21.9797 7.37832 10.1205 25.8887 23.2323 29.6112 10.2444 31.4353 18.8408 8.45152 16.9739 21.9623 16.9611 14.7247 24.4813 30.6448 19.999 5.49446 2.57329 6.83711 23.4985 23.8751 13.9943 16.7203 8.55213 25.3886 22.7754 28.9547 17.7914 35.3501 16.749 38.1626 24.1557 24.0703 12.7823 16.7659 27.0309 26.0289 
30.4249 38.9964 20.2335 33.3818 40.0618 38.7464 33.6953 31.4525 42.6572 34.3731 33.3376 32.2863 29.8766 32.8225 21.7652 5.85264 24.1289 15.2417 29.732 26.1211 23.0587 8.89524 51.8746 3.19867 14.0831 40.7803 29.55 6.59248 9.4855 24.8343 39.1963 24.288 39.8715 30.0233 27.5203 6.22976 8.81767 8.79762 27.5237 25.0828 15.6829 0 34.6042 30.6674 28.8204 31.7197 34.0185 30.0274 5.30313 3.04819 10.7273 18.0727 39.3616 33.9024 40.5089 18.8895 27.5789 22.6081 33.3157 32.6794 41.8009 48.4068 41.4078 32.8313 19.8376 25.2974 27.7972 38.3833 44.3567 20.277 32.5478 32.4557 23.9968 16.5754 6.38401 19.5907 20.241 40.1631 43.6285 4.4999 17.2348 15.3662 9.84335 36.5324 35.0434 10.4762 22.2585 19.9396 25.9153 25.5612 33.5183 33.442 47.7984 6.25188 41.5279 28.9685 37.5861 5.13223 32.3738 42.5445 33.3327 
30.9011 13.7237 32.2503 23.0667 9.69168 30.2058 13.3282 36.3833 8.17059 36.1146 1.67711 29.0562 22.7902 12.2905 32.2179 36.7949 14.3915 37.1039 15.0919 13.5905 21.0531 39.5919 18.7582 32.9825 21.9112 15.7275 28.9622 41.1942 35.6619 12.2348 7.93976 10.8309 31.004 15.8265 23.473 36.8863 39.0203 32.4703 21.4536 9.57477 19.5082 34.6042 0 4.60317 16.4355 28.9155 13.7578 22.0829 36.8461 32.0592 28.6349 17.5426 29.845 10.9692 7.30055 17.2272 27.4484 19.9026 22.7356 10.5142 15.4811 15.6245 8.28062 13.8819 20.5358 14.168 29.3204 15.1744 10.2077 23.5971 33.7247 19.5077 11.2098 27.5968 40.9879 24.7735 29.3988 9.69612 14.146 39.0751 17.6055 19.2595 24.8081 23.1573 13.8749 28.8673 30.4853 15.7424 30.6044 26.6962 27.7033 5.47317 19.1254 33.7499 35.7155 24.7742 22.1465 32.2727 9.42778 8.61584 22.0174 
30.7769 12.815 30.5286 24.0282 13.7837 31.5057 10.6405 36.0086 12.0654 36.1907 2.97292 29.3695 18.9113 13.8938 30.7118 33.2831 13.0091 34.5576 15.6216 9.15717 19.9228 36.2209 23.361 29.2725 18.7389 14.991 24.8805 37.2312 32.5452 10.6693 9.24373 8.16688 32.412 12.109 19.3283 33.4062 35.6802 29.322 17.3298 6.3304 15.257 30.6674 4.60317 0 16.687 29.1435 15.6125 22.4267 33.2798 28.0066 25.6171 13.1584 31.2834 8.59909 11.8585 14.4585 27.0626 15.3734 19.3307 12.1823 15.1779 20.2175 10.8962 15.3804 15.9341 9.67139 28.8718 13.7367 14.7657 19.0202 33.7222 16.1285 6.82178 25.408 37.0328 23.0377 24.831 10.6939 18.287 35.0937 14.13 15.3187 20.9999 20.259 16.0088 25.8261 25.9673 12.912 29.7881 25.9951 28.3314 3.86701 23.2967 30.344 36.9139 24.7721 19.5424 28.0351 6.55776 11.8877 23.0487 
14.4704 29.3991 17.8914 7.67478 14.633 15.2862 27.1019 20.0011 22.9426 19.7007 16.6938 12.7247 33.1584 5.63942 17.3702 28.3297 6.11559 24.6864 1.55442 22.7152 6.82046 30.1632 26.1231 26.0699 15.0136 31.5459 37.9736 34.8448 25.5117 7.54893 24.3627 10.9314 16.3069 27.3637 32.6196 28.2532 29.5031 22.8652 30.9131 12.7614 19.5713 28.8204 16.4355 16.687 0 12.5379 5.89377 5.74768 28.6518 27.432 19.1192 19.4715 15.2606 25.2378 17.3468 11.123 11.1524 26.7125 34.6115 6.82015 31.557 22.785 24.4611 4.71693 25.4758 22.6684 13.0389 30.42 21.4139 28.9017 17.2935 31.6332 16.7061 15.1451 34.6054 11.4214 34.0937 26.1043 16.5816 33.0539 14.2486 17.4144 20.1732 36.2082 6.86408 19.4059 35.9455 11.0299 14.659 10.753 11.6566 20.3427 19.7762 25.1449 20.4853 8.34047 35.7873 29.0368 23.1227 24.2576 6.86153 
2.92167 41.9105 13.1793 6.92318 25.2858 7.30112 39.3653 8.34487 34.889 7.22085 29.2291 0.57063 44.3419 17.1085 11.7569 28.8655 16.9553 21.2768 13.8241 34.2228 11.2204 29.3659 35.1361 28.5389 21.028 44.0653 48.4415 36.3276 24.8307 19.1121 36.8547 22.4834 8.34819 39.1508 43.4158 28.6341 28.7248 23.466 41.9155 24.5352 28.3384 31.7197 28.9155 29.1435 12.5379 0 16.2572 6.83266 29.3958 31.5176 21.015 29.1086 8.1129 37.6164 28.7518 19.7127 4.15246 37.1307 46.2111 18.7373 44.0934 32.2334 36.7813 15.5991 35.327 34.0205 4.27388 42.8751 32.5075 38.5086 4.96088 43.4008 28.1196 15.1446 36.0908 12.5048 42.9337 38.606 25.5382 35.0686 22.9417 25.7999 25.9788 48.106 16.7462 21.2559 45 20.4962 6.83201 6.20417 2.68829 32.8543 26.7512 26.2159 10.067 4.47762 47.8511 33.8677 35.473 36.4026 7.927 
18.7257 27.4466 23.6665 9.69489 9.19027 16.482 26.223 24.3953 18.7137 23.4122 14.5735 16.2618 33.8909 1.80675 23.0452 33.9552 10.0386 30.5792 4.52649 23.4394 12.7118 35.9181 20.299 31.4216 19.97 29.479 39.3263 40.228 31.3024 10.1829 21.4971 12.7845 17.2539 27.4528 33.7931 33.8998 35.2623 28.5705 31.9203 13.9555 22.9598 34.0185 13.7578 15.6125 5.89377 16.2572 0 9.77379 34.2441 32.3705 24.7512 22.2845 16.0925 24.0644 12.495 15.4641 16.0428 28.467 34.7684 3.43013 29.2297 17.0135 20.9391 1.2171 27.7707 23.6065 17.8809 28.7881 16.3161 31.2392 21.2174 31.6159 17.9944 21.0236 39.9913 17.3127 36.7905 23.2673 10.6975 38.3604 18.1436 21.1843 24.87 35.864 1.02833 25.0359 38.4523 14.8782 19.8643 16.0926 14.5387 18.6751 13.9994 30.7497 22.0037 12.8416 35.1452 33.7111 22.1294 20.3477 8.61483 
