100
3.15564 21.3538 0.334502 0
5.43782 12.284 1.76207 0
13.3573 23.2877 1.45922 0
12.435 20.4413 1.56564 0
0.508118 15.4526 0.915732 0
14.757 21.1198 1.75013 0
3.23049 11.492 1.46617 0
4.63454 13.3049 12.9074 0
12.1127 17.1664 1.9402 0
3.57946 20.3925 0.885147 0
14.9521 16.9138 0.924323 0
1.96038 5.83258 0.89326 0
10.0365 22.324 1.85958 0
10.2015 13.2015 23.6208 0
15.0561 23.6041 1.85737 0
15.4464 16.8837 1.80811 0
13.9808 17.1008 0.830277 0
11.0328 14.3518 1.60344 0
14.5542 14.9929 2.25365 0
5.74424 17.6293 0.627729 0
4.00707 8.3663 1.13353 1
2.52487 10.8147 0.58775 1
3.31316 21.9048 24.5421 1
3.72883 12.5624 1.82545 0
8.70485 9.81093 1.1823 1
0.840983 0.875259 1.36548 0
12.6677 13.8302 0.660076 0
5.22716 14.1471 0.939374 0
11.4538 12.0216 12.2602 0
7.45164 21.811 14.5648 1
15.4727 19.2094 1.29932 0
9.19199 12.1583 1.53249 1
14.3777 21.9805 1.69385 1
9.8236 21.0646 0.767031 0
16.9678 19.2011 0.370217 0
10.3113 21.1819 1.93558 0
7.37801 13.9827 0.93144 0
18.6924 22.0322 1.9997 0
8.64149 17.9703 1.64103 0
6.96234 22.8385 2.24009 0
13.5579 16.8407 10.425 0
16.6796 17.7376 1.79288 1
16.3103 22.0056 0.806622 0
16.2063 20.8296 1.59102 0
4.20426 14.3347 1.75795 0
0.00531018 20.0837 26.4423 0
0.676808 18.4776 1.25726 0
9.34465 18.527 1.56168 0
16.9068 19.9757 0.794096 0
1.82278 22.9584 0.294563 0
16.5727 18.7811 1.17158 0
1.4126 18.3524 0.749364 0
17.8042 18.6998 0.291327 0
15.1497 19.8135 1.55161 0
16.1249 16.3149 24.2062 0
2.2758 5.50354 20.6482 0
1.83178 13.3692 1.93359 0
1.17662 8.14603 1.37223 0
17.7253 23.3271 1.81908 0
12.0346 21.486 1.22671 1
3.60168 12.2389 1.19351 0
6.78591 19.9606 1.68423 0
2.20736 22.5867 1.3978 0
10.9172 18.7687 1.38555 0
9.8205 23.5711 1.45675 0
1.44693 9.36506 0.648248 1
2.60292 22.7353 0.555667 0
3.5128 18.1453 0.310585 0
12.2411 16.9773 0.318703 1
6.66658 20.8584 0.946696 0
9.98703 15.6259 1.49757 0
9.25384 12.7778 0.522472 0
16.5373 18.8244 1.23417 0
7.26977 17.7851 3.62196 0
3.10091 4.83641 0.757611 0
11.1812 15.9075 1.54073 0
6.52246 8.9054 2.0008 0
3.84813 20.9246 1.68071 0
0.97218 13.0975 22.676 0
13.9292 23.9044 1.56355 0
0.42024 14.8934 2.02626 1
2.64904 7.63725 1.63789 1
3.07228 21.1312 16.1371 0
14.7266 20.0257 2.13913 0
8.73407 12.7757 0.517069 0
2.57408 4.03417 0.934354 0
15.544 16.3835 1.84207 0
9.02861 18.9643 17.1058 0
3.24646 15.7327 0.989882 1
9.9708 22.125 0.240271 0
15.0896 22.6015 2.07533 1
6.18627 21.03 1.30684 1
8.66412 20.5209 1.79994 0
0.181822 21.8668 1.37753 0
2.05121 14.4725 1.81468 1
14.8181 18.6859 0.212611 0
1.99373 12.2119 0.398336 0
3.88144 14.0543 0.673725 0
4.836 18.3541 1.02948 0
6.38702 9.09775 0.836037 0
400 50 500
0.025 0.0125 10000 3000 15 1e+06 300000 2 2
0 39.4522 31.7585 47.4578 5.23093 56.1667 17.0609 43.6642 44.3171 7.56521 11.9407 17.1975 54.5613 48.6533 53.1611 7.35463 45.3879 13.63 11.9975 16.3735 33.1266 36.1515 46.1734 9.91921 19.5833 53.4672 27.5626 6.91631 46.5029 40.5296 35.5691 35.5597 50.2046 37.3627 20.3925 37.2864 31.0561 44.0128 40.162 6.96315 47.7446 45.2476 32.5096 39.3138 47.5452 19.1548 39.864 51.0504 50.9044 39.8159 23.9698 33.9236 8.55413 33.7182 16.0734 49.5129 21.1678 43.4685 10.1475 49.0021 24.634 26.5476 61.5116 34.0274 47.3587 45.4981 5.43224 8.98395 14.2973 43.9942 6.53998 33.5193 12.2596 47.6785 32.7447 46.5709 60.1396 13.6861 15.7196 50.5126 28.8838 41.6242 32.7193 31.9143 45.9544 7.98211 23.4283 34.1575 54.3151 29.739 42.476 34.0151 46.55 56.8412 30.3486 35.7453 55.3135 32.7367 37.4868 36.4619 21.327 
39.4522 0 23.8977 24.4405 41.534 25.1007 43.7472 13.9948 32.9246 41.7992 49.4184 51.5021 15.1094 10.0223 15.5541 35.981 20.9924 27.2634 29.5495 36.596 30.6326 9.67371 16.1339 45.5568 37.249 14.7133 20.7709 46.3515 27.3606 2.9801 7.5501 6.54521 19.6513 2.12173 33.2464 9.37212 45.9586 29.4638 34.6275 32.6559 16.8305 21.9511 37.8985 20.774 15.6578 22.0352 31.5515 25.141 29.2956 34.1518 36.1992 27.1996 32.1539 32.9653 40.5228 15.2697 36.5055 22.4679 33.0466 15.5064 17.8681 30.0961 24.0975 10.5012 21.0573 16.5515 35.7939 47.7363 37.6295 14.8787 42.0636 30.7636 28.8841 9.47323 43.6161 10.2453 26.6987 49.4569 25.5648 27.0304 44.6008 22.8373 21.1324 31.1111 14.7606 31.4732 17.9055 7.3695 16.5893 32.8787 3.77819 15.4852 18.582 18.9001 21.5945 30.0131 15.9415 45.8428 26.2193 23.768 30.0319 
31.7585 23.8977 0 16.2731 36.27 26.5853 44.6952 17.0086 51.331 29.456 43.6986 48.4896 35.1106 33.1122 29.2465 33.1308 42.9114 27.3631 19.9565 39.365 6.75411 14.4539 18.53 41.2092 18.2932 37.1245 33.0168 37.7519 48.1531 26.7589 16.3483 26.1781 43.2032 23.0237 39.1149 15.1333 23.0924 48.706 12.2231 25.673 20.038 43.5964 14.1532 40.1637 39.249 26.1078 10.0579 20.1934 51.1519 11.7272 15.0564 3.78128 29.2371 46.371 23.318 39.154 42.093 12.4051 31.9936 39.3378 11.6039 8.15424 35.777 28.5879 17.3342 17.472 26.3808 40.5863 21.6426 16.791 37.388 44.6713 28.3497 26.2267 20.1662 23.4868 31.2853 45.2294 17.1033 49.2811 22.1788 42.787 36.8299 7.24577 19.1519 25.7176 25.4772 16.8153 30.2782 44.2076 27.5623 32.997 41.4097 32.5715 2.77098 6.83349 36.7007 22.5841 5.91805 4.74511 37.0099 
47.4578 24.4405 16.2731 0 51.626 11.3054 58.6816 10.5747 57.0491 45.6858 59.3277 63.6517 28.1791 29.8415 19.7917 47.7657 45.3881 40.6688 35.4687 52.5401 18.9672 16.7311 9.19711 56.5054 34.2487 32.1516 41.701 53.7316 51.7996 27.2245 19.1402 29.9004 43.075 24.9913 51.1107 16.2336 36.0583 53.733 17.2338 40.9618 9.56259 46.3733 26.1678 44.9374 39.2133 37.7364 14.2434 4.04859 53.6279 16.9785 30.4293 15.8274 43.6698 55.1694 39.4341 37.8476 54.3436 3.98928 46.0373 38.4304 24.0114 23.8874 23.1866 33.5897 4.0193 8.33268 42.2004 56.4033 37.8986 9.69378 52.6489 53.1331 41.9633 20.3839 32.2663 17.231 16.2999 60.5932 32.0232 51.2737 35.8375 47.1591 43.9161 20.3325 10.7183 40.7032 35.467 20.8187 20.4066 54.0084 26.8129 38.7502 42.7366 21.9161 17.1564 16.2768 30.0716 34.8729 11.8845 11.6416 48.4297 
5.23093 41.534 36.27 51.626 0 59.8538 12.1622 47.0997 42.3015 12.2892 8.00428 12.2588 56.5543 50.2457 55.9009 5.92813 45.0033 14.4509 16.3148 12.9732 38.056 39.3053 49.6844 4.94335 24.8136 55.0037 27.1546 6.73368 45.3462 42.274 38.4469 36.9988 50.3593 39.4152 17.711 40.4212 36.2133 42.4312 45.1547 10.6691 51.227 44.7278 37.704 38.697 48.0318 20.0368 44.7223 55.0935 49.8069 44.7955 29.1794 38.6465 9.38332 31.1926 21.2153 50.2467 17.7599 47.646 9.25691 49.6455 28.1854 31.5056 64.3852 34.9557 51.2566 49.0866 10.4042 6.4347 19.5253 47.4992 1.31137 31.3163 12.853 50.2093 37.9663 49.3849 63.6259 8.97783 19.6095 49.6835 34.0493 40.8064 32.0098 36.8827 49.3416 11.0268 24.4381 36.9047 57.0456 27.115 44.2753 34.1598 46.5604 59.5516 34.6638 40.6036 57.1512 37.921 42.0882 40.9137 19.3623 
56.1667 25.1007 26.5853 11.3054 59.8538 0 65.4134 13.0784 57.5903 55.3532 67.7716 71.4691 22.2047 26.5075 13.416 55.3603 44.3829 47.4546 44.2568 58.7462 30.1406 21.2582 10.3799 64.5818 44.8657 27.1461 45.2301 62.761 51.1723 27.1688 22.9595 31.5477 40.4366 26.4872 56.4467 20.2836 47.3525 53.9577 28.4066 49.3637 9.00219 45.5018 37.4625 45.5546 37.002 43.5329 25.5097 7.47496 52.0827 28.1835 41.323 26.8104 51.2139 57.9847 49.8922 34.873 59.7546 14.4547 53.1733 35.6797 31.6687 34.5835 13.0702 35.5181 9.2528 10.8124 51.1602 65.1448 48.0705 12.5176 60.7526 55.8038 48.9185 17.2895 43.5716 15.0966 4.99967 68.6874 40.4501 49.5288 47.0894 47.3352 46.1939 31.4685 11.1474 48.8292 40.3863 24.7809 13.4141 57.5994 25.9732 40.5783 41.1491 13.7659 26.7885 27.5304 24.0531 46.1783 22.9927 22.3096 53.4545 
17.0609 43.7472 44.6952 58.6816 12.1622 65.4134 0 52.3399 34.9796 24.4288 12.9488 9.82143 57.9257 50.8859 59.1193 11.9014 41.2774 18.0568 25.5228 7.23505 47.7154 44.1754 55.0342 9.76781 36.1888 55.3327 24.9438 17.5901 39.8297 43.6546 42.7064 38.0115 47.6305 41.6843 11.8288 45.1905 48.0399 36.087 54.9362 19.9497 56.4577 40.7037 48.5533 34.8108 46.1759 22.0772 54.0149 61.7251 44.2365 54.5304 40.2379 47.62 15.4894 23.3723 33.1027 48.8685 9.64322 54.8207 12.7321 48.0823 34.6782 41.4065 67.726 34.9562 57.5785 54.6537 21.3833 15.0967 31.0927 52.9024 10.9452 24.2652 16.7187 53.1007 49.4945 52.9982 68.5728 10.4441 27.6289 44.7257 45.8571 36.3138 28.4779 46.703 54.3857 19.3634 25.8831 40.9484 60.2081 19.454 45.6777 32.4192 43.6697 62.5964 42.6183 49.9692 58.1297 49.6611 50.6122 49.0328 14.9338 
43.6642 13.9948 17.0086 10.5747 47.0997 13.0784 52.3399 0 46.8448 43.5834 55.0684 58.5417 19.1978 19.5775 12.2972 42.4269 34.854 34.4067 31.9471 45.6714 22.5997 8.18189 2.70345 51.7513 34.689 22.4249 32.7001 50.3992 41.3299 16.7006 10.0179 19.8342 32.5393 14.7808 43.4577 7.23425 39.917 43.4346 24.0782 36.7644 4.14624 35.8557 30.4551 34.6946 28.6565 30.4633 20.8002 11.2276 43.0686 23.6749 31.9574 18.8398 38.2866 45.8482 39.2721 27.3833 46.7606 9.45508 40.1559 27.9294 19.0303 25.0548 18.9984 23.6861 7.06348 2.64458 38.863 52.5978 37.0365 0.887416 47.9478 43.7285 35.8871 10.5642 36.6815 7.39123 16.5263 55.8483 27.9903 40.7035 39.1335 36.82 34.2662 23.6094 2.33768 36.1105 27.4123 11.8447 13.2955 45.1157 16.2382 28.863 32.164 15.563 16.1314 20.8275 20.9885 39.2085 16.1423 14.2438 40.5151 
44.3171 32.9246 51.331 57.0491 42.3015 57.5903 34.9796 46.8448 0 50.9362 47.1331 44.7559 39.5403 32.5357 45.7149 37.1295 14.3074 32.356 42.7939 29.7911 57.5128 40.65 49.0575 43.1242 55.4782 34.7183 19.3439 49.0338 8.11991 30.5085 38.1412 27.1529 20.8903 32.0916 24.6794 40.9421 67.4934 3.82347 63.5184 40.9705 49.7245 13.125 62.738 12.1534 22.4647 28.8137 60.9931 58.0468 11.1145 63.02 57.1774 55.1115 36.2669 11.6073 55.6736 25.492 25.5754 54.5274 34.1715 24.4657 40.2824 53.8023 52.8089 23.5971 53.8945 49.4418 44.6968 47.9993 52.573 47.7184 41.8014 11.0119 33.0882 40.471 66.8252 42.5011 58.2621 45.1647 41.0536 12.9176 65.5107 10.271 14.634 57.3304 47.6804 39.3384 26.9802 36.6652 46.3709 15.595 31.6174 18.5978 18.0283 47.8632 48.5614 58.1645 38.5921 68.2725 55.7948 53.3537 23.0436 
7.56521 41.7992 29.456 45.6858 12.2892 55.3532 24.4288 43.5834 50.9362 0 16.6194 22.8801 56.7502 51.5101 54.18 14.6917 50.6242 18.9815 12.2727 23.8729 29.3183 36.8168 45.8876 16.1543 13.954 56.3275 33.1745 9.45994 52.4378 43.3378 36.7504 38.9143 54.817 39.8106 27.6334 37.951 24.2417 50.3167 35.928 10.4156 47.4857 50.6177 27.1771 44.8585 51.82 23.9342 36.1865 49.5206 56.7477 35.6463 18.6678 30.8737 14.6709 40.7354 9.38937 53.4675 28.6341 41.7499 17.0329 53.0722 25.0654 22.8392 62.187 38.0652 46.225 45.0678 6.59395 12.9146 8.69948 43.7665 13.5561 40.3537 17.9726 49.1402 26.4038 47.5781 59.6874 19.1775 16.334 56.1169 22.123 47.3181 38.4659 27.9699 45.9198 12.0425 27.7966 35.6121 55.3324 36.8424 45.1616 38.9222 51.3662 57.8568 28.663 32.1566 57.721 26.0549 34.7351 34.183 28.2157 
11.9407 49.4184 43.6986 59.3277 8.00428 67.7716 12.9488 55.0684 47.1331 16.6194 0 6.58813 64.3846 57.9454 63.8902 13.473 51.5054 22.1969 23.8669 17.4284 44.9043 47.303 57.6404 4.21464 30.4379 62.6672 33.916 7.26632 51.1213 50.0548 46.4503 44.689 57.2401 47.2971 22.654 48.4205 40.6716 47.7861 51.8432 18.4353 59.1893 51.117 43.6405 45.0776 55.1577 27.6778 51.6929 62.8677 55.5903 51.5168 35.0725 45.8339 17.2903 35.6158 25.9989 57.5145 21.5996 55.3398 16.6096 56.8614 36.1103 38.3154 72.3834 42.4313 59.0962 57.025 17.3471 3.74745 25.0833 55.4551 7.35519 36.1709 20.5774 58.175 43.006 57.3826 71.5921 3.10093 27.3984 55.7366 38.602 46.9761 38.4247 43.6515 57.319 18.9606 32.061 44.903 65.0335 31.5565 52.0687 41.1872 53.3628 67.5364 42.2558 47.5807 64.9282 42.5499 49.4229 48.3985 25.0367 
17.1975 51.5021 48.4896 63.6517 12.2588 71.4691 9.82143 58.5417 44.7559 22.8801 6.58813 0 66.1507 59.3571 66.5016 16.1152 50.8874 24.4557 28.5372 16.343 50.283 50.5445 61.1818 7.32528 36.4595 63.9468 34.0285 13.7515 49.6339 51.772 49.4141 46.2168 57.0833 49.3922 21.3846 51.628 47.0732 45.9083 57.3497 22.8246 62.6875 50.358 49.5738 44.4094 55.4139 29.467 56.9723 67.0238 54.0487 56.9988 41.0017 50.9044 20.2586 33.1537 32.2618 57.9936 19.4484 59.6867 18.5928 57.254 39.9118 43.7172 75.0846 43.5067 63.0866 60.6599 22.5767 10.2666 31.0958 59.0047 11.1035 34.085 22.8752 60.6108 49.2703 60.1401 75.0282 3.70552 31.6555 54.5018 44.9779 46.0127 37.95 49.0907 60.7204 22.9526 33.6733 47.7571 67.6243 29.2666 53.8048 41.4984 53.1357 70.0834 46.812 52.8528 66.514 48.9189 54.327 53.1069 24.2971 
54.5613 15.1094 35.1106 28.1791 56.5543 22.2047 57.9257 19.1978 39.5403 56.7502 64.3846 66.1507 0 7.45973 8.87591 50.9171 25.2908 42.189 44.4779 50.6958 41.3292 21.3413 19.2822 60.4552 50.9994 5.25836 33.5655 61.4587 32.0101 14.383 20.4995 19.9528 19.7129 17.2017 46.7914 20.3869 58.1703 35.7194 43.2759 47.7594 18.631 26.48 49.1246 28.7104 17.1485 36.7951 39.9978 26.582 31.8056 42.8723 49.2135 37.5841 47.1716 43.418 54.7759 14.31 49.9093 28.3635 47.89 15.2952 32.1787 42.5699 13.4703 23.0517 24.1637 20.3605 50.8517 62.8009 52.0361 19.8242 57.0386 41.1897 43.8096 8.89959 55.2497 11.8718 20.7418 64.2865 40.436 29.1712 57.1231 29.6059 32.0562 42.1788 17.9019 46.5826 32.4966 21.3039 8.79402 44.4365 12.3521 26.6381 21.621 9.1255 33.4767 39.8413 1.90699 57.6921 35.2554 33.1948 43.5142 
48.6533 10.0223 33.1122 29.8415 50.2457 26.5075 50.8859 19.5775 32.5357 51.5101 57.9454 59.3571 7.45973 0 13.5228 44.484 18.489 35.7985 39.3259 43.6513 39.7237 18.6679 20.6553 53.9285 47.2581 4.82651 26.2841 55.4855 25.3158 8.17813 17.0563 13.2569 13.9291 11.8082 39.582 17.9955 55.6736 28.7368 42.8659 42.0279 20.5761 19.6653 47.2553 21.3684 10.6185 30.2677 39.65 29.2219 25.7078 42.4176 46.089 36.1162 40.9044 35.9706 50.5345 8.37362 42.6518 29.0101 41.3542 9.17403 27.8904 39.8199 20.2913 15.93 25.9244 21.5212 45.3432 56.5872 47.6231 20.3922 50.6398 33.7398 37.4062 9.62289 53.1446 12.6476 26.2063 57.6645 35.4085 23.1151 54.3962 22.4322 24.6035 40.3548 19.1279 40.7348 25.8896 17.2631 14.0166 36.9832 6.3832 19.2286 14.9711 15.3382 31.038 38.727 7.27705 55.4493 34.5043 32.1867 36.3056 
53.1611 15.5541 29.2465 19.7917 55.9009 13.416 59.1193 12.2972 45.7149 54.18 63.8902 66.5016 8.87591 13.5228 0 50.6445 31.9148 42.0593 42.0775 52.0262 34.8802 17.3738 11.5049 60.2175 46.5158 13.7301 36.2312 60.0556 38.7535 16.5274 17.6004 21.91 27.3391 17.5216 48.7939 16.2469 52.2128 41.9627 35.8234 46.204 10.4859 33.0768 42.7336 34.0544 24.1413 37.1602 32.5656 17.8382 39.2249 35.4591 44.0664 31.1252 46.6388 47.78 50.8323 21.7611 52.0577 20.5714 47.9181 22.631 29.115 37.1986 8.60845 25.7125 15.8401 12.6527 48.8392 61.8479 48.3762 12.6707 56.5697 45.543 43.6567 6.08097 48.9678 6.61495 12.6852 64.2203 37.9919 36.6249 51.4084 35.4775 35.9759 35.9049 10.4003 45.2654 33.2388 19.0245 1.15594 48.1022 14.8015 30.2848 28.4687 3.6869 28.1402 33.0087 10.7652 51.501 28.2611 26.4939 45.5848 
7.35463 35.981 33.1308 47.7657 5.92813 55.3603 11.9014 42.4269 37.1295 14.6917 13.473 16.1152 50.9171 44.484 50.6445 0 39.1536 8.72852 13.6397 9.25759 35.8571 34.446 45.0668 9.58888 24.6409 49.2183 21.2795 12.2746 39.7278 36.5819 33.3802 31.2273 44.4412 33.8593 13.0382 35.5361 36.8089 37.0041 43.0719 8.05732 46.5726 38.907 36.7137 32.8912 42.1041 14.2209 42.2376 51.0408 44.1712 42.672 28.4922 35.9029 4.14684 26.3884 22.1672 44.3293 13.9594 43.8293 3.33711 43.7227 23.8717 29.5131 59.1897 29.076 47.0463 44.5495 9.98971 12.3601 19.7852 42.8901 6.15981 26.2555 7.1075 44.8484 37.9514 44.2031 58.9185 13.5786 16.0355 43.9534 34.6182 35.0605 26.2144 34.8233 44.6096 7.50639 18.6153 31.7594 51.7795 22.3932 38.5964 28.2353 40.6529 54.2653 31.213 38.1668 51.4553 38.3115 39.0417 37.6009 14.0883 
45.3879 20.9924 42.9114 45.3881 45.0033 44.3829 41.2774 34.854 14.3074 50.6242 51.5054 50.8874 25.2908 18.489 31.9148 39.1536 0 31.8569 40.0594 34.5891 49.5567 30.0621 36.7481 47.2919 51.4509 20.4138 17.887 51.3905 6.83874 18.1636 27.5988 16.7694 7.07872 20.8199 29.5068 30.0487 62.3875 10.4875 54.6122 40.211 37.1662 1.18921 55.9281 6.47848 8.16438 26.691 51.7335 45.7761 8.35788 54.1194 51.9944 46.5688 36.8342 20.7433 53.0119 11.1877 31.7743 43.4413 35.8301 10.1606 33.3515 47.2349 38.6489 14.6132 41.8705 37.315 44.0327 51.3322 49.8367 35.7414 44.9146 18.7858 33.1379 27.0945 60.9069 29.4959 44.5791 50.2745 37.1613 6.37822 60.6428 5.37088 13.0808 49.6974 35.2767 38.597 23.066 26.5251 32.479 23.2445 18.7527 11.8203 3.72385 33.8091 40.2538 49.5699 24.2947 62.7623 46.3752 43.8806 26.6514 
13.63 27.2634 27.3631 40.6688 14.4509 47.4546 18.0568 34.4067 32.356 18.9815 22.1969 24.4557 42.189 35.7985 42.0593 8.72852 31.8569 0 11.0974 12.0376 31.3851 26.2891 37.0877 18.2934 24.0138 40.5529 14.2048 20.073 33.4575 27.8612 25.0121 22.5485 36.5752 25.142 12.2447 27.3404 36.4458 31.4557 38.5238 8.68064 38.5434 31.7744 34.009 25.9305 33.9603 5.62733 37.1315 43.6708 37.7685 38.0761 26.7405 30.6184 5.21233 23.1455 23.4413 36.0153 14.9179 36.841 5.86298 35.4677 16.718 25.6896 50.6342 20.5985 39.5227 36.6646 12.492 20.8275 20.4197 34.9372 14.8588 22.3018 1.62156 36.2066 36.6365 35.6844 50.7781 22.2133 11.1041 37.1839 34.3265 28.3534 19.4862 30.6053 36.5101 7.03136 10.0145 23.3258 43.1864 19.7247 29.8728 20.3892 32.9255 45.6565 25.055 33.2546 42.7376 37.578 33.215 31.4321 11.0759 
11.9975 29.5495 19.9565 35.4687 16.3148 44.2568 25.5228 31.9471 42.7939 12.2727 23.8669 28.5372 44.4779 39.3259 42.0775 13.6397 40.0594 11.0974 0 21.4497 22.2229 24.7791 34.3884 21.2528 12.9333 44.1322 23.7322 18.5071 42.8438 31.1712 24.5554 26.9871 43.5474 27.5809 23.0174 25.9191 25.3491 41.4662 29.434 5.76473 35.9737 40.221 23.4745 34.831 40.3099 14.0578 28.6752 39.0531 46.9234 29.0364 15.7631 22.4406 10.2805 34.1675 13.0625 41.7275 25.2891 31.4798 13.4039 41.4079 13.0339 15.8867 50.2218 26.5796 35.3831 33.6643 6.92079 20.9694 9.89395 32.2226 17.434 33.1979 11.142 36.9208 25.6232 35.4636 48.3319 25.2814 4.09119 45.9441 23.2342 37.4506 28.9729 21.184 34.264 6.16645 17.022 23.3651 43.2326 30.8173 32.9587 28.241 40.328 45.7624 18.3943 24.5819 45.4581 26.4916 25.7917 24.6023 22.1594 
16.3735 36.596 39.365 52.5401 12.9732 58.7462 7.23505 45.6714 29.7911 23.8729 17.4284 16.343 50.6958 43.6513 52.0262 9.25759 34.5891 12.0376 21.4497 0 43.0877 37.4895 48.3739 13.3477 33.474 48.1062 17.7928 19.6165 33.7489 36.4414 35.8907 30.7936 40.7404 34.5486 5.23647 38.4681 45.8057 30.3578 50.2843 16.5663 49.7568 34.0962 44.9233 28.1119 39.1229 15.2213 49.0416 55.4052 38.2104 49.8501 37.0151 42.547 11.2418 18.409 31.3494 41.7602 4.82436 48.7622 8.08167 40.9951 28.7019 37.092 60.6263 27.7214 51.1855 48.0552 19.1313 18.2445 28.842 46.2728 12.2472 18.7911 11.0316 45.9868 46.6987 45.9847 61.7442 15.7897 22.6855 38.4588 43.6194 29.8159 21.6111 42.2107 47.6523 15.4809 18.8015 34.105 53.1049 14.3166 38.4617 25.2777 36.7928 55.4734 37.088 45.1026 50.8947 47.2265 45.235 43.4694 7.95641 
33.1266 30.6326 6.75411 18.9672 38.056 30.1406 47.7154 22.5997 57.5128 29.3183 44.9043 50.283 41.3292 39.7237 34.8802 35.8571 49.5567 31.3851 22.2229 43.0877 0 21.1176 23.6386 42.9615 16.1927 43.6188 38.8057 38.3582 54.6594 33.5056 23.0828 32.8632 49.9549 29.7777 43.522 21.7296 17.4909 55.0247 7.22351 27.9317 25.0044 50.2147 7.85547 46.5958 46.0025 31.0967 6.86829 23.007 57.7579 6.81537 11.8389 3.76397 32.2983 51.8874 21.5536 45.8961 46.3023 15.7552 35.2928 46.0876 17.2828 6.58889 40.6908 35.1347 21.2026 22.5072 27.7126 41.5046 20.7665 22.2146 39.275 50.3084 32.1171 32.4314 14.0893 29.5368 35.0743 46.8124 20.4048 55.9325 17.004 49.2466 42.919 1.43756 24.5261 28.3586 31.1099 23.5687 35.8444 49.4355 34.2766 39.381 48.1272 37.9992 9.30866 2.94832 42.985 16.6375 7.1557 8.41357 41.7425 
36.1515 9.67371 14.4539 16.7311 39.3053 21.2582 44.1754 8.18189 40.65 36.8168 47.303 50.5445 21.3413 18.6679 17.3738 34.446 30.0621 26.2891 24.7791 37.4895 21.1176 0 10.8847 43.8645 29.7114 22.798 25.0462 42.9886 36.0318 12.6342 2.51696 13.6249 29.302 9.27864 35.3304 1.14046 37.1282 37.4947 24.9619 29.196 12.2828 30.9158 28.5883 28.6716 25.3095 22.2826 21.9111 18.6258 38.42 24.4843 27.8938 17.596 30.3228 38.4543 33.7104 24.904 38.6275 13.8918 32.075 25.1726 11.764 21.3503 25.4454 17.0584 14.2746 10.6187 31.6108 44.9947 31.1318 8.80464 40.0969 36.4065 27.7923 12.7793 34.4933 10.7998 24.4999 47.9451 20.7123 36.2893 35.9523 31.0549 27.2056 21.6996 10.2224 28.4076 19.3203 4.08846 18.5233 37.4194 13.1983 22.1582 27.999 21.0438 12.4005 20.3611 22.7611 36.8263 16.5639 14.1018 32.4313 
46.1734 16.1339 18.53 9.19711 49.6844 10.3799 55.0342 2.70345 49.0575 45.8876 57.6404 61.1818 19.2822 20.6553 11.5049 45.0668 36.7481 37.0877 34.3884 48.3739 23.6386 10.8847 0 54.3603 36.5416 23.0143 35.2994 52.8725 43.3225 18.6908 12.692 22.1999 34.0304 17.1092 46.1531 9.93437 41.0976 45.5898 24.3248 39.2976 1.59861 37.7821 31.4577 36.9054 30.224 33.1666 21.0631 9.03976 44.876 23.9568 33.5804 19.9252 40.9236 48.3708 41.2589 28.7286 49.4569 9.13195 42.8249 29.3443 21.5543 26.6695 17.2478 26.0997 5.27953 1.15118 41.3091 55.1242 39.1278 2.1853 50.5481 46.236 38.5612 11.1952 37.7082 8.03392 13.967 58.4607 30.4716 42.4583 40.4378 38.9556 36.7287 24.7498 1.53029 38.6798 30.1035 14.5199 12.3615 47.7128 18.0109 31.2633 33.9131 14.3911 17.9777 21.6077 21.1445 40.2715 16.8332 15.2265 43.2021 
9.91921 45.5568 41.2092 56.5054 4.94335 64.5818 9.76781 51.7513 43.1242 16.1543 4.21464 7.32528 60.4552 53.9285 60.2175 9.58888 47.2919 18.2934 21.2528 13.3477 42.9615 43.8645 54.3603 0 29.3688 58.6279 29.7088 7.99485 46.962 46.0971 42.8897 40.6795 53.0322 43.4353 18.546 44.9685 40.3785 43.683 50.0384 15.5785 55.8892 46.9068 42.3977 40.8665 50.9731 23.6807 49.647 59.9393 51.4328 49.6847 33.8398 43.5872 13.5937 31.6656 25.4264 53.3518 17.6917 52.5299 12.5784 52.6897 32.934 36.3995 68.751 38.3327 56.0637 53.7924 15.2637 5.33851 24.024 52.1767 3.85694 32.1341 16.6727 54.435 42.3615 53.7567 68.2725 4.10735 24.4824 51.5502 38.2441 42.7767 34.2112 41.7746 53.9695 15.8265 28.0405 41.2952 61.3545 27.5866 48.1184 36.9975 49.1517 63.8442 39.5821 45.5275 60.9559 42.1597 47.031 45.8465 20.8521 
19.5833 37.249 18.2932 34.2487 24.8136 44.8657 36.1888 34.689 55.4782 13.954 30.4379 36.4595 50.9994 47.2581 46.5158 24.6409 51.4509 24.0138 12.9333 33.474 16.1927 29.7114 36.5416 29.3688 0 51.8414 36.2178 23.3911 54.9311 39.5334 30.5606 36.5678 53.9997 35.6285 35.6909 30.7315 12.4661 53.9296 22.2768 16.9115 38.1001 51.7654 13.2264 46.7628 50.4168 26.6674 22.9515 38.2629 58.8163 22.0403 4.74203 18.5417 22.3155 47.0988 5.36263 51.3007 37.6985 30.546 25.4494 51.1679 19.4472 10.3621 53.6807 37.1796 35.6201 35.5447 14.8058 26.7926 5.36531 34.6298 26.1211 46.1008 23.9291 42.4774 13.319 40.2253 49.5778 32.7988 14.5294 57.5906 10.3223 49.4442 41.3263 14.768 36.9619 18.1171 28.9636 30.042 47.617 43.7384 40.9845 39.802 51.1794 50.0401 18.5758 19.135 52.3268 13.7644 22.5482 22.6489 35.0428 
53.4672 14.7133 37.1245 32.1516 55.0037 27.1461 55.3327 22.4249 34.7183 56.3275 62.6672 63.9468 5.25836 4.82651 13.7301 49.2183 20.4138 40.5529 44.1322 48.1062 43.6188 22.798 23.0143 58.6279 51.8414 0 30.546 60.2913 27.0267 13.0033 21.419 18.0055 14.5314 16.5771 43.889 22.0137 59.9235 30.8959 46.2784 46.8527 22.6221 21.5997 51.2725 24.3725 12.254 34.9974 43.0218 30.966 26.6249 45.8482 50.5108 39.9427 45.6778 39.3528 55.2265 9.2672 46.8904 31.8453 46.0637 10.2819 32.5493 44.1143 18.6658 20.4434 28.1447 24.0066 50.1692 61.3595 52.3424 23.1613 55.3772 37.1526 42.1555 11.8843 57.259 15.0844 25.9436 62.3287 40.1999 23.9902 58.7162 25.001 28.3873 44.3343 21.5361 45.5552 30.6068 21.7998 13.833 40.7003 11.1738 23.2761 16.7014 14.3719 35.1947 42.4236 3.90877 59.6152 38.0278 35.8054 40.6226 
27.5626 20.7709 33.0168 41.701 27.1546 45.2301 24.9438 32.7001 19.3439 33.1745 33.916 34.0285 33.5655 26.2841 36.2312 21.2795 17.887 14.2048 23.7322 17.7928 38.8057 25.0462 35.2994 29.7088 36.2178 30.546 0 33.5041 19.3098 19.8342 22.7921 14.3213 23.3242 18.9991 13.3456 25.7125 48.1553 17.7432 45.2202 22.8038 36.4009 17.694 43.5708 11.7572 21.3962 9.67946 42.9808 43.6381 23.5773 44.7273 37.8336 36.769 19.0152 13.5877 36.7621 23.975 16.3685 38.5168 17.9502 23.2259 21.5467 34.6483 44.6458 10.6291 39.2895 35.3194 26.6408 33.5223 33.611 33.4745 27.1224 11.7191 15.3663 30.173 47.5025 30.9188 47.3327 32.9569 21.7368 22.9924 46.1834 14.1486 5.31316 38.4838 34.2203 21.1576 7.75311 21.0097 37.2154 12.4156 21.753 7.48506 19.459 39.3966 30.2678 39.7828 33.5608 48.9293 38.0427 35.7281 10.0881 
6.91631 46.3515 37.7519 53.7316 6.73368 62.761 17.5901 50.3992 49.0338 9.45994 7.26632 13.7515 61.4587 55.4855 60.0556 12.2746 51.3905 20.073 18.5071 19.6165 38.3582 42.9886 52.8725 7.99485 23.3911 60.2913 33.5041 0 51.97 47.3834 42.4582 42.3404 56.5184 44.2576 24.4374 44.126 33.406 49.1285 45.1477 13.8532 54.4527 51.1648 36.6174 45.1573 54.0136 25.688 45.2041 57.4192 56.4216 44.8442 28.081 39.5822 14.8635 37.9124 18.7916 56.0874 24.3513 49.7492 15.571 55.5396 31.3878 31.7935 68.3823 40.647 53.8442 52.1638 11.6033 3.51894 18.079 50.7004 7.37437 38.05 18.5763 54.5916 35.7778 53.4595 66.8272 10.0732 22.4089 56.2274 31.3399 47.3351 38.4853 37.0556 52.7032 14.8936 30.038 41.0621 61.2101 33.83 49.341 40.2914 52.7827 63.7375 36.5752 41.1205 62.1925 35.2884 43.311 42.4932 26.0719 
46.5029 27.3606 48.1531 51.7996 45.3462 51.1723 39.8297 41.3299 8.11991 52.4378 51.1213 49.6339 32.0101 25.3158 38.7535 39.7278 6.83874 33.4575 42.8438 33.7489 54.6594 36.0318 43.3225 46.962 54.9311 27.0267 19.3098 51.97 0 24.6443 33.5275 22.4502 12.8661 26.9437 28.5144 36.1302 66.3997 4.62409 60.1066 42.0994 43.8078 5.68445 60.6087 8.22848 14.8663 28.8982 57.3473 52.3619 4.47222 59.6097 55.9747 51.8833 38.0486 17.2884 55.9062 17.7596 30.188 49.6644 36.5124 16.7486 37.8813 51.7594 45.4176 19.5721 48.3792 43.8397 45.9321 51.4469 52.736 42.2166 45.0607 15.7998 34.5139 33.8915 65.2494 36.2256 51.417 49.5191 40.4203 5.17979 64.5453 5.52227 13.997 54.6727 41.8725 40.4506 25.9827 32.2857 39.3145 20.6399 25.4023 15.4449 10.3995 40.62 45.4302 54.9217 30.93 66.9452 52.0226 49.5343 26.1375 
40.5296 2.9801 26.7589 27.2245 42.274 27.1688 43.6546 16.7006 30.5085 43.3378 50.0548 51.772 14.383 8.17813 16.5274 36.5819 18.1636 27.8612 31.1712 36.4414 33.5056 12.6342 18.6908 46.0971 39.5334 13.0033 19.8342 47.3834 24.6443 0 10.4409 5.65538 16.6751 3.93202 32.7608 12.3519 48.5859 26.9618 37.5948 33.8669 19.2515 19.1559 40.692 18.4073 12.6815 22.4231 34.5264 27.7296 26.4255 37.118 38.7006 30.1101 32.9033 31.3323 42.5866 12.4011 35.9591 25.3738 33.524 12.5868 20.0872 32.7448 24.83 9.22729 23.7385 19.1956 37.166 48.5731 39.6259 17.588 42.7199 29.1039 29.4788 10.5869 46.3399 12.089 28.3508 49.9106 27.2823 24.1242 47.175 20.3183 19.4936 33.9481 17.2598 32.5917 18.1138 10.0498 17.4595 31.5752 2.03306 13.7935 15.6434 19.5773 24.3985 32.9462 14.878 48.529 29.1903 26.7346 29.5004 
35.5691 7.5501 16.3483 19.1402 38.4469 22.9595 42.7064 10.0179 38.1412 36.7504 46.4503 49.4141 20.4995 17.0563 17.6004 33.3802 27.5988 25.0121 24.5554 35.8907 23.0828 2.51696 12.692 42.8897 30.5606 21.419 22.7921 42.4582 33.5275 10.4409 0 11.1097 27.0412 6.88741 33.4883 2.93128 38.62 34.9784 27.2562 28.6089 13.9621 28.4388 30.3783 26.1551 23.0566 20.6745 24.2556 20.8499 35.9558 26.7732 29.0919 19.6692 29.2997 36.1165 34.2789 22.8151 36.7956 16.3905 30.8538 23.0269 11.7851 22.7636 25.967 14.5554 16.5051 12.5879 31.2602 44.2996 31.5673 10.7426 39.1744 34.0466 26.5604 12.3989 36.1575 11.0019 25.8687 46.9411 20.4642 33.8497 37.3436 28.5388 24.776 23.5674 11.8142 27.6997 17.4289 1.82787 18.7557 35.1959 11.2332 19.6706 25.6094 21.2851 14.0802 22.5165 21.7728 38.4261 18.8944 16.4128 30.5152 
35.5597 6.54521 26.1781 29.9004 36.9988 31.5477 38.0115 19.8342 27.1529 38.9143 44.689 46.2168 19.9528 13.2569 21.91 31.2273 16.7694 22.5485 26.9871 30.7936 32.8632 13.6249 22.1999 40.6795 36.5678 18.0055 14.3213 42.3404 22.4502 5.65538 11.1097 0 17.5903 5.1009 27.1178 13.823 46.5764 23.904 37.8485 29.0875 23.0583 17.5182 39.4816 15.0813 13.8735 17.0112 34.9967 31.0609 25.0787 37.355 36.3579 29.811 27.675 26.4515 39.0819 14.8334 30.328 27.4234 28.1026 14.6254 17.414 31.005 30.3437 3.97286 26.8328 22.4662 32.5587 43.3553 36.0106 20.691 37.3836 24.2608 24.1533 15.8562 44.7403 16.7891 33.2436 44.4392 23.3229 23.1214 44.9867 17.431 14.6464 33.0704 20.924 27.7177 12.6394 9.8391 22.8964 26.339 7.66863 9.07459 15.3135 25.1008 23.5549 32.8046 20.3091 46.7508 29.6474 27.1534 23.8627 
50.2046 19.6513 43.2032 43.075 50.3593 40.4366 47.6305 32.5393 20.8903 54.817 57.2401 57.0833 19.7129 13.9291 27.3391 44.4412 7.07872 36.5752 43.5474 40.7404 49.9549 29.302 34.0304 53.0322 53.9997 14.5314 23.3242 56.5184 12.8661 16.6751 27.0412 17.5903 0 20.2046 35.8032 29.0203 64.1649 17.1488 54.2634 44.5053 34.1613 8.11012 56.8798 13.0512 3.9936 31.1026 51.2014 42.8615 12.0956 53.785 53.9416 46.6639 41.7216 27.7904 56.1678 5.57916 38.2774 41.6947 41.1053 4.76428 35.0004 48.5425 33.178 16.9901 39.2966 34.7714 48.249 56.7673 53.0325 33.4069 50.396 25.7948 37.9904 23.401 62.2707 26.2266 39.967 56.224 40.2353 9.46068 62.5754 12.425 19.155 50.2962 32.5062 42.9527 27.0318 26.3902 27.7148 30.1444 16.4748 16.2271 3.96351 28.6716 40.7161 49.5489 18.4252 64.3173 45.8636 43.4036 32.7894 
37.3627 2.12173 23.0237 24.9913 39.4152 26.4872 41.6843 14.7808 32.0916 39.8106 47.2971 49.3922 17.2017 11.8082 17.5216 33.8593 20.8199 25.142 27.5809 34.5486 29.7777 9.27864 17.1092 43.4353 35.6285 16.5771 18.9991 44.2576 26.9437 3.93202 6.88741 5.1009 20.2046 0 31.2802 9.22966 44.6691 28.7422 34.1404 30.5849 17.9575 21.7045 36.8633 19.9564 16.2347 19.9255 31.1422 26.0065 29.1743 33.6565 34.7688 26.4594 30.0344 31.4975 38.7579 16.2356 34.5523 22.721 30.9275 16.3496 16.1895 28.8381 26.0981 9.04759 21.8113 17.402 33.7579 45.6235 35.8263 15.6464 39.9425 29.3195 26.7626 11.4533 42.4606 11.9199 28.3455 47.3371 23.627 27.017 43.2482 22.1733 19.7253 30.1697 15.8239 29.3866 15.8218 6.21988 18.5789 31.2283 5.42824 14.1755 18.728 20.9259 20.5971 29.3502 17.9856 44.6314 25.7817 23.3002 28.084 
20.3925 33.2464 39.1149 51.1107 17.711 56.4467 11.8288 43.4577 24.6794 27.6334 22.654 21.3846 46.7914 39.582 48.7939 13.0382 29.5068 12.2447 23.0174 5.23647 43.522 35.3304 46.1531 18.546 35.6909 43.889 13.3456 24.4374 28.5144 32.7608 33.4883 27.1178 35.8032 31.2802 0 36.2255 48.1515 25.1381 50.604 19.0182 47.4503 28.9741 46.2313 23.0303 34.3817 13.3969 49.0494 53.6947 32.9748 50.1467 38.7792 42.532 13.6004 13.487 34.2521 37.1167 3.31007 47.4817 10.7145 36.3111 27.8687 37.9278 57.3413 23.7425 49.3936 45.9478 22.1745 23.3233 31.4945 44.1249 17.1424 13.6678 11.8849 42.7157 48.6358 43.0163 59.1223 21.0118 23.345 33.2443 45.991 24.6484 16.6494 42.7896 45.2996 17.6355 16.0606 31.6659 49.8357 9.42432 34.7463 20.7484 31.8432 52.1283 36.643 45.2689 46.8571 49.4168 44.8463 42.885 3.27773 
37.2864 9.37212 15.1333 16.2336 40.4212 20.2836 45.1905 7.23425 40.9421 37.951 48.4205 51.628 20.3869 17.9955 16.2469 35.5361 30.0487 27.3404 25.9191 38.4681 21.7296 1.14046 9.93437 44.9685 30.7315 22.0137 25.7125 44.126 36.1302 12.3519 2.93128 13.823 29.0203 9.22966 36.2255 0 37.9515 37.7268 25.2972 30.3298 11.2888 30.9328 29.2861 28.9034 25.0273 23.2509 22.1938 17.9257 38.4015 24.8264 28.8268 18.1458 31.4175 39.0478 34.7805 24.4871 39.5276 13.6004 33.1394 24.7982 12.902 22.2236 24.305 17.3917 13.5785 9.74314 32.7512 46.1244 32.2225 7.90764 41.2063 36.9769 28.8529 11.7459 35.2457 9.6855 23.4381 49.046 21.8528 36.2245 36.8143 31.237 27.6896 22.3681 9.1955 29.534 20.1867 4.70657 17.3952 38.1107 12.7485 22.5339 27.8654 19.9136 13.2012 20.8382 21.8446 37.6053 16.8797 14.452 33.2947 
31.0561 45.9586 23.0924 36.0583 36.2133 47.3525 48.0399 39.917 67.4934 24.2417 40.6716 47.0732 58.1703 55.6736 52.2128 36.8089 62.3875 36.4458 25.3491 45.8057 17.4909 37.1282 41.0976 40.3785 12.4661 59.9235 48.1553 33.406 66.3997 48.5859 38.62 46.5764 64.1649 44.6691 48.1515 37.9515 0 65.7355 19.809 29.2892 42.4846 62.8187 9.89053 58.1756 60.3847 38.783 22.1218 40.0231 70.0905 19.8583 10.4261 21.173 34.7221 59.467 14.9987 60.8419 50.1115 33.1403 37.8344 60.8549 29.193 15.8656 58.1815 47.8324 38.6125 39.9737 26.8338 36.9248 17.0276 39.5924 37.5197 58.401 36.3929 49.3031 4.10407 46.5778 52.3326 43.3679 26.4563 68.6669 2.19085 60.8795 53.1188 16.3483 41.9288 30.5515 40.6549 38.5924 53.2085 56.1657 49.7309 51.0381 61.7013 55.4164 24.7509 19.8618 59.7254 2.06645 24.5609 25.8789 47.4945 
44.0128 29.4638 48.706 53.733 42.4312 53.9577 36.087 43.4346 3.82347 50.3167 47.7861 45.9083 35.7194 28.7368 41.9627 37.0041 10.4875 31.4557 41.4662 30.3578 55.0247 37.4947 45.5898 43.683 53.9296 30.8959 17.7432 49.1285 4.62409 26.9618 34.9784 23.904 17.1488 28.7422 25.1381 37.7268 65.7355 0 60.8325 40.1346 46.2089 9.30728 60.5438 8.82449 18.642 27.4084 58.2177 54.6048 8.42505 60.3338 55.3519 52.4771 35.7237 13.0558 54.4727 21.6743 26.4937 51.3272 33.8973 20.6476 37.9131 51.6224 49.0006 20.5233 50.4956 46.0116 43.9278 48.361 51.3319 44.3135 42.0428 11.831 32.3499 36.7856 64.864 38.8855 54.5382 46.0172 39.4156 9.73383 63.8039 6.6436 12.6204 54.917 44.1907 38.4865 25.0808 33.5713 42.6036 16.6789 27.9924 15.73 14.21 44.0701 45.9459 55.5312 34.7687 66.4174 52.9645 50.5014 23.0722 
40.162 34.6275 12.2231 17.2338 45.1547 28.4066 54.9362 24.0782 63.5184 35.928 51.8432 57.3497 43.2759 42.8659 35.8234 43.0719 54.6122 38.5238 29.434 50.2843 7.22351 24.9619 24.3248 50.0384 22.2768 46.2784 45.2202 45.1477 60.1066 37.5948 27.2562 37.8485 54.2634 34.1404 50.604 25.2972 19.809 60.8325 0 35.1268 25.3911 55.3636 10.3776 52.2167 50.2713 37.9626 3.27857 20.9344 62.9259 0.498747 17.5932 8.45319 39.5216 58.5118 27.5729 49.7778 53.4314 15.2984 42.5118 50.0951 23.7208 13.6563 40.3223 40.5452 20.5229 23.1823 34.7749 48.3752 27.2529 23.4685 46.3881 56.848 39.2949 34.5618 15.7668 31.4407 33.3974 53.8411 27.599 60.9433 20.1117 54.8073 49.0457 8.2823 25.5354 35.5768 37.6319 28.126 36.6411 56.2254 38.0373 45.1047 52.8335 38.5004 14.9907 5.44937 45.062 18.3076 8.41879 10.8603 48.728 
6.96315 32.6559 25.673 40.9618 10.6691 49.3637 19.9497 36.7644 40.9705 10.4156 18.4353 22.8246 47.7594 42.0279 46.204 8.05732 40.211 8.68064 5.76473 16.5663 27.9317 29.196 39.2976 15.5785 16.9115 46.8527 22.8038 13.8532 42.0994 33.8669 28.6089 29.0875 44.5053 30.5849 19.0182 30.3298 29.2892 40.1346 35.1268 0 40.8609 40.2022 28.6725 34.4555 41.6071 13.5245 34.4304 44.4532 46.3805 34.7376 20.5314 28.205 5.44669 31.3291 15.2666 43.3834 20.8262 36.98 8.54587 42.939 17.7433 21.5167 54.5484 27.9047 40.6611 38.6485 3.83914 15.8342 12.4783 37.1148 11.7347 30.6899 7.9013 40.7489 30.1402 39.6108 53.2637 19.6452 8.96668 45.7125 27.1097 36.9329 28.1086 26.8562 39.0438 1.65069 17.4763 27.2098 47.3583 27.6482 35.7803 28.5293 41.004 49.8853 24.0036 30.3314 48.5659 30.6715 31.5313 30.2824 18.8571 
47.7446 16.8305 20.038 9.56259 51.227 9.00219 56.4577 4.14624 49.7245 47.4857 59.1893 62.6875 18.631 20.5761 10.4859 46.5726 37.1662 38.5434 35.9737 49.7568 25.0044 12.2828 1.59861 55.8892 38.1001 22.6221 36.4009 54.4527 43.8078 19.2515 13.9621 23.0583 34.1613 17.9575 47.4503 11.2888 42.4846 46.2089 25.3911 40.8609 0 38.2235 32.7969 37.5853 30.4193 34.5395 22.1506 8.70141 45.2141 25.0397 35.094 21.3157 42.4318 49.3598 42.8369 28.7779 50.7574 10.1036 44.2989 29.4379 23.1183 28.1865 15.7652 26.9937 5.54334 2.56638 42.894 56.6906 40.718 3.75236 52.0822 47.2076 40.0281 10.9831 39.0478 7.95132 12.4048 59.9875 32.0486 42.7605 41.8632 39.5665 37.6566 26.1445 2.18098 40.2291 31.3909 15.7858 11.2565 48.8029 18.4169 32.1329 34.2281 13.1502 19.5461 22.8931 20.5185 41.6209 18.1091 16.6062 44.4699 
45.2476 21.9511 43.5964 46.3733 44.7278 45.5018 40.7037 35.8557 13.125 50.6177 51.117 50.358 26.48 19.6653 33.0768 38.907 1.18921 31.7744 40.221 34.0962 50.2147 30.9158 37.7821 46.9068 51.7654 21.5997 17.694 51.1648 5.68445 19.1559 28.4388 17.5182 8.11012 21.7045 28.9741 30.9328 62.8187 9.30728 55.3636 40.2022 38.2235 0 56.4966 6.04442 9.35227 26.7038 52.5121 46.8157 7.56337 54.8697 52.4115 47.2735 36.6951 19.8255 53.2122 12.3673 31.1575 44.3722 35.5945 11.3408 33.8629 47.7629 39.8356 15.1583 42.8844 38.3329 44.0327 51.0269 50.0347 36.7431 44.6054 17.914 33.0183 28.2166 61.406 30.5859 45.7357 49.8239 37.4116 5.84832 61.0504 4.51612 12.7289 50.3267 36.3175 38.5785 23.2021 27.319 33.6482 22.4487 19.8066 12.0054 4.90328 34.9897 40.9212 50.2853 25.4821 63.2291 47.1591 44.6646 26.1832 
32.5096 37.8985 14.1532 26.1678 37.704 37.4625 48.5533 30.4551 62.738 27.1771 43.6405 49.5738 49.1246 47.2553 42.7336 36.7137 55.9281 34.009 23.4745 44.9233 7.85547 28.5883 31.4577 42.3977 13.2264 51.2725 43.5708 36.6174 60.6087 40.692 30.3783 39.4816 56.8798 36.8633 46.2313 29.2861 9.89053 60.5438 10.3776 28.6725 32.7969 56.4966 0 52.4238 52.9782 34.945 12.334 30.1366 63.9671 10.3289 8.57527 11.6175 33.7197 56.0257 18.1661 53.0865 48.6872 23.2898 36.8639 53.2115 22.7276 8.93569 48.4218 41.3384 28.7644 30.3206 27.395 40.0113 18.5599 30.0657 38.9957 54.6563 34.3966 40.225 6.2512 37.3638 42.444 45.9388 22.9988 62.2966 9.83921 55.1167 48.1148 6.9516 32.3711 29.5141 35.8265 30.6527 43.6936 53.1715 41.6112 45.1768 54.7929 45.834 16.304 10.0033 50.7583 8.8299 14.7494 16.2504 44.9293 
39.3138 20.774 40.1637 44.9374 38.697 45.5546 34.8108 34.6946 12.1534 44.8585 45.0776 44.4094 28.7104 21.3684 34.0544 32.8912 6.47848 25.9305 34.831 28.1119 46.5958 28.6716 36.9054 40.8665 46.7628 24.3725 11.7572 45.1573 8.22848 18.4073 26.1551 15.0813 13.0512 19.9564 23.0303 28.9034 58.1756 8.82449 52.2167 34.4555 37.5853 6.04442 52.4238 0 12.6636 21.0439 49.5401 45.8936 12.0962 51.7184 47.7501 43.9175 30.7705 15.1329 47.883 15.7595 25.337 42.5036 29.5867 14.7815 29.6989 43.5574 41.5744 11.7456 41.7476 37.2892 38.2939 44.9867 44.7066 35.5694 38.5649 13.0074 27.1218 28.5785 57.0249 30.4585 46.4428 43.8099 32.2753 11.2585 56.328 2.70636 6.68886 46.5656 35.5327 32.8187 17.8659 24.7608 34.7928 17.1411 19.6219 7.24842 9.13255 36.4761 37.4203 46.9665 28.0634 58.7167 44.2569 41.7832 20.1783 
47.5452 15.6578 39.249 39.2133 48.0318 37.002 46.1759 28.6565 22.4647 51.82 55.1577 55.4139 17.1485 10.6185 24.1413 42.1041 8.16438 33.9603 40.3099 39.1229 46.0025 25.3095 30.224 50.9731 50.4168 12.254 21.3962 54.0136 14.8663 12.6815 23.0566 13.8735 3.9936 16.2347 34.3817 25.0273 60.3847 18.642 50.2713 41.6071 30.4193 9.35227 52.9782 12.6636 0 28.3905 47.2079 39.1187 15.1026 49.7932 50.2133 42.6921 39.1565 27.7943 52.7606 3.12745 37.0704 37.7555 38.7856 2.12284 31.2719 44.7047 30.554 13.7661 35.4743 30.9331 45.2924 54.4638 49.6487 29.5294 48.1557 25.6689 35.4374 19.8095 58.4211 22.5217 36.8246 54.3255 36.8688 12.5292 58.8284 12.8822 17.8843 46.362 28.7063 40.0945 24.1682 22.4338 24.6189 29.6639 12.5184 13.9818 4.47263 25.804 36.7812 45.5689 16.1304 60.4966 41.8705 39.4113 31.244 
19.1548 22.0352 26.1078 37.7364 20.0368 43.5329 22.0772 30.4633 28.8137 23.9342 27.6778 29.467 36.7951 30.2677 37.1602 14.2209 26.691 5.62733 14.0578 15.2213 31.0967 22.2826 33.1666 23.6807 26.6674 34.9974 9.67946 25.688 28.8982 22.4231 20.6745 17.0112 31.1026 19.9255 13.3969 23.2509 38.783 27.4084 37.9626 13.5245 34.5395 26.7038 34.945 21.0439 28.3905 0 36.1451 40.4044 33.0744 37.4876 28.5899 29.6739 10.8368 21.081 27.0829 30.4014 16.6083 34.0873 11.1032 29.8661 14.627 26.1643 45.7662 14.9713 36.1337 32.8719 17.3418 26.4355 23.9317 31.0778 20.3801 19.7696 7.19083 31.2023 38.4012 30.9471 46.5378 27.4917 12.3434 32.2768 36.7616 23.5918 14.9499 30.5487 32.4316 11.9223 4.4013 18.8967 38.267 18.3592 24.4482 15.0183 27.5271 40.6965 23.5263 32.5405 37.2752 39.6706 31.6968 29.6428 10.9543 
39.864 31.5515 10.0579 14.2434 44.7223 25.5097 54.0149 20.8002 60.9931 36.1865 51.6929 56.9723 39.9978 39.65 32.5656 42.2376 51.7335 37.1315 28.6752 49.0416 6.86829 21.9111 21.0631 49.647 22.9515 43.0218 42.9808 45.2041 57.3473 34.5264 24.2556 34.9967 51.2014 31.1422 49.0494 22.1938 22.1218 58.2177 3.27857 34.4304 22.1506 52.5121 12.334 49.5401 47.2079 36.1451 0 18.0691 60.0679 2.89375 18.4432 6.51971 38.5325 56.3939 28.3117 46.6463 51.97 12.0773 41.4353 46.9838 21.6587 13.411 37.2036 37.8238 17.3737 19.9187 34.4364 48.3253 27.6255 20.1901 45.9207 54.666 38.0119 31.2902 18.194 28.1651 30.5093 53.54 26.4431 58.041 22.1709 52.101 46.6168 8.23713 22.2629 34.734 35.5034 25.2108 33.3928 54.2645 34.91 42.4916 49.8629 35.2769 12.7459 4.11992 41.7851 20.7865 5.36406 7.85585 47.0202 
