50
17.4154 17.9119 3.91579 0
8.75043 10.809 0.810711 0
13.8022 16.6106 1.59092 0
6.48786 7.76056 0.524761 0
10.3376 16.962 1.45467 0
10.6063 11.9996 0.899592 0
5.03771 5.84473 1.73557 0
11.7483 14.6283 2.15585 0
10.7397 19.3883 1.47228 0
12.7534 14.3971 0.297646 0
15.3819 22.8105 1.74973 1
15.9567 20.0623 0.933242 0
18.1928 21.5025 2.26464 0
6.8035 21.6705 1.09075 1
11.5466 12.9341 0.258434 0
8.98995 20.2608 0.946783 0
3.4387 11.8307 2.10059 0
5.82375 6.86194 0.603373 0
2.47622 22.5716 2.21281 0
0.0575663 10.3061 4.3183 1
4.85393 23.183 0.36707 0
14.9191 17.7252 0.463667 1
10.4112 22.059 0.575744 0
7.58143 23.828 1.76215 0
16.0586 17.5524 21.6785 1
15.9296 16.6763 2.04703 0
4.48734 16.4033 1.32997 0
6.82592 10.526 0.333987 1
3.84795 20.2616 1.35949 0
2.28296 20.7739 0.749012 0
15.3214 20.3498 13.5104 0
5.2036 11.0901 2.24024 0
12.1846 17.7899 0.546382 0
3.76603 7.77251 1.00235 0
7.03784 11.4266 1.40143 0
8.49972 10.0153 1.93182 0
6.82844 14.504 1.77437 0
0.836651 8.41533 24.3204 1
16.1423 23.6266 1.01733 0
5.4145 16.4311 0.540309 0
13.2623 23.4245 0.349866 0
11.2696 11.3951 0.466661 1
11.6515 16.4073 2.15835 0
6.46997 13.103 28.4182 0
8.10471 19.5399 0.854479 1
17.7199 21.7551 2.07019 0
8.97276 21.7029 1.11923 0
0.476318 14.6616 4.61451 0
1.87588 11.4743 1.0789 0
7.49067 19.7922 1.85151 0
400 50 500
0.025 0.0125 10000 3000 15 1e+06 300000 2 2
0 7.115 10.5873 1.38396 7.92274 3.8921 6.38207 6.9471 7.28965 6.95931 6.7222 3.50402 7.14694 8.07208 6.75055 4.13933 6.91286 9.57803 1.91189 10.3157 4.22707 1.70201 7.16869 7.0618 0.678406 9.30564 7.07156 5.67214 8.26433 5.26916 9.23534 8.62717 7.22961 5.4777 7.62839 8.5144 1.65752 6.79824 5.98805 4.15997 8.55723 6.68069 7.41815 3.83038 2.13811 7.36947 10.2839 9.66246 7.71008 7.17112 8.71098 
7.115 0 5.37218 6.54291 3.71107 4.59364 0.833858 2.94164 2.65422 3.28139 2.55733 3.73122 2.50457 3.41788 6.83373 3.08484 4.00161 4.28985 6.47057 3.2018 3.12283 6.2017 7.18682 2.93378 7.63887 7.06293 0.734385 2.485 7.5247 6.08259 2.15177 3.77308 1.91693 1.96425 2.51682 5.16493 5.46372 2.38034 1.97662 4.69371 2.84796 7.01013 3.19709 3.464 5.60812 3.51159 3.19317 3.9595 3.40343 6.19039 3.79977 
10.5873 5.37218 0 10.6225 8.8996 9.51539 6.05177 3.67169 3.42874 8.62769 7.91991 8.12371 7.81151 8.53117 6.00029 6.7981 9.36157 1.11928 9.0997 5.04377 6.59195 10.3939 6.02619 8.26236 10.8546 3.90506 6.07164 7.76513 5.46875 6.51445 4.44532 1.98371 3.82255 7.05826 7.69681 2.64554 9.08417 3.96042 7.29014 6.57158 2.54118 6.24375 3.18438 8.00649 8.50171 3.21946 4.47157 1.43983 2.8831 4.98355 1.90651 
1.38396 6.54291 10.6225 0 6.79601 2.68962 5.74706 6.95247 7.21819 5.85466 5.71957 2.81197 6.15447 6.98996 7.52681 3.86547 5.7182 9.55643 2.91079 9.69421 4.04108 0.396401 7.96674 6.0062 2.03677 9.84643 6.36772 4.73646 9.00536 6.02295 8.69459 8.63886 7.01779 4.71815 6.64882 8.80605 1.64489 6.69625 5.12642 4.59705 8.39171 7.49504 7.44347 3.08771 2.72447 7.45988 9.73465 9.55547 7.75077 7.79073 8.71708 
7.92274 3.71107 8.8996 6.79601 0 4.11044 3.39184 6.58046 6.34766 0.971779 1.48475 4.68881 1.27289 0.432977 10.1273 5.21418 1.21217 7.87905 8.17534 4.89859 5.44025 6.40002 10.5287 1.00917 8.58453 10.739 2.97962 2.51426 11.0348 9.07765 4.68834 7.46356 5.621 3.19384 1.21079 8.86601 6.58103 6.01134 2.53245 7.37593 6.46889 10.265 6.88648 4.36416 7.34146 7.1849 5.30971 7.45977 7.10766 9.64578 7.48352 
3.8921 4.59364 9.51539 2.68962 4.11044 0 3.76139 6.05474 6.14342 3.18129 3.13638 1.67209 3.57109 4.32164 8.09357 3.0714 3.03402 8.39761 4.59977 7.50528 3.36015 2.29498 8.54439 3.36462 4.56838 9.76735 4.19956 2.3042 9.39233 6.69852 6.66614 7.60063 5.69547 2.63012 4.06827 8.2952 2.8458 5.62112 2.78775 4.92883 7.03916 8.14367 6.53183 1.61609 3.92384 6.67216 7.65394 8.23912 6.83947 8.01441 7.66277 
6.38207 0.833858 6.05177 5.74706 3.39184 3.76139 0 3.21459 3.04148 2.78102 2.04077 2.94233 2.12118 3.17909 6.8073 2.486 3.44878 4.94685 5.87833 3.95372 2.58608 5.39813 7.19156 2.48411 6.9308 7.37509 0.75116 1.71832 7.64993 5.89422 2.96325 4.32752 2.36578 1.1313 2.29455 5.54526 4.74489 2.64936 1.23961 4.34929 3.51059 6.96208 3.56314 2.66004 5.00482 3.83753 3.99332 4.67095 3.81422 6.26975 4.36671 
6.9471 2.94164 3.67169 6.95247 6.58046 6.05474 3.21459 0 0.498875 5.99203 5.25332 4.54042 5.32151 6.32549 4.10906 3.15903 6.63689 2.63172 5.58572 4.94358 2.93483 6.73086 4.40268 5.69824 7.25718 4.16193 3.63451 4.71933 4.61008 3.76847 3.76594 1.69035 1.12104 3.9029 5.42207 2.35665 5.41621 0.569196 4.34959 3.12269 1.80129 4.31713 0.494241 4.47133 4.90761 0.642587 4.58891 2.75009 0.806141 3.33205 1.77127 
7.28965 2.65422 3.42874 7.21819 6.34766 6.14342 3.04148 0.498875 0 5.8178 5.07701 4.69984 5.10685 6.06927 4.57591 3.37295 6.48959 2.34067 5.99773 4.45783 3.17759 6.9768 4.85433 5.50463 7.62826 4.40945 3.37329 4.63867 4.99837 4.26733 3.28926 1.46381 0.744453 3.848 5.16629 2.51889 5.72336 0.53211 4.23164 3.57132 1.33692 4.78871 0.543371 4.59674 5.28991 0.872892 4.09425 2.37288 0.772875 3.76436 1.53194 
6.95931 3.28139 8.62769 5.85466 0.971779 3.18129 2.78102 5.99203 5.8178 0 0.740819 3.72301 0.846347 1.14108 9.34459 4.32207 0.748414 7.56194 7.2106 5.11888 4.56286 5.45826 9.75763 0.387304 7.61877 10.1476 2.56067 1.59579 10.3246 8.23444 4.67692 7.04533 5.12201 2.34789 1.18357 8.32612 5.60933 5.42892 1.72181 6.50219 6.12391 9.47034 6.34325 3.40116 6.38186 6.61807 5.44912 7.19759 6.58947 8.92185 7.07556 
6.7222 2.55733 7.91991 5.71957 1.48475 3.13638 2.04077 5.25332 5.07701 0.740819 0 3.33307 0.436349 1.44225 8.66382 3.73601 1.44429 6.84549 6.79105 4.65659 3.95751 5.32623 9.07092 0.480657 7.36299 9.41081 1.84862 1.09044 9.61293 7.59464 4.09128 6.31184 4.3826 1.7094 0.933725 7.58554 5.27319 4.68945 1.04836 5.89178 5.40467 8.79643 5.60251 2.9984 5.93981 5.8782 4.93277 6.49552 5.84875 8.21426 6.34342 
3.50402 3.73122 8.12371 2.81197 4.68881 1.67209 2.94233 4.54042 4.69984 3.72301 3.33307 0 3.73464 4.75366 6.44213 1.43165 3.90474 7.01981 3.48765 6.89549 1.71048 2.47787 6.89126 3.734 4.10378 8.11223 3.59256 2.24574 7.72275 5.07819 5.88276 6.16217 4.36557 1.97469 4.19421 6.69961 1.95279 4.16794 2.49967 3.29077 5.7451 6.50172 5.03034 0.336783 2.66807 5.13139 6.9237 6.93757 5.34238 6.34253 6.23167 
7.14694 2.50457 7.81151 6.15447 1.27289 3.57109 2.12118 5.32151 5.10685 0.846347 0.436349 3.73464 0 1.12106 8.86517 4.04669 1.59429 6.75714 7.17253 4.3169 4.25232 5.76143 9.26329 0.461124 7.78437 9.48299 1.77166 1.48985 9.76198 7.84505 3.83294 6.27748 4.39067 2.00928 0.497559 7.6252 5.68163 4.75305 1.34235 6.17308 5.32544 9.00659 5.64185 3.39848 6.31489 5.93295 4.62439 6.37717 5.8728 8.3736 6.30328 
8.07208 3.41788 8.53117 6.98996 0.432977 4.32164 3.17909 6.32549 6.06927 1.14108 1.44225 4.75366 1.12106 0 9.96599 5.16063 1.56793 7.52441 8.22582 4.4668 5.37076 6.59359 10.3589 1.02104 8.72576 10.4734 2.69686 2.5261 10.8274 8.96375 4.27941 7.14028 5.33466 3.12366 0.903853 8.58276 6.67708 5.75676 2.45523 7.29386 6.12647 10.1116 6.61098 4.42202 7.37837 6.91798 4.88202 7.09195 6.8213 9.44881 7.15684 
6.75055 6.83373 6.00029 7.52681 10.1273 8.09357 6.8073 4.10906 4.57591 9.34459 8.66382 6.44213 8.86517 9.96599 0 5.20332 9.83723 5.53514 4.84475 9.02285 4.91818 7.51863 0.45269 9.14356 6.66467 2.92125 7.42254 7.80536 1.51913 1.50392 7.86481 4.78198 5.217 7.0016 9.09783 3.35919 5.9468 4.57382 7.62665 3.16849 5.60745 0.244191 4.15429 6.59378 4.80257 3.8199 8.62574 6.00213 4.18978 1.0172 4.85699 
4.13933 3.08484 6.7981 3.86547 5.21418 3.0714 2.486 3.15903 3.37295 4.32207 3.73601 1.43165 4.04669 5.16063 5.20332 0 4.7112 5.71309 3.39783 6.26395 0.293898 3.60802 5.64265 4.20533 4.60687 6.69597 3.2354 2.72735 6.39702 3.95635 5.13702 4.81901 3.15642 2.03757 4.41446 5.27017 2.48937 2.84456 2.70566 2.18779 4.52679 5.29252 3.65293 1.46335 2.52843 3.72769 6.18196 5.69137 3.96513 4.99702 4.89323 
6.91286 4.00161 9.36157 5.7182 1.21217 3.03402 3.44878 6.63689 6.48959 0.748414 1.44429 3.90474 1.59429 1.56793 9.83723 4.7112 0 8.28947 7.36153 5.82838 4.9727 5.32558 10.2602 1.13372 7.58518 10.7765 3.29013 2.03356 10.8774 8.66306 5.42097 7.7504 5.80914 2.85503 1.89242 8.98429 5.68729 6.08003 2.2979 6.89785 6.84891 9.95043 7.00701 3.6087 6.56751 7.27011 6.17588 7.93448 7.26246 9.4682 7.78339 
9.57803 4.28985 1.11928 9.55643 7.87905 8.39761 4.94685 2.63172 2.34067 7.56194 6.84549 7.01981 6.75714 7.52441 5.53514 5.71309 8.28947 0 8.16396 4.38781 5.51721 9.3174 5.64102 7.20269 9.87639 3.96273 5.00139 6.65618 5.28583 5.8171 3.60151 0.962099 2.70358 5.94185 6.6702 2.2612 8.04298 2.86876 6.18632 5.65048 1.44291 5.7782 2.16262 6.8958 7.52283 2.26492 3.84153 0.59372 1.88299 4.53178 0.874953 
1.91189 6.47057 9.0997 2.91079 8.17534 4.59977 5.87833 5.58572 5.99773 7.2106 6.79105 3.48765 7.17253 8.22582 4.84475 3.39783 7.36153 8.16396 0 9.61375 3.35042 3.04012 5.25918 7.21044 1.86747 7.46613 6.62399 5.70134 6.36134 3.37572 8.4519 7.20186 6.10381 5.24196 7.6056 6.84043 1.75833 5.5644 5.86691 2.52885 7.32426 4.77024 6.01641 3.81133 0.87588 5.90296 9.48096 8.33509 6.28224 5.31136 7.28916 
10.3157 3.2018 5.04377 9.69421 4.89859 7.50528 3.95372 4.94358 4.45783 5.11888 4.65659 6.89549 4.3169 4.4668 9.02285 6.26395 5.82838 4.38781 9.61375 0 6.26965 9.33837 9.27701 4.74178 10.8399 8.23557 3.34086 5.20941 9.26404 8.6643 1.20683 4.57635 3.9026 4.99246 3.93906 6.33584 8.66543 4.57306 4.71754 7.59698 3.51966 9.24044 4.87206 6.6071 8.76555 5.2133 0.575989 3.80358 4.87561 8.16045 4.53702 
4.22707 3.12283 6.59195 4.04108 5.44025 3.36015 2.58608 2.93483 3.17759 4.56286 3.95751 1.71048 4.25232 5.37076 4.91818 0.293898 4.9727 5.51721 3.35042 6.26965 0 3.80206 5.35606 4.43117 4.66182 6.40766 3.33696 2.97258 6.10398 3.69038 5.12186 4.60921 3.01549 2.24978 4.60274 5.00262 2.59651 2.65529 2.91736 1.93942 4.37083 5.01083 3.42896 1.75547 2.49598 3.48648 6.16083 5.51974 3.74013 4.7034 4.68546 
1.70201 6.2017 10.3939 0.396401 6.40002 2.29498 5.39813 6.73086 6.9768 5.45826 5.32623 2.47787 5.76143 6.59359 7.51863 3.60802 5.32558 9.3174 3.04012 9.33837 3.80206 0 7.96345 5.61042 2.37243 9.75453 6.00589 4.34961 8.97868 6.01817 8.3531 8.41075 6.74563 4.3537 6.25624 8.648 1.57534 6.45067 4.74669 4.51438 8.12399 7.49968 7.22395 2.73886 2.73882 7.25628 9.38996 9.29703 7.53344 7.73145 8.48736 
7.16869 7.18682 6.02619 7.96674 10.5287 8.54439 7.19156 4.40268 4.85433 9.75763 9.07092 6.89126 9.26329 10.3589 0.45269 5.64265 10.2602 5.64102 5.25918 9.27701 5.35606 7.96345 0 9.54989 7.06399 2.70716 7.79162 8.22713 1.14228 1.94551 8.1347 4.94014 5.51998 7.4185 9.48509 3.41357 6.39294 4.89062 8.03759 3.62057 5.82096 0.492798 4.40614 7.03993 5.2423 4.06371 8.86252 6.13418 4.41365 1.13274 5.0108 
7.0618 2.93378 8.26236 6.0062 1.00917 3.36462 2.48411 5.69824 5.50463 0.387304 0.480657 3.734 0.461124 1.02104 9.14356 4.20533 1.13372 7.20269 7.21044 4.74178 4.43117 5.61042 9.54989 0 7.71226 9.85919 2.2059 1.5191 10.085 8.07429 4.28963 6.70504 4.79842 2.18597 0.820137 8.01935 5.65616 5.13196 1.52812 6.36734 5.76768 9.27672 6.03508 3.40329 6.36687 6.31791 5.06544 6.82974 6.27413 8.68823 6.73305 
0.678406 7.63887 10.8546 2.03677 8.58453 4.56838 6.9308 7.25718 7.62826 7.61877 7.36299 4.10378 7.78437 8.72576 6.66467 4.60687 7.58518 9.87639 1.86747 10.8399 4.66182 2.37243 7.06399 7.71226 0 9.33165 7.63576 6.30292 8.18376 5.22235 9.73677 8.91792 7.62521 6.06828 8.26172 8.67626 2.18717 7.15492 6.60038 4.32609 8.92307 6.57163 7.71424 4.43567 2.3543 7.63737 10.7839 9.99672 7.99639 7.17354 9.00351 
9.30564 7.06293 3.90506 9.84643 10.739 9.76735 7.37509 4.16193 4.40945 10.1476 9.41081 8.11223 9.48299 10.4734 2.92125 6.69597 10.7765 3.96273 7.46613 8.23557 6.40766 9.75453 2.70716 9.85919 9.33165 0 7.77665 8.81055 1.75916 4.14619 7.26666 3.67372 5.15144 7.97806 9.56964 1.94914 8.20337 4.72998 8.4797 5.24939 4.77277 3.11767 3.86617 8.15634 7.20986 3.55561 7.72338 4.54933 3.68141 2.1669 3.70499 
7.07156 0.734385 6.07164 6.36772 2.97962 4.19956 0.75116 3.63451 3.37329 2.56067 1.84862 3.59256 1.77166 2.69686 7.42254 3.2354 3.29013 5.00139 6.62399 3.34086 3.33696 6.00589 7.79162 2.2059 7.63576 7.77665 0 1.95707 8.18217 6.57782 2.47417 4.50603 2.64221 1.65336 1.79333 5.88935 5.44867 3.06722 1.44064 5.07676 3.56343 7.58815 3.91446 3.28929 5.74955 4.22145 3.45513 4.64709 4.12931 6.827 4.53163 
5.67214 2.485 7.76513 4.73646 2.51426 2.3042 1.71832 4.71933 4.63867 1.59579 1.09044 2.24574 1.48985 2.5261 7.80536 2.72735 2.03356 6.65618 5.70134 5.20941 2.97258 4.34961 8.22713 1.5191 6.30292 8.81055 1.95707 0 8.85014 6.65477 4.42717 5.99842 4.02173 0.834944 1.95914 7.07574 4.1918 4.18298 0.517783 4.91068 5.22468 7.9212 5.12757 1.9101 4.85227 5.36097 5.38386 6.38922 5.40431 7.43961 6.04351 
8.26433 7.5247 5.46875 9.00536 11.0348 9.39233 7.64993 4.61008 4.99837 10.3246 9.61293 7.72275 9.76198 10.8274 1.51913 6.39702 10.8774 5.28583 6.36134 9.26404 6.10398 8.97868 1.14228 10.085 8.18376 1.75916 8.18217 8.85014 0 3.00025 8.18261 4.74248 5.71982 8.02256 9.93438 3.03296 7.40341 5.15296 8.60623 4.53125 5.74646 1.62989 4.48934 7.83773 6.28634 4.14022 8.80249 5.83295 4.41682 1.41208 4.79905 
5.26916 6.08259 6.51445 6.02295 9.07765 6.69852 5.89422 3.76847 4.26733 8.23444 7.59464 5.07819 7.84505 8.96375 1.50392 3.95635 8.66306 5.8171 3.37572 8.6643 3.69038 6.01817 1.94551 8.07429 5.22235 4.14619 6.57782 6.65477 3.00025 0 7.46454 4.92613 4.76174 5.89243 8.13419 3.94274 4.44874 4.09125 6.54631 1.79466 5.50505 1.48604 3.98971 5.26337 3.29866 3.71833 8.34344 6.17719 4.13407 1.98027 5.01183 
9.23534 2.15177 4.44532 8.69459 4.68834 6.66614 2.96325 3.76594 3.28926 4.67692 4.09128 5.88276 3.83294 4.27941 7.86481 5.13702 5.42097 3.60151 8.4519 1.20683 5.12186 8.3531 8.1347 4.28963 9.73677 7.26666 2.47417 4.42717 8.18261 7.46454 0 3.59561 2.70399 4.06716 3.56338 5.332 7.57878 3.37457 3.91294 6.39447 2.49428 8.07793 3.73232 5.61477 7.61308 4.07915 1.04859 3.06269 3.76782 7.02905 3.57084 
8.62717 3.77308 1.98371 8.63886 7.46356 7.60063 4.32752 1.69035 1.46381 7.04533 6.31184 6.16217 6.27748 7.14028 4.78198 4.81901 7.7504 0.962099 7.20186 4.57635 4.60921 8.41075 4.94014 6.70504 8.91792 3.67372 4.50603 5.99842 4.74248 4.92613 3.59561 0 1.97693 5.23935 6.25547 1.75993 7.10633 1.99473 5.55733 4.68938 1.10842 5.02084 1.20929 6.06038 6.56389 1.30494 4.08399 1.25252 0.921886 3.80985 0.0885106 
7.22961 1.91693 3.82255 7.01779 5.621 5.69547 2.36578 1.12104 0.744453 5.12201 4.3826 4.36557 4.39067 5.33466 5.217 3.15642 5.80914 2.70358 6.10381 3.9026 3.01549 6.74563 5.51998 4.79842 7.62521 5.15144 2.64221 4.02173 5.71982 4.76174 2.70399 1.97693 0 3.26626 4.43288 3.24812 5.61131 0.670653 3.58588 3.8146 1.38121 5.41987 1.28703 4.21681 5.33478 1.61535 3.60095 2.57244 1.48716 4.45308 2.02394 
5.4777 1.96425 7.05826 4.71815 3.19384 2.63012 1.1313 3.9029 3.848 2.34789 1.7094 1.97469 2.00928 3.12366 7.0016 2.03757 2.85503 5.94185 5.24196 4.99246 2.24978 4.3537 7.4185 2.18597 6.06828 7.97806 1.65336 0.834944 8.02256 5.89243 4.06716 5.23935 3.26626 0 2.39153 6.25703 3.89339 3.37645 0.668438 4.1824 4.52969 7.12422 4.32308 1.65607 4.37141 4.54541 5.08079 5.71546 4.60652 6.61317 5.28912 
7.62839 2.51682 7.69681 6.64882 1.21079 4.06827 2.29455 5.42207 5.16629 1.18357 0.933725 4.19421 0.497559 0.903853 9.09783 4.41446 1.89242 6.6702 7.6056 3.93906 4.60274 6.25624 9.48509 0.820137 8.26172 9.56964 1.79333 1.95914 9.93438 8.13419 3.56338 6.25547 4.43288 2.39153 0 7.68094 6.14553 4.85346 1.74154 6.50051 5.25816 9.2487 5.70773 3.85744 6.74212 6.01417 4.28465 6.25722 5.91988 8.56088 6.2745 
8.5144 5.16493 2.64554 8.80605 8.86601 8.2952 5.54526 2.35665 2.51889 8.32612 7.58554 6.69961 7.6252 8.58276 3.35919 5.27017 8.98429 2.2612 6.84043 6.33584 5.00262 8.648 3.41357 8.01935 8.67626 1.94914 5.88935 7.07574 3.03296 3.94274 5.332 1.75993 3.24812 6.25703 7.68094 0 7.17934 2.90493 6.70328 4.35896 2.83904 3.60315 1.98429 6.68396 6.37721 1.7166 5.84278 2.80014 1.76185 2.34202 1.80367 
1.65752 5.46372 9.08417 1.64489 6.58103 2.8458 4.74489 5.41621 5.72336 5.60933 5.27319 1.95279 5.68163 6.67708 5.9468 2.48937 5.68729 8.04298 1.75833 8.66543 2.59651 1.57534 6.39294 5.65616 2.18717 8.20337 5.44867 4.1918 7.40341 4.44874 7.57878 7.10633 5.61131 3.89339 6.14553 7.17934 0 5.2166 4.4492 2.95465 6.95841 5.93272 5.90007 2.28938 1.21119 5.88861 8.62728 8.08899 6.20165 6.16113 7.18748 
6.79824 2.38034 3.96042 6.69625 6.01134 5.62112 2.64936 0.569196 0.53211 5.42892 4.68945 4.16794 4.75305 5.75676 4.57382 2.84456 6.08003 2.86876 5.5644 4.57306 2.65529 6.45067 4.89062 5.13196 7.15492 4.72998 3.06722 4.18298 5.15296 4.09125 3.37457 1.99473 0.670653 3.37645 4.85346 2.90493 5.2166 0 3.7992 3.2014 1.76915 4.77163 0.946738 4.06738 4.83006 1.19023 4.26463 2.87244 1.23702 3.84666 2.06373 
5.98805 1.97662 7.29014 5.12642 2.53245 2.78775 1.23961 4.34959 4.23164 1.72181 1.04836 2.49967 1.34235 2.45523 7.62665 2.70566 2.2979 6.18632 5.86691 4.71754 2.91736 4.74669 8.03759 1.52812 6.60038 8.4797 1.44064 0.517783 8.60623 6.54631 3.91294 5.55733 3.58588 0.668438 1.74154 6.70328 4.4492 3.7992 0 4.84731 4.74906 7.75575 4.73603 2.16544 5.00161 4.98685 4.87728 5.90279 5.00264 7.2018 5.59885 
4.15997 4.69371 6.57158 4.59705 7.37593 4.92883 4.34929 3.12269 3.57132 6.50219 5.89178 3.29077 6.17308 7.29386 3.16849 2.18779 6.89785 5.65048 2.52885 7.59698 1.93942 4.51438 3.62057 6.36734 4.32609 5.24939 5.07676 4.91068 4.53125 1.79466 6.39447 4.68938 3.8146 4.1824 6.50051 4.35896 2.95465 3.2014 4.84731 0 4.90811 3.215 3.5231 3.46914 2.022 3.38572 7.36975 5.85279 3.77505 3.22684 4.77729 
8.55723 2.84796 2.54118 8.39171 6.46889 7.03916 3.51059 1.80129 1.33692 6.12391 5.40467 5.7451 5.32544 6.12647 5.60745 4.52679 6.84891 1.44291 7.32426 3.51966 4.37083 8.12399 5.82096 5.76768 8.92307 4.77277 3.56343 5.22468 5.74646 5.50505 2.49428 1.10842 1.38121 4.52969 5.25816 2.83904 6.95841 1.76915 4.74906 4.90811 0 5.83682 1.51591 5.58963 6.59878 1.81167 3.05989 1.2007 1.41954 4.69147 1.09415 
6.68069 7.01013 6.24375 7.49504 10.265 8.14367 6.96208 4.31713 4.78871 9.47034 8.79643 6.50172 9.00659 10.1116 0.244191 5.29252 9.95043 5.7782 4.77024 9.24044 5.01083 7.49968 0.492798 9.27672 6.57163 3.11767 7.58815 7.9212 1.62989 1.48604 8.07793 5.02084 5.41987 7.12422 9.2487 3.60315 5.93272 4.77163 7.75575 3.215 5.83682 0 4.37576 6.66407 4.77158 4.04398 8.8483 6.24326 4.41812 1.26113 5.09632 
7.41815 3.19709 3.18438 7.44347 6.88648 6.53183 3.56314 0.494241 0.543371 6.34325 5.60251 5.03034 5.64185 6.61098 4.15429 3.65293 7.00701 2.16262 6.01641 4.87206 3.42896 7.22395 4.40614 6.03508 7.71424 3.86617 3.91446 5.12757 4.48934 3.98971 3.73232 1.20929 1.28703 4.32308 5.70773 1.98429 5.90007 0.946738 4.73603 3.5231 1.51591 4.37576 0 4.95555 5.36117 0.349795 4.47263 2.33012 0.312431 3.29672 1.29283 
3.83038 3.464 8.00649 3.08771 4.36416 1.61609 2.66004 4.47133 4.59674 3.40116 2.9984 0.336783 3.39848 4.42202 6.59378 1.46335 3.6087 6.8958 3.81133 6.6071 1.75547 2.73886 7.03993 3.40329 4.43567 8.15634 3.28929 1.9101 7.83773 5.26337 5.61477 6.06038 4.21681 1.65607 3.85744 6.68396 2.28938 4.06738 2.16544 3.46914 5.58963 6.66407 4.95555 0 2.98183 5.07831 6.6511 6.78747 5.26597 6.44543 6.12693 
2.13811 5.60812 8.50171 2.72447 7.34146 3.92384 5.00482 4.90761 5.28991 6.38186 5.93981 2.66807 6.31489 7.37837 4.80257 2.52843 6.56751 7.52283 0.87588 8.76555 2.49598 2.73882 5.2423 6.36687 2.3543 7.20986 5.74955 4.85227 6.28634 3.29866 7.61308 6.56389 5.33478 4.37141 6.74212 6.37721 1.21119 4.83006 5.00161 2.022 6.59878 4.77158 5.36117 2.98183 0 5.2836 8.64783 7.65235 5.64226 5.10644 6.64959 
7.36947 3.51159 3.21946 7.45988 7.1849 6.67216 3.83753 0.642587 0.872892 6.61807 5.8782 5.13139 5.93295 6.91798 3.8199 3.72769 7.27011 2.26492 5.90296 5.2133 3.48648 7.25628 4.06371 6.31791 7.63737 3.55561 4.22145 5.36097 4.14022 3.71833 4.07915 1.30494 1.61535 4.54541 6.01417 1.7166 5.88861 1.19023 4.98685 3.38572 1.81167 4.04398 0.349795 5.07831 5.2836 0 4.80609 2.50937 0.417937 2.95061 1.39319 
10.2839 3.19317 4.47157 9.73465 5.30971 7.65394 3.99332 4.58891 4.09425 5.44912 4.93277 6.9237 4.62439 4.88202 8.62574 6.18196 6.17588 3.84153 9.48096 0.575989 6.16083 9.38996 8.86252 5.06544 10.7839 7.72338 3.45513 5.38386 8.80249 8.34344 1.04859 4.08399 3.60095 5.08079 4.28465 5.84278 8.62728 4.26463 4.87728 7.36975 3.05989 8.8483 4.47263 6.6511 8.64783 4.80609 0 3.25304 4.4493 7.73828 4.03933 
9.66246 3.9595 1.43983 9.55547 7.45977 8.23912 4.67095 2.75009 2.37288 7.19759 6.49552 6.93757 6.37717 7.09195 6.00213 5.69137 7.93448 0.59372 8.33509 3.80358 5.51974 9.29703 6.13418 6.82974 9.99672 4.54933 4.64709 6.38922 5.83295 6.17719 3.06269 1.25252 2.57244 5.71546 6.25722 2.80014 8.08899 2.87244 5.90279 5.85279 1.2007 6.24326 2.33012 6.78747 7.65235 2.50937 3.25304 0 2.09717 5.01251 1.1685 
7.71008 3.40343 2.8831 7.75077 7.10766 6.83947 3.81422 0.806141 0.772875 6.58947 5.84875 5.34238 5.8728 6.8213 4.18978 3.96513 7.26246 1.88299 6.28224 4.87561 3.74013 7.53344 4.41365 6.27413 7.99639 3.68141 4.12931 5.40431 4.41682 4.13407 3.76782 0.921886 1.48716 4.60652 5.91988 1.76185 6.20165 1.23702 5.00264 3.77505 1.41954 4.41812 0.312431 5.26597 5.64226 0.417937 4.4493 2.09717 0 3.28924 1.00822 
7.17112 6.19039 4.98355 7.79073 9.64578 8.01441 6.26975 3.33205 3.76436 8.92185 8.21426 6.34253 8.3736 9.44881 1.0172 4.99702 9.4682 4.53178 5.31136 8.16045 4.7034 7.73145 1.13274 8.68823 7.17354 2.1669 6.827 7.43961 1.41208 1.98027 7.02905 3.80985 4.45308 6.61317 8.56088 2.34202 6.16113 3.84666 7.2018 3.22684 4.69147 1.26113 3.29672 6.44543 5.10644 2.95061 7.73828 5.01251 3.28924 0 3.88148 
8.71098 3.79977 1.90651 8.71708 7.48352 7.66277 4.36671 1.77127 1.53194 7.07556 6.34342 6.23167 6.30328 7.15684 4.85699 4.89323 7.78339 0.874953 7.28916 4.53702 4.68546 8.48736 5.0108 6.73305 9.00351 3.70499 4.53163 6.04351 4.79905 5.01183 3.57084 0.0885106 2.02394 5.28912 6.2745 1.80367 7.18748 2.06373 5.59885 4.77729 1.09415 5.09632 1.29283 6.12693 6.64959 1.39319 4.03933 1.1685 1.00822 3.88148 0 
