200
14.5175 17.4589 1.53456 0
0.898279 16.4291 1.46453 0
7.9847 17.8181 1.60083 0
5.94471 10.304 1.72313 0
10.0778 22.5082 1.44061 0
1.0729 8.04554 1.24946 0
8.29568 14.6734 0.239241 1
7.10355 22.6175 1.86987 0
18.7503 20.8911 2.20298 0
6.3557 7.87511 24.4312 1
8.42392 20.1776 1.8172 0
15.672 20.8922 2.03274 0
7.54565 16.3899 1.13766 0
1.14317 14.1045 0.581643 0
16.0381 16.8009 2.21162 0
7.12921 11.167 11.3495 0
8.28693 22.2092 1.34066 0
16.8766 18.672 2.13791 0
2.41955 20.4067 2.0885 0
6.51264 6.78094 1.28681 1
3.3064 11.0455 2.09829 0
16.7186 21.6129 2.0019 0
10.9103 14.4641 1.6067 0
13.1676 21.7921 2.25387 0
13.4654 22.129 2.1357 0
15.2309 18.6367 25.5296 0
8.66606 21.1769 1.63503 0
10.2886 17.1743 1.75393 0
1.94791 13.0081 0.315288 0
5.15192 18.6621 0.220918 0
14.9132 15.6655 0.318384 0
8.40848 16.3971 0.651822 0
6.86788 20.8862 1.06396 0
5.38399 20.1185 1.79874 0
2.11044 9.40541 0.684453 0
8.62386 10.7323 0.312398 0
4.16294 11.0835 1.32674 0
2.86164 13.8534 1.18335 0
12.2165 12.2172 0.250254 0
15.5917 23.9489 0.567182 0
15.8311 16.2009 0.604377 0
17.3359 18.5513 11.9021 0
13.001 19.348 0.871928 0
8.68743 21.7616 7.41631 0
4.33271 7.98412 0.778427 1
13.9592 19.3337 0.649357 0
11.9789 20.9682 0.411434 1
8.93608 13.0939 0.734119 0
18.0893 22.224 1.91212 0
3.20057 19.9036 0.252692 0
3.92075 7.77285 0.591822 0
10.3238 14.7117 25.1569 0
16.1894 18.7483 1.79649 0
5.84766 23.9829 2.19885 0
16.425 20.082 0.513135 0
7.78284 14.9579 5.62841 0
5.75324 21.2713 2.26526 0
14.3348 20.7306 1.85397 0
10.9015 21.167 0.985696 0
0.781307 8.2171 0.233514 0
4.99628 8.61302 0.339829 0
8.34373 13.1014 2.13238 0
0.488168 5.06019 2.06495 0
15.8406 17.2988 0.890205 0
12.9329 14.3787 26.1497 0
10.7082 14.004 19.5148 1
12.6659 19.7485 0.942461 0
11.9325 17.2644 23.5291 0
4.317 23.559 0.234758 1
3.68383 7.83591 2.19618 0
13.8032 20.2576 1.32619 0
5.84259 10.2474 17.7119 0
10.3663 23.76 2.05822 0
14.7945 20.0285 1.25231 0
12.0244 16.3849 0.309028 0
5.62937 6.61332 11.0073 0
4.97325 17.9029 2.02463 0
10.4473 18.6349 1.70093 0
10.3646 20.0645 1.91352 0
8.71315 13.4132 0.428912 0
5.08017 19.5605 0.929095 0
13.674 22.2558 0.247253 0
1.75673 6.45876 1.12662 1
6.09564 8.65388 0.667709 1
11.9746 16.0705 8.80269 0
13.301 15.5065 0.98834 0
6.78581 17.1128 0.75393 0
8.4427 18.4453 0.956528 0
16.1444 16.6755 0.346692 1
3.50074 7.38306 0.293586 0
2.31235 5.78955 2.04261 0
0.442178 18.6108 0.753716 0
2.01039 9.10483 0.47414 1
14.0077 15.5966 26.3114 0
11.6126 20.5007 2.16565 0
3.38442 8.64569 0.542385 0
0.630356 1.12955 0.588151 0
16.0227 22.3453 0.799175 0
5.39883 22.8236 1.92125 1
5.84069 19.5579 0.733047 0
17.3752 21.4425 0.973184 0
4.70455 19.9996 1.26984 0
17.4391 20.7506 1.75645 0
3.61684 13.4805 1.34624 0
17.0803 17.8437 0.226659 0
11.428 16.9619 1.86953 1
14.8513 20.1324 1.04386 0
16.122 16.221 0.219621 1
9.75699 20.3914 1.42013 0
12.9015 23.6314 1.98099 0
0.72303 17.7493 1.17384 0
10.1582 18.4083 2.11975 0
8.84694 23.2701 0.970443 0
8.80576 14.9633 1.04916 0
4.93493 16.6184 1.79656 0
1.94237 19.6358 0.923295 0
14.4819 22.0538 1.44472 0
16.4603 19.1826 15.3132 1
18.4157 20.796 1.77861 0
0.613853 11.1778 0.78372 0
12.3435 15.4924 2.12927 1
8.02214 8.2629 1.00817 1
2.14353 19.5666 0.313388 0
10.2707 15.1944 2.18503 1
2.24495 12.5728 0.711342 0
16.2917 17.8584 0.310872 0
2.63218 19.9636 1.68352 0
9.01169 18.6647 1.8167 0
4.78131 5.37384 25.4852 0
16.6448 22.5209 2.20635 0
16.4959 21.8676 1.8939 1
10.0925 13.0068 1.52336 1
14.3836 21.0511 1.00497 0
5.03161 5.99129 0.815469 0
1.30377 10.7849 0.876443 0
13.4751 20.634 2.24595 0
6.62443 18.2602 1.7336 0
10.4979 11.3593 1.68362 0
10.7468 15.7068 1.84533 1
7.22581 12.6078 1.81868 0
5.17105 6.50134 1.17087 0
3.22137 21.5533 0.210242 0
9.51008 16.0252 1.75683 0
17.805 20.4766 0.345197 0
1.40057 5.52515 1.02839 0
1.13944 19.3918 18.0615 1
4.84694 19.6995 1.40572 0
7.94494 18.6809 1.15926 0
16.9725 19.9459 0.599456 0
17.4088 17.69 1.13535 0
13.8117 21.3386 25.7627 1
14.7703 14.979 1.36305 0
10.2031 20.7992 2.13896 0
12.6393 18.2772 0.725536 0
6.97165 13.0003 0.474719 0
17.5343 21.8719 0.232815 0
17.3914 20.5975 1.78125 0
8.85258 14.4309 0.621648 0
2.77371 19.0423 0.510168 1
2.90897 23.464 1.35619 0
1.31036 7.57592 1.05234 0
4.16481 14.6238 9.8965 0
4.8645 18.2889 2.11189 0
6.87958 19.4369 0.40814 0
8.27673 23.1001 1.94948 0
10.075 20.0571 0.215001 0
11.7029 22.2531 2.03496 1
5.72896 22.3007 1.09584 1
18.3909 22.4585 0.536114 0
1.21366 2.49231 0.711266 0
3.18581 8.13157 1.27399 0
11.2638 17.1906 1.87148 0
8.43153 19.8495 27.1452 1
6.28573 20.0838 0.561219 0
3.31428 7.06716 13.6241 0
18.8855 19.367 1.43683 0
12.1397 21.7517 0.931597 0
5.67715 7.40378 0.577216 0
9.48983 9.88668 2.03985 0
7.46166 19.6763 1.29443 0
0.100361 16.6407 0.279992 1
18.0628 20.1161 2.06647 0
8.52574 14.264 0.396533 0
15.4653 22.1978 1.78444 1
12.1009 23.7462 0.932424 0
9.57925 22.8805 1.80514 0
11.5969 20.6366 2.05668 0
6.49678 23.9773 12.1003 0
9.15179 18.2271 1.33663 0
16.5365 19.8084 0.722977 1
17.9658 19.5285 1.97141 0
13.9617 15.0199 1.80076 0
7.78309 22.0259 0.873429 0
5.27677 10.7465 0.470724 0
5.45874 12.7056 28.8779 0
1.54496 21.5045 0.999071 1
10.3131 16.4127 2.15119 1
9.12746 19.1366 1.27595 0
16.4509 20.5292 0.925392 0
7.40874 21.3906 0.685504 0
400 50 500
0.025 0.0125 10000 3000 15 1e+06 300000 8 12
0 9.77332 18.1663 7.98756 16.366 23.3682 18.0633 17.8072 9.01091 22.0812 19.0048 15.3214 10.5679 10.7957 12.7766 20.7999 13.9026 20.8872 9.96088 18.1943 19.1397 13.2138 27.9106 17.7333 10.7298 13.5913 14.1547 17.4889 12.0972 25.5176 19.1525 21.8129 12.8433 6.6724 11.6675 12.7554 19.8314 14.2187 18.4612 5.32984 18.0703 14.4126 15.376 10.0591 24.6989 8.63082 15.3386 21.7772 15.2023 12.6305 19.3205 14.7276 22.4604 18.5746 20.2401 18.0793 11.5877 24.8649 18.3025 13.2884 27.8141 20.9279 21.3154 21.662 11.9578 13.366 17.3966 16.3457 27.341 5.81018 23.5874 14.7259 4.26943 10.8944 15.5444 24.6175 2.42314 6.59268 13.9738 18.71 19.9976 17.018 23.7963 7.31105 19.918 27.4738 28.1959 6.33354 10.3238 25.0914 17.3131 24.5443 21.2293 15.1954 24.1942 24.1051 14.6531 14.0121 10.0155 28.4127 20.1845 27.0991 13.3554 11.2781 15.5238 17.8432 16.9649 23.1651 21.2573 18.2927 17.4586 21.7211 7.01201 26.5079 16.8392 21.0152 21.9665 20.8792 14.0889 20.8777 11.3368 21.2419 21.1064 17.6766 5.21018 10.968 9.19282 16.1919 7.06818 6.57441 14.2587 19.5333 9.68015 13.5288 16.355 18.9646 8.4716 17.4834 18.0016 21.9866 18.8203 14.1001 8.66226 6.95258 21.5223 10.0419 24.1085 9.67522 12.9674 19.3785 7.23597 6.99052 6.71038 27.8406 8.2713 24.0535 5.35864 9.78311 15.829 3.81714 15.5123 7.84566 19.7576 11.775 13.9944 8.53659 21.5254 17.4664 23.6871 22.8543 15.9307 13.7787 6.95319 9.85046 17.5053 6.52057 1.10937 17.1544 6.20912 14.1398 17.0672 16.5982 17.0914 5.74521 14.8753 23.2443 14.0893 9.85391 12.9382 19.9291 22.6532 6.69444 14.7494 13.3337 19.4325 19.0431 13.4142 17.7116 15.3007 7.84126 21.1346 
9.77332 0 9.25239 15.3553 25.8652 15.3547 17.2997 8.58271 9.28465 13.4016 26.8993 24.012 20.2384 14.2408 14.9929 11.0471 22.4941 12.6024 17.5762 15.2678 28.8713 22.2341 19.405 23.3312 12.1246 7.1387 10.785 26.7724 21.4765 29.1373 15.9451 20.3335 17.6325 12.1242 15.3432 17.1394 21.4352 18.8761 21.6745 14.4127 27.7818 9.95629 25.1478 7.7958 27.9121 6.03864 24.5377 16.1011 24.6819 14.873 15.4448 24.468 21.5193 19.3724 26.5922 27.8028 21.1579 15.4857 21.779 5.19588 19.8002 27.3228 31.0765 31.3831 15.8044 14.8832 20.5504 25.1126 19.3981 5.78104 15.994 12.2342 14.0384 1.47972 17.9523 15.1622 12.1788 3.84914 19.2282 18.0634 19.6925 10.2382 24.3087 4.34212 16.8272 29.3082 30.305 15.3444 1.43404 16.3856 22.9693 24.9872 17.9719 15.1303 28.9561 14.4781 22.956 17.2342 19.751 19.3507 29.6814 19.5006 17.9281 10.5382 19.3405 27.0627 10.9248 20.9562 30.9887 24.8176 27.0187 20.8267 13.7873 18.2609 11.488 20.9232 12.3466 19.6225 5.72204 11.6836 20.3516 11.6182 30.828 20.1895 14.4793 20.0384 18.2283 25.9541 10.1589 3.5875 20.4888 17.3796 1.73718 9.32488 19.0343 14.578 10.1283 9.72597 23.7062 20.3915 24.1831 22.6018 5.94774 13.2057 31.2956 13.0426 28.0337 18.595 21.696 14.9272 14.9367 11.5321 10.0515 18.9541 4.09095 17.8213 10.1995 13.4851 25.5839 9.62845 6.88086 6.50894 29.1109 6.76802 4.85185 5.57193 31.2675 18.4775 24.8893 20.3874 25.4367 23.3923 11.6601 14.7501 11.6429 12.7824 9.72607 9.54931 10.6529 12.2679 20.898 24.4089 23.5078 15.2958 20.8086 32.8299 13.9851 13.207 4.35377 29.7016 21.4423 16.3708 23.9808 17.5956 20.5874 9.31527 5.08454 27.3717 23.005 12.4023 18.812 
18.1663 9.25239 0 24.5567 33.0299 16.3287 16.1349 9.30159 12.9985 13.4896 36.1239 30.1912 28.706 17.7986 23.7859 7.09408 31.5837 13.8518 26.7799 21.845 37.1556 28.8918 18.5122 32.4849 20.9594 5.8861 17.9997 33.5587 28.6236 37.7567 12.6223 27.1616 21.2734 21.3753 18.7164 26.2407 29.6449 22.1471 30.3881 21.7779 36.1299 16.6999 33.2365 16.2996 36.4322 14.909 31.2967 20.2038 33.3668 23.6801 21.3176 32.7512 28.5489 27.402 35.8032 36.118 29.7531 12.7554 30.5579 10.8012 19.8695 36.5341 38.8705 38.9687 24.8701 16.6568 29.2903 31.312 19.6688 12.668 17.5623 11.3916 22.337 9.06329 19.5478 12.1668 20.5628 11.5763 22.9178 25.5654 27.2093 4.95971 31.8938 10.9629 23.0473 37.266 38.3459 24.2301 9.74206 15.5988 32.1341 32.5005 13.9833 15.3839 37.8865 10.6754 28.8061 19.7073 28.0889 17.0035 38.3508 20.368 21.3312 18.9913 28.2778 33.7451 15.9989 27.265 39.2625 34.0497 35.6203 27.9414 19.7605 18.1352 17.0508 19.51 9.25755 17.3408 10.5062 10.8881 29.2922 8.79117 38.4239 21.3577 23.2467 26.893 27.1426 33.8244 19.3762 12.7744 24.7717 14.7576 10.5096 16.434 27.7137 20.2111 14.3087 3.00223 32.8693 27.145 33.294 28.6783 10.475 22.4466 39.2609 16.7218 36.767 27.5554 30.7434 20.4356 21.2572 20.7793 15.4117 17.1827 13.132 20.952 16.357 22.6202 33.7999 18.779 2.66802 11.5223 37.9035 7.90053 8.90024 10.3719 39.5009 26.655 32.7575 26.5825 34.0969 31.9324 17.0698 19.2085 6.85794 18.7223 18.4123 13.2264 16.3603 12.065 29.7891 33.6335 32.7386 23.9042 24.7959 40.0026 22.1715 17.0792 9.95633 37.7313 28.325 24.2196 30.8083 26.6663 20.4333 4.28319 4.76033 34.8369 28.2773 17.4208 25.283 
7.98756 15.3553 24.5567 0 16.6312 24.9588 25.9823 21.4516 16.9968 24.5702 11.5771 17.9259 8.06425 18.2831 8.0213 25.4031 7.33241 23.0442 2.22321 16.1128 15.8472 15.4916 29.7209 9.83925 7.87434 20.8787 13.6395 18.3686 13.6088 18.0594 27.1231 17.9046 19.5907 3.56878 18.9976 6.0358 13.907 20.8828 11.6278 10.1375 14.6724 14.6584 13.237 10.8703 17.4474 10.8762 16.7749 21.3277 10.7835 7.91322 17.7752 12.0184 18.051 13.4326 12.2563 14.7929 8.16864 28.1981 11.3245 16.6502 29.0282 12.9487 19.2236 20.0595 5.99361 21.1156 10.7277 18.6479 28.508 13.3913 24.7091 22.693 6.74278 15.9112 22.97 28.1189 6.80738 13.4735 20.3419 14.6723 15.4605 24.3564 18.1898 14.5411 17.6126 20.7977 21.3411 3.43222 15.2164 27.3601 9.41487 18.9173 29.2078 23.1007 16.3819 28.0527 18.0325 21.2885 8.31562 30.994 15.475 27.9029 20.1506 10.0124 8.67212 18.8675 17.7274 19.6416 17.8141 10.3136 13.1859 17.3753 13.6728 28.0931 17.0685 28.7962 26.0052 28.8062 17.4602 24.1742 5.92683 25.3328 19.5428 24.9522 4.2884 13.6408 4.40018 14.5984 6.07922 11.7878 19.9401 27.5173 14.4253 13.9155 10.1871 17.9137 16.4341 24.4899 10.0788 18.1435 10.9598 17.2472 16.2971 2.3575 18.9506 17.7131 16.5734 4.38256 6.70021 18.2979 13.0917 4.49505 14.6208 30.1817 11.9784 23.8041 13.1847 5.21243 13.1783 5.79883 22.0419 15.614 14.5856 19.2897 18.0882 16.0988 18.184 12.3682 17.6319 19.5756 11.5497 10.1924 14.56 16.9368 25.0974 13.6079 7.10761 19.2067 13.9936 22.1232 10.0037 9.08969 9.10405 5.2018 20.6997 22.4096 10.8831 17.4589 16.7738 17.3366 18.4238 8.8292 16.1918 6.56932 27.0096 24.3508 20.0217 16.9685 19.4093 15.3542 17.9955 
16.366 25.8652 33.0299 16.6312 0 39.5833 25.0293 34.1522 20.4734 38.4284 18.1602 4.92917 8.72537 17.1756 24.6525 36.8744 13.9426 37.188 16.1968 32.4946 7.77365 4.50865 44.2009 22.9196 24.1575 27.442 29.3179 1.98 4.42456 31.5693 28.5263 34.5256 15.1832 19.1211 16.8888 22.2636 29.9855 15.5542 27.0695 11.4709 7.68712 29.9687 5.17773 25.6269 31.5612 24.6365 2.44212 37.1864 9.60849 24.544 34.022 6.46426 34.6057 29.8965 22.859 7.45601 9.17496 41.202 26.6126 29.6492 43.9733 23.1863 6.6634 6.23541 22.5435 20.1059 26.4481 4.50619 43.4837 20.6121 39.6808 25.0523 12.4489 27.1217 19.5763 40.9342 14.205 22.2018 14.4068 31.2997 32.0267 30.2885 34.2746 22.3665 34.08 35.6968 35.9216 13.5815 26.6008 41.4303 22.5798 34.962 30.0455 22.7165 28.662 40.3372 6.57442 17.9042 8.32225 44.7777 11.2331 43.1276 15.5972 25.8389 24.4459 2.5278 32.8209 36.2727 9.05642 21.3604 9.41857 33.9497 13.4329 42.747 32.4691 25.9123 38.2016 27.3813 30.4531 37.2346 12.1822 37.4735 5.74869 20.2507 13.4907 6.16924 12.488 3.89124 21.2241 22.9185 12.3895 27.5984 26.0016 29.112 26.3531 33.9744 19.1778 31.4551 22.8718 34.7675 23.9802 5.99595 22.5556 18.2427 7.59163 17.7347 30.0175 12.7755 13.3051 34.3795 11.8591 20.0564 17.7277 44.194 24.5932 39.6019 16.6756 21.7481 6.0696 18.6036 30.4119 21.5083 12.1168 25.3472 30.3265 22.6632 9.0089 28.8758 33.4134 36.2018 9.50843 8.36549 16.1794 15.1816 29.9055 14.424 16.8282 33.3956 16.7395 24.1528 25.3441 17.3022 20.9668 12.2994 13.0936 6.99717 27.4043 17.2993 29.3002 6.70645 35.0058 9.70652 2.59429 22.6966 23.1983 34.8178 28.4157 2.30473 8.51519 16.0835 34.6057 
23.3682 15.3547 16.3287 24.9588 39.5833 0 31.2323 7.501 24.5114 2.88759 34.5053 38.6136 32.2858 29.5682 19.1218 9.74309 31.9607 2.7913 26.7358 11.7766 40.6879 36.5744 4.76223 28.2015 17.5131 19.7734 11.5758 40.8246 35.4299 29.6458 28.5017 15.871 32.9854 21.5049 30.6664 22.6601 21.2813 34.2183 23.7417 28.643 39.5178 10.3497 37.5968 14.2338 28.0841 14.9583 38.7004 6.41632 35.7288 19.1142 10.0864 36.5747 17.3772 18.9884 31.8038 39.614 32.7899 6.27867 24.1771 10.3746 4.48528 32.4562 43.7199 44.335 21.3733 29.8944 22.9746 39.6666 4.05359 21.0485 1.4382 26.0361 27.1364 13.8752 33.0023 6.74722 25.3899 19.0685 34.5829 16.2279 17.4637 20.8988 21.3852 19.6968 11.7572 27.0189 28.2182 26.7932 14.0915 3.03329 28.0202 21.7245 30.1073 29.6267 31.2552 8.13298 37.7716 32.4634 32.1342 6.57058 40.4075 4.24246 33.273 15.0826 23.1606 41.195 7.27134 14.9416 42.7107 30.6608 38.139 17.0845 28.8723 3.17412 8.12989 34.8423 7.88808 33.0001 9.69654 5.48675 30.8813 7.99629 43.7881 35.1699 26.4555 34.3283 29.1423 38.7338 19.0235 17.1314 35.8035 30.4664 14.3991 11.0491 21.4771 9.0956 25.4491 19.1335 28.6281 15.7055 28.492 37.3091 21.1148 22.6707 43.632 28.3658 29.2594 29.2605 31.5215 8.96211 29.8275 20.5258 25.3852 5.53117 15.1132 5.56343 25.3901 20.3044 37.7542 21.0736 16.5695 21.8094 39.4411 20.7297 10.5781 20.7645 43.0656 18.8803 22.8442 14.2037 36.4991 34.9699 26.9539 30.0956 22.8527 27.9199 22.7828 6.21453 25.9258 26.3879 24.1132 32.2854 29.4939 27.5797 36.1482 46.2689 15.9128 28.5472 11.0493 41.9967 16.8909 29.8929 38.1079 22.7545 35.1036 12.1361 16.8486 40.6653 38.0607 27.7299 13.7564 
18.0633 17.2997 16.1349 25.9823 25.0293 31.2323 0 23.7317 9.35521 28.6479 36.1463 20.5845 25.2859 8.45372 29.9434 23.059 30.6918 28.4819 27.7866 32.412 31.6939 20.5551 34.2375 35.7881 27.3314 11.4607 27.8631 24.613 21.4567 43.4655 4.49478 37.2474 9.86419 24.5157 8.34064 30.6519 37.0237 9.75358 36.2127 17.3537 31.023 27.1969 27.6934 24.2188 42.5507 22.222 22.68 33.2576 29.9669 29.7995 32.7224 27.9199 38.2884 35.3348 38.1465 30.8969 26.6022 28.7579 36.1224 22.2418 35.2959 38.8101 31.6842 31.2048 29.6847 5.25276 35.105 21.5322 35.0087 13.892 32.2134 5.21498 20.1436 18.5339 5.68679 28.1973 19.3214 15.177 10.9053 34.6279 36.1736 11.2097 40.5456 13.923 34.0321 44.9152 45.7523 23.6083 18.7237 31.1985 35.3665 41.2708 5.2392 2.88692 42.2565 26.7742 18.8537 7.1597 24.3522 33.0354 34.2312 35.4646 9.49713 26.671 33.366 24.5467 28.1546 38.0679 33.5169 36.1887 31.5472 37.5633 13.4316 33.5866 28.7796 3.64765 25.1827 2.82646 22.5408 26.2172 27.8211 24.6184 30.7496 6.29267 22.3835 19.4951 25.9591 27.5321 24.0235 18.2668 13.1125 2.71826 18.9427 26.5024 33.8742 31.8758 9.60938 13.1777 36.0475 37.3402 36.8815 19.1925 11.7425 24.975 32.5281 8.55033 42.0967 26.5336 29.6762 32.2267 14.808 24.5737 11.3654 33.1074 20.4014 34.7502 12.802 27.3322 28.5757 21.342 14.8858 11.7403 34.4061 10.7174 21.1387 12.1168 33.5919 34.2964 40.7864 37.5423 30.4826 28.1681 11.5919 10.4133 9.46762 12.9827 19.0666 26.3338 12.0128 5.03424 34.9478 33.9335 35.0394 22.2244 12.6526 31.106 30.1245 8.90729 21.2776 31.3724 38.2985 20.0812 22.4362 31.2205 4.41007 20.1811 14.3862 27.2924 17.388 10.9594 35.9104 
17.8072 8.58271 9.30159 21.4516 34.1522 7.501 23.7317 0 17.3294 5.02681 32.3221 32.5493 27.7627 22.4623 17.82 4.60614 28.7759 4.77525 23.5281 13.4632 36.4057 30.7029 10.9648 27.1581 15.3788 12.2724 10.5665 35.1737 29.8202 30.7818 21.063 18.6734 25.9506 17.8886 23.5454 20.9908 22.3202 27.1263 23.841 22.7999 35.2682 9.06713 32.9226 10.874 29.3241 10.5798 32.9639 10.9433 31.8036 17.7555 12.5624 32.0828 20.1451 19.9592 30.7272 35.3234 28.5001 7.05886 24.1398 4.81402 11.6707 31.4385 38.9839 39.4157 19.5795 22.5465 22.8489 33.6422 11.3409 14.3533 8.5399 18.5383 21.9389 7.16648 25.6534 6.83904 20.0898 12.4316 27.582 17.6708 19.2443 13.5488 23.8149 12.813 14.3793 29.407 30.5531 22.4494 7.59918 7.8957 26.8808 24.3422 22.7305 22.1644 31.5801 6.60135 31.5272 25.2201 27.4246 10.7716 36.7224 11.7342 26.1946 12.9392 22.3597 35.4891 7.30632 18.4826 38.5016 29.2362 34.2107 19.6196 22.3698 10.0136 8.49307 27.3415 4.5794 25.5164 3.99448 3.10993 27.1264 3.94988 38.8605 27.7862 21.8321 28.4832 25.1434 33.8779 15.4128 11.2365 28.9667 22.9938 8.15444 9.20142 21.2341 11.4062 18.3635 11.8882 27.5774 18.6107 27.7351 31.1564 13.9476 19.0983 39.0772 21.2594 30.034 25.3917 28.1429 11.561 23.5066 17.0096 18.5428 10.381 9.83028 11.6679 18.7764 17.8053 33.2406 16.455 9.14212 14.7412 35.9549 13.2793 3.83241 13.6214 38.8167 19.4388 24.9218 17.7659 32.5779 30.7468 20.1899 23.1865 15.487 21.3624 17.4806 4.28497 19.2011 18.9037 23.6705 29.9079 27.9568 22.829 29.2402 41.0515 15.3093 21.4794 4.90183 37.453 19.8312 24.5015 32.3939 21.2688 27.6278 5.58425 9.35049 35.5118 31.5855 20.8907 16.6531 
9.01091 9.28465 12.9985 16.9968 20.4734 24.5114 9.35521 17.3294 0 22.334 27.8066 17.2599 17.9288 5.15851 20.5921 18.3466 22.5071 21.7283 18.9539 23.5927 25.6353 16.1448 28.2937 26.6843 18.0067 7.15189 19.0518 20.7885 16.1769 34.1605 10.1626 28.2041 8.69083 15.2323 6.22509 21.3524 27.6822 9.81116 26.8709 10.0176 24.7459 18.5955 21.5692 15.1773 33.2185 13.1891 18.5496 25.2708 22.7797 20.448 24.1277 21.396 29.1673 26.0345 29.2509 24.6805 19.1753 23.6638 26.7913 14.4794 28.8959 29.9386 26.6973 26.6056 20.3515 5.70052 25.7597 18.3758 28.521 4.62225 25.2304 5.758 11.936 10.7323 8.70343 23.2201 10.6935 6.2095 10.3462 25.4594 26.969 9.81519 31.2648 5.12446 25.2709 35.564 36.3974 15.0507 10.6769 25.22 26.2677 31.9958 12.2247 6.63295 33.074 22.1529 15.8275 7.96157 17.1067 27.812 27.5133 28.7064 8.89133 17.488 24.0444 20.9295 20.0669 29.1612 27.6656 27.3035 24.7361 28.4338 7.04199 27.2931 20.4857 12.6689 20.1728 12.102 14.9917 20.2832 19.7437 19.4835 26.0791 10.9636 13.8364 14.3101 17.701 21.8624 14.6684 9.23415 11.9674 10.5561 10.6426 17.8218 24.5195 23.3995 1.32197 11.0548 26.9671 28.3163 27.7497 15.7386 3.39733 15.7716 27.261 3.96786 32.8134 18.2437 21.5196 23.7786 8.6292 15.2435 2.92903 27.591 11.5225 27.08 4.36455 17.9869 22.2939 12.0384 10.5803 2.81009 27.3898 5.098 13.9347 3.7482 27.8386 24.9837 31.4598 28.6844 23.414 21.0953 4.29887 6.25134 9.56913 6.0771 9.92341 18.8322 3.92325 5.13075 25.6326 25.4605 26.1008 13.9548 12.1127 27.343 20.8925 4.24413 13.6279 25.8439 29.2171 12.7988 18.1038 21.9161 11.729 15.7496 8.90907 22.4576 15.2877 4.46883 27.0091 
22.0812 13.4016 13.4896 24.5702 38.4284 2.88759 28.6479 5.02681 22.334 0 34.7152 37.1379 31.5215 27.4529 19.509 6.85926 31.7578 1.69384 26.4853 13.0632 40.0624 35.194 6.00362 28.8013 17.5495 17.1952 11.8251 39.5647 34.1769 31.0361 25.7783 17.6703 30.9246 21.0315 28.5407 22.9652 22.5579 32.1167 24.715 27.2513 38.9027 10.413 36.7875 13.7005 29.4988 14.0469 37.3932 8.50951 35.2385 19.4798 11.5937 35.8428 19.1907 20.2063 32.4183 38.9813 32.1297 4.29655 25.1061 8.80368 6.66318 33.0969 42.9005 43.4331 21.6126 27.5731 23.8573 38.2138 6.36098 19.1764 4.25104 23.4791 26.0423 11.9368 30.6798 4.57479 24.2376 17.2177 32.5473 17.5602 18.9401 18.1331 23.1388 17.7091 13.3879 28.8085 29.9987 26.0726 12.2617 3.02078 28.5827 23.5438 27.3388 27.159 32.3744 5.64876 36.1978 30.2403 31.2868 6.45279 40.0372 6.90367 31.1808 15.0487 23.798 39.9084 7.53946 16.9715 42.1232 31.137 37.6573 18.8145 27.1364 4.9886 8.6488 32.2342 5.06571 30.3289 8.02549 2.61041 30.4373 5.12286 42.8811 32.809 25.6119 32.9553 28.5848 37.8461 18.5133 15.6259 33.8791 27.7788 12.6898 10.9421 22.2968 10.4843 23.3442 16.3331 29.2288 17.5365 29.2003 35.7839 18.9443 22.2302 42.8942 26.2491 30.5224 28.7584 31.237 10.4553 28.1941 20.0786 23.4408 5.76962 13.8365 8.20348 23.581 20.2551 37.017 20.18 13.8675 19.7106 39.1505 18.2887 8.54974 18.611 42.4617 19.9488 24.496 16.2268 36.0138 34.3487 25.0611 28.1173 20.0899 26.1504 21.6091 5.36644 24.0539 23.8772 24.8941 32.4064 29.9189 26.6884 34.1774 45.2311 16.4878 26.4587 9.28661 41.2595 18.7543 28.7239 36.8105 23.1304 32.6065 9.2691 14.3081 39.6453 36.3584 25.7925 15.5431 
19.0048 26.8993 36.1239 11.5771 18.1602 34.5053 36.1463 32.3221 27.8066 34.7152 0 21.9606 11.5863 27.8539 15.4013 36.5403 5.48816 33.0734 9.35752 23.6385 12.2838 19.8981 39.1711 7.46573 17.1723 32.3686 22.9703 20.1215 17.8998 14.4584 37.9429 22.8422 28.0772 14.8261 28.2933 11.8496 16.5104 29.1369 13.0094 18.8745 11.5131 24.3186 12.9948 21.4495 14.9353 21.9724 19.7495 29.5866 8.55368 15.4007 25.519 11.7059 22.1957 17.726 5.34109 11.7671 10.3588 38.679 12.4362 27.6382 38.0612 5.40052 16.3849 17.7402 13.1385 30.9765 13.0866 22.1242 37.5327 24.7232 33.9355 33.5636 16.0283 27.3701 32.1571 38.6925 17.1131 24.9949 28.2822 20.2548 20.0781 35.8421 20.1149 26.0065 24.612 19.4316 19.3053 12.7591 26.6704 37.2351 7.39919 20.618 39.961 33.2835 11.1021 38.8523 22.9429 30.3436 12.5478 40.9276 9.37077 36.6715 28.6421 19.6785 11.9336 20.6619 27.318 24.7649 13.1712 4.79792 9.28749 21.7813 22.8442 37.4583 26.3782 38.481 36.8992 38.9484 28.4066 34.7773 8.37525 36.2673 17.4376 33.7866 13.9703 19.1546 10.1933 14.4161 17.096 23.3497 27.1138 38.0295 25.8756 23.7761 14.0433 26.0911 27.0098 36.0466 7.14489 23.1219 7.98802 22.0956 27.622 13.7017 15.4163 27.601 13.0313 9.62443 6.50492 26.3902 21.6903 15.5493 25.1117 39.9853 23.3402 31.9859 23.6039 14.5477 12.1711 17.3748 33.6185 26.8452 7.9294 30.6901 29.2552 27.4609 13.5906 17.1491 18.7038 25.0422 8.6962 9.99532 24.5787 26.1058 36.4725 23.1785 18.3366 29.432 24.2959 32.8927 11.6854 2.49058 5.46494 13.9501 27.9401 20.6502 18.6894 27.2594 27.9147 14.3415 22.7662 16.3233 19.3753 11.7959 36.2923 35.7288 31.5979 16.9774 24.8543 25.1873 23.9482 
15.3214 24.012 30.1912 17.9259 4.92917 38.6136 20.5845 32.5493 17.2599 37.1379 21.9606 0 11.0592 13.2381 25.7374 34.7581 17.1364 36.0556 18.0933 32.8833 12.6341 2.43508 43.0643 25.7082 24.701 24.4014 29.2288 4.04429 4.42143 34.4861 24.3384 35.5988 10.741 19.6579 12.7548 23.9097 31.7887 10.9123 29.2032 9.99555 12.4165 29.6445 9.46922 25.2563 34.2849 23.9447 2.53353 36.9999 13.547 25.6121 34.2321 10.4729 35.8845 31.3428 26.2173 12.2043 11.9733 39.4975 28.8069 28.3552 43.0811 26.6353 11.4236 10.7398 23.9037 15.9092 28.4376 1.12243 42.6169 18.3789 38.8875 21.2044 12.2289 25.3881 14.9973 39.1653 13.6306 20.188 9.74993 32.3559 33.2943 26.9456 36.0877 20.0815 34.5532 38.1736 38.5312 14.5416 24.9585 40.1585 25.3302 36.8074 25.7157 18.4707 31.8518 38.3921 1.74189 13.4255 10.2999 43.3112 15.9793 42.4093 11.0874 25.9886 26.3784 3.96461 32.2782 37.2216 13.9853 24.5412 13.8927 35.1873 10.4906 41.7245 32.1062 21.1919 36.2853 22.7986 29.1159 35.6593 14.8182 35.5602 10.3311 15.4782 14.0343 4.48122 14.4243 8.5193 21.3659 21.5258 7.62806 23.2243 24.4645 28.7635 28.075 34.0171 15.938 28.304 25.7315 35.8193 26.8306 1.52471 19.8281 19.0211 12.446 13.9989 32.9244 14.8618 16.3197 34.4305 9.12717 20.4873 14.8053 42.8389 23.5071 39.3232 14.0663 22.6465 10.4472 18.342 27.6656 18.7998 16.7313 22.3231 28.7322 20.0052 13.9362 30.2647 35.4292 37.0537 13.6395 11.9697 13.1263 11.3703 26.3281 11.5408 16.0622 32.4045 13.8992 20.2911 27.4919 20.7135 23.9413 12.8951 8.27751 10.5497 28.0986 13.5763 27.859 11.6343 36.2183 9.45344 2.68463 24.4104 18.4414 32.4635 25.7861 7.20138 3.5904 12.7943 35.3849 
10.5679 20.2384 28.706 8.06425 8.72537 32.2858 25.2859 27.7627 17.9288 31.5215 11.5863 11.0592 0 16.8413 16.0439 31.1517 6.28857 30.1196 7.4714 24.148 8.66219 8.74304 37.0143 14.6529 15.8436 23.8397 21.3717 10.5798 6.68403 23.4278 27.6814 25.8667 16.6245 10.9848 17.1212 13.5409 21.271 17.6209 18.4216 8.04296 7.55059 22.2186 5.32213 18.0597 23.2515 17.4746 9.33299 29.1881 4.85148 15.943 25.7717 4.32672 25.9034 21.1797 15.2904 7.58443 1.31967 34.7683 17.9848 23.0075 36.5293 15.7618 11.4382 12.1323 13.8651 20.0364 17.7588 11.5163 36.02 16.1296 32.1968 23.4999 6.37563 21.2293 20.849 34.5944 8.15163 17.1507 16.7291 22.6577 23.3313 27.1477 25.5659 17.7697 25.6692 27.2253 27.5342 5.49591 20.6024 34.4427 14.2785 26.259 29.5719 22.5065 20.8247 34.2616 11.7154 19.0203 0.971916 37.9699 9.70345 35.5221 17.1813 17.7783 15.7408 11.1072 25.2142 27.6437 10.7731 13.5431 6.93827 25.2556 11.8622 35.4564 24.6985 27.2909 32.1381 28.0202 23.8362 30.7192 3.76097 31.4258 11.5987 22.3439 5.93417 7.64021 3.77504 6.57851 13.341 16.8124 15.5284 27.4233 19.8845 21.4074 17.6289 25.8421 16.8808 27.8355 14.6724 26.1136 15.7721 10.8621 18.7611 9.95151 11.3729 16.8045 21.8661 4.05182 5.37227 26.2358 10.4995 11.9656 15.0207 37.2597 17.9327 31.6488 13.5655 13.2674 5.49666 11.3567 26.0434 17.7981 9.46755 21.8745 24.0672 18.7231 11.0712 20.1677 24.7444 27.6055 5.50563 3.23867 14.0622 14.9497 27.3274 12.4237 10.5131 26.2549 14.068 22.7172 16.6959 9.92191 12.8913 4.9622 16.3547 14.3693 18.9437 16.4171 22.872 9.738 26.3142 5.23815 8.8116 13.9712 24.9595 29.5501 23.9465 8.90465 13.5088 14.4803 26.0448 
10.7957 14.2408 17.7986 18.2831 17.1756 29.5682 8.45372 22.4623 5.15851 27.4529 27.8539 13.2381 16.8413 0 23.4771 23.4662 22.3744 26.7956 19.883 27.7042 23.4028 12.6716 33.4265 28.1095 21.1926 11.919 23.2484 17.0925 13.2725 36.213 11.395 31.9651 3.54329 17.4679 1.10445 23.5223 30.577 4.66419 29.2487 8.98405 22.6789 22.9924 19.3614 19.1812 35.45 17.272 14.9721 29.9506 21.5136 23.3304 28.4428 19.5167 32.7826 29.1983 30.1896 22.565 18.1591 28.8189 29.0771 19.3938 33.9812 30.8258 23.7357 23.4109 22.7534 3.20128 28.1898 14.306 33.5956 8.85677 30.2348 7.96684 11.991 15.7138 4.74916 28.3711 11.4776 10.7673 5.20401 29.023 30.4289 13.9611 34.4482 9.92341 29.4203 38.2665 38.9914 15.5664 15.5795 30.3571 27.6844 35.1933 13.0527 5.75385 34.6642 27.2829 11.6254 3.3077 15.9032 32.9705 25.823 33.7367 3.73507 21.168 26.299 17.132 24.7596 33.1035 25.2909 28.2369 23.1202 32.0409 5.02035 32.3964 25.0615 10.6547 25.3186 11.1802 19.9607 25.4339 19.4903 24.6329 22.9207 6.9064 14.3651 11.2989 17.7133 19.3131 17.5957 13.4999 6.97375 10.7304 15.4374 22.1681 27.1438 27.8152 4.11919 15.5165 28.33 32.1064 29.2387 11.733 8.51525 17.6777 24.4821 1.20405 34.7699 18.2944 21.3564 28.2096 6.3544 17.7517 4.65165 32.7457 15.8626 31.8766 5.55549 20.5566 20.2172 14.5033 15.5321 7.75963 25.9654 10.0052 18.9955 8.84248 25.3945 28.1036 34.4256 32.6903 22.0334 19.7163 3.84446 2.02789 13.1562 4.7384 11.8947 23.763 4.70194 7.05401 27.8255 25.7123 27.1522 14.0474 7.02343 23.7089 24.3744 1.07709 18.5919 23.229 32.904 11.6574 14.631 24.1019 8.72661 20.8209 13.9921 19.3569 10.7028 2.96205 30.9816 
12.7766 14.9929 23.7859 8.0213 24.6525 19.1218 29.9434 17.82 20.5921 19.509 15.4013 25.7374 16.0439 23.4771 0 22.334 13.5498 17.8356 8.86094 8.56582 23.2541 23.3182 23.7711 9.36849 2.8684 21.9315 7.6839 26.3819 21.5143 14.1537 29.9351 9.89996 25.606 6.35007 24.4002 3.5565 7.12067 26.9758 6.68282 16.9326 22.0966 9.12075 21.083 7.50042 12.9761 8.97061 24.739 14.324 18.0417 0.14672 10.3873 19.79 10.1547 5.8379 12.9702 22.2534 16.0006 23.62 6.79458 13.5974 22.6802 13.6681 26.9076 27.8455 2.42225 25.7672 5.55751 26.5231 22.1513 16.0884 18.5343 25.665 13.8005 14.7798 28.2005 23.7045 13.0075 15.1422 26.6684 6.6591 7.57121 25.1987 11.0235 16.4345 9.87098 14.972 15.8215 11.2366 14.1376 21.9032 9.11695 11.7718 32.0514 27.2061 14.1115 24.0793 25.6709 26.7424 16.3352 25.5916 22.1749 21.3293 26.1248 4.93983 4.5752 26.8767 12.0072 11.6203 25.0691 11.6283 20.3121 9.45152 19.697 22.0571 11.0111 33.2177 22.285 32.6578 14.2319 19.889 13.3489 21.726 27.3469 30.3831 11.7159 21.337 12.2968 22.5011 5.94382 12.2693 26.7069 30.8732 13.4277 8.72549 4.07015 10.8074 20.5163 24.6962 9.79243 10.1336 9.91527 24.9284 18.6089 6.74535 26.4987 22.613 13.044 12.1438 13.3731 11.1385 19.5985 5.80764 19.0585 24.6233 10.9026 16.775 17.9297 3.14874 20.9128 8.98586 21.7288 18.3365 21.0271 20.969 15.4715 18.2871 25.4679 4.72364 10.9542 11.5623 18.7559 17.8305 19.6445 22.6269 26.4655 19.2884 11.668 14.3821 18.7894 25.3412 6.01701 13.2554 10.4144 12.8424 27.3929 30.3062 3.33608 22.4822 14.1754 24.9295 10.481 16.3681 24.1486 3.63635 31.9355 22.1881 20.0695 24.9389 26.8572 20.5578 10.0102 
20.7999 11.0471 7.09408 25.4031 36.8744 9.74309 23.059 4.60614 18.3466 6.85926 36.5403 34.7581 31.1517 23.4662 22.334 0 32.7293 7.70335 27.5455 17.957 39.8108 33.118 11.43 31.6327 19.8091 11.9759 15.1701 37.7121 32.4687 35.3872 19.7065 23.0878 27.0095 21.883 24.4882 25.4186 26.9209 28.0483 28.4336 25.4049 38.7014 13.6725 36.1546 15.185 33.9273 14.5903 35.4611 14.7484 35.4289 22.2633 16.922 35.4265 24.5797 24.5576 35.1779 38.7352 31.9974 5.70039 28.7249 8.91782 12.8778 35.8947 42.1144 42.4301 24.0029 22.9139 27.433 35.8734 12.7181 16.3932 11.1039 18.0963 25.0512 9.93009 25.9452 5.1402 23.187 14.6835 28.6702 22.2344 23.7906 12.0142 28.3207 14.6771 18.7584 33.9394 35.0941 26.0306 10.5493 8.5759 31.3432 28.8274 21.0699 22.0104 36.169 3.83229 33.5698 25.835 30.7168 9.97643 40.403 13.5302 27.1631 17.4174 26.8925 37.9785 11.7945 22.7568 41.9242 33.6377 37.8083 24.0833 24.317 11.1511 13.0018 26.5152 2.16376 24.4044 8.18281 4.3232 30.8861 1.77614 41.8751 27.9111 25.286 30.9598 28.8307 36.991 19.4811 14.3413 30.3038 21.8222 11.2747 13.7861 25.817 15.7572 19.549 10.0844 32.0486 23.0076 32.2439 33.2994 15.1837 23.0777 42.3112 22.2984 34.6388 29.1309 32.0351 15.8661 25.631 21.0617 20.155 10.0973 13.469 14.9187 20.7057 22.1183 36.5583 20.074 8.28192 16.142 39.7241 13.5698 7.31703 14.9349 42.2163 24.0445 29.4694 22.0253 36.1962 34.2456 21.8586 24.5361 13.94 23.2723 20.667 8.76365 20.9628 18.6564 28.2296 34.0952 32.3466 26.1897 30.4585 43.8532 19.9006 22.5902 8.64382 40.7085 24.2353 27.4179 34.918 25.723 27.2632 2.87833 9.48749 38.4144 33.3683 22.4219 21.0256 
13.9026 22.4941 31.5837 7.33241 13.9426 31.9607 30.6918 28.7759 22.5071 31.7578 5.48816 17.1364 6.28857 22.3744 13.5498 32.7293 0 30.1925 5.27719 22.1152 10.0388 14.9186 36.7132 9.04459 14.4877 27.4482 20.4399 15.9176 12.8707 17.627 32.6 22.5813 22.6089 10.8876 22.8058 10.2261 17.0125 23.6876 13.7427 13.3918 8.95053 21.611 9.07886 18.0978 17.6565 18.2059 15.1397 27.7777 4.95244 13.4977 23.9249 7.66347 22.2876 17.524 9.08092 9.15178 5.18701 35.4742 13.2235 23.9793 35.8664 9.51182 14.0093 15.1623 11.1284 25.5068 13.3584 17.4544 35.3401 19.7001 31.5935 28.251 10.6266 23.1513 26.6699 35.4116 11.8466 20.1839 22.8557 19.5801 19.8558 30.8983 21.1438 21.0994 23.3861 21.8898 22.045 7.56991 22.4631 34.4803 8.73367 21.7716 34.5952 27.8371 14.7734 35.3757 17.9352 24.8575 7.21738 38.1432 8.626 34.6314 23.1751 16.8789 11.5815 16.4655 24.6899 24.4757 11.6648 7.44891 6.92469 21.7337 17.361 35.0482 23.9134 32.9952 33.3343 33.4874 24.7869 31.4656 2.88739 32.6637 14.7363 28.3123 8.73228 13.9286 4.80649 10.6116 13.373 18.9066 21.766 32.6182 21.6781 20.9352 13.7197 24.2734 21.655 31.2503 8.96243 22.8511 10.0666 17.081 22.5649 9.67898 13.3728 22.1423 16.0764 4.26714 1.01797 24.6246 16.2027 11.7764 19.7528 37.2903 19.2837 30.2495 18.2439 11.6769 8.51452 12.8676 29.0038 21.7319 7.52063 25.6742 25.4167 22.4348 12.0784 16.6775 20.0489 24.5941 5.52966 5.61378 19.1476 20.6182 31.4035 17.7137 13.3608 26.3931 18.9079 27.5538 12.0744 3.63354 7.03228 8.5656 22.5906 17.9194 16.8462 21.7949 24.1049 11.9263 22.786 10.8389 14.6899 10.4465 30.8054 31.6161 26.9378 13.2769 19.7714 19.7335 23.23 
20.8872 12.6024 13.8518 23.0442 37.188 2.7913 28.4819 4.77525 21.7283 1.69384 33.0734 36.0556 30.1196 26.7956 17.8356 7.70335 30.1925 0 24.9265 11.4107 38.6194 34.0603 7.02351 27.1162 15.9194 17.0299 10.1528 38.3737 32.9793 29.3735 25.8334 16.1107 30.224 19.5234 27.8924 21.3035 20.8873 31.4494 23.0229 26.1171 37.4557 8.75758 35.4057 12.1891 27.8402 12.6659 36.2239 7.15277 33.751 17.8084 9.98955 34.4329 17.6305 18.5317 30.7331 37.54 30.6928 5.97138 23.4129 7.71924 7.19776 31.4103 41.5258 42.0897 19.958 27.1031 22.1636 37.1198 6.80072 18.3258 3.76772 23.279 24.7646 11.123 30.2111 6.21088 22.9833 16.3493 31.8273 15.9027 17.3026 18.2845 21.5533 16.9431 11.8017 27.2246 28.4112 24.6498 11.3677 4.32982 26.8999 21.9754 27.4821 26.8464 30.6866 7.14046 35.17 29.6773 29.9149 7.9532 38.5187 7.02695 30.5056 13.4251 22.1093 38.7304 5.85099 15.4934 40.6691 29.462 36.1688 17.2323 26.2014 5.69564 6.95504 32.0997 6.20861 30.2906 7.00017 3.41867 28.9328 6.09392 41.5394 32.3789 24.2325 31.8163 27.1119 36.4943 17.0105 14.534 33.0762 27.769 11.7141 9.31634 20.603 8.86352 22.6766 16.5708 27.5437 15.9869 27.5098 34.7283 18.3311 20.7149 41.4903 25.5925 28.8458 27.2691 29.6908 8.85722 27.1961 18.5613 22.647 7.154 12.6163 7.23592 22.6913 18.645 35.6097 18.8105 13.9051 19.036 37.6109 17.9486 7.80036 17.9827 41.013 18.2625 22.8841 14.7497 34.5253 32.9008 24.2309 27.3516 20.2309 25.2365 20.3604 3.86728 23.2081 23.6175 23.2009 30.7774 28.2483 25.3284 33.4085 43.9432 14.7985 25.7788 8.33299 39.8546 17.2105 27.4826 35.6361 21.4611 32.3273 9.7792 14.0958 38.3473 35.4077 24.9951 13.9882 
9.96088 17.5762 26.7799 2.22321 16.1968 26.7358 27.7866 23.5281 18.9539 26.4853 9.35752 18.0933 7.4714 19.883 8.86094 27.5455 5.27719 24.9265 0 17.3067 14.435 15.6721 31.4943 8.34294 9.34948 23.0601 15.2685 18.0403 13.6846 16.9178 29.1088 18.5046 20.9054 5.66285 20.5267 6.07889 13.8185 22.1501 11.1099 11.3417 13.2695 16.3906 12.2703 12.8207 16.4745 12.9781 16.6631 22.7752 9.24784 8.78022 19.0531 10.95 18.4707 13.7254 10.3599 13.4175 7.22012 30.1991 10.7191 18.7438 30.7051 11.026 18.0467 18.9946 6.53772 22.8165 10.3641 18.7062 30.1808 15.5097 26.4102 24.6848 7.99507 18.1162 24.5001 30.1403 8.47178 15.6641 21.5213 15.3361 15.9136 26.5374 18.1203 16.7101 18.703 20.1395 20.5713 4.38372 17.42 29.222 7.92116 18.8216 31.1785 24.8999 14.9097 30.1242 18.4105 22.7714 7.96759 32.879 13.6931 29.5148 21.4727 11.6722 8.3183 18.5627 19.4712 20.3233 16.3093 8.40206 11.5862 17.8371 15.0999 29.8414 18.7344 30.4842 28.0948 30.6131 19.5456 26.1945 4.48853 27.4305 18.5012 26.4033 5.53628 14.0327 3.73332 13.7226 8.11557 14.0106 20.9167 29.4196 16.6276 15.6939 10.1597 19.3021 18.3165 26.6976 8.51662 18.7588 9.49766 17.5898 18.418 4.47072 17.6511 19.3992 15.387 3.42431 4.78679 19.6702 14.3349 6.51854 16.4656 32.0358 14.1565 25.2549 14.9951 6.54697 12.0604 8.01744 24.2636 17.7021 12.7058 21.4393 20.2285 18.2321 16.6977 12.7314 17.3636 20.3358 9.98606 8.97097 16.2573 18.4092 27.2425 15.1558 9.16098 21.1196 15.7739 24.0844 9.40065 6.87239 7.27389 6.10671 21.7039 21.4996 12.01 19.1177 18.9055 16.0735 18.8984 9.56064 16.1073 6.50005 28.587 26.5432 22.2405 16.2356 19.9472 17.0032 18.8387 
18.1943 15.2678 21.845 16.1128 32.4946 11.7766 32.412 13.4632 23.5927 13.0632 23.6385 32.8833 24.148 27.7042 8.56582 17.957 22.1152 11.4107 17.3067 0 31.7415 30.5441 16.0517 16.8049 8.33878 22.2084 4.5541 34.0924 28.937 17.9774 31.1976 5.31655 30.516 13.3847 28.7609 12.0093 9.52931 31.8898 12.0185 23.2591 30.5762 5.36138 29.3487 8.52319 16.4364 10.4527 32.2547 6.00094 26.5449 8.61787 1.88386 28.112 6.72677 7.21438 20.3418 30.7229 24.2722 17.3583 12.4797 11.1856 14.6392 20.9574 35.2943 36.1655 10.988 29.2594 11.3263 33.7848 14.1184 19.0492 10.8472 27.4604 20.6545 14.2804 32.1199 17.6213 19.351 17.3964 31.8546 4.49927 5.91065 24.8312 10.3637 18.5754 1.73066 15.9938 17.1585 18.9164 13.9134 14.7841 16.6797 10.8796 33.1986 30.0248 19.4787 18.4663 32.5225 30.9899 24.2974 18.3295 30.7406 13.1388 30.9599 6.94492 11.8185 34.554 6.16562 5.68871 33.5941 19.4041 28.8458 6.1656 25.0639 14.3243 4.9701 35.9816 17.1457 34.8397 11.3574 14.3606 21.7791 16.7874 35.6519 34.393 19.0665 28.4024 20.5089 30.7069 11.5201 14.3645 32.3894 32.6412 13.5529 5.94323 9.92053 2.68403 23.9874 23.7078 17.2237 5.30611 16.9565 31.8668 20.6993 14.2627 34.9478 26.6302 17.5116 20.4386 21.9187 2.87228 25.4298 12.476 23.0527 17.2488 12.0799 8.35165 22.3572 10.9033 29.2606 14.6511 20.5792 20.8672 29.5893 22.0355 12.9894 20.3189 33.9883 7.13654 11.5575 5.13167 27.2717 26.2191 24.1522 27.4158 26.5174 24.3793 17.2156 9.1999 23.1427 27.419 12.5538 21.6489 18.3416 20.2587 32.9597 38.5141 5.29816 26.6318 12.1361 33.3576 6.48015 23.4509 31.651 11.9336 35.314 18.8884 19.5869 33.0302 33.3945 25.0733 3.55397 
19.1397 28.8713 37.1556 15.8472 7.77365 40.6879 31.6939 36.4057 25.6353 40.0624 12.2838 12.6341 8.66219 23.4028 23.2541 39.8108 10.0388 38.6194 14.435 31.7415 0 11.5362 45.4399 18.667 23.684 32.0462 29.4845 9.37085 10.2661 26.6467 34.7435 32.579 22.0845 19.1939 23.3613 20.127 27.0351 22.6879 23.7131 15.6659 1.17482 30.4649 4.07764 26.4663 26.9702 26.0342 10.1006 37.1502 5.21762 23.1825 33.4843 4.41403 32.3202 27.5503 17.5357 1.0829 7.93389 43.3929 23.1783 31.6344 44.8374 17.6713 4.12635 5.45709 20.8702 26.5374 23.3811 12.2798 44.3204 24.4973 40.5089 30.8617 14.88 29.8852 26.5373 43.2307 16.7172 25.6718 21.5879 29.5259 29.8705 35.2293 31.12 26.1929 33.1209 31.387 31.3838 13.9989 29.2618 42.949 18.4247 31.7284 36.4551 29.141 23.3691 42.9186 14.1727 24.7671 9.12532 46.5152 3.61876 43.7419 22.565 25.8572 21.62 9.82597 33.5145 34.4604 2.11782 16.4825 3.17549 31.7581 18.8641 43.8449 32.9003 33.0119 40.797 34.2304 32.4635 39.3411 9.98104 40.0856 5.16254 27.4989 14.5762 12.2077 11.5508 4.24685 21.6644 25.4699 19.7485 34.1136 28.5462 29.6933 23.7534 33.7036 24.4505 36.084 18.49 32.8461 19.5377 13.4802 26.9632 18.0517 3.33823 23.6942 25.1679 11.4729 9.9587 34.0783 17.2887 20.1779 22.7157 45.7721 26.5764 39.6295 21.3814 20.926 3.36746 19.9653 34.4876 25.955 4.80177 30.014 32.725 26.9717 2.41109 26.6817 29.9533 34.5491 4.53583 5.72016 21.4517 21.379 35.196 19.6784 19.1562 34.7526 21.7137 30.0088 22.0743 12.3507 16.5213 13.6237 20.5098 8.36652 26.4441 23.2677 31.5216 2.05773 32.8129 13.0037 10.0379 20.4009 30.3886 38.1727 32.4001 5.7431 16.171 21.6339 33.1326 
