200
8.99874 19.2046 1.85094 0
4.44968 22.2386 2.19471 0
5.26577 13.9698 0.546912 0
6.6823 17.003 16.3334 0
14.5091 20.0748 0.808323 0
5.10575 18.8702 2.05572 1
13.6068 18.7722 1.63221 1
5.60068 19.6256 1.19055 1
4.42903 8.07014 1.36594 0
15.7526 18.2159 0.616787 1
3.03876 16.5636 0.487952 0
11.8604 19.2508 2.21373 0
13.1834 19.5998 1.67072 0
16.3012 21.5105 25.5768 0
7.44373 8.01739 20.9448 0
10.8034 14.8125 9.17655 0
4.95216 12.0269 0.222485 0
11.1187 12.0891 1.86078 0
7.98359 11.0539 1.1274 1
13.489 18.6814 0.598842 1
7.43838 14.4661 0.257849 0
6.95756 18.6005 1.1597 0
3.99653 16.3301 2.25141 1
5.83744 7.36828 0.2036 0
12.8047 22.8609 1.51991 0
14.0849 19.1167 0.365346 1
8.05685 16.5459 0.372769 1
6.65584 23.3649 0.856915 0
17.6205 20.1015 0.559915 1
4.51237 7.55715 0.557964 1
7.43939 8.12937 0.525298 0
13.0453 21.9816 0.519266 1
5.0182 10.9035 1.36095 0
12.8317 18.8837 1.44188 0
9.68827 10.6601 0.562354 0
11.7643 15.7869 1.82897 0
7.07801 20.6426 0.684034 0
8.62742 20.1933 1.9937 0
12.8114 20.5556 0.588533 0
6.07123 18.2364 0.532601 1
4.37755 5.38721 0.543631 1
18.2846 21.8979 1.68097 0
18.5156 22.7247 0.578842 0
3.09632 4.78576 1.5357 0
11.0654 18.0301 1.89985 0
11.9305 16.2957 0.846713 0
11.7953 19.5857 0.927124 0
12.9164 22.6768 0.469147 1
9.40762 16.2027 1.97682 1
0.429858 0.798299 2.14712 0
11.4552 14.9119 1.99424 0
13.5284 20.4346 0.938609 0
7.90467 8.24273 2.17019 1
3.92463 7.90539 2.07168 0
6.45617 7.59411 0.70357 0
9.05521 21.7948 1.06409 0
2.27426 4.11437 0.687768 0
11.6207 17.6742 1.92221 0
15.9814 21.457 1.26133 0
15.1488 16.1024 23.4625 0
5.83665 21.0758 2.18914 0
16.7011 18.4056 1.41107 1
3.71753 8.23982 0.828547 0
14.9782 20.0801 1.89046 0
10.766 16.015 0.251443 1
16.9236 17.0617 1.61261 1
18.3023 21.5286 0.413446 0
3.03421 21.0788 12.8844 0
0.3436 18.7841 16.6589 0
11.5329 11.9474 9.41603 0
16.2743 17.193 0.45888 0
17.0817 21.9091 2.08213 0
4.32215 21.4392 0.70703 0
3.57855 21.2151 1.92591 0
18.333 19.3038 1.59714 0
10.7802 20.3375 1.49253 1
15.2138 21.5363 0.466294 0
3.51513 16.4824 29.5986 0
12.895 21.9574 1.21165 0
18.2654 19.1238 1.15403 0
11.9268 17.452 15.8835 1
3.10632 13.7575 0.714268 1
2.69523 9.76557 1.80596 0
1.37392 4.34354 2.05392 0
3.10529 18.8725 1.09597 0
2.67973 20.3635 0.532832 0
12.7745 18.1735 1.49856 0
3.73106 7.74183 1.55445 0
18.6951 21.2619 0.706147 0
2.14703 3.51956 1.56 0
4.05299 9.18027 2.19962 0
9.41192 13.1164 0.741352 0
15.8049 21.8883 2.01581 0
6.66772 9.40352 0.4033 0
3.4501 13.469 1.22479 1
9.66963 19.8492 0.868953 0
1.82775 2.47466 1.99773 0
12.1563 22.0373 0.37572 0
12.1398 19.8268 2.06146 0
2.78366 19.2385 0.305414 0
1.4814 3.53364 0.692478 0
2.71311 21.089 1.51831 0
18.2456 23.9543 1.35736 0
8.71802 20.8807 0.280831 0
16.3601 20.6064 0.629279 0
14.0859 21.7282 0.272271 1
10.819 20.9624 0.650096 0
9.26078 13.4052 0.424416 0
10.3765 16.7163 2.10847 0
1.71845 23.1293 0.874463 0
3.87366 9.0502 0.961187 0
12.3885 18.1195 1.7899 0
1.80816 18.2357 0.358318 1
7.83524 12.4295 0.361612 0
0.0187388 21.0621 0.499042 0
7.5281 7.97429 1.03046 0
5.19235 16.7857 1.1069 0
13.6892 18.3563 17.3441 0
1.95167 16.6926 27.3834 0
15.5926 23.4328 1.55825 0
13.8377 20.7888 21.3827 0
12.8144 18.6551 1.14435 0
7.31552 11.4715 0.278983 0
0.941898 22.3671 1.4453 0
18.3057 20.8709 12.9868 0
12.9159 21.5575 2.02708 1
16.5175 23.0291 0.474929 1
3.51072 16.9194 0.315648 1
6.92646 22.1741 0.670296 0
7.31763 16.0828 0.398017 0
0.79794 13.9631 20.9625 0
15.6412 22.6012 0.280133 0
7.99721 21.6267 1.31922 0
1.10892 4.24825 2.15926 0
11.6955 18.2566 0.940866 0
9.31548 10.3447 0.728895 0
2.0751 11.0136 1.5428 0
3.0118 16.4492 1.16405 0
18.279 20.1552 0.882265 0
1.34659 1.54923 2.21476 0
0.341921 21.4091 23.0005 0
13.2275 19.842 1.66431 0
10.985 14.1275 1.79516 1
17.3277 22.5518 1.51292 1
6.83985 13.9827 1.75721 0
14.048 21.1502 23.2026 0
16.3222 20.7525 1.12377 0
6.36746 7.04406 0.355738 0
1.34511 20.9534 1.8425 1
11.5921 16.3487 1.1011 1
16.2554 18.1331 1.79816 0
18.1105 18.5498 0.311954 0
15.1245 21.683 1.61482 0
5.50155 8.11657 2.13864 1
18.5705 22.2006 1.0179 1
8.42287 11.3706 1.51838 0
2.22826 22.8247 1.41612 1
16.0737 16.3073 17.885 0
0.523318 5.53211 0.255296 0
11.4411 21.7571 1.14637 1
18.9353 23.8249 27.2838 0
18.699 22.6886 1.88495 0
12.7513 18.8022 1.08786 1
3.89493 18.6002 1.87481 0
16.8855 17.9576 1.60306 1
13.2745 15.4357 0.562884 1
16.6425 17.5481 1.43532 0
14.0806 16.2597 1.63769 0
9.01104 14.8045 0.511366 0
1.57239 7.97673 2.17725 0
5.56183 7.42164 1.73853 0
11.5414 14.6218 2.00686 0
1.17679 6.89033 14.0915 1
10.1961 10.2672 0.392986 0
11.1373 13.8017 1.54458 0
2.50533 10.0737 16.7124 1
15.2475 19.2416 1.91388 0
13.9894 23.8487 1.57655 0
14.9216 23.7863 1.92096 0
13.6639 22.7755 1.2421 0
16.6573 18.6598 1.84461 0
18.8107 23.8692 0.781238 0
14.9248 20.0086 1.39299 0
2.36939 15.0308 19.4418 0
9.19414 17.1763 1.47209 0
14.1721 18.26 13.6792 0
14.6572 18.216 1.79992 0
17.9128 21.8601 0.974645 0
14.7836 17.3968 0.819153 0
3.16964 10.1955 1.24112 0
10.9953 11.847 2.19022 0
5.14463 19.2195 2.25445 0
12.2468 21.8331 0.717166 0
15.4431 19.9259 0.373964 1
11.5376 14.651 1.29061 1
15.7911 21.6017 0.959309 0
3.82276 18.4784 1.25235 0
15.0233 23.6446 0.380172 0
14.3661 19.9951 0.43804 0
0.540392 16.7361 0.25948 1
400 50 500
0.025 0.0125 10000 3000 15 1e+06 300000 8 12
0 10.2625 17.57 14.2139 10.3321 9.67623 9.74181 16.02 16.6569 15.0904 2.3838 11.153 0.903556 13.3773 7.71585 2.7316 19.0958 10.2714 12.805 0.760567 20.2043 11.5126 7.50253 10.8184 15.7374 14.7881 8.25938 16.0941 11.8995 11.0319 12.0054 16.3427 3.36771 4.44805 15.7427 9.89495 9.25859 15.7566 13.9617 19.8923 10.4807 16.5268 16.4678 13.027 6.16506 15.1895 10.7997 3.3898 6.9563 9.65573 15.6371 1.83989 4.80217 21.5123 20.3507 13.1771 17.4628 5.21373 8.27065 12.8541 8.87364 9.34761 19.7421 9.40893 4.80103 8.4896 4.75757 14.809 10.7019 6.61846 14.7317 5.24043 9.85357 7.42978 16.2827 13.7042 10.8951 10.7307 5.13844 14.2549 18.8907 13.727 11.0684 17.5755 3.35274 11.0315 3.83369 2.94231 9.20138 5.66963 6.04847 14.4567 6.57165 4.296 15.7578 16.9864 7.04805 4.56641 12.7142 2.36738 12.1695 2.47168 16.2786 4.80252 9.54439 18.8258 11.2586 7.58607 11.5583 19.1066 14.0563 7.78609 2.59033 13.1362 13.8146 15.5182 11.9982 14.6907 10.1242 9.89667 9.42793 5.95154 14.5931 6.32359 7.7937 14.5274 13.9583 15.2052 6.85999 6.40995 8.65047 3.51206 11.0093 12.093 8.30788 4.88963 17.5067 17.3936 13.0135 7.89981 8.20147 10.3751 5.59136 13.4307 7.54196 18.0012 14.2176 16.7163 9.41649 15.9166 6.57369 5.9597 11.3133 5.14308 14.2621 3.66057 16.2828 8.95039 5.02624 16.6172 8.65449 11.0825 12.8785 16.2629 10.5999 6.62093 4.97479 10.9775 9.10405 17.2269 12.6068 12.9439 17.0551 6.965 5.00232 6.16703 3.50391 0.929102 11.7344 18.2817 6.36312 2.93306 1.49162 15.6995 13.7248 3.63953 8.27674 2.61315 16.8092 9.57925 8.91845 16.75 1.22119 7.80513 6.78199 8.46784 5.15393 6.73625 3.71752 12.513 20.995 
10.2625 0 19.3547 16.5771 2.52123 14.9192 11.2295 12.4246 10.3009 10.21 9.4465 15.972 9.36809 3.24599 14.4162 12.9918 15.5725 15.1681 3.64682 10.4042 19.1359 10.7934 8.37212 5.61005 7.33908 7.6427 14.7313 20.366 9.19939 1.46995 14.3598 10.8764 12.4735 6.65216 19.5713 18.0345 1.4608 18.413 17.0511 18.9353 16.5555 10.0432 22.5584 18.0345 13.6365 8.51117 5.64962 7.81519 11.2828 4.00692 20.2195 11.5398 10.3113 18.8716 18.3606 20.6574 18.634 6.80413 10.838 15.7249 1.64388 9.25004 17.4347 13.0414 7.2063 14.6471 13.5122 21.3123 15.6456 4.59787 19.3655 5.56151 4.48294 3.18009 19.0576 16.2456 12.9958 10.0608 15.2339 15.4005 15.8157 9.32689 9.98109 16.8844 12.0666 18.9557 13.664 10.4502 16.6815 14.7418 4.21405 20.9925 7.8038 6.98033 13.3414 14.1506 3.28648 13.5299 15.7382 11.7232 16.5484 9.17948 17.1594 10.7683 10.7321 15.0913 17.0867 6.27213 4.1083 16.3216 14.4421 4.54791 8.03384 8.02098 4.25283 9.9114 15.7362 7.0356 17.1995 8.45079 16.9588 14.8629 5.52475 4.21518 4.02282 20.5252 20.0315 14.9449 9.57385 13.9095 11.388 10.5403 19.1578 17.4075 16.1484 7.8742 13.8925 16.1905 20.2673 2.37166 16.8126 14.5713 12.6834 7.5431 3.28758 13.1539 18.3857 23.0987 6.82936 9.77843 15.2275 4.33828 2.3693 15.0363 21.489 11.6792 23.286 1.41057 13.6031 12.8811 12.4556 1.61744 5.30253 15.6418 9.50708 3.7154 13.5528 13.7498 15.5271 18.2096 7.11993 17.2443 13.61 3.43374 13.5987 4.09732 9.05372 9.34677 11.4774 18.7257 10.357 9.52061 10.4468 10.7912 3.7342 13.6089 7.74144 9.03666 12.8722 3.3472 7.69803 14.2089 11.408 7.61074 12.9451 4.14249 14.1206 8.56332 13.6133 11.9502 18.7014 
17.57 19.3547 0 3.35636 17.0086 8.4365 8.58511 9.62002 13.877 11.761 19.6186 7.11922 17.3724 20.0007 10.8113 18.1947 9.35943 7.78037 17.9842 16.8363 5.44695 8.57291 11.7092 14.0346 17.1153 15.0882 10.3059 4.64746 10.4554 18.5215 5.64873 12.4741 20.6043 19.6346 3.82156 12.3756 19.8552 2.10722 3.80124 5.15724 8.80297 14.075 8.68349 6.39372 12.3263 14.3804 13.9849 19.5102 10.6474 15.3712 5.23206 19.1214 12.8123 8.52328 7.015 11.1582 1.18308 14.5552 9.6963 4.72669 19.5459 10.2553 7.39034 8.16306 14.547 9.89998 14.2766 9.18484 7.51723 15.8447 5.37473 16.0706 14.923 19.4568 1.96527 3.86678 6.94825 9.2956 17.2821 3.95859 8.57035 11.5207 9.38383 4.49626 20.7738 11.9359 16.2731 14.6294 11.215 14.5515 17.958 9.19091 12.687 19.7962 7.87142 8.22097 17.6523 14.6097 4.88485 19.7122 6.08093 19.5613 2.39781 12.7685 9.01298 9.68627 8.17576 13.4843 16.0799 8.09939 4.96343 15.1248 18.6339 12.6956 18.7934 12.7586 5.76821 15.8411 10.3597 10.909 11.254 14.2223 18.0647 19.1259 15.6925 8.02526 8.14118 4.87472 11.3231 12.228 9.1868 14.0587 12.4508 7.16625 11.9897 13.9003 9.44373 5.41679 10.602 18.2882 13.4105 7.33711 12.395 13.5873 16.8015 11.4869 4.76311 9.47947 12.5281 13.5317 13.6729 17.5116 17.7929 16.4968 10.775 21.2058 10.8685 19.271 13.9663 9.72885 8.92434 18.4072 15.883 4.81056 9.84781 18.6513 22.167 6.63565 9.82294 1.62272 13.38 5.53527 9.20391 18.9248 13.9983 18.0667 14.4222 17.6433 7.87882 2.42827 11.3851 20.185 19.0594 11.6857 19.7058 16.6424 11.8908 15.321 10.0241 16.0195 11.7524 7.78472 18.17 12.1855 11.0669 15.3112 14.4674 12.0248 19.9883 7.46633 7.74392 
14.2139 16.5771 3.35636 0 14.3559 5.28235 5.46632 8.69602 12.6601 10.3463 16.2686 4.14948 14.0195 17.5852 7.64296 14.8899 9.60264 4.64262 15.6359 13.4809 7.34469 6.06283 8.58599 11.5514 15.352 13.3211 7.17247 4.41805 8.20553 15.8859 2.36411 11.3344 17.2629 16.361 3.41431 9.76419 16.9409 1.83827 1.13585 7.00596 6.01883 12.8034 8.10084 4.24657 9.09102 12.7628 11.4993 16.1937 7.29498 12.6767 4.63087 15.7733 9.45855 9.94642 8.41262 9.31291 3.4064 11.3413 6.42651 1.39635 16.608 7.33395 8.39357 4.80681 11.2993 6.74744 11.0321 7.9334 4.4769 12.7818 4.1702 12.8904 12.266 16.3894 2.48158 0.521165 3.7321 6.6244 14.1169 1.91383 8.90658 9.75081 6.82603 5.23128 17.425 9.55385 13.0215 11.2736 8.39973 11.4025 14.825 7.81326 9.51415 16.5106 7.02798 7.84712 14.6087 11.3647 1.5837 16.3641 3.26354 16.2147 2.72766 9.41213 5.93462 9.7608 5.55431 10.4894 13.6498 8.63554 3.12485 12.1863 15.3074 10.7253 16.5414 11.3698 2.60613 13.9899 7.68382 8.18027 8.49049 11.0898 16.0029 15.9828 12.7539 6.71861 6.59875 3.92781 8.05355 9.01658 5.89629 10.7028 10.0679 4.69285 9.06076 10.6296 9.07733 5.78596 8.7227 15.3061 10.5368 4.0596 9.09242 11.6376 13.8226 10.9646 3.07567 8.88513 9.78701 12.1679 10.5871 14.3798 15.2366 13.3351 9.25441 17.8514 9.95707 16.3539 10.7295 9.00143 5.56922 15.7848 13.6868 4.60989 7.2023 15.5454 18.8328 3.30114 6.81297 3.31851 11.2633 3.04239 8.70757 15.8381 10.761 14.9404 11.0823 14.2907 5.34231 4.55578 8.05063 16.8361 15.7031 10.449 17.3652 13.3833 8.91344 11.9755 9.32462 13.299 8.88122 7.37805 14.8235 9.15179 7.76287 12.4565 11.2666 8.81675 16.6837 5.19675 9.19362 
10.3321 2.52123 17.0086 14.3559 0 13.2377 9.15702 9.9143 8.05532 7.74388 10.0943 14.1529 9.43443 3.62448 13.0759 13.0209 13.0841 13.4057 2.48051 10.2884 16.6212 8.43699 6.58612 3.1024 5.69858 5.4882 13.3175 18.3083 6.72441 1.53055 12.2197 8.49223 13.0415 7.61209 17.4668 16.8559 3.61034 16.1802 14.9115 16.4236 14.9514 7.81715 20.7644 16.1641 12.5401 6.27079 3.14415 8.60227 9.74864 1.68975 18.2134 11.8771 9.20753 16.3645 15.84 19.2174 16.2433 5.85134 9.00233 13.6007 3.53203 7.11168 14.9159 11.1892 6.31993 13.1707 12.7649 19.6311 13.8659 3.79834 17.3899 5.12719 2.09319 4.6058 16.825 14.0576 10.8909 7.75598 14.9407 13.0722 13.3093 6.81537 7.62798 14.393 12.7128 17.684 13.2803 9.79939 15.3887 14.0066 4.70695 19.3264 6.26883 7.95189 10.8219 11.6315 3.57212 12.8431 13.6355 12.174 14.6262 9.83918 14.7674 9.68323 8.65532 12.6108 15.4079 4.52538 1.75169 13.8088 12.0637 3.03611 8.54012 5.52313 3.53065 7.52022 13.7431 5.02709 15.7849 6.1758 15.6653 14.0686 4.28373 5.29815 2.72884 18.7618 18.2969 12.502 7.96513 12.7969 9.52199 9.75335 17.9412 15.6164 14.9745 6.83984 11.3948 13.6845 18.7832 3.15258 15.8234 12.7159 11.589 5.10666 2.80735 10.7413 16.3639 21.3518 4.57494 7.47113 14.3323 4.58135 1.10986 14.6195 19.9651 12.4612 21.6691 3.18387 12.7976 10.3801 10.6843 1.43666 3.13417 13.166 7.18635 4.62274 14.3217 11.7041 14.0519 15.8093 4.62453 15.2817 11.1032 4.52745 12.799 4.65417 8.30406 9.4862 9.13933 16.2791 8.89291 10.3052 10.8632 8.33999 3.71622 13.2974 5.7619 8.54489 10.3812 1.14421 5.57332 11.6877 11.5443 5.74649 11.6112 2.37725 13.3914 6.96764 13.9461 9.55904 16.1851 
9.67623 14.9192 8.4365 5.28235 13.2377 0 4.79548 11.6122 14.6319 12.3116 11.9489 1.47922 9.70318 16.8307 2.37598 9.86032 13.6011 0.656741 15.1847 8.91608 12.4693 7.06956 6.65163 11.2199 16.1473 14.3028 1.89017 6.43184 9.08652 14.6851 3.93817 13.5734 12.4127 12.735 6.07538 5.08492 14.8285 6.40917 4.63675 12.1293 1.78293 14.6763 7.66902 3.44085 3.91377 14.0742 11.1694 12.2623 3.69106 11.6187 6.01518 11.0092 5.40662 14.7505 13.2829 6.21468 8.67969 8.4337 4.29033 3.92948 14.4367 6.63511 13.0505 2.32523 8.1875 1.46877 5.86182 6.40305 1.02716 10.4479 5.09918 10.0074 11.3676 13.757 6.83905 4.77592 3.95376 6.98583 8.8542 6.26094 13.0531 11.2286 7.4127 10.0839 12.6497 5.33507 7.858 6.81631 3.47753 6.12959 12.0159 6.0921 7.11557 12.7999 10.3631 11.5089 12.1899 6.19405 3.71602 11.5923 2.52604 11.954 7.90651 5.15211 5.19199 13.5934 2.17315 8.73501 13.1879 12.9624 6.82231 10.4008 11.316 11.6641 16.2416 13.23 2.68921 14.7441 3.16644 7.85529 3.65726 5.81106 16.1569 13.0563 10.9017 5.62237 5.11556 8.07736 5.34549 3.79747 3.84169 6.28452 5.77821 2.60363 3.91706 7.43766 12.5631 10.364 5.70523 13.0671 5.41457 1.40991 4.14289 12.4799 11.7158 14.0474 4.5445 8.1819 9.04124 13.968 5.30645 11.6075 14.3016 8.06992 6.8014 13.1684 8.43263 14.2692 5.54602 12.1028 2.59103 14.628 13.7657 9.08017 7.42247 12.8069 13.9182 3.18681 1.67275 8.59871 11.8212 3.28154 12.1104 13.1611 5.57821 12.1534 7.17065 9.97424 6.62177 9.82547 4.64983 12.5227 11.1489 12.6668 16.8035 8.23368 7.54403 7.90992 12.4098 12.0935 7.91172 11.0885 10.0536 7.49688 2.89429 10.9282 6.03106 6.35698 11.6435 7.10899 14.0483 
9.74181 11.2295 8.58511 5.46632 9.15702 4.79548 0 7.32688 9.89562 7.6193 11.4699 5.25878 9.32927 12.5966 5.93094 11.1512 9.90494 4.69988 10.784 9.09408 10.465 2.44688 3.13072 6.69025 11.3946 9.5183 5.8274 9.15723 4.29845 10.6781 3.15325 8.91766 13.0499 11.1184 8.3427 9.62346 11.5049 7.29505 5.82935 10.1557 6.56357 9.92344 11.7678 7.12345 6.54769 9.27911 6.63777 11.1131 3.20849 7.46911 9.05757 11.5004 5.05058 11.8999 10.6572 10.9923 8.1607 5.98764 1.51858 4.49959 11.1629 2.06383 10.1188 2.47026 6.01884 5.47305 8.08706 10.8355 5.07972 7.31576 8.24394 7.48603 7.11753 10.9249 7.93111 5.07808 1.77175 2.19869 11.3142 4.77876 9.53705 6.46826 2.6366 7.83576 13.0906 10.0578 9.81067 6.98609 7.96525 8.97342 9.38224 10.5677 4.10384 11.303 6.47835 7.72574 9.14244 8.37276 4.50868 12.0722 5.54211 11.3678 6.8062 5.23291 0.501739 9.75946 6.77923 5.04141 8.75825 9.63824 4.34892 6.7581 10.2949 6.87018 11.7913 8.49512 4.60117 9.98692 7.89994 3.19656 8.19976 8.79051 11.546 10.547 7.32217 9.83866 9.43324 5.46446 2.93204 6.6512 1.37736 6.45301 10.465 6.72154 8.04646 5.42756 8.55017 7.67015 10.4651 9.8486 9.41405 3.81823 5.98548 7.69548 8.36877 9.70326 7.20713 12.415 4.63205 9.21261 8.59642 8.93605 10.1303 10.6187 11.4965 13.3755 12.9516 10.9183 7.87947 7.88315 2.43714 10.5927 9.14516 6.5213 2.6296 10.0903 14.6673 2.54747 6.196 7.83527 7.06214 6.15151 8.07869 10.3772 7.9034 9.49399 6.29008 9.5842 2.26387 8.74324 3.43715 12.0108 11.1644 8.03168 12.4745 10.0913 3.49338 7.21795 8.15867 8.04727 3.5837 7.39462 10.615 3.69407 4.97365 7.08711 8.5685 3.46841 12.8642 2.99264 11.3321 
16.02 12.4246 9.62002 8.69602 9.9143 11.6122 7.32688 0 4.27594 2.47777 17.1441 11.43 15.3722 11.829 13.191 17.9562 3.27372 11.2678 9.81006 15.5194 7.09753 4.91214 8.53299 6.94466 7.86987 5.97586 13.0132 13.0447 4.16405 11.1591 8.02979 2.86679 19.3777 15.7504 12.0183 16.681 13.4609 9.97278 9.77141 6.98059 13.1945 4.49288 16.7866 12.5664 13.8719 5.10386 6.91704 16.2366 10.4471 8.74451 13.3183 17.8595 11.9025 6.45129 6.01218 17.3692 8.50418 11.0503 8.70112 8.98814 13.3021 6.76429 5.04932 9.47288 11.361 12.6185 15.3339 16.4565 11.4696 10.917 12.8506 11.9108 8.2508 13.9306 10.4944 8.77444 7.65842 5.48626 18.5112 6.78408 3.39881 3.09896 5.07531 5.52344 19.288 16.9201 16.9265 13.701 15.0402 16.2793 13.0837 16.2842 9.45148 16.0365 1.75427 1.83372 12.2527 15.6008 9.17822 18.3758 11.1135 16.966 7.27671 12.2098 7.20243 2.88766 13.1232 8.81477 8.38267 3.89866 5.58511 9.66698 15.6684 4.41348 10.3121 3.32241 10.0427 6.80428 14.7644 6.13025 15.2448 16.1086 9.23934 14.1451 10.0991 15.2711 15.0536 4.92083 9.49058 13.9781 8.69839 13.2518 17.3799 12.6353 15.261 11.1394 1.56176 4.58487 16.7895 12.4417 16.68 10.2889 13.2687 5.0398 11.1902 2.43572 11.7297 17.5629 6.97738 4.02551 15.9231 12.7054 10.2518 17.8513 17.5728 19.3874 18.5481 12.9606 15.1497 0.597352 9.69222 11.0127 7.56195 4.81443 5.47312 13.4826 20.9625 8.47381 13.2168 8.03005 5.31312 11.3174 1.19767 13.5919 15.1717 13.1273 12.5769 15.5783 5.1073 7.87006 10.3962 17.5929 17.2467 2.1719 11.3662 17.1666 7.76597 13.4165 0.833723 9.36139 7.15479 2.07382 17.0942 8.24153 12.3005 9.39331 15.8475 9.33009 19.536 4.51464 6.28858 
16.6569 10.3009 13.877 12.6601 8.05532 14.6319 9.89562 4.27594 0 2.3638 17.2143 14.7737 15.8662 8.74481 15.7508 18.9984 6.24364 14.424 6.95782 16.3218 11.0683 7.56696 9.76974 5.9669 3.99906 2.68221 15.7012 17.0713 5.64352 8.85661 11.5526 1.40929 19.8592 15.2142 16.0546 19.5144 11.6083 14.0904 13.6672 11.0077 16.3526 0.290547 20.6386 16.208 16.0575 1.79198 5.97268 15.983 12.5443 7.5695 17.2808 18.45 13.4142 9.61701 9.68264 20.7167 12.7732 11.4433 10.9197 12.709 11.5749 8.50573 8.68827 12.3294 11.8661 15.3616 17.1656 20.1195 14.7186 10.4753 16.7259 11.7545 7.18368 12.6129 14.6441 12.6545 10.8208 7.70748 20.1177 10.7877 6.80234 3.43678 7.26199 9.7752 19.6552 19.9429 18.437 14.9144 17.8573 18.2694 12.2972 19.9107 10.3815 15.5393 6.00871 5.93392 11.2537 17.3781 12.8695 18.8867 14.6633 16.9922 11.5119 13.8185 9.58479 5.70161 16.4327 9.07573 6.30448 7.43053 9.54764 9.15174 15.6395 3.54625 7.08589 1.40213 13.5803 3.41745 17.7777 7.40781 18.0943 18.1736 5.76071 13.1485 9.38221 18.978 18.6944 9.09267 11.1187 16.2238 11.1212 14.5851 20.3577 16.1168 17.8839 11.9167 4.97647 8.82148 20.1594 11.1088 19.1798 13.4611 15.2861 3.2715 10.2318 3.329 15.5891 21.3899 7.30243 0.748764 18.1372 12.0189 7.93417 19.56 21.07 19.5885 22.2455 11.2288 17.0501 4.29403 12.3178 8.70426 4.99963 9.08291 7.37409 12.4534 21.342 11.7345 16.0906 12.2978 4.07026 14.9976 4.98705 12.4426 17.0659 12.2934 13.5412 16.0166 8.08129 12.137 12.1791 17.5618 17.633 2.22109 8.17231 18.6019 8.72771 14.2183 4.06187 7.99791 8.06508 6.27925 17.8416 9.14084 14.5939 8.61124 17.749 10.5805 20.357 7.78678 9.72431 
15.0904 10.21 11.761 10.3463 7.74388 12.3116 7.6193 2.47777 2.3638 0 15.9121 12.418 14.3557 9.38835 13.5226 17.2794 5.37974 12.0852 7.39009 14.6818 9.57528 5.24252 7.86489 4.99852 5.44541 3.50635 13.4446 14.7635 3.48356 8.87729 9.18906 1.32946 18.3836 14.2024 13.7525 17.2409 11.3457 11.8309 11.3338 9.45677 14.0182 2.47061 18.2879 13.8449 13.9265 2.66892 4.98355 14.8309 10.4094 6.79206 14.9542 16.9172 11.4722 8.73844 8.44593 18.3672 10.6997 9.92089 8.73342 10.3535 11.2289 6.40139 7.46647 10.024 10.3007 13.0922 15.1482 17.7561 12.3707 9.34725 14.3826 10.5015 6.32557 12.02 12.4018 10.321 8.46992 5.45986 18.1925 8.49642 5.70272 1.36728 5.00882 7.90601 18.2302 17.6356 16.5368 13.0969 15.5824 16.2084 11.389 17.5469 8.60799 14.5098 4.00932 4.31018 10.452 15.3798 10.5114 17.392 12.2995 15.7095 9.37012 11.8477 7.34135 4.88633 14.0821 7.55943 6.10987 6.26451 7.25328 8.0329 14.3719 2.27656 7.84769 1.02424 11.2165 4.33068 15.4673 5.41262 15.8138 16.0893 6.76164 12.3709 8.38163 16.6162 16.3308 6.90849 9.10581 14.0771 8.88921 12.7194 18.0589 13.7549 15.6504 10.2348 3.74697 6.99642 17.8074 10.5058 16.9803 11.1179 13.1983 2.68059 9.38868 3.09815 13.245 19.0357 5.69002 1.82198 16.0094 11.051 7.95303 17.5968 18.7096 18.2402 19.8826 10.8817 15.0101 2.78339 10.0541 8.72736 5.15681 7.04057 5.19027 11.6863 19.9207 9.37899 13.7992 10.2225 3.14205 12.6365 3.54649 11.7462 15.028 11.4119 11.806 14.5325 5.73013 10.2014 10.1324 16.3115 16.1858 0.637769 8.90954 16.7299 6.89816 12.5578 2.70768 7.35293 6.23292 4.53756 16.2367 7.34849 12.4241 7.62799 15.7128 8.68841 18.7367 5.423 8.66216 
2.3838 9.4465 19.6186 16.2686 10.0943 11.9489 11.4699 17.1441 17.2143 15.9121 0 13.4174 2.26359 12.6807 10.0681 4.28878 20.328 12.5239 12.4735 3.11678 21.8932 12.9561 8.84753 11.2515 15.7417 15.0828 10.6056 18.3801 12.9801 10.4731 13.9933 17.0898 3.02713 2.87966 17.9871 12.2465 8.22114 17.8791 16.1 21.5931 12.8318 17.0498 18.8481 15.3365 8.53701 15.614 11.2437 1.65831 8.97408 9.80485 17.9424 2.36864 6.81536 22.9595 21.8899 15.5471 19.4299 6.09495 10.0793 14.9391 7.88647 10.7285 21.2137 11.4728 5.81137 10.8171 7.12739 17.1924 12.9688 6.7629 17.032 5.46021 10.1069 6.33325 18.4274 15.7693 12.7974 12.1256 7.01465 16.1414 20.203 14.5797 12.4081 19.2694 2.63552 13.3893 5.99653 5.13527 11.5846 7.98045 5.42089 16.84 7.82004 2.59886 17.098 18.2902 6.54813 6.9216 14.8149 2.35691 14.4111 0.267358 18.1805 6.91414 11.2013 20.0102 13.6036 8.37773 11.5636 20.4779 15.8188 8.07199 1.58468 13.7993 13.3911 16.2014 14.1669 14.8547 12.5074 11.0521 11.81 8.28017 14.3598 5.24242 7.91004 16.9006 16.3318 16.9025 8.53791 8.78589 10.522 5.68099 13.35 14.4137 10.6871 6.17635 18.6776 18.999 15.3918 7.2189 10.5269 12.5523 7.92396 13.9431 7.32392 18.9366 16.4729 19.1 10.2541 16.4968 8.92084 5.51306 10.9371 7.19309 16.6378 2.39133 18.6602 8.0482 7.40271 17.7352 10.704 10.5534 12.9629 17.9335 11.8992 5.74529 4.22995 12.9859 11.4593 19.1636 13.1508 15.1919 18.2449 6.01279 7.37813 5.49796 5.22258 1.99019 13.2784 20.1633 8.25527 0.574692 1.30824 16.5417 13.1165 5.73039 9.4149 4.30596 17.8937 9.56922 9.99732 18.1011 2.77123 8.94235 9.06192 8.66351 7.49426 8.17951 4.29434 14.046 22.494 
11.153 15.972 7.11922 4.14948 14.1529 1.47922 5.25878 11.43 14.7737 12.418 13.4174 0 11.1671 17.6986 3.75682 11.3089 13.1043 0.906529 15.9658 10.3931 11.4759 7.25113 7.61242 11.913 16.6269 14.7109 3.22372 4.97314 9.40307 15.6353 3.42406 13.624 13.8828 14.1322 4.59622 5.67763 15.9749 5.04683 3.33574 11.1361 1.91748 14.8465 6.61184 2.09537 5.34587 14.3907 11.861 13.6961 4.94114 12.4964 4.58841 12.4859 6.80833 13.9418 12.4357 5.96263 7.47348 9.66876 5.15669 2.92918 15.5919 7.26485 12.2987 2.96455 9.4597 2.84788 7.28138 5.57794 0.45209 11.5946 3.67129 11.2599 12.2028 14.9964 5.43277 3.68215 3.95838 7.34258 10.1809 5.45216 12.4982 11.4468 7.73261 9.22259 14.1248 5.62836 9.27052 8.28251 4.25355 7.44886 13.2746 5.30915 8.2077 14.2087 10.027 11.0956 13.3749 7.6114 2.69861 13.0683 1.07208 13.4183 6.86187 6.58317 5.72237 13.1535 1.69322 9.71875 13.9469 12.3407 6.23375 11.4265 12.7535 12.0379 16.997 13.3823 1.60344 15.218 3.60062 8.44587 4.35532 7.11313 16.8003 14.3443 11.9506 4.61878 4.18478 7.42284 6.44691 5.20671 4.63098 7.74475 6.12438 1.47299 4.92246 8.71312 12.2232 9.61741 5.39461 14.2243 6.39007 1.45314 5.61976 12.8956 12.8312 13.8544 3.06558 7.20932 9.78463 14.1487 6.55399 12.8557 15.1871 9.39552 6.31144 14.6467 7.69308 15.4056 6.96108 11.8745 3.51841 15.5677 14.3992 8.35028 7.84404 14.059 15.3796 3.03922 2.70703 7.44514 12.2989 1.80505 11.7894 14.4044 6.99341 13.4093 8.57247 11.4388 6.6935 8.69402 5.89471 13.9915 12.6272 12.7084 17.6264 9.65089 8.39569 9.33984 12.1917 13.0133 8.67432 10.6519 11.5308 8.41931 4.37136 11.9041 7.40616 7.43838 13.086 7.03917 13.2121 
0.903556 9.36809 17.3724 14.0195 9.43443 9.70318 9.32927 15.3722 15.8662 14.3557 2.26359 11.1671 0 12.4754 7.89168 3.63241 18.4881 10.2708 11.9056 1.18975 19.7875 10.9703 6.90232 9.9924 14.8639 13.9492 8.41835 16.1349 11.2285 10.1285 11.7591 15.5923 4.02938 3.74904 15.7293 10.3649 8.38488 15.6192 13.8381 19.4813 10.6456 15.7292 16.7284 13.1059 6.41245 14.372 9.97547 2.81836 6.72508 8.78676 15.7071 2.58442 4.56133 20.9876 19.8638 13.5881 17.2062 4.44098 7.89932 12.6836 7.99614 8.77198 19.2258 9.21854 4.05657 8.60791 5.22007 15.1044 10.7198 5.73694 14.7945 4.35672 8.99779 6.57255 16.1654 13.5178 10.5888 10.1661 5.9654 13.943 18.3112 12.9971 10.4834 17.1589 3.91612 11.4829 4.56422 2.88762 9.54928 6.23826 5.15503 14.7522 5.92756 3.64396 15.1842 16.4013 6.14609 5.07357 12.557 3.03644 12.1541 2.25119 15.9783 4.65064 9.09373 18.2017 11.4074 6.81596 10.6792 18.5495 13.6715 6.92624 1.91564 12.3605 12.9128 14.7518 11.9033 13.8338 10.428 9.24194 9.78901 6.4907 13.6997 5.47417 6.91495 14.7539 14.1869 14.7875 6.40794 6.67398 8.31935 3.42367 11.4962 12.192 8.69602 4.23919 16.8763 16.9337 13.39 7.00278 8.72706 10.2889 5.73223 12.6256 6.64122 17.3009 14.2182 17.0158 8.66829 15.1293 7.07337 5.05841 10.4116 5.91009 14.649 4.07813 16.6586 8.06493 5.45744 15.9684 8.45153 10.179 12.0095 15.833 9.9981 5.74382 5.59282 10.7452 9.28292 16.9498 11.8057 12.9359 16.4303 6.09349 5.4371 5.27561 3.03971 0.273405 11.2362 17.9702 6.03764 2.83757 1.88294 14.971 12.8214 4.41271 7.6079 2.11152 16.1503 8.69475 8.23458 16.1821 2.11007 7.13288 6.82487 7.60008 5.6829 6.17058 4.56761 12.0119 20.4913 
13.3773 3.24599 20.0007 17.5852 3.62448 16.8307 12.5966 11.829 8.74481 9.38835 12.6807 17.6986 12.4754 0 16.699 16.1078 14.6829 16.9751 2.05033 13.4543 18.8764 11.5407 10.1851 6.03384 5.05106 6.12903 16.9419 21.688 9.54537 2.39473 15.5643 9.67342 15.7061 9.89802 20.8075 20.4681 4.61277 19.3779 18.233 18.7255 18.5569 8.45871 24.302 19.6788 16.1326 7.08571 6.08595 11.0565 13.3707 5.2129 21.6356 14.7326 12.7904 18.0816 17.8314 22.8391 19.135 9.36313 12.569 16.9484 4.86952 10.5329 16.8545 14.7354 9.81591 16.7931 16.2591 23.2109 17.4278 7.19805 20.8375 8.399 5.49796 6.42229 20.0181 17.3319 14.2829 10.9695 18.2338 16.1438 15.0762 8.90246 10.7614 16.9065 15.3059 21.3056 16.6155 13.24 19.0105 17.5008 7.36408 22.911 9.89322 10.2263 13.0934 13.6541 6.3293 16.3147 17.0036 14.938 18.1198 12.4141 17.6723 13.2641 12.0986 14.1602 18.9963 8.14524 3.93908 15.6497 15.0422 6.63618 11.2419 7.56885 1.67152 8.79222 17.1977 5.33596 19.4089 9.47961 19.2873 17.5839 3.08491 7.45933 6.26444 22.316 21.8624 15.2824 11.5846 16.393 13.0736 13.2468 21.5585 19.1681 18.5841 10.3891 13.1205 16.094 22.4015 5.50667 19.3995 16.2524 15.1786 6.81029 5.98433 11.9521 19.7827 24.9071 7.96458 8.41331 17.8802 7.41787 2.5329 17.9768 23.5779 14.9248 25.2631 4.65631 16.3124 12.1717 14.262 2.38323 4.28857 15.7921 10.3909 6.93725 16.7987 15.1362 17.6739 18.6794 6.74677 18.7477 12.9347 6.67215 16.3119 7.26012 11.7723 12.4768 12.2613 18.9905 12.5174 12.7648 13.651 9.86086 0.643232 16.5942 9.30844 11.903 12.0819 4.75918 9.04145 13.8175 14.5497 9.33407 15.2329 5.99842 16.8813 10.5902 16.8118 12.5564 18.0444 
7.71585 14.4162 10.8113 7.64296 13.0759 2.37598 5.93094 13.191 15.7508 13.5226 10.0681 3.75682 7.89168 16.699 0 7.57886 15.4796 3.03121 15.2525 6.96173 14.7412 8.37366 6.69877 11.5511 16.7336 15.0363 0.557361 8.48679 10.1076 14.4173 6.07809 14.8328 10.2111 11.2471 8.27349 3.88125 14.0977 8.77404 7.01059 14.4023 2.76496 15.7551 8.86923 5.38043 1.62174 14.9523 11.5049 10.6082 3.43152 11.5793 7.9826 8.87394 4.19271 16.8898 15.4581 6.25317 11.0463 7.64351 4.84948 6.27194 13.6898 7.32079 15.1562 3.77177 7.29219 0.913415 3.52883 7.31032 3.3246 9.82312 7.09578 9.09696 11.4225 12.7916 9.18458 7.13122 5.71488 8.06298 6.47949 8.48305 14.9916 12.3146 8.51379 12.2896 10.4878 4.61209 5.5141 5.05964 2.31834 3.75958 11.0286 6.96232 6.81013 11.2604 12.1304 13.3327 11.411 3.8573 6.06592 9.44442 4.82889 10.1089 10.2245 3.79117 6.18121 15.4163 3.54473 8.58448 13.3405 14.9614 8.89141 10.0787 9.65587 12.5119 16.3403 14.3598 5.06227 15.3641 2.80334 8.51812 2.59324 3.44991 16.4633 11.9568 10.507 6.87035 6.3057 10.1663 5.20134 1.45437 4.63427 4.61077 4.89964 4.42323 2.13375 6.57525 14.297 12.4886 5.8996 12.3421 3.49025 3.63462 2.16262 13.2415 11.1324 15.5989 6.74018 9.21375 9.36806 15.0446 2.99361 10.6622 14.1784 5.69579 7.15161 11.0529 9.0647 13.5738 3.20684 13.7242 3.50658 14.3839 14.135 11.2077 8.37764 11.8224 11.6717 5.16543 1.39193 10.9524 12.5023 5.53605 13.8314 12.1953 3.23918 11.172 5.81998 8.15257 8.08502 12.1691 4.19359 10.633 9.14106 13.955 16.7629 5.89534 7.7501 6.37571 14.0145 11.9518 8.26648 12.9413 7.93043 7.55908 1.47345 10.7006 3.65913 6.14606 9.34503 8.70284 16.2115 
2.7316 12.9918 18.1947 14.8899 13.0209 9.86032 11.1512 17.9562 18.9984 17.2794 4.28878 11.3089 3.63241 16.1078 7.57886 0 20.8927 10.5081 15.4992 2.75764 21.4384 13.2196 9.46581 13.2908 18.3346 17.2792 8.13201 16.0335 13.9445 13.7579 12.8867 18.5687 2.78427 6.9444 15.8523 8.65565 11.9649 16.2347 14.4371 21.1126 10.2068 18.8891 15.7248 12.9241 5.96628 17.6157 13.2674 5.76716 8.03707 12.2543 15.4973 1.99736 6.12906 23.051 21.7878 12.0243 18.262 7.6383 9.63269 13.4945 11.5853 11.1927 21.2699 10.2304 7.18321 8.47035 4.06991 13.9887 10.8645 9.26573 14.6331 7.9012 12.4139 10.1167 16.6918 14.3689 11.9784 12.5134 2.75333 15.2682 20.6077 15.9128 12.898 18.8369 3.19607 9.80971 2.22235 4.2574 8.40835 4.40586 8.77789 13.6437 8.67179 6.73086 17.4872 18.736 9.77849 3.7552 13.3204 2.34894 12.3765 4.50202 17.2226 5.91859 11.0609 20.6723 11.0016 9.95076 14.1816 20.7574 15.2796 10.3694 5.14822 15.4538 16.5204 17.7944 12.445 17.2369 9.42708 11.9314 8.57866 4.7642 17.2613 9.00364 10.4279 13.9295 13.3678 16.5021 8.49848 6.12708 9.88928 4.73497 9.66855 11.9581 7.43669 7.08227 19.3809 18.7815 11.9769 10.6309 6.85699 10.8576 5.80025 15.8294 10.2466 20.073 14.319 15.847 11.6981 18.2514 5.46039 8.69073 14.0198 3.0684 13.1619 3.90684 15.18 11.6715 4.39525 18.5511 9.54918 13.8063 15.4667 17.5787 12.4831 9.33478 4.10963 11.852 8.85899 18.0893 14.9989 13.1048 18.9172 9.67168 4.36334 8.89504 5.47523 3.6457 13.3179 19.2299 7.72847 4.64471 2.9813 17.8664 16.4505 1.8449 10.3825 4.7893 18.7702 12.2243 11.0467 18.4528 1.62382 9.93124 7.12945 11.0684 4.13202 8.64957 1.79402 14.0887 22.4759 
19.0958 15.5725 9.35943 9.60264 13.0841 13.6011 9.90494 3.27372 6.24364 5.37974 20.328 13.1043 18.4881 14.6829 15.4796 20.8927 0 13.1458 12.7258 18.5574 5.13401 7.67482 11.5951 10.1813 10.2261 8.59581 15.2158 13.5443 7.37668 14.2551 9.72016 5.05241 22.4628 19.0098 12.539 18.6628 16.6636 10.375 10.7385 5.16696 14.9872 6.52635 17.5362 13.8069 16.3754 7.64582 10.1563 19.4696 13.1111 11.9878 13.9576 20.9295 14.7757 3.40533 3.5264 18.8311 8.17688 14.2359 11.3843 10.3206 16.5213 9.75468 2.56702 11.7089 14.523 14.7939 17.9895 17.529 13.2442 14.1858 13.6888 15.1568 11.498 17.1914 10.7535 9.84847 9.76814 8.39215 21.2191 7.79955 0.79673 6.30715 8.03242 4.86724 22.4006 18.7294 19.6998 16.6412 17.0783 18.8352 16.3571 17.4154 12.5626 19.2925 3.42844 2.17921 15.5238 18.2774 10.5415 21.4613 12.5533 20.158 7.39216 15.0372 9.89427 0.542203 14.7602 12.0486 11.4834 1.37742 6.87149 12.9402 18.8762 7.56168 13.0852 5.89191 11.5614 9.42292 16.6414 9.27684 17.2504 18.6272 11.8697 17.4182 13.3724 16.3114 16.201 5.73722 12.3951 16.4438 11.271 16.1593 19.2196 14.0898 17.4432 14.2493 1.71682 3.99578 18.2401 15.6964 18.9158 12.2031 15.8801 8.06021 14.4604 2.94464 12.6508 18.3382 10.2311 6.35269 18.3598 15.9777 13.3322 20.5215 18.847 22.5344 19.5164 16.1772 17.7753 2.73458 12.0827 14.1056 10.5166 5.00811 8.49631 16.7546 24.0619 10.4214 15.2666 7.76238 8.4596 12.5614 2.10081 16.8604 17.7999 16.401 15.6137 18.7043 7.64876 7.10421 13.2071 20.7904 20.3696 4.84225 14.167 19.9674 10.9161 16.4829 2.70329 12.5928 10.3329 2.53985 20.1299 11.3905 14.7891 12.664 18.4581 12.3628 22.5272 6.91466 3.48415 
10.2714 15.1681 7.78037 4.64262 13.4057 0.656741 4.69988 11.2678 14.424 12.0852 12.5239 0.906529 10.2708 16.9751 3.03121 10.5081 13.1458 0 15.2812 9.51232 11.8673 6.85976 6.83505 11.266 16.0937 14.2136 2.53662 5.87666 8.9451 14.874 3.43535 13.3256 13.0467 13.2264 5.47128 5.51755 15.1353 5.75292 3.98024 11.527 1.93847 14.4807 7.39058 2.97735 4.5681 13.9426 11.2146 12.7905 4.05659 11.764 5.49463 11.6329 5.90186 14.1985 12.719 6.31365 8.03403 8.79598 4.40644 3.30539 14.7489 6.63597 12.5136 2.2775 8.57635 2.12147 6.51709 6.23939 0.48996 10.7523 4.5774 10.3831 11.4892 14.1252 6.18665 4.1406 3.63906 6.85472 9.5076 5.69351 12.5777 11.0485 7.2666 9.51244 13.2766 5.65418 8.51361 7.38867 3.96233 6.78117 12.397 5.94724 7.38069 13.3023 9.95869 11.0794 12.5205 6.84947 3.08729 12.2176 1.90105 12.5219 7.28804 5.6781 5.13336 13.1577 2.08205 8.9368 13.2709 12.4652 6.32092 10.6299 11.8484 11.555 16.3255 13.0247 2.04152 14.6864 3.51268 7.84114 4.11532 6.46002 16.1833 13.459 11.1453 5.36442 4.89122 7.56046 5.61211 4.45402 3.90893 6.84744 6.12162 2.24243 4.48548 7.82835 12.1615 9.82498 5.77463 13.3799 5.98116 0.980081 4.77013 12.3917 12.0012 13.7028 3.94958 7.95007 9.10943 13.7761 5.94514 11.981 14.4539 8.72301 6.79825 13.7864 8.31917 14.5693 6.20181 11.7418 2.72441 14.8109 13.7849 8.5435 7.3239 13.1836 14.559 2.79485 2.21942 7.96089 11.7613 2.67249 11.715 13.5318 6.23398 12.5325 7.66609 10.5429 6.36229 9.19248 5.01399 13.0983 11.7497 12.4139 16.9235 8.88876 7.66729 8.43414 12.0531 12.263 7.98723 10.65 10.6765 7.66022 3.496 11.1285 6.68751 6.61358 12.2931 6.79425 13.4881 
12.805 3.64682 17.9842 15.6359 2.48051 15.1847 10.784 9.81006 6.95782 7.39009 12.4735 15.9658 11.9056 2.05033 15.2525 15.4992 12.7258 15.2812 0 12.7687 16.8382 9.57602 8.60395 4.11771 3.69417 4.28272 15.4499 19.7989 7.53249 2.20809 13.6734 7.76746 15.4521 9.87323 18.8989 19.0858 5.0943 17.4132 16.321 16.6838 16.9391 6.68091 22.5413 17.9015 14.8358 5.22254 4.17054 10.9317 11.8574 3.68334 19.7735 14.3254 11.5355 16.1136 15.8197 21.2875 17.1043 8.27416 10.896 15.0538 5.20056 8.72652 14.8479 13.0166 8.74887 15.2662 15.1694 21.5183 15.7197 6.27383 18.9958 7.60769 3.83991 6.59477 18.0506 15.4011 12.4259 9.047 17.4114 14.1508 13.0907 6.85692 8.81193 14.8562 15.1044 19.8623 15.7451 12.2397 17.5708 16.4084 7.05349 21.2285 8.46722 10.2129 11.0477 11.6292 5.92604 15.2611 15.1201 14.605 16.3256 12.2138 15.6452 12.0119 10.2929 12.2104 17.3321 6.67814 2.02583 13.6543 13.0322 5.40591 10.9421 5.52048 1.0947 6.85386 15.3722 3.55848 17.8943 7.61543 17.8451 16.4548 1.92768 7.46762 5.1729 20.582 20.147 13.2444 10.0659 15.084 11.3731 12.1673 20.1467 17.4387 17.2185 9.22569 11.134 14.0453 20.8265 5.32207 18.1387 14.5133 13.8939 4.77704 5.26618 10.0629 17.9227 23.1697 6.18125 6.54705 16.6876 6.98235 1.53812 17.0778 21.9735 14.8157 23.5973 4.89387 15.1872 10.1705 12.5967 2.07883 2.25056 13.7438 8.4705 6.837 16.6865 13.3022 16.1388 16.6466 4.69673 16.9265 10.9312 6.66559 15.1902 6.98182 10.7372 11.9512 10.2974 16.9442 11.0609 12.6481 13.2956 7.88711 1.73045 15.7688 7.64364 11.0124 10.0941 3.42306 7.29537 11.7826 14.0145 7.73853 13.8074 4.70228 15.7972 9.10654 16.3999 10.5589 16.0522 
0.760567 10.4042 16.8363 13.4809 10.2884 8.91608 9.09408 15.5194 16.3218 14.6818 3.11678 10.3931 1.18975 13.4543 6.96173 2.75764 18.5574 9.51232 12.7687 0 19.5457 10.937 6.98667 10.5562 15.5773 14.5418 7.50371 15.3335 11.4287 11.0833 11.288 15.9516 3.95861 4.93682 14.9835 9.23212 9.48266 15.0114 13.2147 19.2312 9.72667 16.2027 15.7323 12.267 5.42049 14.9011 10.5343 3.96768 6.24362 9.49662 14.877 2.40802 4.10451 20.9127 19.7289 12.4887 16.7446 4.90691 7.60758 12.1166 9.0869 8.80285 19.1385 8.67928 4.46371 7.73073 4.0833 14.0817 9.94185 6.51718 13.9713 5.16173 9.65874 7.70072 15.534 12.9697 10.199 10.1729 4.84615 13.5569 18.3308 13.3152 10.525 16.9186 4.00825 10.3602 3.38702 2.20863 8.48687 5.06267 6.21016 13.7293 6.10149 4.82314 15.197 16.4327 7.14213 3.91644 11.974 2.97836 11.4109 3.18275 15.5749 4.07638 8.91737 18.3013 10.5031 7.24985 11.4249 18.5304 13.3878 7.61189 3.09354 12.7852 13.8008 15.1494 11.2477 14.4857 9.39701 9.41658 8.7181 5.32465 14.514 6.61462 7.67438 13.7842 13.2153 14.551 6.24563 5.66917 7.96868 2.77968 10.3561 11.3338 7.60694 4.44716 16.9888 16.759 12.3114 8.03255 7.5686 9.6243 4.83249 13.1244 7.5354 17.5495 13.4579 15.9907 9.04041 15.5774 5.92352 6.06824 11.3037 4.7439 13.5645 4.3739 15.5817 9.13572 4.33758 16.1167 7.92932 11.124 12.7096 15.6135 10.0712 6.84212 5.57635 10.2571 8.35113 16.515 12.2959 12.1847 16.5331 7.20131 4.31524 6.33775 2.94552 1.37009 11.1295 17.5807 5.68815 3.67541 2.2418 15.2824 13.771 3.25694 7.81783 2.12462 16.3177 9.47201 8.47124 16.1838 1.57492 7.35248 6.02192 8.31081 4.519 6.19864 4.05489 11.9084 20.3827 
20.2043 19.1359 5.44695 7.34469 16.6212 12.4693 10.465 7.09753 11.0683 9.57528 21.8932 11.4759 19.7875 18.8764 14.7412 21.4384 5.13401 11.8673 16.8382 19.5457 0 9.09624 13.1367 13.5263 14.9096 13.0663 14.3284 10.0867 10.0197 17.9904 8.69844 9.72558 23.4925 21.2007 9.21254 17.1084 19.9951 7.19385 8.3321 0.340322 13.3618 11.3307 14.1304 11.3909 16.0246 12.1732 13.4875 21.3861 13.4131 15.2175 10.6499 21.9466 15.4615 3.14813 1.8007 16.3817 4.44352 16.0751 11.9382 8.57501 19.7724 11.3024 2.5936 11.2882 16.2279 13.8915 17.8916 14.5668 11.7716 16.6937 10.6844 17.3434 14.7195 20.1119 7.30638 7.79447 9.46176 9.95858 21.0974 6.27108 4.40012 9.98948 9.79295 2.62929 23.5495 16.8618 19.8169 17.3995 15.7289 18.4513 18.932 14.5449 14.1907 21.4325 5.81945 5.26642 18.3198 18.2149 8.80063 22.5233 10.6057 21.7754 4.61781 15.5766 10.6973 5.62812 12.8889 14.3148 15.2556 3.76924 6.169 15.6401 20.6327 11.3347 17.3938 10.372 9.89103 13.8975 15.0285 11.3823 15.8286 18.1685 16.3367 20.0821 16.1624 13.3799 13.434 5.0009 13.3797 16.0042 11.5963 16.848 17.3784 11.9836 16.3459 15.7468 6.09187 3.00833 15.8055 18.7187 17.8358 11.1141 15.8131 12.0662 17.3134 7.95396 9.88287 14.9263 12.7922 11.0004 17.7332 18.5053 17.1207 20.3326 16.1082 23.8404 16.3081 19.4489 17.6164 6.86434 11.9142 17.8513 14.5894 3.95977 10.3359 19.486 25.1075 9.69106 14.0811 4.24716 12.2015 10.2989 6.11895 19.6753 17.646 19.0088 16.7511 20.0393 8.65933 3.06216 13.86 22.4209 21.629 9.21939 18.4363 20.1481 12.8486 17.6779 7.04285 15.875 12.4431 5.06166 21.0446 13.2721 14.5317 15.5751 18.2243 13.7329 23.1993 7.91992 2.39647 
