20
5.34301 18.883 12.6799 0
14.6011 18.8512 1.1876 0
6.7161 13.0026 25.377 0
12.1467 21.5298 0.658616 1
7.54546 13.7957 1.09545 1
7.76426 15.9748 2.14545 0
14.552 17.3508 9.18236 0
12.6686 19.4716 1.18087 0
15.0219 16.9174 2.10025 0
14.4207 20.5994 1.25445 0
13.5406 21.1158 0.279312 1
10.5093 21.071 1.81222 1
2.19729 17.5147 2.15877 1
8.48912 17.4207 1.47241 1
9.52783 14.388 2.19666 0
13.1485 21.0896 1.54341 0
4.73199 10.3589 1.24919 0
7.89461 20.5838 1.20877 0
4.34274 17.2198 0.355355 0
6.25354 10.6789 1.3409 0
400 50 500
0.025 0.0125 10000 3000 15 1e+06 300000 2 2
0 4.43289 4.01654 5.12807 1.32493 2.37669 2.88074 2.01337 0.334358 2.24126 2.1636 4.47626 2.88549 2.39836 2.86261 4.52663 2.30668 1.86226 1.8779 3.26428 0.260266 
4.43289 0 2.07205 1.08335 3.47135 3.73209 2.82165 2.81219 4.57781 2.68813 3.42741 3.45464 1.56136 2.69336 3.66177 2.39477 3.37721 2.66249 2.58065 1.89385 4.47992 
4.01654 2.07205 0 3.14547 2.71787 4.49174 3.89139 3.32374 4.28357 1.77572 4.1055 5.09255 2.15081 1.62969 4.64658 4.2185 4.13016 2.90349 2.35377 3.17541 3.93917 
5.12807 1.08335 3.14547 0 4.33826 3.92797 2.938 3.26889 5.2177 3.65411 3.70593 3.00321 2.28667 3.68763 3.72193 1.85504 3.61796 3.27244 3.38025 2.06869 5.21759 
1.32493 3.47135 2.71787 4.33826 0 2.81131 2.85825 1.88453 1.62538 0.952203 2.46115 4.50696 2.06667 1.08849 3.20715 4.21773 2.57152 1.45685 0.985959 2.83898 1.22257 
2.37669 3.73209 4.49174 3.92797 2.81131 0 0.993836 1.17453 2.20935 3.14896 0.392692 2.20257 2.43177 3.33936 0.494462 2.61901 0.369897 1.64122 2.31087 1.88545 2.61677 
2.88074 2.82165 3.89139 2.938 2.85825 0.993836 0 0.977559 2.81427 2.88015 0.850282 1.65678 1.74181 3.05015 0.840679 1.71264 0.727438 1.41927 2.06659 0.931324 3.07697 
2.01337 2.81219 3.32374 3.26889 1.88453 1.17453 0.977559 0 2.01777 2.01886 0.783858 2.6335 1.34171 2.20351 1.4249 2.519 0.827543 0.492321 1.17638 1.27207 2.17832 
0.334358 4.57781 4.28357 5.2177 1.62538 2.20935 2.81427 2.01777 0 2.51428 2.04349 4.36274 3.01844 2.6796 2.70258 4.4968 2.18821 1.94777 2.0699 3.28809 0.571225 
2.24126 2.68813 1.77572 3.65411 0.952203 3.14896 2.88015 2.01886 2.51428 0 2.76045 4.42748 1.54003 0.19405 3.44367 3.90352 2.83268 1.52703 0.843242 2.55082 2.16685 
2.1636 3.42741 4.1055 3.70593 2.46115 0.392692 0.850282 0.783858 2.04349 2.76045 0 2.3199 2.06903 2.95015 0.75111 2.5582 0.144716 1.24877 1.92064 1.6387 2.38778 
4.47626 3.45464 5.09255 3.00321 4.50696 2.20257 1.65678 2.6335 4.36274 4.42748 2.3199 0 3.04196 4.57939 1.72352 1.14849 2.17532 3.05459 3.66179 1.94908 4.6903 
2.88549 1.56136 2.15081 2.28667 2.06667 2.43177 1.74181 1.34171 3.01844 1.54003 2.06903 3.04196 0 1.64462 2.5196 2.38238 2.06193 1.10803 1.09476 1.09424 2.95103 
2.39836 2.69336 1.62969 3.68763 1.08849 3.33936 3.05015 2.20351 2.6796 0.19405 2.95015 4.57939 1.64462 0 3.62834 4.0223 3.02042 1.71261 1.03047 2.68397 2.31068 
2.86261 3.66177 4.64658 3.72193 3.20715 0.494462 0.840679 1.4249 2.70258 3.44367 0.75111 1.72352 2.5196 3.62834 0 2.25254 0.635871 1.91669 2.6008 1.76918 3.09881 
4.52663 2.39477 4.2185 1.85504 4.21773 2.61901 1.71264 2.519 4.4968 3.90352 2.5582 1.14849 2.38238 4.0223 2.25254 0 2.42702 2.80109 3.26435 1.38196 4.6973 
2.30668 3.37721 4.13016 3.61796 2.57152 0.369897 0.727438 0.827543 2.18821 2.83268 0.144716 2.17532 2.06193 3.02042 0.635871 2.42702 0 1.30983 1.98999 1.55692 2.5294 
1.86226 2.66249 2.90349 3.27244 1.45685 1.64122 1.41927 0.492321 1.94777 1.52703 1.24877 3.05459 1.10803 1.71261 1.91669 2.80109 1.30983 0 0.68416 1.45141 1.97702 
1.8779 2.58065 2.35377 3.38025 0.985959 2.31087 2.06659 1.17638 2.0699 0.843242 1.92064 3.66179 1.09476 1.03047 2.6008 3.26435 1.98999 0.68416 0 1.88255 1.9028 
3.26428 1.89385 3.17541 2.06869 2.83898 1.88545 0.931324 1.27207 3.28809 2.55082 1.6387 1.94908 1.09424 2.68397 1.76918 1.38196 1.55692 1.45141 1.88255 0 3.40696 
0.260266 4.47992 3.93917 5.21759 1.22257 2.61677 3.07697 2.17832 0.571225 2.16685 2.38778 4.6903 2.95103 2.31068 3.09881 4.6973 2.5294 1.97702 1.9028 3.40696 0 
