200
3.63487 20.5757 1.62544 0
10.8511 17.4053 1.26067 0
7.75505 16.1822 2.05864 0
0.25897 23.9352 0.520469 0
0.967728 19.1863 0.767164 1
12.2302 19.2959 0.589928 0
3.75293 22.2397 22.3027 0
0.499243 9.02215 0.976836 1
16.465 18.9471 1.90399 0
18.4372 18.9362 0.391465 0
16.5128 19.8734 0.660855 0
11.5688 23.1965 2.14381 0
1.39816 13.9139 0.599067 1
0.414895 11.9609 1.73198 0
7.89726 13.3204 1.55806 0
17.862 19.8873 0.604552 0
18.2968 22.9281 1.72638 0
2.93051 16.892 0.807052 1
12.0633 14.0143 2.08382 0
15.6317 23.13 1.96775 1
7.64569 12.0056 22.6676 0
15.1683 16.9313 1.04386 0
14.7342 15.523 13.5609 0
11.5127 20.7626 1.44111 1
16.91 23.7839 0.498641 0
12.6534 15.2738 0.394102 0
9.19768 12.7356 0.992333 0
7.10767 20.9777 1.96297 0
7.00194 8.70249 1.0169 1
9.70699 20.367 0.976167 0
12.6975 21.6706 1.36181 0
3.31105 19.8139 0.611715 1
9.68733 15.0673 23.8076 0
1.27788 3.96833 1.39056 1
18.2535 21.838 1.33653 0
11.3305 16.1586 18.5187 0
4.8822 22.8707 2.07095 0
16.9897 18.4419 0.657833 0
8.29949 18.612 1.49777 0
5.42531 21.658 2.03728 0
11.3152 13.719 1.65524 1
5.58326 23.9073 0.844636 0
5.83163 7.6834 0.535398 0
7.1075 20.2945 0.896766 0
8.52513 10.4417 0.267172 0
10.4611 20.5681 1.45919 0
2.12692 3.49268 0.728616 1
5.614 18.1465 1.19574 0
3.42872 15.0695 1.494 1
14.9133 17.8092 27.6377 1
7.74011 14.4502 2.18287 1
9.0532 17.4503 1.37913 1
14.1415 14.6414 1.01699 1
14.9928 19.2831 2.13579 0
14.5044 18.9567 0.442881 0
3.61219 15.0813 0.688516 0
10.2054 12.8811 0.36758 0
0.587213 15.2879 12.5593 0
18.9153 21.6471 1.55226 0
7.43959 15.7874 1.76971 0
13.3916 19.2036 2.07717 0
9.67365 19.2488 1.34633 1
0.748407 14.0796 1.52295 0
15.9943 18.2765 1.00183 0
3.5963 6.36989 2.15143 0
1.43225 20.7031 2.06246 0
9.6226 14.9546 0.20825 0
2.51225 13.4207 9.8157 0
15.6305 21.999 1.96284 0
2.90853 6.76626 12.1329 0
5.85349 18.6295 21.1989 1
11.845 21.0735 1.7985 1
7.81028 21.3119 0.983456 0
17.7302 21.874 19.2508 0
13.1349 20.4879 0.243544 0
9.01464 23.7479 1.31148 0
2.78502 23.2622 0.529548 0
13.9494 15.6805 1.45685 0
1.24943 4.04002 1.20538 0
7.73713 10.1423 1.63523 1
9.21496 16.5892 1.82795 1
2.04701 9.2104 1.34053 1
11.3626 12.7506 2.00204 0
14.4282 23.8479 28.6166 0
3.97404 20.7501 0.386677 0
1.25293 12.2355 1.8107 1
10.846 18.2265 2.06982 1
13.2283 18.014 1.56214 0
11.0004 16.5955 1.34299 0
3.4169 12.8709 1.51786 1
16.3746 18.6255 0.831479 0
14.2107 17.3068 2.21693 0
12.2694 14.0907 0.297158 1
10.9242 13.0049 1.34272 0
7.86962 16.8138 1.97788 1
10.6984 12.5596 0.91465 0
10.2707 23.5529 0.69536 0
17.2606 19.3369 0.793805 0
9.16221 15.1842 0.745578 1
13.6884 17.903 0.70836 1
3.29744 12.6096 0.834802 0
5.13572 18.5369 0.556352 0
3.84384 18.7589 1.25697 0
8.69945 16.7235 1.23977 0
4.94748 14.5845 0.415563 0
0.911801 14.5917 1.1142 0
1.76331 3.14522 1.64338 0
10.144 15.8713 0.744663 0
14.6101 14.6645 0.814893 0
8.90253 11.5192 10.98 0
1.76405 1.82886 0.304325 0
1.16503 7.67937 0.545894 1
14.4256 23.0643 1.2979 1
15.116 17.5253 2.09097 0
12.6566 13.2522 0.606688 1
0.349661 12.9785 1.36038 0
7.10627 9.56017 1.50056 1
11.5261 21.5942 1.23888 0
9.93247 21.4615 1.01739 0
16.6949 17.3174 0.208796 0
7.46478 17.5437 0.969612 0
3.11425 12.8876 0.948452 0
6.86818 20.9506 0.88942 1
16.1461 19.7288 1.28568 1
0.244811 13.9762 0.685897 1
5.05022 22.5924 1.63208 0
1.30248 6.42889 0.771591 0
3.89706 21.476 0.255752 1
2.13359 14.4939 1.95275 0
5.02709 23.6088 0.558334 0
9.19631 14.2615 1.44135 1
5.84345 9.98744 0.344121 0
6.74817 15.6437 1.87823 0
1.83583 6.07504 1.24357 1
9.68836 18.5054 0.911376 0
1.67745 17.4864 1.74507 0
16.6516 19.1504 0.201988 0
1.91002 21.4794 1.1298 1
4.63691 18.8783 0.683602 1
5.7657 18.5287 1.54315 0
14.7071 21.0075 1.76677 0
13.8922 14.013 1.44348 0
14.3032 21.4902 0.39103 0
6.36251 12.0741 0.856251 0
0.383581 21.5617 1.96246 0
5.01605 11.1101 15.9811 0
5.66987 15.4863 25.5962 0
5.41192 16.5197 0.888869 0
1.42957 18.0048 0.226874 0
9.55575 23.6538 0.591315 1
16.2612 22.5729 2.11251 0
6.25948 7.4695 1.83476 0
13.0555 13.6848 0.932448 0
4.59445 10.2938 0.367363 0
7.22734 9.10913 21.1327 0
8.2339 21.5838 6.45685 0
14.7654 18.5606 24.3968 0
4.22994 16.3565 0.239024 0
9.47469 21.6337 0.326663 1
13.7278 16.3654 0.50838 0
14.4325 23.4743 0.969984 0
1.3683 1.73043 0.823956 0
11.7671 12.3732 1.65981 0
11.8348 22.6397 1.19106 0
1.20927 15.7873 0.80985 0
14.5355 15.147 1.83663 0
9.05765 18.6726 1.01187 0
7.09761 13.6931 0.391424 0
13.3198 16.1434 1.77365 0
9.08474 22.2213 1.32701 0
6.30644 16.4177 0.40292 0
15.6795 21.1335 0.227489 0
11.207 16.6047 0.203668 0
7.11967 21.1869 0.288089 1
6.75005 17.5181 0.303539 1
9.14522 20.2325 0.768409 1
4.51328 18.0668 1.86538 0
16.3285 21.9379 23.4094 0
14.4526 14.7531 2.04656 1
15.9215 18.3985 1.94224 1
16.0504 22.0722 2.05704 0
11.7497 14.0098 1.11704 0
6.3873 20.4358 1.04632 1
10.5083 16.2995 0.449384 0
12.5834 22.9131 1.96721 0
4.88504 17.991 1.4976 0
7.37141 14.5247 1.68522 0
16.6052 22.1151 1.38496 0
15.0395 19.6504 22.919 0
1.11073 2.72162 0.838129 0
0.233643 9.67166 0.692964 0
0.363309 15.403 21.913 1
13.8204 20.0129 1.64739 0
14.3267 22.7552 11.6027 1
6.52465 15.6158 0.207076 1
13.6084 23.3433 13.3659 1
5.89474 15.0637 0.868509 0
6.09632 8.57106 1.10762 1
16.3036 16.6465 1.24938 0
18.3748 18.4954 29.9332 0
400 50 500
0.025 0.0125 10000 3000 15 1e+06 300000 8 12
0 19.5743 22.5878 16.1714 21.2173 19.6943 26.1568 25.4547 8.9336 20.0751 9.90161 17.3861 15.1639 16.8385 6.26248 15.5082 11.9578 20.2473 9.94428 14.1778 13.3778 8.87054 12.5762 10.5803 20.8104 15.2599 19.7494 20.1164 2.30915 12.1424 20.7297 6.01703 20.186 14.9548 15.7456 16.1835 19.6781 6.92938 13.402 17.8369 20.8538 17.4471 14.0345 7.04271 13.0682 6.86281 13.8098 17.6295 26.5793 24.3766 20.2048 17.4379 12.8128 26.7947 5.11203 13.0919 13.3116 10.2465 5.02992 22.1382 28.2773 6.50359 20.8208 11.3921 20.238 11.2543 21.1323 14.5878 18.8421 18.228 19.6132 14.9046 17.4681 28.4237 21.2443 29.2345 31.4183 18.6173 16.697 13.5985 5.10259 13.1412 3.54227 10.7624 11.9349 8.55595 17.4302 20.146 26.7786 5.0896 13.8572 17.1385 12.5987 14.4035 11.9301 14.0618 11.804 17.6999 9.1083 11.3818 14.1039 16.114 18.6501 7.47825 16.947 6.81488 30.1789 19.1831 21.3221 25.2976 10.7412 14.4322 8.9362 15.3713 19.0856 22.1507 21.0509 20.2363 22.7761 14.2233 14.8287 18.8757 12.4101 30.7777 22.5306 9.30324 14.4934 18.7784 26.9798 19.8506 16.0726 28.1005 14.1741 1.4731 10.8282 23.1956 20.3235 12.9843 8.86197 14.2419 8.34387 16.3352 21.2188 19.591 27.444 22.3151 9.24829 22.684 29.515 19.7238 21.1424 31.4568 8.26857 16.6683 13.0839 14.744 12.4628 5.74577 19.9978 6.12732 8.96191 1.38521 20.6019 19.9915 10.2926 17.7265 11.4981 20.0454 21.6666 11.4883 18.771 6.01336 22.3114 18.7922 14.7255 10.299 24.4188 5.4841 16.6106 10.6025 22.8064 11.5144 10.2523 12.051 15.399 7.20938 25.7089 5.25869 19.7697 17.4973 14.6979 20.3418 15.5384 26.5638 5.8823 22.278 25.1944 4.54425 17.4714 14.7653 25.434 
19.5743 0 18.1011 32.5426 5.834 22.7451 16.8855 16.8534 27.7226 19.3753 26.6078 33.1599 22.2468 33.3199 20.3327 33.191 13.4695 33.1226 28.1093 25.7394 16.6176 20.1744 25.6904 15.1641 21.9322 31.0314 26.7407 36.2342 21.8327 31.7016 7.25512 24.0008 1.86343 33.8045 29.2702 7.58995 33.7517 21.0673 31.7033 18.462 15.8171 28.3335 16.8007 23.6637 28.7349 20.3118 14.0687 30.6888 17.1126 5.33363 34.2738 25.3863 31.0059 14.9849 14.4624 31.4199 10.3479 16.6656 15.2348 19.3242 13.8571 25.8425 7.85124 8.68009 30.7107 9.92836 8.65377 5.31926 11.0163 19.7871 28.7317 26.4804 8.41957 20.3899 22.6589 16.4905 20.2639 22.1291 17.6689 9.69365 14.5032 11.2918 16.4094 9.78344 19.0689 22.6081 27.6559 25.5176 17.3932 21.3351 33.3793 21.4986 31.6 32.4846 7.64428 27.2044 26.9219 23.8594 13.5211 17.032 26.81 10.5945 31.0006 15.4768 29.8459 19.426 18.9698 7.15404 1.77961 19.5894 18.9768 5.62164 18.7735 32.8879 25.1911 36.5122 10.3078 31.9801 20.466 6.05762 5.2697 3.98282 25.2614 17.751 11.0972 13.9912 25.4763 30.8016 19.8046 21.0156 34.4072 15.5123 23.8546 20.6279 23.8695 7.74881 24.1785 29.264 13.4301 7.65432 23.498 20.6397 4.74787 24.9572 18.9171 3.3699 23.1295 15.777 18.4593 22.2981 35.5618 20.7135 24.6485 28.5389 25.4366 7.179 12.1984 20.3167 4.77779 16.6152 10.8795 19.5156 10.9028 3.46887 17.5572 25.6809 18.8937 32.362 35.8598 16.3181 18.319 18.5519 3.40821 31.6963 28.0704 18.797 16.158 24.6256 24.7326 23.7031 19.4125 18.7593 27.6151 17.4083 6.95426 16.8981 16.6363 23.0584 17.3285 22.8843 27.4127 16.7402 26.8266 9.17893 20.0894 2.81507 6.99613 15.1207 26.8877 6.28253 8.54057 
22.5878 18.1011 0 38.7574 13.0337 36.8312 5.55107 4.66065 31.0883 34.702 32.4729 39.966 11.7018 39.417 27.5701 27.777 10.8538 42.3538 25.0091 16.7843 29.4481 29.1984 34.3478 26.6203 6.10327 23.8294 13.1737 42.6974 23.7273 31.3222 25.1107 22.496 16.5703 30.3399 20.3952 23.4282 23.8708 18.0896 27.6785 5.6419 32.3436 38.6882 29.946 20.8991 22.2973 27.9646 8.87666 20.8011 34.9574 22.2193 24.2433 13.3579 26.9983 33.0467 19.6869 27.5194 24.1008 27.6184 18.1003 1.83238 31.8818 28.2942 25.6663 19.8326 41.4818 21.7602 26.4544 15.7647 7.14762 34.1661 16.0745 36.244 24.9071 38.1271 6.6378 34.5884 38.357 8.32122 31.9464 23.6619 19.3015 24.8879 19.4652 20.8944 30.3607 30.2807 38.3765 38.7688 5.92646 19.9561 33.9804 34.774 28.9971 27.8804 17.5439 35.9561 34.1669 11.2019 24.0018 11.5358 35.84 26.093 20.3296 24.6742 38.9247 27.3886 9.47547 24.5518 18.996 36.7281 13.0857 19.3076 14.631 37.8083 11.666 44.6352 27.8806 20.4255 36.566 19.7768 19.3517 14.1185 34.0624 11.5117 8.11396 24.645 16.1459 19.8995 37.3337 35.7523 29.7662 33.6129 34.5252 22.4802 32.3969 12.5282 9.31638 35.5612 14.1771 12.7781 30.4823 33.8074 22.8451 10.9327 5.65233 20.9451 30.9897 32.9181 8.91327 7.50315 43.6209 38.7932 21.0288 18.4074 17.4075 21.9175 10.8379 27.2064 13.5308 24.7124 16.7243 23.6001 7.34548 14.8484 12.7782 37.5639 12.3202 41.972 44.1164 28.1201 4.5317 26.2443 21.0102 21.3055 36.7308 29.1997 33.6985 27.6762 36.4193 32.1707 35.795 12.2225 32.8281 29.2695 22.2302 15.4753 34.3849 27.837 33.0782 35.8274 36.4799 2.2604 36.8065 15.3512 18.1795 18.2779 24.3527 20.7144 38.0371 20.8472 14.388 
16.1714 32.5426 38.7574 0 35.8474 18.2146 42.207 41.5372 8.35671 21.6358 6.36915 1.57056 30.3108 0.780029 12.3506 21.8494 28.0844 7.05961 18.5061 27.6294 17.9179 12.4762 7.5526 17.8341 36.6012 24.7098 34.1256 3.95603 15.2184 13.0882 30.4127 17.9686 33.7384 18.5084 27.308 26.3221 29.5264 21.7243 19.4475 33.8842 25.24 9.11491 18.1976 19.8776 23.5817 12.2768 29.9698 28.9939 31.3172 36.1329 29.9113 31.848 19.4593 33.0686 19.9143 19.2507 22.8733 16.3384 20.9019 38.264 35.8932 11.1386 30.1895 23.9605 10.1919 22.6224 30.0789 28.6407 34.6806 19.2801 33.0644 8.50243 26.7732 31.4654 36.9548 35.425 35.8738 34.1727 19.6083 23.4848 20.1735 22.0868 19.4424 22.785 14.7576 9.9347 9.98863 16.0272 42.8347 19.5845 11.1215 16.561 17.02 20.428 25.6193 6.63356 5.65189 32.6961 19.0367 27.4323 7.23662 24.3907 30.2948 17.0741 6.2176 13.1444 46.1435 28.9486 34.0422 27.8349 26.4527 26.9243 24.6672 2.6779 33.8841 6.66129 29.0446 31.9397 23.9439 26.4872 27.2729 33.2073 8.00534 46.5083 38.152 18.6087 28.1794 30.6349 29.912 19.9789 20.6353 34.5004 11.1383 16.3643 8.94694 38.0154 35.6097 3.34844 24.8793 29.3683 9.11234 16.5929 32.2097 34.551 43.5676 34.3312 9.42725 27.3521 45.4812 35.3542 5.79148 35.5952 20.5591 29.198 26.4056 25.7764 28.4768 12.4852 34.4857 16.054 23.8308 15.2296 36.3389 34.0987 26.2707 12.7827 27.2498 7.7143 6.41751 17.1479 34.8596 14.105 34.299 29.9572 6.02604 14.2813 29.1931 11.3414 12.567 9.06382 24.8166 27.2945 5.94036 16.4218 26.2455 23.321 30.505 10.9414 22.939 15.5579 6.9719 36.5129 8.73235 40.9677 21.1506 35.3486 36.1264 18.9071 11.018 26.4196 39.9678 
21.2173 5.834 13.0337 35.8474 0 28.0742 11.1163 11.1535 29.9814 24.9468 29.6221 36.6568 19.6285 36.6081 23.5013 32.8455 11.8406 37.3243 28.2882 23.8925 21.4535 23.9332 29.5473 19.4783 17.7376 30.0244 23.4991 39.6942 23.2726 32.917 13.0644 24.4525 3.99915 34.1077 27.646 13.0123 31.978 20.7721 31.7481 14.696 21.5812 32.7615 21.7399 23.6712 27.8671 23.6197 11.5836 28.8014 22.8678 9.19145 32.4676 22.5545 31.0275 20.5855 16.347 31.4931 15.1797 20.8909 16.3 14.4955 19.0277 27.7177 13.6657 12.2036 35.2994 13.9471 14.4663 7.24239 6.52093 25.1424 25.869 30.6937 14.0733 26.1687 18.4487 21.8736 25.7536 18.5319 22.9569 14.5599 16.2229 16.1284 17.7213 13.4674 23.5143 26.0376 32.1737 30.6798 11.6019 21.6107 34.9647 26.5978 32.0981 32.3735 10.2648 31.1346 30.3817 20.7347 17.364 15.2869 30.8131 16.0333 28.8721 19.0037 33.9387 22.7882 13.1647 12.9738 6.18892 25.4223 17.4378 9.8487 17.7994 35.8075 21.8843 40.458 16.1401 29.5986 26.1939 10.3892 9.64353 2.74099 29.1489 12.1275 5.38531 17.9377 23.4934 28.5904 25.6229 26.4756 34.3533 20.9719 28.2666 21.9559 27.6241 2.23981 20.4037 32.5042 13.2439 7.04017 26.7436 25.691 10.3866 21.4829 13.1525 8.06744 26.6424 21.6064 12.6408 18.4281 39.4731 26.2453 24.4466 26.4772 23.8633 12.1445 10.6047 23.366 1.41081 19.8317 12.3243 21.5324 5.69766 2.41813 16.1646 30.4837 17.1146 36.6569 39.8327 20.8104 14.2679 21.7659 8.13758 29.6851 31.9966 22.9444 21.9818 26.6341 29.4611 27.4327 25.177 16.9714 30.4602 21.9684 12.1235 16.5995 22.424 25.555 22.9654 27.9214 31.4432 12.0956 31.1123 5.35663 20.0551 5.27022 11.34 17.2416 31.5106 11.0708 4.21766 
19.6943 22.7451 36.8312 18.2146 28.0742 0 37.9602 37.6178 20.1794 4.27764 16.1954 17.7214 33.6367 18.838 13.8326 33.7975 26.7893 14.2455 28.5459 33.7177 7.43628 11.0723 11.4599 10.4734 37.6227 34.6072 38.6157 20.2167 21.0072 26.8522 17.2081 25.3586 24.5189 31.8249 35.4331 15.1611 39.2403 26.4109 31.337 33.984 8.80166 9.52704 6.89744 26.6831 32.5644 13.206 28.6927 37.3191 13.9537 23.9113 39.7541 36.4022 30.9535 16.3768 18.6775 31.041 13.0652 9.93557 20.9288 37.2184 19.7546 20.8891 16.7211 17.0574 10.4002 15.105 16.2128 21.7282 30.3817 2.96029 38.9756 9.7427 14.4646 13.4442 38.2341 18.424 18.0635 36.1779 5.11855 13.6299 19.1358 12.1667 20.3146 15.9448 7.76479 12.8546 8.56575 3.20693 38.5634 24.763 26.4556 2.56187 29.5768 32.4452 19.3787 11.7308 14.1217 36.1418 13.0883 28.4684 11.1252 12.1514 38.3434 13.1984 12.3892 12.9785 40.9483 16.2976 23.5199 9.87845 28.8908 18.3964 27.3216 20.2732 37.6369 18.2139 14.5521 39.9224 5.88427 17.8553 18.5288 25.438 11.1257 40.1924 32.4674 12.4781 33.9541 38.4644 11.9393 2.2028 33.5977 17.7162 7.53528 21.039 11.4341 30.2423 38.2045 16.4525 23.7943 24.2478 13.955 3.38343 19.9555 37.9432 39.8355 22.8061 12.5364 10.5608 40.3582 37.0325 17.5886 17.6976 27.8811 36.3194 32.6858 15.9427 26.3276 14.3549 26.7156 13.9896 20.3466 18.3582 31.3542 25.7161 27.8578 5.5851 29.4613 13.184 17.5488 9.02919 34.5482 13.6814 22.7448 38.4796 12.2121 9.39612 12.127 19.8219 5.64801 11.5287 6.96951 29.4145 17.4765 8.04283 15.9549 24.854 13.2663 17.2396 6.3541 2.77188 11.2738 34.7323 9.4828 31.8835 25.2222 25.0353 22.9521 17.917 7.4514 17.0371 31.2855 
26.1568 16.8855 5.55107 42.207 11.1163 37.9602 0 0.898746 34.9659 35.2947 35.8444 43.3014 17.0818 42.9071 30.4228 33.0115 14.2181 45.1192 29.8715 22.1653 30.8157 31.6641 37.0884 28.2825 11.6074 29.1849 18.7085 46.1627 27.6108 35.9141 24.1406 26.9931 15.0954 35.3791 25.8411 23.4747 29.4036 22.6148 32.7409 10.8919 32.3304 41.0706 31.2292 25.5477 27.5418 30.7314 12.4934 26.315 33.9775 19.9271 29.7821 18.8954 32.0438 31.6902 22.473 32.5617 24.9088 29.4776 21.3054 7.3131 29.9733 32.2661 24.7363 21.0134 43.7964 22.9655 25.539 16.2373 7.79198 35.1311 21.6203 38.7373 24.7526 37.2696 12.0891 32.8997 36.8136 13.8662 32.8966 24.3715 22.1542 25.7948 22.7715 22.2176 32.2371 33.14 40.6461 40.2367 0.633307 24.29 38.4631 36.1518 33.888 33.0211 18.7031 38.7152 37.2601 16.7402 25.7819 15.9255 38.5224 26.3922 25.8701 26.8544 41.6657 30.0489 4.19551 23.9234 17.2824 36.3832 17.772 19.6651 19.1035 41.5279 17.2136 47.7285 27.1669 25.9763 36.8265 20.1926 19.5965 13.1359 36.7572 5.96239 5.79546 26.4209 21.5473 25.4438 36.6838 36.6088 34.9436 32.0329 36.7166 26.3002 35.1122 9.73136 14.8256 38.9186 17.3339 13.8811 33.52 35.1985 21.5026 16.47 2.03626 19.1031 33.8279 32.5483 3.55991 13.0491 46.7143 37.3212 25.8306 23.9107 22.7054 22.2456 13.731 30.1278 12.1183 27.1867 18.9135 26.9893 6.60621 13.4168 17.1754 39.4629 17.0688 44.6273 47.1675 29.7525 9.83072 28.9143 19.1758 26.8424 39.533 31.2872 33.0324 31.4996 38.3543 34.8941 35.9003 16.9522 36.3589 30.9329 22.4031 19.4182 33.5191 31.2879 33.4558 37.3427 39.1684 6.92541 39.2532 11.5075 22.4966 16.2057 22.1076 23.5119 40.1721 21.1314 10.8312 
25.4547 16.8534 4.66065 41.5372 11.1535 37.6178 0.898746 0 34.2353 35.0307 35.1799 42.6476 16.1861 42.2324 29.8209 32.1285 13.5013 44.5452 29.0233 21.2704 30.4256 31.1174 36.5106 27.8436 10.7319 28.2922 17.8265 45.4933 26.872 35.098 24.1021 26.1821 15.0953 34.5147 24.9434 23.2671 28.506 21.7964 31.8736 9.999 32.1565 40.5473 30.8525 24.7192 26.6571 30.1417 11.7378 25.4165 33.9649 20.105 28.8853 17.9987 31.178 31.737 21.8627 31.6963 24.5877 29.0128 20.6379 6.43551 30.1123 31.5215 24.693 20.6215 43.2853 22.578 25.4958 15.9237 7.31333 34.8095 20.7339 38.1959 24.5818 37.2419 11.2241 33.0058 36.9009 12.9712 32.5734 24.0636 21.5343 25.4614 22.0953 21.8099 31.7751 32.5412 40.1386 39.8461 1.39798 23.4944 37.6608 35.7694 33.0383 32.1465 18.3029 38.1366 36.6342 15.8437 25.3197 15.1087 37.9543 26.1544 24.9736 26.3381 41.0923 29.4726 5.04848 23.8271 17.341 36.2699 16.9308 19.3915 18.2854 40.8222 16.3261 47.1105 27.0949 25.0859 36.6169 19.9126 19.3401 13.0297 36.1854 6.85798 5.77314 25.961 20.6513 24.5481 36.6208 36.3061 34.066 32.1187 36.2158 25.5673 34.5357 9.92346 13.9503 38.2586 16.6579 13.4521 32.8974 34.8126 21.5176 15.587 2.21852 19.1951 33.2329 32.4324 4.42582 12.1623 46.0957 37.3971 24.9864 23.012 21.8157 21.9887 13.065 29.5162 12.0757 26.6304 18.3692 26.3112 6.30375 13.393 16.3611 39.0077 16.2207 44.0684 46.5551 29.3212 8.93493 28.3346 19.2667 25.9454 38.9492 30.7932 32.9659 30.7727 37.8925 34.3162 35.7139 16.1056 35.674 30.4995 22.1712 18.6577 33.4866 30.6081 33.2221 36.9415 38.6001 6.04078 38.7189 11.9475 21.7005 16.3227 22.2855 22.9031 39.6834 20.8765 11.2013 
8.9336 27.7226 31.0883 8.35671 29.9814 20.1794 34.9659 34.2353 0 22.3131 4.19884 9.8503 22.046 8.84421 8.25887 14.5881 20.7502 14.3538 10.4248 19.2758 16.5955 10.2097 9.19627 15.0612 28.4849 16.8017 25.7717 12.0332 7.37541 6.69157 27.3797 9.62205 28.5778 11.9185 19.1074 22.8757 21.6824 13.5253 12.0697 25.9705 24.7167 13.7405 17.119 11.5318 15.4416 8.62821 22.5096 20.8512 30.9099 32.0928 22.1088 23.4988 11.9049 31.928 13.6383 11.8183 19.5109 13.8883 13.96 30.4369 34.1298 2.85475 27.3167 19.1041 16.0226 18.3127 27.4266 23.0835 27.7598 20.0016 24.7277 11.6593 23.7879 31.9326 28.8006 34.3995 35.7601 25.979 19.3773 20.0008 13.7612 18.975 12.4668 18.1481 13.7676 7.60373 14.2152 19.1901 35.581 11.4171 6.57642 17.8335 9.8887 13.1497 20.2081 9.8527 6.80002 24.3931 15.0887 19.5912 10.2694 21.8011 22.1297 12.9518 11.8405 9.43387 39.034 25.817 29.3975 28.4049 18.399 22.2357 16.6564 6.79957 25.5544 14.9672 26.853 23.7879 24.9961 21.9085 22.6232 27.5306 9.38389 39.6986 31.464 14.9105 19.8231 22.4437 30.3739 21.2614 13.8805 33.3388 12.7892 8.66812 8.75034 32.0189 27.3404 6.04898 17.765 23.089 6.38146 17.4068 28.5188 26.2356 36.1634 30.107 7.7389 26.8045 38.3705 27.1784 14.0414 35.6366 12.2034 20.9102 18.0519 21.83 21.3471 8.01559 28.712 11.5129 17.6571 8.45021 29.5306 28.5825 18.3792 15.9786 19.2019 14.5888 14.6486 15.095 26.9906 9.81872 30.0907 21.8636 10.0357 12.482 28.6797 3.47213 15.1866 8.65067 25.4908 19.26 3.23831 14.929 22.4206 15.6386 30.036 4.71871 22.8841 17.4486 10.5799 28.8819 12.2458 35.295 13.08 30.5111 32.5585 12.7834 14.8202 22.1701 34.1952 
20.0751 19.3753 34.702 21.6358 24.9468 4.27764 35.2947 35.0307 22.3131 0 18.6476 21.3308 32.837 22.313 14.9401 35.029 25.2617 18.3262 29.5826 33.5627 6.7126 12.3481 14.3874 9.72575 36.1338 35.3139 37.8945 23.9991 21.7488 28.8295 13.3017 26.0191 21.2054 33.466 35.6854 11.9398 39.7404 26.358 32.6564 32.4169 4.54392 13.4361 6.05285 27.1049 33.1428 14.3605 27.054 37.5481 9.86013 20.0013 40.2701 35.7754 32.1976 12.1373 17.9689 32.3505 10.6023 9.82859 20.2576 35.274 15.4828 22.5185 12.7765 14.9306 14.5968 13.0761 12.2033 19.1354 27.9483 2.38452 38.5753 13.1653 10.9584 9.8707 36.7839 14.2517 14.2482 34.9663 3.38861 11.0488 18.4151 9.84656 19.9397 13.9986 8.68522 14.7188 12.4834 7.48293 35.878 24.9624 28.8129 5.08465 31.1356 33.7472 17.1739 15.0102 16.956 35.2661 12.0325 27.3993 14.4034 8.93825 38.471 12.8321 16.1624 13.8815 38.0215 12.5654 19.957 6.24188 28.1313 15.6392 26.7171 23.4538 36.7776 22.2882 10.4728 39.9833 2.74373 15.1201 15.6983 22.4177 13.9865 37.058 29.6482 11.5269 33.7149 38.5357 8.30452 2.07746 35.0851 13.4977 10.5293 21.5148 13.8483 27.0442 37.0573 19.4704 22.5447 21.9383 15.932 5.10409 16.1501 36.9895 37.2336 19.0571 14.5896 6.29407 37.4575 35.7144 21.6086 13.9594 28.3371 36.2995 32.6242 13.0491 24.6204 15.4125 23.6404 13.9893 18.8042 18.852 28.7272 22.5429 26.9602 9.54283 28.6133 17.2847 21.614 8.60452 32.8639 14.2766 18.9919 38.7161 15.6234 10.2142 7.92084 21.3247 9.29868 13.8809 3.23037 28.5475 19.9749 8.06476 12.9193 24.1675 9.12072 18.7016 2.18617 6.26334 14.6796 32.7056 13.0411 28.3797 25.1193 21.4657 18.9018 17.3956 11.3796 14.1635 27.8736 
9.90161 26.6078 32.4729 6.36915 29.6221 16.1954 35.8444 35.1799 4.19884 18.6476 0 7.49427 24.5281 7.0888 6.27678 18.7261 21.7481 10.8496 14.2616 22.3895 13.4773 7.23024 5.00555 12.5659 30.5768 20.6823 28.6631 10.3215 9.24361 10.8387 25.2239 12.6507 27.6973 16.117 22.683 20.8915 25.5658 15.9211 16.2023 27.7168 21.4554 9.59923 13.9194 14.5033 19.1369 6.35544 23.6516 24.4898 27.672 30.5212 26.0135 26.3494 15.9949 28.9659 13.56 15.9411 17.4324 11.1887 14.542 32.0395 31.436 6.05267 25.0793 17.944 11.9993 16.779 25.0817 22.4604 28.312 16.2877 27.9242 7.46218 21.5697 28.4242 30.9697 31.4111 32.4577 28.2491 15.9307 17.998 13.8109 16.7509 13.0911 16.8268 10.4221 4.41288 10.0347 15.0375 36.4727 13.7774 10.2631 13.9471 14.0731 17.2937 19.4567 5.69845 2.65711 26.989 13.2666 21.256 6.08621 19.3577 25.7306 11.1863 7.95569 7.25305 39.7747 23.697 28.1788 24.8384 20.4272 20.994 18.6221 6.28061 28.2613 12.2889 24.286 27.3947 21.2667 20.5916 21.3594 27.0183 5.21623 40.1489 31.7973 12.9308 22.8741 26.0059 26.8552 17.4305 18.0755 30.3953 8.70798 10.261 4.81709 31.7669 29.8054 3.08926 18.5236 23.0468 3.25524 13.6175 26.7246 28.871 37.2206 28.6324 4.23472 23.5764 39.1124 29.4016 11.2893 32.2831 15.3816 24.3033 21.1771 20.1191 22.1163 6.30808 28.2777 9.994 17.5047 8.88974 29.9747 27.9551 20.1301 11.7985 21.2127 10.8998 11.8365 12.2465 28.6647 8.05688 28.6065 25.5499 5.97337 9.41265 25.4587 5.70277 11.0409 4.76911 21.8661 21.2459 1.33192 11.8282 20.6452 17.1018 26.8119 4.64295 19.4418 13.4361 6.43155 30.2215 8.05351 34.804 15.203 29.4228 30.724 12.5614 10.6219 20.6468 33.7759 
17.3861 33.1599 39.966 1.57056 36.6568 17.7214 43.3014 42.6476 9.8503 21.3308 7.49427 0 31.7199 1.53565 13.1772 23.4162 29.2372 5.65198 20.0603 29.1248 18.0702 12.9958 7.71342 18.2542 37.946 26.2764 35.5972 3.07553 16.5524 14.6496 30.7035 19.4367 34.4157 20.0592 28.8544 26.7286 31.0956 23.1183 21.0173 35.168 25.1119 8.35803 18.2973 21.3434 25.1338 13.0371 31.1452 30.5476 31.1066 36.5783 31.4812 33.3124 21.0298 32.9823 20.9137 20.821 23.3066 16.7406 22.0144 39.5168 35.9054 12.5953 30.452 24.6545 9.06988 23.2323 30.3008 29.4264 35.7184 19.0099 34.5755 8.17916 27.0889 31.09 38.3131 35.3012 35.5767 35.5484 19.5153 23.9321 21.1946 22.4858 20.5744 23.4525 14.9446 10.6283 9.2824 15.3391 43.9311 20.9733 12.6357 16.2471 18.588 21.996 26.4004 6.5212 6.27881 34.1236 19.6395 28.7089 7.08831 24.6606 31.8464 17.7495 5.41022 13.8755 47.1994 29.2706 34.6167 27.4716 27.7908 27.5576 25.9968 4.13951 35.3289 5.12261 29.189 33.4932 23.5332 27.1037 27.8957 33.99 8.1697 47.4928 39.1278 19.1759 29.6675 32.1834 29.5501 19.5854 22.1882 34.4081 10.9688 17.6602 9.34204 38.8436 37.0175 4.40513 25.9992 30.2924 9.94266 16.3697 32.6119 35.9852 44.7002 34.8223 10.0545 27.2043 46.5384 36.7219 4.23007 35.271 22.0508 30.728 27.9009 26.2819 29.5828 13.3639 35.2821 16.8255 24.772 16.3818 37.3466 34.845 27.5637 12.1881 28.5846 6.40308 4.85342 17.4553 36.1291 14.8927 34.7872 31.5155 5.77912 14.6364 29.0207 12.725 12.1096 9.48979 24.4668 28.6252 7.25364 16.647 26.7234 24.5722 30.3126 12.13 22.7536 15.1471 6.69987 37.7152 8.29658 41.7185 22.5066 35.9539 36.4807 19.8923 10.3614 26.9751 40.7426 
15.1639 22.2468 11.7018 30.3108 19.6285 33.6367 17.0818 16.1861 22.046 32.837 24.5281 31.7199 0 30.8565 21.3022 16.1235 8.90597 35.2496 13.9881 5.08737 26.4177 23.675 27.7338 23.2933 6.89916 12.128 5.07072 34.0761 15.2893 20.679 27.5318 12.521 21.5162 18.9037 8.78543 24.112 12.6715 8.6134 16.2344 6.20273 31.9773 32.6071 27.0459 10.6518 10.6566 21.8596 8.22875 9.48444 36.3538 27.4715 13.115 3.19037 15.5887 35.3573 14.9778 16.1082 23.075 23.7016 12.7099 10.2684 35.3794 19.2039 27.932 18.911 35.4016 20.3277 28.5859 17.5432 13.5177 31.5435 6.49954 30.0638 25.7509 39.0416 7.02107 37.44 40.6591 4.13281 29.564 22.9254 14.5206 23.5138 13.4069 19.3968 26.0792 23.7163 32.5641 34.6998 17.5392 10.7612 23.4898 31.1954 17.823 16.3252 17.3286 29.1941 26.7563 2.54926 20.8233 5.66776 29.2588 25.8235 9.33749 20.4384 32.0345 21.6092 21.1527 26.3924 23.7962 36.6809 4.74594 20.2421 6.38518 28.8108 4.00868 36.7401 29.4342 9.97062 35.2588 20.4764 20.4999 18.9948 27.5737 22.9801 17.011 21.3646 4.46628 9.01304 37.8748 33.2323 18.1592 36.3226 29.1486 14.3844 25.988 20.4063 5.29892 27.4672 10.5336 14.633 23.476 30.2816 26.3084 4.43144 17.3466 25.611 24.4114 33.2384 20.5687 5.36553 35.7601 40.9227 10.3468 7.06742 5.74282 22.3152 10.113 20.813 19.2532 19.7602 14.4588 16.5002 15.1501 20.1914 5.88434 32.625 4.22432 35.1242 36.3289 24.6568 7.25114 20.5886 25.6522 10.2195 29.8246 24.5609 34.5584 18.9979 31.4789 25.7614 34.8763 4.29459 24.4905 25.5947 22.8819 8.7835 35.5949 20.0687 31.8179 31.8616 29.8448 10.1986 30.695 24.0087 9.37362 23.8115 29.2428 15.7212 32.5442 21.5626 22.8206 
16.8385 33.3199 39.417 0.780029 36.6081 18.838 42.9071 42.2324 8.84421 22.313 7.0888 1.53565 30.8565 0 13.1154 22.0371 28.7682 7.18756 18.8567 28.0873 18.6759 13.2561 8.30153 18.6124 37.1912 25.0024 34.6104 3.28133 15.8272 13.2522 31.1857 18.4662 34.5121 18.6268 27.6753 27.1006 29.7954 22.2863 19.6651 34.5099 25.9574 9.6324 18.9492 20.376 23.935 13.0482 30.6447 29.3398 32.0193 36.9126 30.1707 32.3416 19.7043 33.7954 20.6455 19.4777 23.6523 17.1158 21.6023 38.9041 36.6366 11.6596 30.9605 24.734 10.5358 23.4006 30.8465 29.405 35.398 19.9644 33.4979 9.1586 27.5475 32.1279 37.5359 36.1453 36.557 34.7425 20.3301 24.2643 20.8995 22.8647 20.1374 23.5604 15.518 10.7118 10.5281 16.5828 43.5341 20.152 11.1566 17.2329 17.2196 20.6254 26.3846 7.33187 6.43188 33.2254 19.8155 28.0638 7.92987 25.1615 30.6465 17.8499 6.7019 13.9177 46.8544 29.7235 34.8211 28.4996 27.0503 27.7012 25.2709 2.65674 34.397 6.34364 29.8044 32.2853 24.5945 27.2648 28.0502 33.9714 8.75578 47.2371 38.8836 19.3883 28.6467 30.9953 30.5777 20.6323 20.7594 35.2264 11.8372 16.9933 9.72121 38.7733 36.1548 4.10397 25.5755 30.1119 9.87964 17.2863 32.9883 35.0736 44.2552 35.1112 10.2067 28.0662 46.1917 35.9293 5.54272 36.2717 21.0262 29.6003 26.8642 26.5564 29.1761 13.2431 35.2481 16.8227 24.5726 15.9212 37.0635 34.8667 26.8943 13.3677 27.849 7.92658 6.17397 17.9201 35.4923 14.8729 35.079 30.2872 6.69015 15.0558 29.9027 11.9244 13.1952 9.83991 25.4838 27.8962 6.589 17.187 27.0254 23.9668 31.2107 11.6264 23.644 16.2031 7.63505 37.1756 9.35824 41.7347 21.7398 36.1263 36.9033 19.6419 11.5782 27.1991 40.7322 
6.26248 20.3327 27.5701 12.3506 23.5013 13.8326 30.4228 29.8209 8.25887 14.9401 6.27678 13.1772 21.3022 13.1154 0 20.1244 16.7166 14.7877 14.758 20.4163 8.63506 2.76193 6.78209 6.80609 26.5665 20.7757 25.9822 16.1979 7.20731 14.2076 19.2163 11.5539 21.444 18.5598 21.7527 14.7783 25.4363 13.1917 17.7262 23.3318 16.7311 11.3894 9.22469 12.9812 18.7552 0.630397 18.7018 23.6402 22.856 24.2895 25.9452 23.6777 17.2844 23.7216 7.96136 17.4217 11.3538 5.70595 9.51132 27.3834 25.8716 7.70905 19.1232 11.6769 14.2074 10.5128 19.202 16.2901 22.7239 12.8217 25.8721 8.85827 15.5924 24.1427 27.057 26.1972 27.7331 24.5569 11.7203 11.8819 8.30803 10.7611 8.27661 10.5505 6.29654 2.72264 11.2783 13.9711 31.0558 11.2976 14.7608 11.2783 16.2126 18.8217 13.2692 8.38606 6.93404 23.8495 7.04531 17.0168 8.28848 13.549 24.724 4.93151 11.3546 1.18416 34.2107 17.6645 21.9024 20.7341 16.731 14.7175 14.9633 12.5573 25.2647 17.3228 18.5951 26.3399 17.6834 14.3152 15.0826 20.8566 6.5168 34.3809 26.0149 6.77019 20.7475 24.8857 22.6121 14.326 20.1461 25.1234 7.91208 7.42177 4.85519 25.6772 26.3631 9.01497 13.3932 17.1382 3.24251 10.5798 20.5496 25.733 31.9381 22.3796 3.42397 18.7705 33.5541 25.6071 16.3113 27.6538 14.1453 22.8391 19.3016 13.8998 16.8481 0.532431 22.1363 3.72675 11.6494 4.87878 24.2858 21.7547 16.0677 11.4656 17.4439 14.4095 16.7508 6.96529 24.1662 1.78088 22.3552 24.7893 9.16585 4.72594 20.6263 6.45025 10.3548 4.62614 17.9622 17.44 7.3391 7.02076 14.4472 12.8828 21.9766 3.87359 15.1275 11.4424 8.92281 25.3122 9.46959 28.6204 12.1302 23.1476 24.5713 6.92042 11.2459 14.3887 27.6172 
15.5082 33.191 27.777 21.8494 32.8455 33.7975 33.0115 32.1285 14.5881 35.029 18.7261 23.4162 16.1235 22.0371 20.1244 0 21.0662 28.6085 5.56451 11.1453 28.4987 22.8234 23.6233 25.9477 22.8018 4.40352 17.0346 24.584 13.4577 8.79129 35.8209 9.64647 33.2387 3.83987 8.21299 31.3806 8.20336 12.1757 2.52439 22.1662 36.2783 28.3179 29.1341 9.55306 5.47979 20.7267 21.8152 9.05806 42.0817 38.4196 8.46482 15.4411 2.845 42.2691 19.7711 2.79483 28.741 25.3687 18.2486 26.3912 43.5814 13.0264 35.9861 26.1783 30.5984 26.4747 36.3773 27.8722 27.9759 32.9455 14.6689 26.1532 32.7779 43.8398 22.744 44.6939 46.9258 20.0167 31.7367 28.9729 19.526 28.628 17.438 25.8358 26.4209 20.9993 28.7559 33.3422 33.5096 11.956 11.2413 31.2837 4.83391 1.4421 25.9648 24.4208 21.3686 17.3311 24.6161 17.8982 24.8091 31.5881 10.3118 22.9247 26.38 21.1502 37.1549 34.3223 34.9631 40.6047 15.7555 28.9 15.0726 19.4101 17.7292 28.3543 36.4499 11.6698 37.7713 28.8307 29.2791 31.223 23.7421 38.7832 31.8546 24.8026 11.8283 10.797 42.3654 34.4421 2.16925 43.5541 26.8653 14.05 22.777 34.277 20.2696 20.4418 19.8829 26.1522 20.0036 30.654 35.8421 18.6064 33.4292 36.3451 21.4141 38.1571 36.5491 21.1795 27.5798 46.9591 8.54426 10.6197 10.3824 29.7891 22.2588 19.6344 31.9888 21.4883 22.4768 16.4761 29.8243 32.4751 16.8326 30.2797 16.2995 28.9827 28.2111 26.6592 23.2623 20.7971 36.3588 9.57303 24.6238 24.8349 39.9121 13.9941 29.3732 22.6218 37.9641 16.4354 17.822 26.9955 30.4546 16.397 41.2096 16.558 35.0116 31.2195 25.1519 26.0878 26.7611 37.9643 13.102 35.559 39.6188 19.6363 29.2901 29.5896 36.7458 
11.9578 13.4695 10.8538 28.0844 11.8406 26.7893 14.2181 13.5013 20.7502 25.2617 21.7481 29.2372 8.90597 28.7682 16.7166 21.0662 0 31.5002 16.7958 12.3341 19.356 18.4049 23.4953 16.3457 10.8796 18.1906 13.7194 32.0383 13.4075 22.1664 18.6572 13.3031 12.9412 22.5905 15.9792 15.4501 20.4098 9.20321 20.1234 7.19742 23.7668 27.8835 19.9197 12.1948 16.0268 17.1154 2 17.293 27.7063 18.7667 20.9204 12.0922 19.4005 26.5477 8.8667 19.8859 14.9187 17.1608 7.26293 10.7519 26.4774 18.0702 19.0739 10.5604 30.6878 12.2477 19.7471 8.63761 7.3035 24.3386 15.3997 25.4199 17.0861 30.5293 11.523 28.5818 31.8813 9.85744 22.1966 14.6532 8.46757 15.5167 8.66694 11.3074 19.8421 19.427 27.6048 28.4217 14.8356 10.4654 24.5538 24.5535 20.7399 20.6739 8.67407 25.1026 23.3463 10.8412 13.7118 3.58582 24.9902 17.4649 17.5471 14.0603 28.0711 16.5552 18.291 17.5662 15.0943 28.4243 5.65537 11.4426 5.99363 27.3213 12.2969 33.8272 20.6861 18.511 27.463 11.7241 11.6743 10.5738 23.213 19.1146 11.2135 14.3353 12.0326 17.3375 29.4515 25.9963 22.6596 27.473 23.7992 12.0889 21.5473 13.2118 11.9933 24.8356 3.32524 5.8153 19.645 23.5932 17.4086 12.2727 15.4893 16.8386 20.1359 24.8257 17.6282 10.4927 32.8119 32.1727 12.8186 15.0904 12.1512 13.6776 1.29144 16.3534 11.1196 13.9487 6.47609 12.8592 9.17245 11.8246 4.33008 26.9552 5.45842 31.1208 33.2978 17.8288 7.78621 15.4129 16.8751 18.2682 25.8772 18.5694 26.0158 17.2824 25.8003 21.3206 26.914 5.31997 22.1945 18.9253 14.1996 5.36213 26.9805 17.1434 23.9521 25.4826 25.6293 8.59565 25.991 16.8982 8.73013 15.2877 20.4455 9.8832 27.3152 12.8351 15.6796 
20.2473 33.1226 42.3538 7.05961 37.3243 14.2455 45.1192 44.5452 14.3538 18.3262 10.8496 5.65198 35.2496 7.18756 14.7877 28.6085 31.5002 0 24.7786 33.2385 16.8295 13.5209 8.03595 17.9748 41.053 31.1414 39.4912 6.75527 19.983 19.951 29.4957 23.4954 34.5901 25.4185 33.4117 26.043 36.0139 26.6798 26.1467 37.9792 22.5782 5.05026 16.8534 25.3527 29.7825 14.4211 33.4808 35.1819 28.1634 35.8315 36.4296 37.1734 26.0836 30.4175 22.7285 25.9266 22.8326 16.4972 24.2672 42.1274 33.6271 16.7822 29.1471 25.1208 4.09414 23.4246 28.8535 30.1271 37.3647 16.2255 38.7708 6.6506 26.0596 27.6213 41.4916 32.5771 32.2919 38.8483 17.3194 23.487 23.0885 21.9172 22.9582 23.8573 14.0708 12.0732 5.93905 11.344 45.7525 24.5506 18.1499 13.4759 23.78 27.1716 27.1572 6.41246 8.49329 37.7411 19.961 31.5681 6.60348 23.5393 36.4482 18.4498 3.45355 15.0726 48.8095 28.208 34.3889 24.1052 30.9766 27.7046 29.1674 9.73365 39.0455 3.96869 27.4916 38.1101 20.109 27.1987 27.9938 34.5911 8.36229 48.7829 40.4613 19.3885 33.7234 36.746 26.1489 16.3555 27.5288 31.8011 9.32344 20.8733 10.0097 39.5585 40.4924 8.30479 28.1788 31.5404 11.954 13.9085 31.7721 39.6301 46.6832 34.2746 11.3651 24.5488 48.1597 39.9668 3.40659 31.9049 26.2177 35.111 32.0252 25.9783 31.6281 15.148 35.9171 17.9462 26.2212 19.0236 38.8402 35.2852 30.5224 8.78965 31.7412 1.08186 3.3044 16.816 38.8574 16.2111 34.2292 36.208 5.62301 14.3982 26.2425 16.5505 9.22496 10.2299 21.2143 31.76 11.2409 15.7675 26.3035 27.3844 27.4434 15.1809 20.1008 12.1185 5.95804 40.0948 6.30198 42.0843 25.8795 35.823 35.3991 21.6893 6.99542 26.8406 41.2168 
9.94428 28.1093 25.0091 18.5061 28.2882 28.5459 29.8715 29.0233 10.4248 29.5826 14.2616 20.0603 13.9881 18.8567 14.758 5.56451 16.7958 24.7786 0 9.88657 23.002 17.4963 18.9139 20.4025 20.8833 6.4209 16.5184 21.7885 7.91116 6.79864 30.3718 4.18016 28.304 5.82064 8.82812 25.8972 11.3044 7.59316 3.61002 19.3964 30.7284 23.7918 23.6431 4.62323 5.07831 15.3739 17.8906 10.4878 36.5175 33.2574 11.753 14.4417 2.94206 36.7179 14.322 3.31768 23.1988 19.863 12.9571 23.8757 38.0814 8.24271 30.5178 20.7689 26.2599 20.9759 30.8884 22.8147 24.0055 27.5472 14.9192 21.4762 27.2685 38.2936 21.0002 39.1477 41.3613 18.1185 26.2641 23.444 14.1051 23.0713 12.024 20.3654 21.0371 15.8966 24.1232 28.3082 30.4212 6.78581 9.65972 26.0068 4.01868 4.50817 20.7124 19.9069 16.9094 15.8668 19.0525 14.0732 20.2236 26.0355 11.7906 17.3658 22.1769 15.7348 34.0662 28.8583 29.8885 35.0828 12.1073 23.578 10.9597 16.4023 16.7068 25.1657 30.9195 13.4336 32.3204 23.4762 23.9635 26.4484 18.971 35.3958 27.9323 19.2384 10.5423 12.1397 36.8259 29.078 6.33199 38.0096 21.8656 8.48858 17.8365 29.894 18.942 16.4738 15.0821 21.3912 15.0065 25.334 30.515 17.5121 30.5788 31.1762 16.3803 32.5978 33.4301 19.3489 24.2901 41.395 4.05535 10.8647 8.73853 24.3382 17.8799 14.2521 27.32 15.9379 17.272 10.9221 25.8818 27.6818 12.8724 25.3683 12.8029 24.9989 24.9114 21.1487 20.5074 15.315 31.1854 11.4633 20.2341 19.429 34.3492 8.96571 24.3981 17.6611 32.4751 12.9194 13.5904 21.5276 25.003 11.6906 35.6456 11.3886 29.5003 26.0395 20.6405 23.0699 22.1068 33.5385 8.23427 30.5847 34.3574 14.1283 24.544 24.1892 32.3311 
14.1778 25.7394 16.7843 27.6294 23.8925 33.7177 22.1653 21.2704 19.2758 33.5627 22.3895 29.1248 5.08737 28.0873 20.4163 11.1453 12.3341 33.2385 9.88657 0 26.9039 23.0475 26.2614 23.8378 11.6581 7.04748 6.64555 31.1906 13.5297 16.6821 30.2006 9.75026 25.2752 14.1736 3.81309 26.3272 8.09593 7.30919 11.5354 11.2773 33.3847 31.247 27.5588 7.88698 5.76118 21.0273 12.3109 4.95891 38.3251 31.062 8.59733 4.57317 10.9459 37.706 15.709 11.4522 24.6766 23.925 13.4732 15.3141 38.1582 16.5653 30.528 20.9115 33.9557 21.9793 31.1054 20.6651 18.1391 31.974 5.54713 28.7412 27.9308 40.7496 11.6197 39.9332 42.871 8.87139 30.1916 24.6583 15.2877 24.9362 13.6248 21.1089 25.9666 22.4847 31.3521 34.3189 22.6259 9.12168 19.5452 31.1849 13.396 11.4836 19.7768 27.5742 24.8512 6.23487 21.6381 8.74875 27.7407 27.5611 5.33324 20.7592 30.2387 20.9856 26.2399 28.9081 27.4007 38.0614 6.7685 22.8293 7.36027 25.814 6.86909 34.2362 31.7052 6.58863 36.1464 22.9588 23.1423 22.8858 26.1813 28.0513 21.8085 22.083 0.693498 5.22735 39.4629 33.6449 13.2347 38.7925 28.3053 13.0158 24.7193 24.9094 9.25856 25.1046 12.7563 18.1127 21.9907 30.3358 29.3862 7.70662 22.4234 29.0965 23.1298 34.8813 25.656 10.0385 33.2978 43.0628 7.075 2.89303 1.22389 24.5423 13.6251 19.8908 23.3366 19.7626 16.471 15.5604 19.8721 24.1278 8.19986 31.8745 6.8761 33.2617 33.8969 25.0412 12.3361 20.1203 29.1288 5.96136 28.0965 24.355 36.3732 16.6881 30.7703 24.5043 35.9452 7.01532 22.0942 25.8164 25.1653 9.83159 37.5156 18.3248 32.8505 31.6338 28.2728 15.2683 29.3864 28.5735 8.49982 27.6216 32.6642 16.1815 31.5048 23.9649 27.3656 
13.3778 16.6176 29.4481 17.9179 21.4535 7.43628 30.8157 30.4256 16.5955 6.7126 13.4773 18.0702 26.4177 18.6759 8.63506 28.4987 19.356 16.8295 23.002 26.9039 0 6.39155 10.3844 3.12452 30.2009 28.6314 31.4442 21.0604 15.1196 22.8195 12.7433 19.3481 18.2404 27.1576 28.9748 9.26226 33.0314 19.6687 26.1765 26.5522 8.13002 11.8703 0.659855 20.3983 26.4449 8.12213 21.2565 30.8393 14.3145 19.0024 33.5619 29.2776 25.6859 15.4888 11.4489 25.8677 6.3074 3.14545 13.7334 29.7981 18.0573 16.343 12.4437 9.80465 14.1172 7.85027 12.2468 14.6868 23.1392 5.1273 31.9929 10.3617 9.23748 15.5092 30.818 17.9345 19.1687 28.8097 3.32497 6.95097 11.9039 5.3535 13.3021 8.62678 3.16744 9.13289 11.1221 9.42137 31.4294 18.2501 23.1717 5.34948 24.7949 27.2533 12.1231 11.5923 12.4864 28.8928 5.67647 21.1291 11.0727 6.72603 31.7708 6.14554 13.7891 7.49127 33.9906 11.3995 17.7281 12.1364 21.6802 11.6062 20.189 19.1592 30.3976 20.4915 11.1299 33.2922 9.39874 11.0647 11.8143 18.7373 9.92782 33.4483 25.4728 5.0862 27.0767 31.8422 13.9833 6.81611 28.6763 16.919 7.52816 14.8261 9.09138 23.6774 30.8575 15.1082 16.3939 16.9865 10.3688 4.38854 14.9427 30.6644 32.6434 17.4778 9.24336 10.2091 33.3806 29.6395 19.6151 19.0603 21.6321 29.6177 25.9455 9.45656 18.8937 9.05178 20.055 7.27776 12.9104 12.1802 24.2218 19.2014 20.5812 9.07288 22.2106 15.9754 19.8147 1.89258 27.1119 7.70367 17.4299 32.0072 12.4062 4.12054 12.0844 15.0834 8.11596 9.02804 9.47391 22.1553 14.7886 1.66842 9.67088 17.6678 13.4409 12.5026 6.52633 6.53858 11.5808 27.329 10.5771 25.7635 18.4358 19.2036 18.618 10.7918 10.2951 10.4508 25.0177 
