100
16.9946 17.7239 0.54061 0
11.8077 13.9917 1.16668 0
12.6867 16.6021 1.91948 0
9.78974 11.9855 1.85316 0
15.2562 15.8231 0.897016 0
13.4153 19.119 23.3419 0
18.8361 21.471 1.00685 1
2.4922 7.1402 27.8233 0
12.7622 18.7563 5.17619 0
7.2905 14.145 1.90826 1
5.31138 14.4124 2.09771 0
8.71672 21.6289 0.500361 0
5.66842 6.17256 1.41207 0
3.33854 9.10915 1.90596 0
7.81447 19.8146 0.950259 0
2.70537 15.084 1.27695 1
5.77367 10.2855 2.08639 0
9.76906 12.8116 19.6028 1
2.17536 23.9533 1.41475 0
1.54764 13.5428 0.447911 0
11.4273 18.3487 1.57128 0
18.5172 21.2129 1.76932 0
13.6902 15.849 1.42126 0
6.20362 6.73134 0.500656 0
6.9829 19.3813 1.00787 0
10.2219 22.926 1.77635 1
0.336461 5.64438 1.52695 1
6.39448 14.7473 1.46242 0
18.0739 22.0957 1.04378 1
5.01221 8.8119 0.323461 0
12.118 22.1343 0.328342 0
4.0948 5.16705 1.12238 0
15.5757 20.555 19.6578 0
1.5775 10.9302 0.306742 0
0.687378 8.29515 13.2383 0
10.3987 12.2603 1.97868 0
5.4723 21.5072 0.816203 0
11.7096 19.519 1.23273 1
10.5165 15.2949 1.25035 0
12.5147 23.0856 1.86793 0
11.1999 22.3415 1.96903 0
1.28157 8.03743 1.93982 0
8.39059 21.9229 1.21229 0
14.6977 15.9061 1.88933 0
13.2384 15.588 1.72243 0
1.64266 5.95837 1.16798 0
6.78401 6.93976 1.54619 0
7.2925 13.5593 0.929931 0
12.4959 20.484 0.496084 0
7.73541 13.1682 0.218717 0
17.6771 21.2984 1.76888 0
13.7019 18.4292 1.13742 1
0.0178069 2.83512 5.58231 0
16.2676 16.3274 1.59642 0
5.76538 20.1909 0.366963 0
18.4046 20.6878 12.1009 1
0.78352 23.9197 0.817338 0
16.4357 17.953 1.80145 0
16.3406 19.9084 1.99067 0
17.5551 19.7125 2.15796 0
13.79 14.4038 1.55375 0
9.86151 23.6 1.39871 0
14.0442 23.5157 1.60887 0
7.33426 16.8657 0.395421 0
3.4466 12.3148 1.19144 0
12.9948 16.5731 2.1424 1
7.97855 21.1945 0.907474 0
13.6862 16.817 1.08691 0
5.24428 20.5509 0.406595 0
6.99659 17.6943 0.559216 1
16.0785 22.8917 2.14652 0
14.0544 19.3652 1.1098 0
6.02838 12.8179 1.87249 1
12.9383 13.2155 1.62121 0
1.74991 20.7296 0.672552 1
6.91438 23.7127 1.0758 0
3.40509 11.8383 1.62297 0
13.8472 20.6495 1.93875 0
12.7192 21.7826 1.10032 0
5.87092 14.3819 0.980973 0
11.6068 23.7554 1.18268 0
7.74233 14.0248 0.426778 0
12.7389 21.1217 0.261734 0
5.61582 18.8107 1.95363 0
4.75636 13.6064 1.55698 0
1.49155 8.69458 23.6387 0
0.948442 17.3072 1.15933 0
17.0386 21.8682 1.44474 0
10.8515 20.0445 1.17486 0
4.20713 18.8803 1.57385 1
10.6656 21.7858 1.53806 0
17.264 21.3574 2.15162 0
9.82314 17.6325 2.54535 1
2.78364 5.40467 1.33437 0
14.1293 22.6801 12.3103 0
0.719215 6.58965 2.2278 0
10.6549 17.9609 0.901392 0
13.4162 18.1357 2.12394 0
0.360802 15.6041 2.22222 0
0.249024 8.47308 0.828191 0
400 50 500
0.025 0.0125 10000 3000 15 1e+06 300000 6 9
0 43.1294 44.7112 19.9907 37.2012 33.5544 26.1235 20.5563 28.8959 39.7728 33.461 29.9877 35.3519 20.6463 37.6132 37.19 32.6163 16.1502 23.2152 49.0917 37.2538 24.0947 34.8016 30.4422 50.3342 45.6023 3.04158 6.7433 49.5236 13.5277 48.1681 42.9322 42.9395 30.2512 39.1062 39.7966 10.6402 53.5254 42.4415 19.1532 15.3869 49.0002 33.045 35.329 33.8507 43.4579 25.4107 19.1157 11.1547 46.9723 31.8227 42.8004 32.3751 43.0794 8.67249 28.2626 36.1397 23.9653 28.3967 28.914 44.9966 14.5518 27.9218 55.1231 13.6473 24.2721 55.5752 34.1685 39.4902 13.8768 41.9947 20.2336 37.2652 26.1001 27.9507 46.8097 20.4153 49.7807 15.0876 23.6614 55.109 52.9062 48.459 32.7064 29.4437 18.7595 14.8933 32.8505 42.6136 38.9756 49.1385 61.7362 22.2074 11.0908 39.6738 15.475 35.1514 31.0894 20.8231 48.6708 55.294 
43.1294 0 23.1589 51.1667 53.3645 29.6228 17.7976 24.5645 47.6638 34.9414 11.9542 43.2691 25.3374 58.7196 23.4019 40.1247 42.1537 49.1539 46.9146 56.796 6.40981 59.8438 45.8509 17.7115 32.8493 23.7166 42.4392 48.184 27.2621 31.0626 36.0936 36.5693 27.7888 16.6343 54.7686 22.1045 35.904 46.9843 40.5269 30.0674 34.7539 8.62081 17.5641 48.6888 18.9595 23.1452 24.1981 46.8431 32.6036 46.8817 11.5969 17.1045 11.633 52.6195 50.5209 31.1983 10.8164 61.5281 15.1091 21.5752 48.5304 33.0022 58.7126 32.2805 51.1188 34.4868 59.5513 9.58336 4.401 32.9688 19.7355 33.2072 22.7062 65.2071 26.3888 27.2928 45.8576 33.836 54.0307 19.4831 40.3318 41.1358 13.0751 58.2891 35.3571 25.6158 47.624 42.2937 42.6431 52.2476 14.0506 23.5982 34.2646 33.0643 7.94294 33.5939 53.543 40.2389 23.5422 25.2037 28.6554 
44.7112 23.1589 0 42.7913 36.7878 14.0812 22.5517 24.9431 34.1087 14.8714 17.4641 28.7627 10.0982 52.464 7.28525 21.6894 26.2014 42.5098 36.2281 36.287 20.3608 51.8083 29.1479 15.8878 9.81527 0.930377 42.5914 46.9288 5.33976 38.1279 13.1096 15.1592 5.75664 16.9278 37.6427 4.91489 34.3401 24.0572 19.7481 25.7591 44.2757 18.862 35.927 32.1307 11.4874 1.31096 19.3258 38.3278 38.0256 25.3884 21.5749 6.06616 19.9084 33.4374 49.0185 47.1081 15.5092 54.3788 22.4582 15.9889 27.9348 30.3668 48.0186 11.376 46.3527 24.1441 37.7199 26.1058 20.3486 41.2455 3.91944 45.2695 7.49906 58.634 42.3415 4.17603 36.5827 10.6899 49.4229 27.6097 17.3079 17.9818 13.1004 44.9726 21.4371 34.5728 41.4513 26.2278 22.0606 34.6737 12.7438 21.4882 25.3887 33.8003 29.5351 29.8203 37.9369 25.0409 25.3662 3.99203 10.5861 
19.9907 51.1667 42.7913 0 19.4412 28.8028 33.7213 26.9406 12.7157 31.7791 39.3868 16.813 32.7863 10.0981 35.7798 26.2329 20.2275 3.84123 7.36088 32.3971 44.7574 9.08846 20.3935 34.1235 44.5072 43.4744 17.338 14.8575 46.1732 29.8111 40.4724 34.3363 38.7228 34.8454 21.1497 38.4206 17.3609 41.8605 31.7921 21.0994 34.1878 54.2338 47.2172 19.4478 35.2288 41.4988 27.4063 4.53754 27.1701 33.9996 39.868 43.6571 39.5574 26.7868 14.9546 46.468 41.2971 11.5984 36.5317 30.7353 30.8914 18.761 8.52623 50.4841 7.9682 18.7606 39.305 44.362 46.8399 31.7148 41.6526 38.8571 35.8403 15.8896 44.879 43.1094 6.21742 43.4019 9.65811 34.3252 46.7706 43.7299 51.4393 12.7626 21.7256 33.2108 5.21535 20.3838 30.9249 22.0382 51.7856 63.4913 17.9424 21.1925 50.6511 17.8146 16.9258 19.9204 28.2454 46.1577 52.3823 
37.2012 53.3645 36.7878 19.4412 0 24.2501 39.0967 33.7687 8.44604 22.162 41.7868 10.4359 28.9421 27.9004 31.6838 15.1564 11.2534 22.602 14.0049 13.0405 47.4812 24.4708 7.73955 35.9422 34.1175 37.1143 34.1918 33.5532 38.0471 42.8237 28.847 23.1636 31.2715 37.2668 1.92921 34.0289 30.0113 25.8456 18.8727 27.6185 48.6774 53.3228 55.7375 4.7563 34.5254 35.7415 30.3398 18.3002 40.5826 17.7207 44.0626 40.262 43.0518 7.95305 34.1 59.2513 42.5482 27.6243 41.5934 32.0536 13.8682 28.681 17.5301 40.3876 27.3384 20.1888 19.9844 49.616 49.0553 45.5952 37.5033 52.7258 32.1472 31.5358 56.3689 35.2016 16.7999 32.63 29.0384 42.0525 33.4624 29.983 48.7413 11.0491 18.0276 44.1664 23.1851 11.1358 16.9419 3.21984 48.7117 58.1471 21.4328 33.3402 55.7081 27.1294 2.69169 13.1262 35.3427 38.8876 43.7483 
33.5544 29.6228 14.0812 28.8028 24.2501 0 18.9624 17.1255 20.2938 7.44127 18.821 15.0777 4.72148 38.6138 7.63356 10.5721 13.0551 28.7817 22.1479 27.5103 24.2235 37.7743 16.54 13.4379 16.9177 14.7134 31.0069 34.5046 17.4548 30.5861 14.7572 10.4754 10.0834 14.9624 25.4651 10.1916 22.9191 22.3893 12.4607 14.6802 37.2019 29.0748 35.8839 19.4955 10.6931 12.8186 10.9544 24.3914 29.5877 18.8979 22.019 16.2343 20.6414 23.0184 36.4056 43.6812 18.9288 40.4012 20.6272 10.1524 19.5561 19.0913 33.9671 22.2796 32.9157 10.4762 31.2489 27.7195 25.4834 33.8822 13.6707 39.5695 7.99 44.6825 39.5486 14.4191 22.5855 16.2522 35.934 23.5682 21.6954 19.8823 24.6787 31.2718 7.38554 28.8609 27.8516 13.1463 14.0886 22.7783 24.7452 35.328 12.0895 23.609 33.2185 18.0794 24.9074 11.4843 18.3043 17.3551 23.6553 
26.1235 17.7976 22.5517 33.7213 39.0967 18.9624 0 6.82137 32.128 26.2395 7.38665 28.6609 16.9266 40.9413 17.307 28.7686 28.5902 31.4846 30.2437 45.6077 11.4989 42.2057 32.3348 6.79284 31.1133 23.4728 25.038 30.6344 27.889 16.2001 31.5902 29.0003 23.6314 5.62393 40.7686 18.252 18.1245 40.9349 31.4226 12.8188 21.9165 22.8869 17.1291 34.7852 11.3314 21.595 8.91279 29.5542 16.7814 37.833 6.22578 18.5592 6.34735 40.4013 32.9675 25.2797 10.1473 43.7889 2.81126 8.86057 38.1457 15.2472 41.6034 33.9255 33.3216 18.9698 49.9911 10.8659 13.7216 19.0781 18.8922 22.7223 16.6156 47.4223 20.8453 26.0102 28.8033 31.2871 36.2359 5.11499 37.9071 37.1333 22.6476 42.0628 21.6934 12.0607 29.9257 28.787 32.976 38.749 23.4141 35.968 18.0973 15.4874 17.1822 15.9511 38.6728 26.4654 5.74734 26.3856 32.5313 
20.5563 24.5645 24.9431 26.9406 33.7687 17.1255 6.82137 0 26.2792 24.5304 13.427 23.4423 16.8595 34.1552 18.3668 25.415 23.9898 24.6632 23.815 41.6314 18.2055 35.3849 27.5961 9.89392 32.106 25.8664 19.032 24.365 30.08 13.6787 31.3878 27.6008 24.4261 9.73262 35.541 20.1268 11.5458 39.4827 29.0719 6.38844 20.219 29.0704 22.008 29.7533 13.6032 23.7771 6.3047 22.8381 13.1655 35.1473 13.0377 22.3517 12.9767 36.0695 26.675 27.0186 15.9081 36.9787 9.61733 8.99848 34.7984 8.43935 34.92 35.9818 26.5846 13.6785 46.6547 17.4571 20.3952 16.9532 21.8308 22.4475 17.85 40.6441 23.3209 27.6876 22.1956 31.9365 29.5355 8.30137 38.1498 36.7659 27.9779 35.7446 17.5112 11.8409 23.1054 24.2098 30.2424 33.8192 28.6265 41.2105 12.3463 9.49435 23.7723 9.14094 33.0483 21.8549 1.57402 28.9329 35.4552 
28.8959 47.6638 34.1087 12.7157 8.44604 20.2938 32.128 26.2792 0 20.9231 35.7866 5.38685 24.9262 22.4072 27.9116 14.4653 8.4916 15.1812 5.97527 20.4112 41.502 19.9536 7.74193 29.9608 33.7611 34.6223 25.8689 25.6792 36.4964 34.4935 29.1352 22.9773 29.1662 31.1287 10.3752 30.4854 21.5978 29.2945 19.7538 19.9473 40.2645 48.7577 48.2694 6.85202 29.4153 32.9101 23.7578 10.4085 32.2052 21.3324 37.5507 36.4588 36.7307 14.5123 26.4784 51.0378 36.9613 23.024 34.7739 26.0886 18.176 20.4776 14.4314 39.9811 20.1112 13.2937 27.1541 42.901 43.2755 37.2098 33.9612 44.3688 28.2086 27.2837 48.3279 33.4627 8.65734 32.4713 22.2759 34.5697 34.9594 31.7344 44.825 10.9989 13.0257 36.1029 15.4497 8.57143 18.5827 10.1112 44.9551 55.545 14.0453 24.9976 49.1389 18.9537 6.95028 9.11994 27.8411 36.9047 42.5832 
39.7728 34.9414 14.8714 31.7791 22.162 7.44127 26.2395 24.5304 20.9231 0 25.1796 15.6121 9.96673 41.867 11.5408 7.02316 12.4631 32.5888 24.5364 22.0027 30.1801 40.2774 14.7516 20.2931 12.866 15.0892 37.0446 39.8759 15.9376 37.8764 8.8076 3.19277 9.18886 21.827 22.8803 13.1813 29.2686 14.9557 5.60475 21.5256 44.5022 32.8064 42.9498 17.6489 16.7539 13.9666 18.3943 27.7477 36.7491 12.0784 28.7318 19.2883 27.2383 18.6229 41.5712 51.1095 24.7365 43.1669 27.7104 17.3795 13.6455 25.6529 35.3374 19.059 37.1659 15.6066 24.726 34.3477 31.1094 41.1688 16.3666 46.9774 12.2371 47.4936 46.9383 13.0447 25.7518 11.6558 40.0292 30.9519 15.5473 13.1345 27.5498 31.2326 10.7176 36.2955 31.9594 12.4146 7.71212 19.8711 27.3528 36.019 17.6076 30.4431 39.4659 24.4516 23.5768 12.0247 25.7361 16.7262 21.8316 
33.461 11.9542 17.4641 39.3868 41.7868 18.821 7.38665 13.427 35.7866 25.1796 0 31.5439 15.213 47.3146 14.2653 29.3698 30.6844 37.5618 34.9663 46.3313 5.72153 48.1825 34.4341 5.85678 26.9209 18.3193 32.2581 37.7397 22.6898 23.3278 28.5843 27.4108 20.1063 4.68233 43.2742 14.1484 24.9725 38.8786 30.737 18.3359 28.6239 15.6598 18.6581 37.1828 8.42895 16.7959 12.2453 35.0073 24.1013 37.2445 4.11443 12.3856 2.44475 41.7077 40.0609 29.7469 2.80717 50.0069 5.76685 9.75641 38.3138 21.688 46.8033 28.6309 39.8816 22.5603 49.8348 9.25823 7.55554 26.0166 13.5547 28.72 13.5 53.8146 24.9279 21.4055 33.959 27.4274 42.8747 11.4284 34.1989 34.0659 15.3116 46.3497 23.7687 18.6731 36.0781 30.8424 32.6433 40.8893 16.1097 28.6157 22.3107 22.6683 14.3993 22.0838 41.8146 28.6894 12.7593 20.9239 26.5349 
29.9877 43.2691 28.7627 16.813 10.4359 15.0777 28.6609 23.4423 5.38685 15.6121 31.5439 0 19.7645 26.8485 22.7112 9.46347 3.41746 18.4734 9.46022 19.4919 37.2596 24.8405 4.86333 25.6872 28.4741 29.2616 26.9588 27.9015 31.1111 33.4135 23.9936 17.8192 23.7806 26.9645 12.133 25.2504 21.2083 25.2213 14.9836 17.4435 39.5934 43.8594 45.354 6.3507 24.6643 27.5768 19.9199 13.4342 31.378 17.6628 33.6785 31.3033 32.7111 13.5056 29.0749 49.4612 32.478 27.8216 31.1632 21.7877 15.1442 19.1479 19.7335 34.6655 23.3832 9.78897 25.6795 39.2026 38.9167 36.3785 28.74 43.3374 23.0488 32.1315 46.3377 28.0761 11.4032 27.2201 25.9101 31.695 30.0536 26.9462 39.7219 16.2304 8.03223 34.213 18.3098 3.57086 14.1626 10.4431 39.813 50.2229 11.1926 24.0978 45.3251 17.5776 10.2764 3.73615 25.0139 31.5213 37.2052 
35.3519 25.3374 10.0982 32.7863 28.9421 4.72148 16.9266 16.8595 24.9262 9.96673 15.213 19.7645 0 42.3866 3.03173 14.8344 17.7708 32.4172 26.4175 31.4825 20.2835 41.838 21.217 10.5345 15.3071 10.8614 33.0414 37.0884 14.3031 30.5325 14.7657 12.3192 7.67521 12.0467 30.1204 5.67402 24.7901 24.1095 15.5363 16.203 37.0298 24.3839 33.185 24.1859 6.78792 8.78888 10.62 28.2963 29.9336 22.0372 18.815 11.5409 17.2945 27.3362 39.1231 42.1706 14.8656 44.3534 18.0519 8.30076 23.2865 20.8236 38.3729 19.7717 36.2655 14.0719 34.6552 24.3969 21.338 33.7956 9.07455 38.8592 3.28519 48.5903 37.7714 11.4774 26.5971 15.0784 39.3319 21.9018 21.361 20.2764 19.9655 35.9202 11.9225 27.993 31.3531 17.8581 17.5002 27.3836 20.049 30.8907 15.2921 24.7662 29.5182 20.102 29.6284 16.1995 17.7178 13.7724 20.3356 
20.6463 58.7196 52.464 10.0981 27.9004 38.6138 40.9413 34.1552 22.4072 41.867 47.3146 26.8485 42.3866 0 45.3301 36.2962 30.2659 10.0456 17.4352 40.9049 52.3537 4.49867 30.1491 42.4849 54.5629 53.1834 19.1031 13.9404 56.0517 33.2835 50.5699 44.4342 48.6215 42.9939 29.3503 47.9481 23.0471 51.7002 41.8304 29.1045 36.0307 62.6452 52.2536 28.8411 44.1683 51.1603 35.8896 14.2555 30.64 43.7213 47.1664 52.8866 47.1184 35.6926 12.4637 48.8922 49.4893 3.31932 43.691 39.4202 40.4243 25.7198 11.4197 60.4964 7.82054 28.3201 47.8467 51.0388 54.5281 34.3073 51.0649 40.8775 45.3265 6.50007 48.2885 52.9981 16.1711 53.4769 5.56718 40.5093 56.856 53.7913 60.3524 18.4492 31.6954 37.7533 11.3457 30.4136 40.8807 30.8409 60.7753 72.7765 27.2003 26.452 57.1553 25.2308 25.2239 30.016 35.2218 55.9432 62.2594 
37.6132 23.4019 7.28525 35.7798 31.6838 7.63356 17.307 18.3668 27.9116 11.5408 14.2653 22.7112 3.03173 45.3301 0 17.211 20.594 35.3381 29.4469 33.4742 18.8343 44.8405 23.9447 10.5626 13.9161 8.1129 35.4156 39.664 11.9169 31.9066 14.4771 13.3282 6.32838 11.9485 32.7935 2.64695 27.1549 24.6137 17.126 18.5548 38.2792 21.7477 32.746 26.9317 6.14524 5.98011 12.3893 31.28 31.532 23.5148 18.1617 8.61785 16.5469 29.6445 41.7427 42.543 13.3904 47.3348 17.973 9.40807 25.1584 23.1773 41.4043 17.6712 39.103 17.0393 36.1904 23.5202 19.6249 35.12 6.05602 39.7736 0.765398 51.5608 37.9893 9.34034 29.5998 13.9914 42.1786 22.4056 20.6049 20.0178 17.0874 38.8982 14.93 28.9158 34.2418 20.668 19.2483 29.9912 17.124 27.8592 18.1746 26.8237 28.2133 22.5764 32.4696 19.1034 19.0188 11.1276 17.7514 
37.19 40.1247 21.6894 26.2329 15.1564 10.5721 28.7686 25.415 14.4653 7.02316 29.3698 9.46347 14.8344 36.2962 17.211 0 6.0606 27.6235 18.8723 16.9974 34.7955 34.2769 7.75676 23.8561 19.4983 21.9822 34.2689 36.1881 22.9552 37.733 14.6826 8.55562 16.1202 25.3545 15.9533 19.3195 27.2385 16.4453 5.61438 20.8491 44.2824 38.9396 45.8866 10.6275 21.2505 20.6889 20.0359 22.6107 36.1695 10.047 32.4335 25.569 31.1175 12.5034 37.6199 52.4314 29.4863 37.2766 30.7433 20.2943 9.4226 24.1633 28.8636 25.7772 32.4405 13.3452 21.3036 38.1464 36.0317 40.9454 22.7147 47.3661 17.7851 41.581 48.6603 20.0667 20.5653 18.1313 35.111 32.9179 20.5914 17.4974 33.9943 24.3583 8.25727 37.1744 27.262 5.93891 5.42636 12.9972 33.8838 42.9934 15.4338 29.2372 43.7568 22.727 16.5623 6.51309 26.8484 23.7376 28.7928 
32.6163 42.1537 26.2014 20.2275 11.2534 13.0551 28.5902 23.9898 8.4916 12.4631 30.6844 3.41746 17.7708 30.2659 20.594 6.0606 0 21.806 12.8709 17.8325 36.3479 28.2182 3.77124 24.8723 25.2763 26.6355 29.6157 30.9339 28.2017 34.9628 20.6669 14.4993 20.9907 26.2483 12.6163 23.0299 23.3168 21.9093 11.5665 18.4229 41.3155 42.1202 45.5717 6.5371 23.2784 25.0673 19.69 16.7682 33.0926 14.543 33.1723 29.2085 32.0705 12.0979 32.2053 50.588 31.3392 31.2161 30.9296 21.0171 12.3933 20.817 22.9229 31.509 26.6892 10.4794 23.5483 38.8086 37.8674 38.0389 26.5256 44.8303 21.0142 35.5205 47.2144 25.2027 14.7266 23.9799 29.2663 32.0695 26.6509 23.5304 37.6814 18.8828 6.972 35.2569 21.5696 0.24167 10.8032 10.2388 37.703 47.6883 12.2876 25.8838 44.7831 19.2728 11.8764 2.14121 25.5345 28.739 34.2236 
16.1502 49.1539 42.5098 3.84123 22.602 28.7817 31.4846 24.6632 15.1812 32.5888 37.5618 18.4734 32.4172 10.0456 35.3381 27.6235 21.806 0 9.28689 35.3815 42.7547 10.7267 22.5625 32.57 45.067 43.2464 13.5202 11.1599 46.2361 26.3175 41.3816 35.3429 38.8436 33.1482 24.3895 37.946 14.2994 43.694 33.2368 19.2474 30.4756 52.7456 44.1883 22.0323 34.1352 41.2027 25.9253 5.03976 23.6557 36.0526 37.6946 42.8413 37.5215 29.6112 11.5019 42.8706 39.6433 12.4674 34.2765 29.4202 33.1875 16.2719 12.0827 50.8681 4.95191 18.3843 42.2266 41.9117 44.8924 28.0858 41.0354 35.1823 35.3165 16.4523 41.4459 43.1989 7.07942 44.0651 7.49139 31.6308 47.9042 45.0148 50.3321 16.5913 22.1086 29.9815 1.64171 21.9906 32.609 24.9854 50.7447 62.7313 17.1786 18.0534 48.1456 15.5615 20.2026 21.1398 25.8578 46.0491 52.4328 
23.2152 46.9146 36.2281 7.36088 14.0049 22.1479 30.2437 23.815 5.97527 24.5364 34.9663 9.46022 26.4175 17.4352 29.4469 18.8723 12.8709 9.28689 0 26.3671 40.5718 15.799 13.2907 29.3477 37.3348 36.8568 20.2207 19.7196 39.2997 30.0574 33.174 27.0217 31.8462 30.2981 15.899 32.0915 16.973 34.5954 24.4329 17.472 35.443 49.0598 45.3991 12.8084 29.7178 34.9595 22.723 4.43322 27.6126 26.8361 36.1048 37.6622 35.5274 20.4867 20.5048 46.812 36.5438 18.6349 33.0148 25.6639 23.9056 16.7363 12.0894 43.3876 14.2377 12.8585 33.1283 41.1058 42.5205 32.5403 35.4459 39.7672 29.5966 22.9618 44.4942 36.2308 2.79988 36.1855 16.5717 31.8814 39.4208 36.3696 45.7439 11.9732 14.8501 32.3443 9.47697 13.0306 23.6011 16.0188 46.0006 57.3028 12.6786 20.6513 47.4256 15.3666 11.9551 12.5952 25.3015 39.4198 45.4939 
49.0917 56.796 36.287 32.3971 13.0405 27.5103 45.6077 41.6314 20.4112 22.0027 46.3313 19.4919 31.4825 40.9049 33.4742 16.9974 17.8325 35.3815 26.3671 0 51.6834 37.3387 14.6626 40.8533 30.3254 36.288 46.0504 46.0859 35.6635 52.748 24.8244 21.1281 30.5591 42.3517 11.5675 35.1795 40.6986 17.2925 16.6077 36.2467 59.0274 54.7445 62.7348 13.764 38.1077 35.5895 36.7544 30.7909 50.8019 11.2289 49.4307 41.2192 48.1115 6.02509 46.8168 68.3991 46.3148 40.471 47.6806 37.2722 8.3871 38.529 30.2196 36.0291 40.2141 28.3006 6.94548 55.1436 52.8178 55.7811 38.2881 62.6386 34.1364 44.2359 64.9369 33.4141 29.0673 28.7238 42.0324 49.5093 26.8984 23.479 49.3051 23.2819 24.1486 53.0621 35.8034 17.5976 14.3394 10.3962 49.0144 56.1222 30.1154 43.5412 60.7282 36.967 15.6915 19.906 43.1455 37.0935 40.2821 
37.2538 6.40981 20.3608 44.7574 47.4812 24.2235 11.4989 18.2055 41.502 30.1801 5.72153 37.2596 20.2835 52.3537 18.8343 34.7955 36.3479 42.7547 40.5718 51.6834 0 53.4389 40.0868 11.5755 30.157 21.0937 36.39 42.0661 25.1797 25.8068 32.591 32.1609 24.0746 10.3767 48.9512 18.1043 29.6221 43.2331 35.7805 23.6581 30.2092 12.1589 16.119 42.8597 13.5762 20.0062 17.8866 40.4392 27.0764 42.2504 5.43462 14.4885 5.23723 47.2119 44.4024 28.8239 5.45078 55.1419 8.91756 15.4745 43.5564 26.6341 52.3283 30.7975 44.7849 28.2603 54.9058 6.24879 2.24157 28.0523 16.5372 29.3777 18.0862 58.846 23.8973 24.5152 39.4708 30.9007 47.7183 13.8408 37.6208 37.9206 14.0034 52.0313 29.4557 20.5696 41.2302 36.5013 37.7819 46.5309 14.9623 26.6186 27.95 26.9142 9.40794 27.1978 47.5323 34.3713 17.2419 23.2186 27.9165 
24.0947 59.8438 51.8083 9.08846 24.4708 37.7743 42.2057 35.3849 19.9536 40.2774 48.1825 24.8405 41.838 4.49867 44.8405 34.2769 28.2182 10.7267 15.799 37.3387 53.4389 0 27.6018 43.0509 53.1093 52.4752 22.1911 17.568 55.0592 36.0895 48.818 42.6452 47.6028 43.7068 25.7788 47.4839 24.8572 49.0906 39.6813 29.8466 39.3716 63.2042 54.5969 25.9609 44.2912 50.5214 36.3516 13.6244 33.4171 40.9981 48.4109 52.7456 48.2111 32.383 16.4029 52.1408 50.1871 3.1599 45.0002 39.7424 37.5265 26.9985 7.27415 59.1833 10.5442 27.8396 44.2519 52.629 55.562 37.4096 50.732 44.2024 44.9128 7.33082 51.2199 51.9908 15.2411 51.9331 9.25748 42.2951 54.8555 51.6711 60.5078 14.4058 30.5835 40.2135 12.3154 28.3385 38.5315 27.5357 60.8628 72.5767 27.0233 28.5026 58.8505 26.2679 21.7793 28.2672 36.5845 55.1144 61.2614 
34.8016 45.8509 29.1479 20.3935 7.73955 16.54 32.3348 27.5961 7.74193 14.7516 34.4341 4.86333 21.217 30.1491 23.9447 7.75676 3.77124 22.5625 13.2907 14.6626 40.0868 27.6018 0 28.6311 27.1961 29.5096 31.7671 32.4742 30.6881 38.131 22.1998 16.1959 23.7191 30.0135 8.94168 26.2932 26.0573 21.5548 12.4199 21.8546 44.373 45.6008 49.2811 2.99753 26.9369 28.0742 23.4433 17.5883 36.1496 13.6075 36.9433 32.5234 35.8377 8.72143 33.5264 54.0003 35.0424 30.702 34.6916 24.7823 10.6338 23.8864 21.6354 33.4843 27.5138 13.9669 20.8206 42.5794 41.5819 41.1371 29.7712 48.0407 24.4118 34.9292 50.7333 27.7694 15.6297 25.7898 29.846 35.7354 27.5983 24.2746 41.0029 16.6703 10.7432 38.6959 22.5975 3.59784 10.9919 6.4687 40.9783 50.5742 15.6294 28.8823 48.5523 22.3207 8.83588 5.87134 29.1519 31.4074 36.5494 
30.4422 17.7115 15.8878 34.1235 35.9422 13.4379 6.79284 9.89392 29.9608 20.2931 5.85678 25.6872 10.5345 42.4849 10.5626 23.8561 24.8723 32.57 29.3477 40.8533 11.5755 43.0509 28.6311 0 24.3219 16.8157 28.8181 33.9469 21.206 22.3323 24.9597 22.8306 16.8707 1.53558 37.4441 11.4706 20.9752 34.6408 25.7178 13.3924 28.394 20.1757 22.6743 31.3542 4.53925 14.8765 6.72057 29.6696 22.4528 32.2192 8.58671 12.534 7.2781 36.0632 36.2185 31.9806 7.20931 45.0359 7.52522 3.89963 32.9904 17.3187 41.2897 27.2347 35.2843 16.7819 44.6726 14.296 13.3172 25.3973 12.3789 29.4675 9.85409 48.9686 27.4393 19.2378 28.4983 24.5149 38.3364 11.9078 31.1648 30.5095 18.2822 40.5887 17.9358 18.7026 31.1565 25.0351 27.4833 35.0944 18.8695 31.4037 16.6693 19.361 19.9887 17.4183 35.9579 22.8592 9.8874 19.7908 26.1039 
50.3342 32.8493 9.81527 44.5072 34.1175 16.9177 31.1133 32.106 33.7611 12.866 26.9209 28.4741 15.3071 54.5629 13.9161 19.4983 25.2763 45.067 37.3348 30.3254 30.157 53.1093 27.1961 24.3219 0 9.15891 47.8641 51.4133 6.07245 45.7394 5.53785 11.0092 7.68109 25.5993 34.4933 12.9514 39.6989 15.4294 15.296 31.2364 52.1634 27.709 45.5374 29.9265 19.7885 10.1933 25.9175 40.353 45.2259 19.1061 31.0255 15.8462 29.3542 28.9294 53.288 56.1977 25.1846 55.9683 31.479 23.2634 22.5039 35.792 48.1875 6.29006 49.4666 27.1967 30.2846 35.8023 30.16 48.9767 13.6289 53.6818 14.5531 60.2949 51.5344 5.64395 38.3971 1.6019 52.4154 36.2277 7.49987 8.67927 21.651 43.8497 22.9584 42.8295 44.3054 25.2113 17.4197 31.4243 21.0327 25.8866 28.9504 39.9872 39.35 34.8917 35.8625 24.8852 32.8619 8.03086 9.98513 
45.6023 23.7166 0.930377 43.4744 37.1143 14.7134 23.4728 25.8664 34.6223 15.0892 18.3193 29.2616 10.8614 53.1834 8.1129 21.9822 26.6355 43.2464 36.8568 36.288 21.0937 52.4752 29.5096 16.8157 9.15891 0 43.4682 47.7746 4.42729 39.0583 12.7566 15.1821 5.90436 17.8491 37.9284 5.80892 35.2138 23.6857 19.8114 26.6266 45.2048 19.1288 36.7361 32.483 12.4178 2.14797 20.2272 39.024 38.9532 25.3116 22.426 6.69056 20.7622 33.5806 49.8556 47.9895 16.3152 55.0675 23.3563 16.9065 27.9617 31.2389 48.6007 10.4599 47.127 24.8689 37.55 26.8933 21.0153 42.1757 4.76469 46.1884 8.36278 59.331 43.2145 3.58233 37.2614 10.1261 50.1931 28.5263 16.6585 17.4768 13.2645 45.4497 22.0375 35.4977 42.2045 26.6544 22.1283 34.9412 12.8431 21.0708 26.151 34.704 30.2146 30.6758 38.3189 25.5318 26.2947 3.07742 9.69172 
3.04158 42.4392 42.5914 17.338 34.1918 31.0069 25.038 19.032 25.8689 37.0446 32.2581 26.9588 33.0414 19.1031 35.4156 34.2689 29.6157 13.5202 20.2207 46.0504 36.39 22.1911 31.7671 28.8181 47.8641 43.4682 0 5.88959 47.2917 14.2416 45.5247 40.1871 40.5598 28.7624 36.1004 37.6808 8.26147 50.6405 39.5667 16.8648 17.2274 47.8954 33.5449 32.2881 31.977 41.3203 23.4037 16.1812 11.6443 44.0062 30.9621 40.9958 31.368 40.0378 8.18479 29.95 34.8598 22.4026 27.4754 26.988 41.9877 12.239 25.4794 52.798 11.6469 21.4802 52.5355 33.7724 38.6315 15.2393 40.0292 22.0364 35.108 24.9442 29.1854 44.5184 17.4218 47.2575 13.5642 23.1298 52.4529 50.177 47.0074 29.9685 26.6153 19.0493 12.1625 29.8489 39.6874 35.9419 47.6458 60.2139 19.4417 9.59206 39.5159 12.9821 32.1683 28.1174 19.5048 46.5224 53.1518 
6.7433 48.184 46.9288 14.8575 33.5532 34.5046 30.6344 24.365 25.6792 39.8759 37.7397 27.9015 37.0884 13.9404 39.664 36.1881 30.9339 11.1599 19.7196 46.0859 42.0661 17.568 32.4742 33.9469 51.4133 47.7746 5.88959 0 51.3896 19.9449 48.58 42.9187 44.3831 34.0271 35.3877 42.059 12.9764 52.6229 41.7003 21.264 22.1208 53.3994 39.3646 32.4511 36.7772 45.6339 28.1155 15.3056 17.4124 45.4761 36.6546 45.8281 36.9811 40.1828 2.33714 35.0028 40.2711 17.2557 33.1503 31.7662 43.0291 16.7877 22.0655 56.6703 7.45694 24.3482 52.8213 39.6204 44.305 20.5746 44.6375 26.9663 39.4339 19.3766 34.6397 48.5099 17.0371 50.6667 8.40989 28.9637 55.4198 52.8918 52.2213 27.5482 29.1864 24.8994 10.3726 31.151 41.5044 35.7324 52.8161 65.321 22.4856 15.1539 45.3973 17.1315 31.2468 29.7568 24.9944 50.7852 57.3946 
49.5236 27.2621 5.33976 46.1732 38.0471 17.4548 27.889 30.08 36.4964 15.9376 22.6898 31.1111 14.3031 56.0517 11.9169 22.9552 28.2017 46.2361 39.2997 35.6635 25.1797 55.0592 30.6881 21.206 6.07245 4.42729 47.2917 51.3896 0 43.3867 11.0093 15.1181 7.45636 22.2651 38.6556 9.956 39.0309 21.4629 19.7562 30.4278 49.5777 21.7068 40.9935 33.5826 16.764 6.34929 24.2731 41.8097 43.212 24.4594 26.786 10.6941 25.1282 33.6606 53.4132 52.3938 20.5942 57.7626 27.7802 21.0859 27.5579 35.0548 50.7496 6.03673 50.3165 27.8937 36.1105 31.1071 24.9162 46.5254 9.15799 50.6083 12.3146 62.0627 47.6061 3.06894 39.9626 7.47707 53.353 32.9494 13.2488 14.7506 15.6303 47.0756 24.4762 39.9015 45.2893 28.1841 22.0308 35.6059 14.9838 20.5215 29.3608 38.733 34.1174 34.389 39.5142 27.3882 30.575 2.06425 6.2097 
13.5277 31.0626 38.1279 29.8111 42.8237 30.5861 16.2001 13.6787 34.4935 37.8764 23.3278 33.4135 30.5325 33.2835 31.9066 37.733 34.9628 26.3175 30.0574 52.748 25.8068 36.0895 38.131 22.3323 45.7394 39.0583 14.2416 19.9449 43.3867 0 45.039 41.0124 38.0591 21.5451 44.7331 33.461 13.0856 52.7478 42.0151 16.884 6.62691 37.9469 19.5182 39.6467 26.6405 37.0388 19.9712 27.1479 2.67561 47.7374 20.6134 34.6738 21.6131 46.8524 22.0852 16.7946 26.135 36.5588 17.6292 22.5002 46.8195 14.2671 38.3237 49.3683 25.6363 24.6466 58.4362 21.6415 27.9545 3.29608 34.7101 9.92921 31.3423 39.1855 15.1555 41.1549 27.5583 45.6045 27.7791 12.0666 51.8241 50.3772 38.6116 41.4954 29.4889 5.53724 24.7215 35.2019 42.9048 43.6965 39.43 51.8631 22.702 9.4966 26.6325 15.8381 41.4099 32.9647 12.8881 42.0771 48.4361 
48.1681 36.0936 13.1096 40.4724 28.847 14.7572 31.5902 31.3878 29.1352 8.8076 28.5843 23.9936 14.7657 50.5699 14.4771 14.6826 20.6669 41.3816 33.174 24.8244 32.591 48.818 22.1998 24.9597 5.53785 12.7566 45.5247 48.58 11.0093 45.039 0 6.17447 8.52738 26.3908 29.1299 14.5268 37.5675 10.9481 9.97501 29.4359 51.6059 31.8788 47.1815 24.812 20.6201 12.9579 25.0831 36.5134 44.211 13.5964 32.5731 19.0381 30.934 23.4217 50.3174 56.8693 27.304 51.7616 32.4322 23.0661 16.9665 33.8035 43.5455 11.6239 45.9731 24.2413 25.1186 37.7734 32.9412 48.3265 16.3634 53.5977 15.2262 56.0829 52.3905 9.31602 34.5049 3.94414 48.8307 36.6241 6.94854 5.54986 25.9539 38.8624 19.4972 42.7414 40.7659 20.5715 11.9962 26.0661 25.4551 31.3166 26.1735 38.366 41.9717 32.7211 30.7073 20.5829 32.368 12.6814 15.5224 
42.9322 36.5693 15.1592 34.3363 23.1636 10.4754 29.0003 27.6008 22.9773 3.19277 27.4108 17.8192 12.3192 44.4342 13.3282 8.55562 14.4993 35.3429 27.0217 21.1281 32.1609 42.6452 16.1959 22.8306 11.0092 15.1821 40.1871 42.9187 15.1181 41.0124 6.17447 0 9.437 24.3524 23.6366 14.4915 32.4469 11.9699 4.67225 24.715 47.6358 33.7351 45.4988 18.9186 19.0071 14.4801 21.4088 30.4341 39.9165 10.3964 31.1153 20.2556 29.5703 18.5746 44.5743 54.0252 26.714 45.5941 30.3227 20.1555 12.7812 28.8434 37.3983 17.2992 39.9966 18.7225 23.0102 36.6489 32.9214 44.3067 17.335 50.0445 14.0748 49.9141 49.7841 12.5219 28.4141 9.59524 42.8136 33.8075 12.5886 9.99859 28.1943 32.861 13.7323 39.32 34.7841 14.4082 6.98219 20.572 27.8886 35.5825 20.7454 33.6351 41.5293 27.6352 24.8578 14.4266 28.7703 16.2627 20.6055 
42.9395 27.7888 5.75664 38.7228 31.2715 10.0834 23.6314 24.4261 29.1662 9.18886 20.1063 23.7806 7.67521 48.6215 6.32838 16.1202 20.9907 38.8436 31.8462 30.5591 24.0746 47.6028 23.7191 16.8707 7.68109 5.90436 40.5598 44.3831 7.45636 38.0591 8.52738 9.437 0 18.2238 32.0498 6.00079 32.3359 19.2346 13.9965 23.7903 44.4921 24.3538 38.7435 26.675 12.3904 5.05036 18.2543 34.3726 37.5539 19.7529 24.1332 10.9793 22.4814 27.6936 46.3451 48.8459 18.7767 50.3096 24.2112 15.5941 22.1948 28.3898 43.3478 12.2873 42.9984 20.5583 32.2189 29.2632 24.4849 41.2988 8.12396 46.0807 7.01769 54.6118 44.2624 4.38838 32.515 7.6639 46.0172 28.7329 14.3011 13.9622 18.7581 39.8663 17.0199 35.2156 37.9321 20.9923 16.3071 29.0526 18.4554 26.8757 22.1173 32.4326 33.4656 27.5819 32.5485 20.0463 25.1845 7.75076 13.6617 
30.2512 16.6343 16.9278 34.8454 37.2668 14.9624 5.62393 9.73262 31.1287 21.827 4.68233 26.9645 12.0467 42.9939 11.9485 25.3545 26.2483 33.1482 30.2981 42.3517 10.3767 43.7068 30.0135 1.53558 25.5993 17.8491 28.7624 34.0271 22.2651 21.5451 26.3908 24.3524 18.2238 0 38.7929 12.682 21.0967 36.1448 27.2532 13.9037 27.4612 19.6751 21.1479 32.7074 5.83498 15.9767 7.57563 30.4316 21.8306 33.7543 7.07904 13.1385 5.83157 37.524 36.3205 30.6286 6.49714 45.6128 6.04783 5.23131 34.5106 17.5761 42.1669 28.3017 35.6835 17.8848 46.2024 12.7919 12.2341 24.5382 13.288 28.3446 11.2233 49.4889 26.0434 20.4184 29.3361 25.8437 38.7136 10.7032 32.5249 31.9397 18.2455 41.6684 19.2929 17.6645 31.6989 26.4158 29.0153 36.4809 18.8971 31.4881 17.6344 19.2211 18.5565 17.8095 37.2218 24.2152 9.48322 20.7698 26.967 
39.1062 54.7686 37.6427 21.1497 1.92921 25.4651 40.7686 35.541 10.3752 22.8803 43.2742 12.133 30.1204 29.3503 32.7935 15.9533 12.6163 24.3895 15.899 11.5675 48.9512 25.7788 8.94168 37.4441 34.4933 37.9284 36.1004 35.3877 38.6556 44.7331 29.1299 23.6366 32.0498 38.7929 0 35.077 31.9357 25.3919 19.1977 29.4315 50.6009 54.4984 57.4827 6.09168 35.8724 36.6346 31.9682 20.165 42.5003 17.3766 45.641 41.3272 44.5966 7.04662 35.8914 61.137 43.955 28.917 43.2335 33.568 13.4501 30.574 18.7041 40.7298 29.08 21.918 18.5008 51.2236 50.4834 47.514 38.53 54.639 33.2857 32.7334 58.2227 35.8702 18.697 32.9745 30.6985 43.8123 33.4153 29.9084 49.7967 11.9281 19.5083 46.0283 25.0155 12.475 17.142 3.06923 49.7344 58.8987 23.2229 35.2532 57.2797 29.0193 4.22706 14.5854 37.1145 39.5835 44.2403 
39.7966 22.1045 4.91489 38.4206 34.0289 10.1916 18.252 20.1268 30.4854 13.1813 14.1484 25.2504 5.67402 47.9481 2.64695 19.3195 23.0299 37.946 32.0915 35.1795 18.1043 47.4839 26.2932 11.4706 12.9514 5.80892 37.6808 42.059 9.956 33.461 14.5268 14.4915 6.00079 12.682 35.077 0 29.4323 25.1378 18.6424 20.8594 39.7104 19.673 32.8043 29.2885 6.94083 3.67413 14.419 33.9174 33.2563 24.8595 18.2089 6.25553 16.547 31.6279 44.1649 43.2483 12.7791 49.9704 18.5275 11.1386 26.8085 25.4609 44.0399 15.9078 41.6634 19.6734 37.5005 23.2697 18.6095 36.6217 3.49758 40.9342 2.65133 54.1914 38.5847 7.77136 32.2437 13.3216 44.7434 23.3624 20.081 19.9513 14.7201 41.4602 17.5347 30.1405 36.833 23.0928 20.8561 32.2241 14.6871 25.2187 20.7723 28.8965 27.5068 24.9375 34.9021 21.6098 20.6256 8.8841 15.4984 
10.6402 35.904 34.3401 17.3609 30.0113 22.9191 18.1245 11.5458 21.5978 29.2686 24.9725 21.2083 24.7901 23.0471 27.1549 27.2385 23.3168 14.2994 16.973 40.6986 29.6221 24.8572 26.0573 20.9752 39.6989 35.2138 8.26147 12.9764 39.0309 13.0856 37.5675 32.4469 32.3359 21.0967 31.9357 29.4323 0 43.3449 32.2649 8.60345 18.6676 40.6073 29.9034 27.194 23.8639 33.0659 15.2302 14.2059 10.6592 37.2129 24.3075 32.9098 24.4322 34.6992 15.2434 29.859 27.4204 26.0547 20.7991 18.8554 35.6376 3.97765 25.8506 44.555 15.2988 13.9885 46.7991 27.9924 31.839 15.6341 31.838 22.8345 26.852 29.4685 27.7663 36.2653 14.4868 39.1405 18.1435 17.4886 44.5137 42.3844 39.2547 28.4871 19.2034 15.8765 12.6591 23.5579 32.6488 31.1528 39.8427 52.3451 11.8861 3.84791 34.1192 4.84692 28.4537 21.5399 12.3805 38.2651 44.8944 
53.5254 46.9843 24.0572 41.8605 25.8456 22.3893 40.9349 39.4827 29.2945 14.9557 38.8786 25.2213 24.1095 51.7002 24.6137 16.4453 21.9093 43.694 34.5954 17.2925 43.2331 49.0906 21.5548 34.6408 15.4294 23.6857 50.6405 52.6229 21.4629 52.7478 10.9481 11.9699 19.2346 36.1448 25.3919 25.1378 43.3449 0 11.0895 36.1529 59.374 42.7819 57.2437 23.193 30.6035 23.884 33.3431 38.6544 51.5121 8.17128 42.7313 29.9703 41.1384 18.487 54.0155 65.9951 37.858 52.2128 42.1613 32.1073 11.98 39.9914 42.7828 20.0104 48.5937 29.3587 15.3506 48.1337 43.7151 56.0327 27.2512 61.9275 25.379 56.401 61.7423 20.1898 36.6194 13.9878 51.1256 45.7718 9.99738 6.99686 36.8113 36.8362 24.1446 51.2495 43.4781 21.7163 11.1394 22.6486 36.2695 40.8948 31.4593 44.9494 52.6398 38.6586 28.2904 22.8771 40.691 23.3241 24.6738 
42.4415 40.5269 19.7481 31.7921 18.8727 12.4607 31.4226 29.0719 19.7538 5.60475 30.737 14.9836 15.5363 41.8304 17.126 5.61438 11.5665 33.2368 24.4329 16.6077 35.7805 39.6813 12.4199 25.7178 15.296 19.8114 39.5667 41.7003 19.7562 42.0151 9.97501 4.67225 13.9965 27.2532 19.1977 18.6424 32.2649 11.0895 0 25.2548 48.6261 38.1416 48.3069 14.8969 22.3218 19.0022 23.1804 28.2211 40.6526 6.51235 34.2223 24.6198 32.7555 13.9103 43.1754 55.9561 30.3388 42.7165 33.0467 22.6041 8.222 28.9601 34.006 21.5376 38.0542 18.2765 19.1263 39.8678 36.7128 45.2795 21.6885 51.4092 17.8309 47.0034 51.9276 17.1935 26.1753 13.7794 40.7233 35.9732 15.2172 11.9911 32.7106 29.0006 13.0616 40.9119 32.8732 11.4168 2.31733 16.129 32.4404 40.244 20.3789 33.9571 45.0522 27.603 20.7555 12.1218 30.3879 20.9334 25.1035 
19.1532 30.0674 25.7591 21.0994 27.6185 14.6802 12.8188 6.38844 19.9473 21.5256 18.3359 17.4435 16.203 29.1045 18.5548 20.8491 18.4229 19.2474 17.472 36.2467 23.6581 29.8466 21.8546 13.3924 31.2364 26.6266 16.8648 21.264 30.4278 16.884 29.4359 24.715 23.7903 13.9037 29.4315 20.8594 8.60345 36.1529 25.2548 0 23.4434 33.5408 28.3247 23.7934 15.603 24.479 6.96883 16.8104 15.3993 30.8611 18.8411 24.6331 18.4635 30.4964 23.4296 32.1674 20.4005 31.7099 15.6156 10.6242 29.978 4.62709 28.8093 35.9744 21.9125 7.94606 41.6814 23.6576 25.7463 20.1022 23.3735 26.5817 18.2639 35.5949 28.9037 27.672 15.9876 30.7532 24.9774 14.6348 36.3756 34.4738 31.4879 29.3737 12.6075 16.845 17.796 18.6553 26.047 27.8842 31.9913 44.3276 6.2537 8.94373 29.9818 4.16787 26.773 16.3415 7.92507 29.6717 36.3003 
15.3869 34.7539 44.2757 34.1878 48.6774 37.2019 21.9165 20.219 40.2645 44.5022 28.6239 39.5934 37.0298 36.0307 38.2792 44.2824 41.3155 30.4756 35.443 59.0274 30.2092 39.3716 44.373 28.394 52.1634 45.2048 17.2274 22.1208 49.5777 6.62691 51.6059 47.6358 44.4921 27.4612 50.6009 39.7104 18.6676 59.374 48.6261 23.4434 0 42.3155 20.3619 45.7367 32.8165 43.2319 26.5234 32.1153 8.22657 54.3039 25.4088 40.4686 26.6435 53.0854 23.9054 12.8904 31.3982 39.35 22.8586 28.9 53.2994 20.5063 42.5489 55.591 28.8402 31.1084 64.8423 25.1719 32.2139 3.3466 40.7379 4.84684 37.688 41.4065 13.2585 47.4516 32.8047 52.0783 30.4681 17.205 58.3609 56.9672 43.6677 46.4244 36.0283 9.95378 28.9784 41.5561 49.4868 49.7438 44.5394 56.7333 29.1202 15.4956 29.1378 22.0632 47.1016 39.3576 19.3189 48.1839 54.4275 
49.0002 8.62081 18.862 54.2338 53.3228 29.0748 22.8869 29.0704 48.7577 32.8064 15.6598 43.8594 24.3839 62.6452 21.7477 38.9396 42.1202 52.7456 49.0598 54.7445 12.1589 63.2042 45.6008 20.1757 27.709 19.1288 47.8954 53.3994 21.7068 37.9469 31.8788 33.7351 24.3538 19.6751 54.4984 19.673 40.6073 42.7819 38.1416 33.5408 42.3155 0 26.1486 48.567 19.4021 19.3155 26.8535 49.7457 39.1325 44.1006 17.385 13.5266 16.6417 51.2995 55.7206 39.7109 13.2128 65.2115 20.6619 23.5156 46.3576 37.2188 61.1238 25.8142 55.3578 36.2208 56.5497 17.4672 10.1016 40.2091 16.457 41.2224 21.2217 69.1343 34.8579 22.592 48.4688 28.9561 58.3837 25.9271 34.9348 36.3489 6.08608 59.7003 35.8356 32.728 51.3266 42.2172 40.4062 51.7284 6.83326 15.0169 36.4978 38.3127 16.5213 37.4846 53.9299 40.4466 28.4129 19.6877 21.6342 
33.045 17.5641 35.927 47.2172 55.7375 35.8839 17.1291 22.008 48.2694 42.9498 18.6581 45.354 33.185 52.2536 32.746 45.8866 45.5717 44.1883 45.3991 62.7348 16.119 54.5969 49.2811 22.6743 45.5374 36.7361 33.5449 39.3646 40.9935 19.5182 47.1815 45.4988 38.7435 21.1479 57.4827 32.8043 29.9034 57.2437 48.3069 28.3247 20.3619 26.1486 0 51.6052 26.6581 35.3646 25.9983 43.675 21.9609 54.7776 14.6117 30.3451 16.2626 57.4828 41.555 13.7237 20.4209 55.4503 15.2606 25.7396 55.2429 28.7946 55.637 46.7637 44.4586 35.5654 67.0632 9.93157 17.1392 19.891 32.0119 17.3305 31.9864 58.3791 9.10452 39.9704 43.4418 46.0802 46.8758 13.7068 52.8526 52.6891 29.6875 57.369 38.7477 14.5222 42.5466 45.7767 49.9666 55.6301 30.6772 41.1559 34.3466 26.1386 10.0812 30.0638 55.0563 43.4341 20.4385 39.1018 44.0278 
35.329 48.6888 32.1307 19.4478 4.7563 19.4955 34.7852 29.7533 6.85202 17.6489 37.1828 6.3507 24.1859 28.8411 26.9317 10.6275 6.5371 22.0323 12.8084 13.764 42.8597 25.9609 2.99753 31.3542 29.9265 32.483 32.2881 32.4511 33.5826 39.6467 24.812 18.9186 26.675 32.7074 6.09168 29.2885 27.194 23.193 14.8969 23.7934 45.7367 48.567 51.6052 0 29.813 31.0635 25.945 17.2359 37.5456 15.0555 39.5743 35.516 38.5157 7.76753 33.3093 55.79 37.8736 29.1032 37.2131 27.4807 11.5918 25.385 19.6061 36.2159 26.9577 16.0768 20.3788 45.1732 44.3972 42.5589 32.7678 49.5758 27.3919 33.2448 52.6882 30.6874 15.4164 28.4866 29.0685 37.9789 29.9139 26.5145 43.9959 14.1206 13.4186 40.5575 22.2842 6.40589 13.2208 4.09311 43.9743 53.5414 17.5414 30.2589 51.2076 23.8145 5.94855 8.49501 31.3221 34.343 39.3911 
33.8507 18.9595 11.4874 35.2288 34.5254 10.6931 11.3314 13.6032 29.4153 16.7539 8.42895 24.6643 6.78792 44.1683 6.14524 21.2505 23.2784 34.1352 29.7178 38.1077 13.5762 44.2912 26.9369 4.53925 19.7885 12.4178 31.977 36.7772 16.764 26.6405 20.6201 19.0071 12.3904 5.83498 35.8724 6.94083 23.8639 30.6035 22.3218 15.603 32.8165 19.4021 26.6581 29.813 0 10.4161 8.6652 30.6983 26.5786 28.8248 12.1344 9.05098 10.5669 33.7115 38.984 36.463 8.23666 46.5048 11.8334 5.01143 29.9931 19.9896 41.8027 22.7748 37.3251 16.8599 41.4347 17.6435 14.7905 29.7639 8.22768 33.9938 5.40571 50.583 31.8726 14.712 29.2884 20.01 40.4115 16.4462 26.6913 26.1626 16.22 40.3215 16.6439 23.2029 32.8417 23.4074 24.2606 33.3047 16.61 28.7582 17.3087 22.7898 22.7424 19.7699 34.8729 21.4346 13.9138 15.4444 21.8886 
43.4579 23.1452 1.31096 41.4988 35.7415 12.8186 21.595 23.7771 32.9101 13.9666 16.7959 27.5768 8.78888 51.1603 5.98011 20.6889 25.0673 41.2027 34.9595 35.5895 20.0062 50.5214 28.0742 14.8765 10.1933 2.14797 41.3203 45.6339 6.34929 37.0388 12.9579 14.4801 5.05036 15.9767 36.6346 3.67413 33.0659 23.884 19.0022 24.479 43.2319 19.3155 35.3646 31.0635 10.4161 0 18.0915 37.0312 36.8872 24.8017 20.9097 6.08715 19.2385 32.5789 47.7193 46.3226 14.9916 53.0839 21.6232 14.8003 27.2157 29.0909 46.7735 12.362 45.0418 22.8402 37.2382 25.6094 20.1359 40.1761 3.48053 44.3164 6.2151 57.3364 41.5872 4.61081 35.2922 10.8967 48.112 26.6777 17.6201 18.0393 13.7165 43.7977 20.1874 33.5787 40.1417 25.1 21.3038 33.685 13.4406 22.6486 24.0785 32.5695 29.2768 28.531 36.8405 23.8629 24.2392 5.21383 11.8372 
25.4107 24.1981 19.3258 27.4063 30.3398 10.9544 8.91279 6.3047 23.7578 18.3943 12.2453 19.9199 10.62 35.8896 12.3893 20.0359 19.69 25.9253 22.723 36.7544 17.8866 36.3516 23.4433 6.72057 25.9175 20.2272 23.4037 28.1155 24.2731 19.9712 25.0831 21.4088 18.2543 7.57563 31.9682 14.419 15.2302 33.3431 23.1804 6.96883 26.5234 26.8535 25.9983 25.945 8.6652 18.0915 0 22.949 19.3136 29.433 13.8097 17.7143 12.982 31.4948 30.3189 32.7834 13.9185 38.3808 11.2682 3.66219 29.4536 11.3299 34.6049 30.0589 28.8337 10.4641 41.3308 19.2834 19.8008 23.252 16.6255 28.6623 11.9585 42.3567 28.7697 21.722 21.7916 25.6909 31.9087 12.8956 31.853 30.4676 24.5461 34.1546 12.7807 17.9113 24.5455 19.8841 24.5306 29.8755 25.034 37.36 10.0676 14.4781 25.4386 11.125 30.0716 17.5719 7.36692 23.3031 29.9115 
