20
11.9251 16.4228 0.953466 0
4.02529 15.7427 0.92393 1
8.53678 20.22 15.9657 0
6.1718 23.6444 2.02804 0
4.07754 19.678 0.370786 0
6.79351 22.2484 0.767583 0
11.1126 16.046 1.12751 1
4.97552 22.5273 0.264617 1
5.28079 23.7957 2.11374 0
17.9325 22.3529 0.899008 0
5.35392 6.54106 1.00513 0
18.0946 18.105 2.02884 0
16.4426 21.7229 0.390064 0
3.88077 19.1679 0.507319 1
16.2982 21.1911 1.3985 0
6.4646 8.85061 0.717772 0
5.51974 19.0425 1.1655 0
18.0536 19.9703 1.83606 0
8.33816 20.9473 0.900839 0
5.23436 8.28164 2.07778 0
400 50 500
0.025 0.0125 10000 3000 15 1e+06 300000 2 2
0 0.895346 4.01715 5.14084 4.35544 0.443374 2.30086 1.40754 2.70645 2.45375 3.2488 3.86861 3.60101 0.623912 1.57171 3.80659 3.98039 4.1188 4.92005 4.28094 0.999865 
0.895346 0 4.07155 4.67998 4.20456 1.2026 1.42972 1.50921 1.8913 3.22569 3.15233 3.50691 4.18583 0.277555 2.46033 3.51632 3.44852 4.19463 4.58207 3.99737 1.21219 
4.01715 4.07155 0 2.77916 0.98427 3.67396 4.88604 2.63431 3.8668 3.40098 1.04444 1.85805 2.54003 3.98592 4.15998 1.54364 2.66599 0.149846 2.07213 1.5605 3.02959 
5.14084 4.67998 2.77916 0 1.80631 5.00444 4.66536 3.89467 3.28854 5.69577 2.41857 1.3376 5.22577 4.76557 6.01037 1.53835 1.26748 2.88056 0.757676 1.25055 4.25282 
4.35544 4.20456 0.98427 1.80631 0 4.08409 4.74169 2.95298 3.53956 4.21268 1.11072 1.1438 3.50163 4.1832 4.8014 0.88964 1.9281 1.07612 1.08794 0.658298 3.36028 
0.443374 1.2026 3.67396 5.00444 4.08409 0 2.63227 1.14427 2.8478 2.04361 2.97343 3.69876 3.15776 0.928278 1.30905 3.60389 3.89829 3.76755 4.72424 4.06763 0.754842 
2.30086 1.42972 4.88604 4.66536 4.74169 2.63227 0 2.67434 1.37924 4.64287 3.85974 3.7807 5.49478 1.70556 3.87217 3.90667 3.40703 5.0269 4.79823 4.35052 2.50531 
1.40754 1.50921 2.63431 3.89467 2.95298 1.14427 2.67434 0 2.30225 2.2831 1.84373 2.57279 2.8379 1.37337 2.15974 2.46333 2.85421 2.74505 3.58384 2.92421 0.408074 
2.70645 1.8913 3.8668 3.28854 3.53956 2.8478 1.37924 2.30225 0 4.56745 2.82405 2.48997 5.04744 2.11263 4.15198 2.66378 2.03671 4.01526 3.46026 3.07156 2.35579 
2.45375 3.22569 3.40098 5.69577 4.21268 2.04361 4.64287 2.2831 4.56745 0 3.28551 4.38464 1.51087 2.96002 1.26218 4.15745 4.90475 3.41589 5.17206 4.5049 2.22952 
3.2488 3.15233 1.04444 2.41857 1.11072 2.97343 3.85974 1.84373 2.82405 3.28551 0 1.16189 2.89646 3.10698 3.73786 0.889783 1.87081 1.19198 1.89993 1.22451 2.25152 
3.86861 3.50691 1.85805 1.3376 1.1438 3.69876 3.7807 2.57279 2.48997 4.38464 1.16189 0 4.05466 3.55264 4.6738 0.31558 0.81234 1.99597 1.07526 0.582657 2.94406 
3.60101 4.18583 2.54003 5.22577 3.50163 3.15776 5.49478 2.8379 5.04744 1.51087 2.89646 4.05466 0 3.95982 2.74224 3.76473 4.74979 2.49293 4.57299 3.97531 2.99819 
0.623912 0.277555 3.98592 4.76557 4.1832 0.928278 1.70556 1.37337 2.11263 2.96002 3.10698 3.55264 3.95982 0 2.18371 3.5374 3.55582 4.10324 4.62434 4.01875 1.03118 
1.57171 2.46033 4.15998 6.01037 4.8014 1.30905 3.87217 2.15974 4.15198 1.26218 3.73786 4.6738 2.74224 2.18371 0 4.515 5.01321 4.21325 5.61539 4.93787 1.89033 
3.80659 3.51632 1.54364 1.53835 0.88964 3.60389 3.90667 2.46333 2.66378 4.15745 0.889783 0.31558 3.76473 3.5374 4.515 0 1.12323 1.68262 1.12054 0.481542 2.85105 
3.98039 3.44852 2.66599 1.26748 1.9281 3.89829 3.40703 2.85421 2.03671 4.90475 1.87081 0.81234 4.74979 3.55582 5.01321 1.12323 0 2.80575 1.47285 1.29603 3.16706 
4.1188 4.19463 0.149846 2.88056 1.07612 3.76755 5.0269 2.74505 4.01526 3.41589 1.19198 1.99597 2.49293 4.10324 4.21325 1.68262 2.80575 0 2.16148 1.67678 3.13645 
4.92005 4.58207 2.07213 0.757676 1.08794 4.72424 4.79823 3.58384 3.46026 5.17206 1.89993 1.07526 4.57299 4.62434 5.61539 1.12054 1.47285 2.16148 0 0.678458 3.97099 
4.28094 3.99737 1.5605 1.25055 0.658298 4.06763 4.35052 2.92421 3.07156 4.5049 1.22451 0.582657 3.97531 4.01875 4.93787 0.481542 1.29603 1.67678 0.678458 0 3.31729 
0.999865 1.21219 3.02959 4.25282 3.36028 0.754842 2.50531 0.408074 2.35579 2.22952 2.25152 2.94406 2.99819 1.03118 1.89033 2.85105 3.16706 3.13645 3.97099 3.31729 0 
