200
17.9858 21.9276 1.7973 0
15.3891 18.3072 1.3117 0
5.82239 14.0287 1.72349 0
14.2862 20.4217 8.47538 0
3.12037 5.88629 0.263842 0
6.8849 12.5156 0.338376 1
11.5903 14.8032 0.589584 0
8.97136 11.478 2.01795 0
16.749 20.4815 1.4479 0
1.82424 12.5276 27.9052 1
0.0924612 3.5191 1.621 0
14.834 15.7487 1.25052 0
3.28573 23.6557 1.01794 0
17.5025 22.5657 0.593838 1
10.1583 14.762 4.71753 1
10.9353 19.909 16.7546 0
18.5615 19.7278 2.08642 1
16.4849 21.9765 1.72367 0
13.6732 23.145 17.0515 0
2.36559 19.2766 0.58876 1
18.95 22.6275 0.830301 0
7.31101 21.3284 1.01966 1
17.1708 19.4064 17.3509 1
17.3743 19.3196 1.19747 0
17.5045 17.9856 0.977508 0
1.51776 15.4153 1.68422 1
0.852653 15.9077 1.53716 0
2.04981 2.24303 1.73017 0
1.98958 5.03975 16.0418 0
11.9811 12.584 1.70666 0
12.6306 16.8008 2.08366 0
6.19099 20.8861 1.29985 1
14.3659 23.5068 0.676512 1
15.6707 15.9301 0.732191 0
7.81287 14.2061 2.00428 0
14.2755 17.5113 0.477879 0
18.1351 22.045 1.28876 0
5.78078 14.1765 1.1458 0
16.5041 20.5748 29.0875 0
5.27889 19.1257 2.20421 0
16.0746 18.2956 1.93597 0
10.7266 23.553 8.47908 0
2.51313 22.4824 1.86047 0
16.4275 22.7025 2.1805 0
9.14689 12.0835 0.617829 0
10.5805 17.3734 1.3717 0
3.16856 13.311 27.5092 0
0.101861 7.73777 1.70752 0
17.8437 19.5827 1.2374 0
6.76757 15.4983 1.92837 0
4.37092 23.3668 2.08562 0
10.9851 19.833 0.79774 0
18.5188 18.9259 2.06548 0
10.2823 10.8179 1.4165 0
3.48754 20.1312 2.04539 1
6.45192 22.4119 3.54851 0
5.6403 21.2214 2.16686 0
5.44414 10.1874 0.614224 0
0.0800063 11.0439 0.884416 0
0.747098 13.3357 17.1819 0
16.6762 17.6235 21.2123 1
11.1285 14.1172 0.76061 0
5.24406 20.6179 1.65253 0
17.4077 23.3784 1.1455 1
3.89285 8.78035 0.588044 1
14.1077 20.1014 1.98136 0
16.0775 22.7559 10.1905 1
1.4926 6.39356 0.268469 0
0.737937 6.90528 1.35945 1
12.7423 17.9108 1.28213 0
18.1345 23.1404 1.624 0
1.83511 9.84276 2.05741 0
17.2345 21.1432 2.26339 0
3.87455 14.8983 1.3526 0
6.06226 7.44632 0.966035 0
1.83225 9.13606 27.6249 0
14.4478 15.5171 1.76454 0
9.60689 23.8892 1.89379 1
12.8115 21.66 0.420732 0
14.1461 23.604 1.08933 0
18.4691 23.9183 0.466513 1
1.30198 2.36991 1.93509 0
0.266943 13.8366 0.681665 0
1.59808 4.32491 1.12708 0
9.85208 15.5812 0.310124 1
12.5373 19.9719 1.28114 0
9.9406 19.6334 4.80931 0
11.3745 18.7767 1.95274 0
6.36273 8.41995 0.684128 1
10.8398 22.5332 0.741641 0
14.166 19.7538 0.691392 0
15.3237 23.3375 0.286325 0
10.441 23.5038 1.21121 0
5.54641 16.065 0.853299 0
6.50272 17.8209 1.57274 0
1.71867 3.18513 0.906419 0
18.1787 22.461 0.588819 1
3.97766 7.34384 1.84286 0
9.35375 11.0652 0.272735 0
2.23215 8.28436 2.13363 0
14.1677 16.8202 0.326468 0
1.41056 14.8382 0.744804 0
14.475 19.2356 1.05233 0
11.9413 17.3081 1.03091 0
7.43634 8.30069 1.07343 0
17.9304 23.7349 16.014 0
18.3538 22.9395 1.17715 0
10.3877 23.4363 0.259884 0
16.8428 22.5706 0.404863 1
12.7544 17.9491 1.16996 1
11.8499 19.0745 1.89564 0
11.6773 19.2403 1.54272 0
2.25519 19.0166 0.698645 0
6.50343 9.15388 1.62096 0
4.27974 14.1429 1.59782 0
0.706383 4.00595 6.68944 0
17.0767 22.473 1.75431 0
1.2307 1.68631 2.17952 0
9.00335 21.799 0.27564 0
9.45558 20.9116 0.928632 0
1.61157 1.62294 1.55559 0
5.68486 12.8449 0.775337 0
4.80351 11.8093 0.583231 0
2.78707 9.3658 2.25002 0
3.07062 14.2105 2.23532 0
3.0826 12.8905 1.10433 1
17.8437 20.5604 0.453823 0
13.6625 16.509 1.75952 0
12.205 20.4774 0.229424 0
6.11474 14.0612 11.2622 1
8.35547 23.3991 23.5976 0
18.5784 23.6625 2.16736 0
2.05269 15.4815 1.66791 0
3.3297 4.5464 20.7745 1
9.4075 17.7078 1.36499 0
16.7554 20.2298 0.770998 0
17.1532 22.146 0.607192 0
1.22774 22.6872 0.689571 1
7.68467 16.7771 1.04992 0
6.00798 8.09309 2.10631 0
13.3782 16.6718 1.85863 0
9.65345 17.617 0.317245 0
0.0239355 16.7739 0.935349 0
5.39874 6.58076 0.269151 0
8.59457 17.3224 0.204722 0
8.75256 18.5626 1.3202 0
8.95264 18.8711 0.702066 1
7.33143 8.10458 12.2222 0
2.4882 3.32734 0.979812 0
17.5853 23.2465 2.22949 0
15.4254 17.3461 0.831783 0
12.683 16.0227 1.67723 0
5.18684 11.0711 0.907913 0
10.3187 21.5271 1.98125 0
2.92183 6.61933 0.497857 0
1.77859 11.5637 1.23534 0
14.9575 23.5382 0.929454 1
0.784707 11.099 0.668234 0
9.8711 20.9836 1.33434 0
12.7925 13.4839 0.939794 0
16.7741 19.01 0.885912 0
3.51045 21.0325 2.23748 0
5.04924 21.5758 0.431788 0
13.1153 23.0088 0.967629 0
17.7478 23.0712 0.587475 0
17.8313 21.4735 0.636135 0
15.0947 15.1379 0.510742 0
5.55899 16.7775 27.6741 0
12.5047 16.7504 0.705934 0
12.3166 18.3398 1.97737 1
2.31979 7.83713 0.96598 0
17.0489 20.1632 1.6033 0
0.516422 13.5015 1.35505 1
0.11126 4.17483 1.746 1
2.2687 19.4541 3.6445 0
14.7226 16.0189 0.717419 0
3.82499 4.85951 26.9639 1
10.0278 20.7148 1.95174 0
3.18699 7.37344 2.06544 0
7.55499 14.6371 1.46885 0
6.00616 9.13512 2.1676 1
15.465 18.5164 21.2943 0
12.1494 16.9788 1.46973 0
2.0623 19.0258 10.4787 0
17.7392 21.3294 1.01782 0
15.1103 23.7299 0.726382 1
0.957536 18.9485 27.9101 1
18.917 22.9832 1.70497 0
5.338 12.2057 0.630501 0
8.84673 19.5642 0.853766 0
12.2886 19.2846 1.58313 0
6.8337 18.9318 25.0624 0
14.798 23.2173 1.50323 0
8.14612 22.5934 1.82778 0
13.5635 23.5959 12.1723 0
11.1913 20.0466 11.4818 0
10.0695 22.8651 0.698827 0
0.774317 5.16982 1.64359 0
10.7344 23.4952 1.15707 0
17.8808 19.2988 4.88465 0
400 50 500
0.025 0.0125 10000 3000 15 1e+06 300000 8 12
0 34.3447 6.59884 10.6809 42.8717 14.0015 39.2358 31.0865 21.2843 42.0086 27.0192 7.70146 36.2605 30.9979 16.8822 34.7436 4.95605 22.36 33.7697 25.0746 16.066 36.8664 13.2792 35.1623 12.2107 15.099 26.2826 17.9997 10.1282 34.7942 34.423 18.7853 7.29753 33.4333 33.718 27.4482 5.3911 45.6269 34.2645 34.0588 32.2493 10.6946 26.978 21.8212 42.9487 13.7878 15.7975 43.6288 34.3405 32.6557 27.076 29.5835 18.0185 21.7061 23.0784 26.6477 11.194 14.4992 22.3576 4.53982 32.9353 37.8406 32.2625 26.0383 31.3962 29.7936 37.5906 36.7998 29.1991 6.24984 25.5985 39.5452 6.49571 6.1961 22.6062 46.6156 33.3222 30.5361 33.391 33.2274 32.0175 28.9421 14.8493 31.7526 21.1483 27.8182 39.1408 27.7952 28.3119 44.1024 22.6502 31.562 19.7478 15.7039 16.9897 36.9068 20.2005 21.9988 48.77 18.4631 19.7193 39.1488 43.8782 15.1316 41.3494 13.6899 33.9222 32.94 34.0937 16.0862 35.414 11.0433 21.086 36.9484 31.3104 13.9593 19.0196 31.3942 15.0497 18.2263 15.8248 40.1018 26.7986 32.1465 38.0405 31.3775 15.4178 39.7728 22.9564 23.2741 21.0109 27.2159 12.5059 38.9199 26.4778 16.097 42.6767 29.6148 25.4016 36.8589 16.9287 26.9516 7.19657 17.7139 42.1692 21.0008 37.1211 27.971 30.0891 25.168 31.1561 29.349 39.3381 25.236 35.9955 27.2758 6.48219 34.2329 48.3286 18.3157 25.0103 11.3474 39.6289 10.5712 21.8723 22.942 29.9306 24.9301 30.0347 39.0977 19.4466 38.6031 4.73391 2.91115 26.5935 30.5728 17.2329 26.7845 32.6183 31.0375 30.7572 41.3134 28.5826 30.6676 12.9712 14.8797 30.6427 12.5115 14.4914 2.66019 35.5565 24.5875 22.0062 20.6361 34.7184 26.9827 30.134 42.3169 32.8298 13.5098 33.7777 
34.3447 0 28.4766 32.605 22.3314 21.1037 7.56213 31.2517 13.6826 31.8923 33.4429 28.7267 31.4681 6.82227 18.1067 3.65689 31.8406 19.5773 3.77502 9.39697 22.8257 30.9257 21.217 4.02382 33.4907 19.2505 30.7397 34.8838 24.2257 7.18822 14.1202 33.3841 28.2451 16.6637 34.9281 27.3949 29.8914 23.3516 8.97136 28.4321 33.2907 25.4369 9.46779 15.4828 24.1566 20.7197 21.8381 20.3673 36.1904 1.69012 7.83123 4.77747 19.3549 37.7447 11.6157 42.6692 27.7771 20.5619 25.5601 29.8052 38.8816 5.69326 46.4153 16.9664 4.72561 32.8435 5.99001 4.6084 6.49414 30.1519 9.05841 6.93709 28.5076 28.217 12.4135 26.7316 20.8294 34.731 31.7524 19.3497 45.5825 5.50526 23.6144 9.97693 13.2845 36.8361 13.8792 24.4484 8.81547 25.801 31.6299 27.4233 17.1546 24.3284 28.9368 28.1733 14.1467 28.406 30.5416 34.7406 14.7494 5.52088 29.6664 21.6941 14.1771 34.1989 11.736 14.1663 28.9879 22.6032 19.9097 23.9023 27.7691 7.54246 17.0084 27.3536 16.4332 27.8866 22.34 19.1014 18.5278 21.6838 8.57271 45.641 4.35661 11.3589 19.7202 8.53974 18.9619 11.212 21.8794 7.74025 24.8309 15.7216 8.64712 31.8203 20.2028 30.341 10.6264 32.4805 34.3774 16.0019 27.3059 17.426 22.785 23.7251 5.34292 24.102 6.0095 31.491 15.4761 10.5305 33.7803 37.3499 14.0205 7.12248 30.8005 7.57089 29.3517 16.0351 16.8873 26.0871 32.4846 34.1953 13.4141 20.4535 31.0524 14.9698 39.7591 22.8984 17.8275 14.1452 30.5269 31.5872 42.1288 13.9796 17.2517 20.8861 33.2634 44.2362 28.1001 18.5916 24.9091 21.5764 22.5131 37.199 44.9011 22.1409 24.9704 34.3948 22.9368 10.2093 27.2482 13.743 5.22299 35.2012 37.4233 29.4059 43.1796 34.7982 24.9945 
6.59884 28.4766 0 7.85318 36.3248 9.82712 32.9268 25.7451 16.1744 36.054 22.3866 2.0557 30.6086 24.6514 12.177 29.2582 3.50651 15.8488 27.5827 19.4674 9.61172 31.1157 8.38172 28.9619 9.56589 9.42233 21.1833 14.8767 5.16092 28.393 27.8251 15.0276 0.940964 26.8529 28.7369 21.7478 1.41558 39.0616 27.7789 28.1893 27.1335 8.52735 20.6145 15.2649 36.4587 7.76835 9.22726 37.0374 29.5068 26.7899 21.6189 23.7003 11.42 18.9052 16.9667 24.4006 5.60345 10.1916 16.5165 3.15441 28.7449 32.4143 29.9303 19.4616 25.9654 24.8044 31.3216 30.6046 23.8423 7.23269 19.5298 33.3084 5.33907 1.91816 16.3765 40.1321 26.8806 25.8172 27.9639 26.7219 29.5126 22.9936 8.41981 25.2308 15.1927 23.8343 32.5625 21.7237 21.9242 37.6499 18.0075 25.6958 13.1816 9.47285 11.9789 30.8787 14.5009 16.6831 42.3915 15.2127 14.2934 33.0407 37.6511 12.0186 34.7902 11.0897 27.352 26.3413 28.2828 9.60518 28.9049 7.37167 15.6703 31.8459 24.7431 8.42359 12.6135 25.5885 12.297 11.6289 10.3011 33.5823 21.5096 29.6322 32.378 24.8151 11.0361 33.4199 16.4215 17.7334 14.66 21.0829 6.06025 32.3219 20.2935 12.11 36.0902 24.2325 20.4122 31.2886 13.7958 20.3604 4.21913 11.3605 35.6479 14.8786 31.7121 21.86 24.7525 20.2949 24.5634 22.8287 33.7501 21.7342 29.4004 21.5537 8.12414 29.2548 41.9061 12.5484 18.4254 9.97734 33.8766 8.76161 16.8892 16.5013 24.637 18.3349 26.4226 32.6447 15.646 32.017 5.76537 4.8668 24.1965 23.9744 11.2259 20.4041 27.4685 28.3657 25.0062 34.7187 22.5422 24.3053 9.4014 13.4262 28.2238 6.33631 8.30047 8.03672 29.1866 18.4565 16.4637 15.0343 29.422 22.7297 25.9901 36.1415 29.5839 11.2457 27.5975 
10.6809 32.605 7.85318 0 35.4328 17.0677 35.6197 20.9446 22.1536 32.5024 16.4664 5.96746 26.3779 27.5001 18.8605 34.1072 6.0588 15.6252 30.8906 24.523 10.0597 27.1083 15.2889 32.1749 1.72735 15.3276 16.024 7.41459 12.492 30.8307 28.4054 8.10568 7.1623 26.6788 23.2707 17.8429 7.41146 38.3245 29.763 24.5403 21.9031 16.3708 23.6192 17.5143 35.0835 13.3804 10.8146 36.7962 23.8135 30.9846 26.8081 27.9872 13.38 11.3156 21.1095 16.6559 4.87181 17.3256 13.2786 10.2586 22.2574 37.2748 22.2378 19.6356 31.0139 19.3931 34.2158 33.7788 29.0882 14.5166 23.5971 36.2599 12.996 9.71502 20.2165 38.6454 25.4484 19.9868 23.2957 25.7355 21.8764 27.1635 9.08145 27.0624 19.8823 17.1373 33.5027 18.8947 24.7367 36.0055 12.1693 22.0997 15.5865 8.79146 7.15654 27.6274 19.7633 12.1159 40.2699 7.84375 20.0053 36.4112 34.952 19.5868 35.9242 3.28079 28.5947 26.9011 24.4775 10.2406 27.8694 15.0112 11.3909 37.2061 24.4598 5.77612 16.2071 21.8336 19.9594 13.6375 16.3015 32.4989 26.9568 22 36.8175 26.2715 18.0548 35.9154 16.3524 23.0098 13.5458 24.8719 7.84649 32.7401 23.9764 5.50695 35.7511 19.5422 26.2992 26.8685 6.32373 20.768 12.062 15.3697 34.5329 12.7339 36.619 19.1607 29.9928 14.769 24.7686 24.7973 29.3373 14.6058 30.0621 26.2827 15.2741 34.8439 40.0193 17.891 18.8319 17.8293 29.833 1.60529 22.9697 15.6949 19.7646 19.6061 19.3997 31.1096 22.7549 32.8318 12.789 11.0502 16.4944 24.6842 16.2599 18.9341 22.2921 20.7895 21.1263 34.632 19.5735 22.5375 16.9422 5.6652 20.5514 11.9628 7.84595 13.2189 27.2839 22.427 12.4306 20.415 34.5681 16.3233 19.456 33.2777 22.3135 3.39258 24.9355 
42.8717 22.3314 36.3248 35.4328 0 34.6224 16.1989 20.012 29.8328 12.4985 25.2508 35.2474 16.2174 17.702 32.5213 25.9477 38.4294 20.5225 18.7741 26.2421 26.8328 15.1365 33.4219 18.3122 35.2195 30.759 23.2005 32.8349 34.8468 15.2556 9.83162 30.9057 35.5768 9.61518 22.02 19.4729 37.4808 2.92458 13.7982 14.8084 21.266 38.5585 19.7982 22.0094 2.23033 30.842 27.0988 3.1987 23.0411 22.5109 26.631 22.9665 25.0891 33.3877 24.1607 35.9383 32.1819 34.2035 22.4356 39.0883 27.195 26.9318 37.0926 16.8995 26.3106 22.6138 16.9651 18.1793 26.9779 41.7013 23.0533 17.4827 39.4793 37.2707 23.7351 4.55471 10.0224 24.0813 18.749 9.73613 36.1627 22.6067 28.0559 14.4735 26.1439 28.302 8.5272 17.1534 18.6922 3.65589 26.6632 16.0231 23.8201 27.416 28.6031 12.0996 27.8113 24.5421 8.23194 32.3949 29.1322 19.4526 8.54217 36.8136 9.2046 34.9294 11.732 10.9431 15.3271 26.7972 7.57103 36.2378 24.7958 29.5193 11.6084 29.9109 25.4486 16.5711 37.6411 24.9196 30.7312 2.9793 27.7065 36.1559 24.6704 13.8082 33.7827 15.3439 19.9154 27.2208 22.1218 21.7554 30.3757 6.62343 21.7066 31.3418 2.53485 20.2691 29.5576 16.9131 33.0428 16.1163 37.8217 26.7666 1.28879 22.7016 26.9465 16.7937 27.0526 24.7134 12.0519 16.1883 16.6549 30.6194 8.94985 24.8367 42.616 29.901 7.10342 28.5672 17.9679 39.94 14.8794 36.8318 30.209 20.05 20.7081 18.5492 30.1838 4.90733 34.8372 8.18805 41.0989 41.0248 35.3074 13.118 28.4134 16.5047 20.9626 35.0605 17.2968 3.82052 16.7366 12.9906 36.0367 37.1505 36.167 31.5142 28.6187 44.2642 8.75333 23.1548 23.7396 28.0151 27.5331 27.0996 27.3816 9.20258 32.5621 35.5951 12.0122 
14.0015 21.1037 9.82712 17.0677 34.6224 0 27.0108 29.7707 7.50776 37.7248 28.0693 11.2418 33.5149 19.2678 3.01375 21.0088 13.2205 16.4362 21.2962 11.7138 12.5022 33.7032 2.01619 22.6818 18.645 4.14271 26.1222 23.0539 4.67973 23.1436 25.0122 22.5939 10.1751 25.1115 33.3429 25.2027 10.9988 36.9964 23.1718 30.5837 31.5627 4.39353 15.633 12.8347 35.3526 5.19659 11.1351 34.4766 34.3559 19.4519 13.4447 16.5107 11.2977 27.0297 11.0985 32.6843 12.9767 0.541839 20.2377 9.66117 34.7114 24.0316 37.9494 18.5424 17.655 29.6545 25.2645 24.2526 15.4282 9.07035 13.215 27.0562 7.64789 8.60497 11.1555 38.9449 26.7054 31.0992 31.6283 26.0139 37.3949 16.0352 11.9954 21.1187 8.93968 30.374 28.8458 23.9549 16.9804 36.8054 24.0911 28.2854 11.4463 13.5812 18.3727 32.5419 7.45468 21.704 41.8899 23.2485 6.47697 26.3034 38.1386 2.96872 30.6696 20.0195 23.7454 23.7324 30.8596 12.2999 28.0077 2.96629 20.6263 22.9844 23.4226 14.8035 9.36401 28.3796 3.68188 11.3122 3.9185 32.3183 13.0151 37.502 24.4465 21.2507 1.43457 27.7135 16.6358 9.90948 16.6845 14.9077 10.8338 29.279 14.4016 19.8173 33.7133 28.2806 11.4601 34.3828 22.0729 18.9413 6.84108 8.19387 34.2707 17.9314 23.3051 23.919 16.2894 25.7503 22.6512 18.8849 36.669 28.9961 26.3162 14.0005 9.69702 20.2463 41.131 6.14683 17.4679 5.42591 36.3141 18.2697 7.98333 17.5706 28.858 16.2733 33.2834 32.0209 5.81907 28.5014 9.65454 11.096 32.3704 21.5045 6.2592 21.2894 31.8035 36.1365 28.012 32.1223 24.8064 24.8817 1.49035 22.7254 36.2248 5.89559 13.0298 13.5194 29.3371 12.4994 21.001 7.61392 20.8474 28.9731 32.1755 36.9314 36.7256 20.3402 28.8482 
39.2358 7.56213 32.9268 35.6197 16.1989 27.0108 0 29.4418 20.0249 27.3028 32.8085 32.7571 28.3179 8.28456 24.1439 10.6589 36.0386 20.7225 5.73476 15.6093 25.5603 27.5587 26.7046 4.38686 36.1872 24.3703 30.1448 36.3975 29.36 4.8194 10.5554 34.6744 32.516 13.5212 32.7739 26.3795 34.3241 16.6394 6.28631 25.599 31.3478 31.4039 12.3214 18.165 18.2682 25.4634 24.9299 13.7189 34.0145 8.61352 14.6777 10.8401 22.3395 38.6244 16.2476 42.9466 31.0469 26.4812 26.021 34.7685 37.3277 10.9197 45.9286 17.1154 12.2712 31.4819 1.77067 3.03212 13.8396 35.8127 13.8579 1.32138 33.9405 33.0416 16.6335 20.279 17.7745 33.3376 29.3814 16.2955 45.0388 11.1048 26.5807 8.87929 18.318 36.2688 7.81918 23.3033 11.0464 19.836 31.9719 25.2328 20.1945 26.8768 30.6693 24.511 19.6071 28.8814 24.1552 36.1481 20.5392 3.25586 24.3041 28.1129 7.20727 36.6007 8.66963 11.3947 26.1907 25.3833 16.0324 29.5682 28.4975 13.6876 14.8074 29.9638 20.3207 25.7708 28.833 22.0854 23.8377 16.3188 15.6004 45.0766 8.6081 10.0393 25.7311 0.999465 19.9979 17.2864 23.1126 12.1716 28.2869 10.0236 12.8172 33.6924 13.8058 28.8575 17.7069 29.2815 36.1034 15.9371 32.5514 21.5691 16.925 24.7293 11.052 22.9038 13.4842 31.2088 13.4818 10.9058 30.1006 37.4161 9.61058 13.4114 36.5581 14.6685 22.8917 21.2522 17.5146 32.2883 28.5749 37.2219 19.9601 21.2236 29.5305 16.1925 38.9654 18.0089 24.648 8.38807 35.9099 36.6636 42.357 12.5066 22.0721 20.2124 31.225 43.736 26.1769 12.3835 23.5205 19.4892 28.4865 39.479 44.5721 26.7281 27.7738 39.6877 19.217 14.7434 27.7437 19.3974 12.2004 34.6975 36.3711 24.4103 42.1499 37.2502 21.9927 
31.0865 31.2517 25.7451 20.9446 20.012 29.7707 29.4418 0 29.4888 12.221 5.72408 23.8938 5.66754 24.4303 29.3547 34.4548 26.131 14.1396 27.7813 28.4779 17.4577 6.62124 27.8478 28.3953 19.9317 25.7983 4.94659 15.4074 27.2613 25.3835 18.9332 13.6938 24.8073 15.9761 3.83741 4.63697 26.305 22.7515 23.4868 5.27525 2.06593 31.9962 22.8111 19.1952 18.6042 24.5989 18.705 22.6715 5.0578 30.2967 30.2713 28.5566 18.6571 14.4678 24.4301 16.0299 20.1951 29.6285 9.60592 28.8973 7.89265 36.9447 17.2293 14.733 32.7622 2.6324 28.9636 29.4208 31.9738 32.8233 25.4382 30.6354 30.6716 27.4307 23.3645 21.3861 11.9324 4.13004 2.36077 13.3022 16.3004 27.7257 18.2701 21.5132 25.1492 8.34869 23.1965 6.96416 22.8592 18.7764 9.00212 4.31247 19.343 16.7816 14.0981 8.45525 26.4031 9.10804 21.6256 14.8715 27.5835 31.9195 15.7801 32.7072 25.4871 18.9635 20.809 18.0614 4.84119 17.6222 14.2853 29.6991 10.0831 38.4521 14.69 17.3467 21.678 3.74294 33.4516 18.7059 26.4057 17.2699 31.0949 16.3074 35.3163 20.1173 29.7654 29.1225 14.3126 28.1643 13.1762 25.4079 20.2644 21.2853 24.6724 15.5418 21.6012 1.52404 31.9173 5.98222 16.0646 15.4607 29.1017 22.2972 18.7647 11.8435 36.5689 7.25345 32.5949 6.37195 16.1256 20.7391 8.419 10.995 20.1449 28.6799 33.7577 37.3093 21.8214 25.7224 15.2343 33.673 9.1392 21.8066 30.2712 12.8992 1.18455 17.3412 10.2201 15.1253 33.2618 22.3923 31.4971 30.4481 15.402 17.4276 24.4611 10.6128 2.14583 15.1318 3.26502 21.3665 6.37945 9.96605 30.671 20.1313 16.1967 24.2616 17.7565 33.3168 11.6051 24.622 9.29527 27.006 35.706 7.33906 7.42261 13.9929 12.9478 19.5071 8.2161 
21.2843 13.6826 16.1744 22.1536 29.8328 7.50776 20.0249 29.4888 0 35.1745 29.2378 17.0189 32.1151 12.9244 4.49553 13.5166 19.6801 15.3497 14.2979 4.42124 14.3808 32.0476 8.02371 15.6407 23.4745 6.89297 26.8578 26.7115 11.2837 16.6403 20.0012 25.7615 16.2161 20.8644 33.2916 24.8768 17.5255 31.8835 17.067 28.9796 31.4773 11.7732 10.0374 10.3663 30.9326 8.80298 12.9497 29.137 34.4457 12.063 5.94237 9.25414 11.5221 30.3821 5.84102 35.9357 17.4135 6.96946 20.7543 16.8008 35.7157 16.573 40.7423 15.7871 10.1607 30.0349 18.2559 17.1374 7.94089 16.575 6.88795 19.9253 15.0989 15.4384 6.60368 34.3366 23.4756 31.7318 30.9344 22.449 40.0634 8.92007 14.5261 15.5088 4.40006 32.1037 23.008 22.8306 11.2067 32.504 25.921 27.0067 10.2364 15.8816 21.1349 30.2556 3.11832 22.9826 37.6443 26.7652 2.23161 19.006 34.7107 8.09956 24.5186 24.6009 18.2745 18.9737 29.3756 14.1273 24.1429 10.4138 22.0027 15.7219 19.6526 18.2188 7.99876 27.2477 8.80857 11.3733 5.94164 27.9302 5.52892 40.1542 16.9387 16.028 6.08963 20.808 15.2044 2.79499 16.6388 8.4323 14.5754 23.85 8.23649 23.3702 28.5196 28.1313 4.24034 33.0788 25.8943 15.7116 14.0947 7.85622 29.7135 18.3703 15.8501 22.6673 8.81778 26.9273 18.518 13.6454 35.1113 31.4397 21.026 6.67847 17.1767 13.0865 36.7257 4.45691 14.8995 12.4132 34.4054 23.5958 0.864476 16.5897 28.7985 13.0611 35.1401 28.096 5.02056 22.806 17.1195 18.417 35.5195 17.0781 6.13495 19.4873 31.6277 38.7345 27.076 26.8522 23.6108 22.3919 8.86532 27.5529 39.0543 10.27 15.9044 20.9962 26.1409 6.679 22.0117 2.48429 13.4341 30.5397 33.4982 33.7718 38.6928 25.0656 26.5072 
42.0086 31.8923 36.054 32.5024 12.4985 37.7248 27.3028 12.221 35.1745 0 17.8911 34.4372 6.59679 25.7564 36.4686 35.5162 37.1061 21.3494 28.1174 32.7198 26.7324 5.60093 36.0469 28.1401 31.698 33.5823 16.9813 27.5616 36.3589 24.8176 17.7722 25.7843 35.1554 15.4111 12.1942 14.673 36.8688 14.2884 22.9423 7.9784 12.346 40.8355 26.0691 25.2329 10.336 32.9261 27.6171 15.697 12.7934 31.5434 33.8688 30.9388 26.5735 26.6378 29.3964 27.4464 30.824 37.4434 19.651 39.1633 17.1021 37.2045 27.1125 19.4927 34.9329 14.6135 27.5797 28.5374 34.924 42.6827 29.3423 28.6238 40.4344 37.5041 28.5708 11.4263 11.8121 15.329 10.0077 13.0614 26.2178 30.3075 27.8124 22.2257 30.8595 19.9671 19.5805 14.3476 25.4635 9.49936 21.0678 10.4607 26.3074 26.5958 25.3816 5.23189 32.4318 20.3878 10.2097 27.033 33.7699 30.4166 4.64119 40.4393 21.0728 30.8851 20.1571 17.8786 8.02665 26.8151 12.023 38.4349 21.1396 39.4263 15.8374 28.0534 28.5272 10.6794 41.2537 26.5142 33.9167 11.148 34.8835 26.1787 35.119 20.9921 37.3183 26.6174 21.0959 33.0808 21.6802 28.602 30.1008 17.3368 28.1755 27.3295 14.9244 13.3246 36.3142 6.61262 28.1527 19.4644 38.7718 29.5679 11.3082 21.1836 37.0531 14.2454 35.2735 18.5031 17.2356 22.7886 5.00193 22.9481 18.0358 32.0529 43.6359 39.144 10.8093 32.4422 20.485 42.4408 3.39299 33.5436 35.7925 20.2999 13.3469 22.1432 20.8735 9.29472 39.7792 18.9383 41.6096 40.911 26.8453 18.8431 31.649 16.449 11.9289 25.3501 11.3763 15.6604 13.5174 12.9095 38.9091 32.2762 26.5733 33.0453 27.7543 43.9903 9.24894 28.9522 20.135 32.8711 37.0234 19.3126 18.2752 3.33551 22.3617 31.4681 8.87674 
27.0192 33.4429 22.3866 16.4664 25.2508 28.0693 32.8085 5.72408 29.2378 17.8911 0 20.3949 11.2976 26.7162 28.2322 36.3277 22.1338 14.4574 30.2755 29.0894 15.6029 12.3089 26.0652 31.0978 15.2082 24.4195 2.70768 10.0993 24.8422 28.3785 22.6405 8.60191 21.4518 19.8136 6.88565 6.46788 22.694 28.0733 26.5991 10.8525 5.80237 29.5835 24.3273 19.5331 24.015 22.9049 17.0279 27.7071 7.34792 32.2684 31.1225 30.0989 17.7743 8.75221 24.9109 10.7387 16.802 28.0285 8.52303 25.4664 6.64253 39.0786 13.1297 16.4773 34.1966 3.31131 32.0754 32.3202 33.0677 29.6147 26.4211 33.9059 27.6013 24.2139 23.7925 26.9594 16.2717 3.52135 7.88851 17.4296 12.2519 29.2211 16.0865 24.289 25.1467 3.46092 27.3575 9.52728 24.6881 24.3149 4.39875 9.23042 19.0615 14.5006 10.4128 14.116 26.1254 6.39005 27.3357 9.55355 27.1382 34.9491 21.4993 31.0364 29.7662 14.0343 24.1691 21.5189 10.4855 15.8212 18.8424 27.4469 7.45514 40.2245 18.1051 14.0762 21.2395 8.69108 31.7073 17.8982 25.1782 22.3926 31.8067 12.2966 37.699 22.9562 28.3354 32.6323 14.8959 28.4257 12.6764 26.7545 17.6373 25.6544 25.9172 10.962 26.6151 5.02199 32.2694 11.4449 10.9026 17.4792 26.1577 21.5215 24.0436 10.8769 38.6186 9.93455 33.7936 2.33636 19.3394 23.0159 13.739 5.38331 24.0535 29.7307 30.5107 38.7264 27.5018 25.0584 16.6121 31.2574 14.7043 17.0726 30.0761 13.3401 4.71701 18.6453 6.31704 20.3451 32.3421 26.5525 28.1201 26.8037 10.1094 20.3455 23.576 12.7105 6.2278 10.9349 7.95478 26.1762 9.4308 13.7033 28.735 14.7791 11.7706 22.2442 15.192 29.4263 16.5788 25.4385 7.24782 26.789 37.4171 1.92745 4.26229 19.7119 9.78867 14.5013 13.2424 
7.70146 28.7267 2.0557 5.96746 35.2474 11.2418 32.7571 23.8938 17.0189 34.4372 20.3949 0 28.86 24.4752 13.3067 29.7548 3.32428 14.7254 27.5672 19.977 8.41465 29.4047 9.58726 28.9259 7.64842 10.1356 19.2652 12.8422 6.59228 28.1238 27.0515 12.9719 1.21586 25.8876 26.8103 20.0027 2.43637 38.0302 27.377 26.5252 25.2312 10.4363 20.4458 14.7813 35.2746 8.29402 8.31712 36.1139 27.5557 27.0523 22.195 23.9731 10.7336 16.8769 17.1214 22.3973 3.69901 11.5457 14.8168 5.07264 26.7185 32.9273 27.9101 18.4996 26.5166 22.8728 31.2029 30.566 24.4536 9.25712 19.6909 33.2164 7.39478 3.97045 16.4186 38.937 25.6323 23.8433 26.1398 25.5693 27.4822 23.2217 7.19157 24.7667 15.5165 21.7904 31.9103 20.157 21.7116 36.4122 16.0066 24.0271 12.691 8.00379 10.0054 29.2964 15.0334 14.8005 41.0686 13.1701 15.0057 33.0736 36.198 13.6545 34.1994 9.14319 26.7457 25.551 26.5931 8.45575 27.7568 9.05284 13.8108 32.5334 23.7341 6.54789 12.4921 23.8929 14.0039 10.9654 11.0776 32.4498 22.1819 27.6011 32.7484 24.2448 12.3315 33.1954 15.3469 18.3099 13.3109 21.1679 4.8937 31.5362 20.3356 10.0543 35.1396 22.3893 21.2499 29.5129 11.7657 19.4687 6.22568 11.3495 34.5177 13.3332 32.2386 20.3181 25.3668 18.3328 23.6696 22.38 31.983 19.6785 28.6583 21.9628 10.132 30.0178 40.6309 13.0815 17.5041 11.9405 32.169 7.04382 17.7828 15.2603 22.7713 17.6353 24.3685 31.4091 17.0157 31.3296 7.72513 6.55852 22.182 23.2007 11.6052 19.0851 25.5741 26.3277 23.2872 33.8219 20.9583 22.9663 11.0112 11.6127 26.2004 6.80443 6.79311 9.55451 27.8552 18.5723 14.6467 15.621 30.0238 20.7009 23.9576 34.6516 27.5286 9.34564 26.1067 
36.2605 31.4681 30.6086 26.3779 16.2174 33.5149 28.3179 5.66754 32.1151 6.59679 11.2976 28.86 0 24.8104 32.6818 34.9256 31.3132 17.177 27.7778 30.3791 21.7116 1.14392 31.6933 28.1264 25.4547 29.4136 10.5412 21.0699 31.5441 24.8859 17.8776 19.3369 29.6841 15.0003 5.98812 8.86148 31.2938 18.68 22.936 3.17554 5.80653 36.1894 24.0925 21.7841 14.4451 28.471 22.7898 19.2061 6.8797 30.7829 31.8896 29.5531 22.2178 20.0416 26.6085 21.0165 25.1789 33.3031 14.1038 33.757 11.1531 37.074 21.2019 16.4484 33.7342 8.01682 28.1788 28.8805 33.3073 37.509 27.1107 29.5968 35.3005 32.1903 25.639 16.6922 10.7076 8.81669 3.41106 12.2125 20.2825 28.8013 22.6776 21.4912 27.7153 13.4431 21.2103 9.56326 23.817 14.2501 14.6283 5.23169 22.4205 21.3098 19.3659 4.16036 29.1509 14.3199 16.3813 20.5353 30.4286 31.1426 10.5144 36.37 23.2231 24.5495 20.0963 17.426 2.73981 21.8357 12.3075 33.825 15.1832 38.9371 14.471 22.3465 24.7505 5.15666 37.1545 22.2108 29.8927 13.8723 32.8195 20.2597 35.2074 20.1134 33.3128 27.8225 17.1204 30.3913 16.9023 26.729 24.849 19.0675 26.1276 21.063 18.2186 6.8932 33.9494 1.01746 21.709 16.8113 33.6769 25.5981 14.9287 16.0011 36.7983 9.62414 33.8076 12.0191 16.0046 21.3446 3.17935 16.3716 18.7098 30.1601 38.4565 38.1864 16.736 28.8041 17.2453 37.8429 3.48589 27.3208 32.828 15.9879 6.82391 19.2132 14.6079 11.6488 36.3402 20.4466 36.2963 35.4076 20.4048 17.5495 27.7576 12.6335 5.40306 19.295 5.63447 18.3836 8.7163 10.1584 34.5623 25.7931 20.4776 28.3588 22.3946 38.3839 9.14535 26.487 14.2558 29.6825 36.3166 12.726 11.9041 8.75999 16.5368 25.1093 6.47967 
30.9979 6.82227 24.6514 27.5001 17.702 19.2678 8.28456 24.4303 12.9244 25.7564 26.7162 24.4752 24.8104 0 16.5687 10.1282 27.7543 13.2441 3.63804 8.81895 17.4572 24.3274 18.7341 4.74679 28.1622 16.287 24.009 28.8698 21.2234 3.88726 8.27579 27.2558 24.2327 10.3463 28.1154 20.5974 26.0458 19.3878 4.17521 21.7298 26.471 23.6237 4.03811 9.98682 19.1793 17.2597 16.7348 16.5129 29.3772 5.97344 8.9362 5.33622 14.1455 31.4649 8.2174 36.1966 22.8501 18.7578 19.0492 26.5572 32.0672 12.5155 39.7538 10.2593 9.17738 26.0326 6.74846 6.29981 9.3928 27.8202 6.12782 8.78345 25.8681 24.8106 8.44992 22.2546 14.3006 27.9209 24.9633 12.8671 38.9074 4.90694 18.4252 3.54111 10.3622 30.133 10.1602 17.6336 2.77885 20.8251 25.1275 20.6315 11.9691 18.8417 22.9956 21.6995 11.8185 21.924 25.855 28.6746 12.9222 8.98018 24.053 20.7545 11.5959 28.6794 6.03188 7.88645 22.2743 17.266 13.751 21.6419 21.3694 14.1452 10.3495 21.9321 12.0401 21.0862 21.5311 13.889 15.8395 16.3779 10.0113 38.9619 10.9892 4.78577 18.0899 8.77598 12.5719 10.1406 15.6204 4.49713 20.047 11.285 4.87076 25.9744 16.0295 23.5216 11.9145 25.8267 28.4682 9.23846 24.4246 13.3013 17.8514 17.3918 12.1435 17.2841 9.60961 24.8237 8.82043 3.71904 27.2481 30.7952 8.76989 7.16492 28.6056 13.4555 24.7903 13.2755 10.307 24.6593 26.0435 29.1053 13.098 13.9863 24.2325 8.56668 33.0252 17.1814 17.8859 10.0488 27.8068 28.4696 35.6392 7.26103 13.9293 14.0923 26.4471 37.5669 21.2861 14.3388 18.0874 14.8102 20.758 31.6173 38.2707 18.4867 19.6689 31.5379 16.5933 6.77124 20.7635 11.7437 11.5069 28.5044 30.6483 23.5496 36.4185 29.3135 18.3675 
16.8822 18.1067 12.177 18.8605 32.5213 3.01375 24.1439 29.3547 4.49553 36.4686 28.2322 13.3067 32.6818 16.5687 0 18.0053 15.6627 15.5077 18.4145 8.72958 12.6958 32.7713 3.79945 19.7909 20.3317 3.90472 26.0883 24.2447 7.08318 20.416 22.7839 23.5627 12.3637 23.1499 33.0444 24.7269 13.4588 34.7872 20.5696 29.6514 31.2389 7.33742 13.1148 11.2549 33.3879 5.74106 11.2403 32.1791 34.1203 16.4618 10.431 13.5488 10.7032 28.1164 8.54965 33.7595 14.3946 2.47432 20.0386 12.4513 34.8509 21.0425 38.8513 17.0298 14.6501 29.5056 22.3878 21.3426 12.4257 12.0839 10.4553 24.1451 10.6195 11.2134 8.80449 36.924 25.1253 31.0639 31.0613 24.305 38.2419 13.1062 12.4704 18.6612 6.43648 30.7885 26.3566 23.1475 14.4292 34.8895 24.4952 27.4618 10.2696 14.0036 19.1086 31.3595 4.81517 21.8458 40.011 24.3782 3.648 23.3424 36.5516 4.30186 28.0809 21.6031 21.3532 21.5806 29.976 12.4623 26.2056 5.92849 20.7941 20.0662 21.6147 15.7716 7.9683 27.6144 5.12415 10.6488 3.06048 30.352 10.0121 38.3426 21.4338 18.9203 1.61419 24.8726 15.5779 6.93878 16.1807 12.1335 11.8501 26.931 11.7029 20.9281 31.4648 27.9058 8.51993 33.5923 23.3283 17.2644 9.6866 7.09768 32.2519 17.6568 20.3172 23.0612 13.293 25.896 20.7062 16.5235 35.7915 29.7035 24.0009 11.0182 12.7013 17.3588 39.191 4.06382 16.0011 8.14636 35.2982 20.1885 5.00307 16.7121 28.5243 14.5454 33.769 30.2216 4.17464 26.0591 12.6363 13.9936 33.4 19.4449 4.92865 20.1824 31.4449 36.9484 27.3208 29.8411 23.981 23.5598 4.4081 24.4435 37.1353 6.98112 13.7004 16.5098 27.79 9.85276 21.02 4.82514 17.8741 29.3093 32.4318 35.4403 37.2746 21.9934 27.6191 
34.7436 3.65689 29.2582 34.1072 25.9477 21.0088 10.6589 34.4548 13.5166 35.5162 36.3277 29.7548 34.9256 10.1282 18.0053 0 32.7145 22.1498 7.41075 9.79396 24.6654 34.4184 21.4663 7.64087 35.1332 19.8492 33.6409 37.0212 24.65 10.8448 17.7467 35.6275 29.141 20.2311 38.1813 30.4473 30.6567 26.8843 12.6192 31.8555 36.5083 25.1734 12.0238 17.6355 27.7958 21.5217 23.5383 23.9038 39.4409 4.16705 7.6734 6.38979 21.1931 40.094 13.0345 45.1913 29.237 20.4742 28.2165 30.2269 41.9716 3.17622 49.1633 19.9278 3.356 35.9278 9.29674 7.94493 5.58069 30.0534 10.6736 9.76622 28.6154 28.7628 14.0097 30.3184 24.3444 37.8084 35.0701 22.8789 48.3525 7.28083 25.3233 13.4707 14.2849 39.6718 17.463 27.5715 11.6711 29.4376 34.2341 30.7384 19.0609 26.2126 31.0721 31.7171 14.761 31.0103 34.1435 36.9218 15.0476 7.944 33.3231 21.0934 17.6014 35.9677 15.3609 17.7314 32.4016 24.4283 23.516 23.93 30.2982 4.01734 20.4552 29.1411 17.9438 31.1828 21.6437 20.9498 19.0165 25.3395 7.99381 48.417 3.62489 14.8256 19.5798 11.6584 21.5908 11.533 24.355 9.79071 26.2625 19.3503 10.6979 33.8524 23.781 33.4767 9.71148 35.941 36.4351 19.0516 27.5771 18.7406 26.4238 26.2365 2.51286 27.2425 4.73455 34.2932 18.922 13.7386 37.3055 39.9848 17.6763 7.83284 30.6136 4.02889 32.9417 16.7173 19.7162 25.5971 36.0425 35.6684 13.0367 23.1247 34.1908 17.6955 42.639 26.5505 16.8848 17.7599 30.6361 31.9003 44.6715 17.3829 18.1498 23.9565 36.5021 47.0006 31.3549 22.188 28.0824 24.9351 22.3171 38.9854 47.6082 22.9965 26.7216 34.5126 26.5123 11.8416 29.8643 14.2271 1.58834 38.032 40.3918 33.055 46.1056 36.5363 28.468 
4.95605 31.8406 3.50651 6.0588 38.4294 13.2205 36.0386 26.131 19.6801 37.1061 22.1338 3.32428 31.3132 27.7543 15.6627 32.7145 0 17.9275 30.7994 22.9206 11.628 31.9295 11.8636 32.1661 7.72731 12.9054 21.3358 13.4731 8.60414 31.425 30.3504 14.0594 3.59553 29.1313 28.791 22.5138 2.22172 41.2331 30.696 29.1446 27.3066 11.3315 23.7198 18.1023 38.3924 11.1954 11.6211 39.3643 29.435 30.1583 25.0913 27.071 14.0566 17.3536 20.2711 22.5885 6.36972 13.6127 17.4624 4.52032 28.1659 35.8764 28.1969 21.7567 29.4345 24.8611 34.4702 33.808 27.3237 8.61717 22.8416 36.4768 7.42127 4.70047 19.6165 42.0431 28.722 25.6435 28.435 28.7223 27.87 26.3429 10.4068 28.0894 18.5736 23.0887 35.2267 22.9537 24.9975 39.4907 17.7494 26.6505 16.011 11.0482 12.0354 32.0309 17.9537 17.043 44.0718 13.8969 17.7853 36.2907 39.0782 15.2142 37.5209 9.27609 30.0672 28.8474 29.1683 11.6895 30.9084 10.5924 16.1343 35.3427 26.9634 9.05695 15.7392 26.471 15.4027 14.2891 13.7964 35.6037 25.0008 27.9954 35.7943 27.5685 14.4771 36.4896 18.569 21.2024 16.381 24.355 8.17049 34.8301 23.5395 11.2793 38.3802 24.6587 23.9184 31.9059 12.3814 22.7461 6.93896 14.5545 37.6705 16.2145 35.1776 23.1455 28.235 20.2416 26.9408 25.7014 34.3853 20.6455 31.9624 24.9769 9.30924 32.7586 43.675 15.9973 20.7764 12.5683 34.6905 6.38942 20.3957 18.3934 24.976 20.9522 25.4319 34.4965 19.0308 34.6416 6.84488 5.0042 22.4631 26.5022 14.6181 22.1428 27.673 26.8098 25.8258 37.0831 23.7269 25.9921 12.6567 11.0592 26.5279 9.73095 9.83446 7.29418 30.8734 21.7424 17.0625 18.5023 32.9039 22.1781 25.3687 37.4922 28.3721 9.2376 28.9696 
22.36 19.5773 15.8488 15.6252 20.5225 16.4362 20.7225 14.1396 15.3497 21.3494 14.4574 14.7254 17.177 13.2441 15.5077 22.1498 17.9275 0 16.8774 14.6681 6.311 17.2989 14.7074 17.9527 15.858 12.3017 11.8722 15.6987 15.1396 15.9182 12.7825 14.032 15.074 11.2376 17.9437 9.53024 16.9695 23.3088 14.5577 14.176 16.1303 19.5052 10.1571 5.14248 20.6102 11.578 6.67871 21.468 19.1057 18.2324 16.6681 15.809 5.22712 18.2283 10.5079 23.0958 11.782 16.1896 6.0834 18.7204 20.6443 25.0538 27.0372 4.01044 19.8184 14.7888 19.5489 19.415 18.6167 21.7456 11.9736 21.5614 19.4835 16.9312 9.40123 24.2841 11.0797 16.5553 15.6528 10.8739 26.2417 14.9193 7.53448 11.872 11.0265 17.6672 17.88 7.64382 10.7901 21.8175 12.0874 11.9542 5.27203 7.0277 9.95616 16.1383 12.2652 8.86188 26.6326 15.4742 13.4619 22.1239 22.1985 19.2361 20.3112 16.0577 13.0583 11.2767 14.4808 6.27592 13.0583 17.1014 8.1918 25.9501 9.04792 9.85797 7.6176 12.1123 20.0331 5.16498 12.731 17.7424 17.3717 26.3107 23.9255 10.8834 16.1543 20.8591 0.741038 14.1418 2.39618 12.4165 9.85613 17.1534 11.5463 12.9862 20.4688 12.7876 17.9562 18.0847 15.381 5.15346 17.8019 8.42124 19.8096 4.15797 24.5348 7.55402 19.3554 12.2838 9.17535 9.87385 20.2991 17.8354 14.4382 15.2818 22.6913 24.3205 26.0961 11.6852 3.27298 21.0977 19.8831 17.1675 16.1359 1.24092 13.4616 4.67757 20.6872 16.8167 19.2452 17.2067 20.9097 20.6241 22.5606 9.0737 10.5813 4.91363 16.278 24.8881 11.8478 19.2173 8.47381 8.72026 17.5759 18.8429 25.4658 11.7764 8.19092 23.8505 13.5038 10.9811 7.71448 12.8665 23.1337 16.0327 18.672 20.8319 24.2166 16.7241 12.4961 
33.7697 3.77502 27.5827 30.8906 18.7741 21.2962 5.73476 27.7813 14.2979 28.1174 30.2755 27.5672 27.7778 3.63804 18.4145 7.41075 30.7994 16.8774 0 9.88902 20.8928 27.2103 21.0501 1.39876 31.6185 18.7827 27.5679 32.4784 23.7936 3.52048 10.3453 30.8786 27.2339 12.91 31.404 24.0861 28.9922 19.9858 5.21116 24.7718 29.802 25.6897 7.27153 13.407 20.5276 19.983 20.083 17.0094 32.6664 3.7467 9.12015 5.19328 17.5106 35.1013 10.6944 39.8287 26.1706 20.7644 22.6823 29.2681 35.499 9.29645 43.3412 13.8573 7.59816 29.4818 3.97354 3.03003 8.66036 30.1493 8.21889 5.80155 28.3186 27.576 11.2063 23.2366 17.1073 31.3704 28.1767 15.6191 42.489 5.38103 21.8105 6.32046 12.7005 33.7044 10.46 21.0829 6.2255 22.1785 28.7591 23.859 15.3058 22.3171 26.5868 24.4264 13.9231 25.5585 27.0045 32.2904 14.8203 5.53096 25.9345 22.3805 11.1409 32.1866 7.96102 10.4174 25.3346 20.6913 16.1368 23.8912 25.0074 11.3151 13.354 25.3994 15.0756 24.3384 23.1041 17.2531 18.2052 17.9822 10.1054 42.5415 7.53563 7.71989 20.0054 6.51383 16.2084 11.5525 19.2492 6.5623 23.3067 12.151 7.29746 29.5512 16.7499 26.9376 12.1988 28.7871 32.0594 12.8036 26.9688 16.2475 19.1595 21.0276 9.03521 20.7205 8.52151 28.4165 11.8295 7.26593 30.0424 34.4171 10.285 7.72718 30.8792 11.2069 25.8441 15.6226 13.9391 26.557 28.7288 32.495 14.2558 17.6239 27.644 12.2 36.5746 19.1441 18.9783 10.6307 30.3037 31.1369 39.2696 10.3887 16.5435 17.602 29.7554 41.1516 24.5899 15.1013 21.4903 17.9888 22.7678 35.1436 41.8705 21.3042 23.0941 34.1112 19.1749 9.18396 24.3982 13.6874 8.94901 32.0806 34.1597 25.6453 39.942 32.813 21.2987 
25.0746 9.39697 19.4674 24.523 26.2421 11.7138 15.6093 28.4779 4.42124 32.7198 29.0894 19.977 30.3791 8.81895 8.72958 9.79396 22.9206 14.6681 9.88902 0 15.5577 30.1647 11.857 11.2234 25.6514 10.0717 26.5355 28.1024 14.9488 12.3803 16.4771 26.9002 19.3481 17.7721 32.3153 24.0043 20.8683 28.1096 12.994 27.2043 30.5262 16.067 6.71262 9.55633 27.5199 11.7282 14.2816 25.2801 33.5259 7.73854 2.29568 4.84163 12.2138 31.4877 4.1818 36.8582 19.6576 11.1723 20.5963 20.5395 35.3053 12.9586 41.3064 13.9678 6.54236 29.3982 13.8395 12.7162 4.56992 20.755 3.38208 15.5054 19.1276 19.0216 5.30329 30.7877 20.9078 31.1963 29.6402 19.7151 40.5628 4.50799 16.0328 11.7706 4.66059 32.2048 18.9789 21.5715 7.60362 29.1331 26.2766 25.485 10.3265 17.1242 22.2486 28.0486 4.96736 23.147 34.2467 28.0723 5.37548 14.6222 31.7775 12.5203 20.3361 26.5971 14.529 15.6363 27.6598 15.3076 21.175 14.507 22.2755 12.6832 16.9073 19.8704 8.66924 25.8052 13.2282 11.9985 9.26815 24.5805 2.73126 40.6425 12.9707 12.518 10.3435 16.4025 14.3188 1.81779 16.4654 4.48725 16.6916 20.0127 4.63225 24.8233 24.7403 27.2414 3.6002 31.3766 27.4073 13.5777 17.9687 9.21491 26.2454 18.3343 12.2646 21.3388 5.47069 26.8622 15.5958 10.2583 33.2214 31.9797 17.3149 2.2886 21.4084 10.4053 33.2559 6.92333 13.2954 16.7962 32.3277 26.0564 4.38402 15.8465 27.9401 11.227 35.2454 24.9994 9.15932 18.8489 21.1496 22.2739 36.3883 14.0394 8.38213 17.9986 30.6195 39.2135 25.7557 23.0547 22.2717 20.3187 13.1372 29.6093 39.6672 13.205 17.4515 25.0234 23.5095 3.89694 22.0707 4.45326 10.0724 30.587 33.3249 31.0001 38.7952 27.1308 24.3703 
16.066 22.8257 9.61172 10.0597 26.8328 12.5022 25.5603 17.4577 14.3808 26.7324 15.6029 8.41465 21.7116 17.4572 12.6958 24.6654 11.628 6.311 20.8928 15.5577 0 22.0783 10.5175 22.1549 10.7268 8.83564 13.622 12.548 9.84976 20.7749 18.8215 11.4292 8.80171 17.5046 20.9187 13.0214 10.6806 29.6184 19.748 19.038 19.1624 14.5532 13.6298 7.48677 26.8832 7.31432 1.46474 27.7387 21.8966 21.257 17.8355 18.3642 3.4806 16.0491 11.6815 21.5634 5.65033 12.4375 7.85223 12.5883 22.2429 27.7872 26.3886 10.143 21.777 17.1736 24.1603 23.7474 20.0675 15.9504 13.998 26.2048 13.7027 10.851 10.6619 30.5514 17.2748 18.5972 19.4589 17.1632 25.7301 17.503 1.22361 17.0576 10.9725 18.0929 23.8024 12.4065 14.7047 28.0504 11.8014 16.5898 5.67106 1.56683 6.77552 21.5125 11.4289 9.21844 32.78 12.5338 12.1623 26.3971 28.0952 15.4704 26.1647 11.3732 18.747 17.3115 19.2077 0.254723 19.3503 12.2418 8.14782 28.0594 15.3356 4.53031 6.88856 16.5712 16.1676 3.73023 9.63573 24.0409 18.2098 25.8245 27.1178 16.3412 12.733 25.8634 6.94157 14.3514 5.09585 15.0995 3.5643 23.2736 14.185 9.26806 26.7524 15.9439 18.0576 22.4931 11.8546 11.1669 12.0444 6.56829 26.1087 5.71598 27.1691 12.4884 20.9352 13.2735 15.3401 14.7604 24.8904 17.1251 20.4554 16.979 16.9035 25.942 32.2977 9.95255 9.19133 16.2258 24.8035 11.6627 15.2452 6.89144 16.4819 9.64396 21.0784 23.0446 16.8503 23.179 14.9247 14.4452 21.1408 14.9985 8.32214 10.7978 19.4268 24.4125 16.0848 25.4645 13.2529 14.7009 13.2762 14.3756 24.6921 6.81281 2.21434 17.6455 19.5777 12.826 8.50021 12.1256 25.3147 16.6182 19.7641 26.6222 24.594 11.9756 18.102 
