100
7.261 8.63153 2.17754 0
18.0442 21.1598 2.23525 0
18.5632 22.5639 1.38167 0
10.9635 20.7721 1.02361 0
14.6967 21.526 1.32862 0
15.6622 21.6577 0.222314 0
1.63393 17.5882 12.2983 0
17.8299 21.8068 0.992646 0
2.45759 9.49472 0.487312 0
0.214414 9.61733 1.75976 0
18.1416 18.1964 1.19526 0
8.20153 14.8938 1.9023 0
13.6736 17.8908 0.559627 0
3.87618 9.03243 1.61268 0
11.3853 15.0581 0.43872 1
5.15359 14.9517 19.6047 0
12.7729 20.341 1.57457 0
10.6042 23.6831 1.60286 0
3.01321 23.7021 1.85661 0
12.0537 22.8088 1.54782 1
18.5198 19.5168 0.602302 1
3.57375 23.547 1.63204 0
2.72204 15.3864 0.927934 0
14.4937 18.7893 0.989782 0
18.7253 23.0845 0.516342 0
7.62891 14.5365 1.52693 1
14.7089 17.4248 26.5872 0
6.92641 15.2846 1.3664 0
1.70532 10.5083 0.694506 1
6.71396 11.5682 1.717 1
13.0566 21.7313 20.7092 0
2.39381 12.2514 0.361406 1
16.1451 17.3795 2.08098 1
5.68131 10.7553 0.817713 0
12.3 20.8203 14.2799 0
9.15078 19.7451 0.499991 0
4.01604 8.86337 0.683523 0
18.821 21.5895 1.84866 0
3.45487 22.885 0.355558 0
0.963848 21.1258 2.25001 0
4.3414 11.1817 28.7057 0
9.50479 15.2705 1.4089 1
5.23022 18.4412 1.27417 0
11.9884 12.1311 0.850165 0
4.79617 16.534 1.62757 0
7.638 9.5104 4.2949 0
11.1643 18.4709 1.96156 0
15.035 15.046 0.392803 0
11.8556 16.5481 1.36099 0
5.29308 12.4886 1.17475 0
15.215 17.99 14.5564 0
4.67324 12.8536 0.246896 0
0.147527 13.0882 1.25674 0
4.63677 18.5775 1.55765 0
10.0612 21.2294 26.2202 1
15.7747 20.5066 14.2667 0
17.0589 21.466 11.6897 1
17.4967 19.9061 1.85375 0
0.897235 23.6365 1.88525 0
17.7044 21.8107 20.7564 0
18.4401 20.1194 0.459165 0
11.9205 13.3146 0.500542 0
1.88898 11.6422 2.23021 1
4.1589 21.0947 7.08444 0
3.79679 13.5273 1.39091 1
1.19495 10.5854 1.72296 0
17.9947 19.2817 1.87649 0
12.7236 19.2698 1.57594 0
16.5367 20.0875 1.77161 0
5.51894 16.8268 6.24407 0
10.6984 18.1618 1.67584 0
15.785 22.233 1.05627 0
18.2523 21.4497 1.975 0
16.2788 22.5151 0.687226 0
0.46957 22.8422 1.08282 0
10.6658 23.7962 1.38495 1
2.83912 23.4128 1.34359 0
14.722 22.8067 1.56026 0
1.39546 4.20596 0.286624 1
1.18829 5.40015 1.48252 0
7.93305 18.2785 0.504051 1
5.76231 13.1293 0.623403 1
4.87301 5.23139 1.86873 1
14.5312 22.0085 0.23136 0
10.9988 21.3606 2.10001 0
16.9967 20.4295 1.77637 0
16.3014 23.0947 1.83661 1
5.94317 23.5573 1.93906 0
3.18727 17.4632 1.28673 0
14.2036 16.8576 1.08756 0
17.351 18.4611 0.356828 0
13.4576 23.0383 2.13864 0
3.86949 15.7322 1.0393 0
0.26396 0.331101 0.20858 1
6.84383 8.24192 0.759331 0
1.31331 12.8113 2.20267 0
6.84143 8.78074 1.13113 0
15.0051 18.2411 2.06446 0
5.56266 10.4275 0.729858 0
10.6912 11.3301 0.201406 0
400 50 500
0.025 0.0125 10000 3000 15 1e+06 300000 6 9
0 5.66941 4.65051 3.01335 5.20851 8.15748 6.52715 7.54318 5.43588 0.463676 4.44862 3.38133 5.16809 5.17718 2.23622 5.41813 6.01644 7.88777 6.26184 1.95189 1.14428 5.54883 2.86654 5.6705 3.92026 5.18836 2.57825 5.8712 4.66321 7.37527 5.01532 3.45494 5.22589 6.64299 4.59308 0.297366 4.21137 4.00947 2.49835 0.221683 2.27289 2.36703 5.2729 3.11388 0.504217 6.91469 2.47015 1.30952 5.1325 5.43458 1.20237 3.10608 2.85586 7.00194 6.7481 1.18448 4.14186 7.95955 3.51838 5.89202 1.28197 1.90125 8.2809 4.23011 7.10855 5.8659 4.2024 5.82495 6.98819 3.89191 2.02978 3.57234 7.50078 4.59471 1.99104 6.45388 4.40528 3.64066 5.33162 6.3068 7.93133 7.86333 0.0800419 1.23014 7.56195 0.996786 6.86578 1.91053 6.05308 5.52302 7.37263 6.50423 7.56604 7.24316 1.20156 7.00339 6.28304 5.98252 1.91921 6.79715 8.08272 
5.66941 0 3.02086 8.12329 4.3655 2.73754 2.64925 4.5205 7.68556 5.63114 1.62862 5.40061 2.63144 1.31238 5.42115 4.20011 8.14009 2.2544 0.823917 5.53234 5.6491 6.71558 7.5298 3.71578 4.77449 2.87128 5.27318 1.89529 3.94145 3.21292 2.89024 2.61269 2.8265 2.13202 8.03736 5.69958 2.52192 1.74547 5.80028 5.58022 7.34641 4.1039 6.64319 6.6289 5.96757 2.86401 7.82845 6.75217 3.20307 0.435212 6.19124 7.67664 2.85636 3.69591 4.59837 6.4588 2.41118 2.30437 4.63405 6.62836 4.98616 6.14802 3.21607 4.51174 2.46344 2.03537 6.92308 2.91151 1.40262 6.49372 6.55833 7.11806 3.94944 5.5966 3.72106 1.72441 1.44642 2.12395 1.99631 0.730934 3.85281 4.16928 5.66912 6.89826 3.06739 5.475 3.80028 3.77776 0.435556 8.30853 4.10107 1.09 1.99863 1.6556 6.03619 2.4979 8.70023 0.313518 7.17923 1.13385 3.8801 
4.65051 3.02086 0 7.62775 1.39546 4.25272 2.04183 7.29227 4.74045 4.37206 3.44865 2.7466 0.647248 1.72407 3.27173 1.32104 5.15893 4.41597 3.83821 3.51417 5.24325 3.70038 5.37821 1.15724 5.99673 5.11808 5.69861 4.658 0.921043 2.84018 5.04315 1.54972 5.10097 2.42981 5.33157 4.51938 0.747829 2.02234 6.06373 4.68423 5.4572 4.47912 3.64389 6.94049 5.11646 2.41111 6.06451 5.95509 5.35717 2.58567 4.55934 5.45418 3.03167 6.48157 2.32256 5.77563 4.04096 4.56616 5.67594 3.60965 3.47337 4.15824 4.03935 5.94619 5.46826 1.62903 4.14744 5.44716 3.60122 3.75283 6.32772 4.57038 6.8205 6.93812 3.43149 4.70541 3.12201 1.99994 4.47771 3.15626 3.32778 7.08479 4.69288 5.70161 6.07237 5.01631 6.52276 3.04132 3.09472 5.41942 6.91052 4.09453 4.81347 3.78998 4.38566 5.48433 5.73453 3.22327 5.44552 3.6982 3.49601 
3.01335 8.12329 7.62775 0 8.21822 10.7899 9.41823 8.58533 7.88602 3.38457 6.62673 6.251 8.10796 7.91992 5.09003 8.43124 8.42898 10.3758 8.54531 4.77639 2.50302 8.29664 4.61432 8.67547 4.52114 6.68749 3.16829 7.7443 7.67657 10.2684 6.518 6.30926 6.74243 9.44798 6.6642 3.20964 7.12597 6.66631 2.63085 2.94941 3.87652 4.0708 8.0056 2.24944 2.52284 9.8035 3.48381 1.71549 6.48635 7.98696 3.65772 4.83639 5.3074 8.2955 9.76101 1.85264 6.04072 10.4133 4.29112 8.69518 4.28524 4.44604 11.0363 4.96096 8.94115 8.7152 6.70055 7.30485 9.51597 6.50002 1.59463 5.85691 8.79157 4.61908 4.49913 8.44207 6.70622 6.33819 7.17709 8.82737 10.8527 9.14902 2.95941 2.34179 9.25601 2.70512 8.08829 4.68284 8.54573 7.74186 8.56543 8.74624 9.80829 9.77203 3.78217 8.79739 8.54587 8.42235 3.49588 9.24675 10.9927 
5.20851 4.3655 1.39546 8.21822 0 5.12012 2.69945 8.68767 3.68822 4.84025 4.8306 2.37547 1.75555 3.0533 3.32199 0.322041 4.01832 5.4669 5.16863 3.62551 6.01193 2.48316 5.16343 0.955814 7.20387 6.49634 6.71821 6.05071 0.626336 3.26912 6.41488 2.75799 6.48142 3.30363 4.5972 5.0114 2.10115 3.38976 7.014 5.29672 5.43029 5.56619 2.49896 7.86479 5.70745 2.96519 6.0769 6.50426 6.72472 3.93246 4.78976 5.17669 4.22407 7.87642 1.61514 6.38864 5.38703 5.63518 6.85571 2.29844 3.93312 4.19292 4.69316 7.19773 6.8269 2.64975 3.40309 6.8397 4.74298 3.09532 7.09051 4.06432 8.21138 8.14352 4.43846 6.0727 4.507 3.31245 5.87202 4.40145 3.53418 8.47113 5.26684 6.07319 7.43133 5.78331 7.91819 3.95582 4.38583 4.43968 8.30499 5.41513 6.04194 4.89408 4.62503 6.85164 4.61507 4.53981 5.52405 4.91367 3.73257 
8.15748 2.73754 4.25272 10.7899 5.12012 0 2.42654 6.19794 8.80615 8.03647 4.36101 6.99891 3.61299 3.00317 7.39824 4.83004 9.13121 0.907258 2.67189 7.58958 8.29286 7.5837 9.54858 4.18236 7.46638 5.33954 8.00831 4.09625 5.01216 2.13012 5.40746 4.76628 5.284 1.84065 9.5667 8.1354 4.22072 4.15984 8.53136 8.10248 9.51909 6.82254 7.61808 9.36533 8.51457 2.22775 10.0746 9.33252 5.68485 2.80635 8.46419 9.64893 5.48278 5.4646 4.41265 9.06115 5.12696 1.06546 7.35313 7.32368 7.26406 8.23946 0.885346 7.16969 3.79998 2.62393 8.37171 5.15296 1.36064 7.99225 9.24856 8.82212 5.4871 8.24135 6.31163 3.48819 4.1809 4.51969 4.45273 2.00681 2.42518 5.54194 8.17041 9.36217 4.22361 8.10353 5.66357 6.2505 2.30201 9.54518 5.7596 2.64028 2.1537 1.13649 8.296 3.94782 9.7304 2.48012 9.42859 1.75547 2.30431 
6.52715 2.64925 2.04183 9.41823 2.69945 2.42654 0 7.13661 6.38768 6.30194 3.93342 4.72896 1.41343 1.74313 5.31303 2.40472 6.70506 2.8759 3.2433 5.55087 6.94779 5.15716 7.41559 1.75614 7.00605 5.45378 7.08917 4.54281 2.65439 0.850522 5.44396 3.10899 5.41567 0.698813 7.21631 6.43425 2.31629 2.95022 7.53761 6.52715 7.49642 5.83085 5.19428 8.41888 6.95988 0.387549 8.09862 7.80417 5.76717 2.3389 6.5661 7.4852 4.32854 6.31677 2.15489 7.58705 4.70983 3.05723 6.7689 4.90289 5.43312 6.1973 2.03384 6.83509 4.90553 0.764107 6.0156 5.55525 2.32549 5.65761 8.00305 6.54407 6.52446 7.90861 4.98622 4.26573 3.62743 3.18389 4.61488 2.27757 1.45771 6.70306 6.55905 7.64641 5.47842 6.73091 6.4368 4.73599 2.42001 7.13553 6.70739 3.41622 3.70284 2.4004 6.39258 4.98668 7.30456 2.64815 7.47375 2.63486 1.57944 
7.54318 4.5205 7.29227 8.58533 8.68767 6.19794 7.13661 0 11.5141 7.7826 3.9425 9.0102 7.05462 5.74796 8.5326 8.58079 12.0438 5.30105 3.90758 8.48931 6.80664 10.7979 10.241 8.17308 4.06652 2.45656 5.50453 2.65843 8.16289 7.56996 2.60997 6.22163 2.43908 6.53868 11.4237 7.74151 6.61892 5.37111 5.99099 7.34927 9.77081 5.17864 10.6601 6.39051 7.53853 7.29692 10.0122 7.99436 2.4275 4.90332 8.57688 10.454 5.25458 0.825142 9.11408 7.65207 3.68115 5.17039 4.33704 10.8171 7.62467 8.92993 7.0191 3.63064 2.39958 6.55586 10.5066 1.91739 5.11725 10.0701 7.12327 10.3763 0.728303 4.13015 5.84098 2.88582 4.23742 5.57204 2.83311 4.8877 8.15666 0.851578 7.49497 8.5929 2.0267 6.77486 0.778875 6.28897 4.71738 11.9881 0.441268 3.77734 4.05681 5.2177 8.4835 2.26068 12.5394 4.48857 9.45065 4.69269 8.13134 
5.43588 7.68556 4.74045 7.88602 3.68822 8.80615 6.38768 11.5141 0 4.97386 7.59212 2.52169 5.30313 6.43966 3.33272 3.98794 0.584666 9.1094 8.50907 3.54498 6.56784 1.34584 3.39356 4.63758 8.90515 9.09881 7.85501 9.05533 3.85506 6.91802 8.96916 5.32487 9.10473 6.97982 1.55581 5.14071 5.16498 6.23374 7.89628 5.63397 4.06938 7.10108 1.21362 8.54947 5.8705 6.64522 4.61904 6.36063 9.22653 7.25808 4.35248 3.22853 6.33914 10.7632 4.83596 6.44174 7.86927 9.26995 8.49597 1.79328 4.4538 3.56208 8.36817 9.07332 10.0483 6.27505 1.23357 9.59673 8.33087 1.58076 7.41769 2.03418 11.1783 9.74859 6.01743 9.27168 7.32468 5.97287 8.72102 7.89398 7.08595 11.4883 5.51581 5.56396 10.6411 6.38816 10.7386 5.47231 7.81513 0.797038 11.194 8.77522 9.55037 8.50677 4.28325 10.0336 1.02841 7.92141 4.41066 8.43844 7.28814 
0.463676 5.63114 4.37206 3.38457 4.84025 8.03647 6.30194 7.7826 4.97386 0 4.51471 2.93591 4.91903 5.03773 1.78275 5.06336 5.55493 7.81646 6.26634 1.49262 1.59828 5.09193 2.51318 5.3507 4.28173 5.38776 2.99177 5.98267 4.31509 7.14479 5.21783 3.28521 5.4213 6.46182 4.1594 0.181946 3.98958 3.92668 2.94547 0.662426 1.98823 2.64077 4.8145 3.57673 0.940905 6.68881 2.29264 1.66926 5.3587 5.36659 0.81919 2.74559 2.89283 7.20788 6.40293 1.60169 4.28626 7.89824 3.87361 5.44121 0.915019 1.45205 8.11234 4.56814 7.21177 5.66818 3.74057 6.01572 6.91131 3.42824 2.48774 3.12737 7.70141 4.99409 2.06408 6.53069 4.43759 3.54894 5.45883 6.23896 7.68188 8.06103 0.543104 1.34594 7.68862 1.4344 7.08504 1.85666 5.99733 5.07216 7.59062 6.51704 7.56764 7.16376 0.778538 7.11597 5.82751 5.94452 1.68373 6.74697 7.83976 
4.44862 1.62862 3.44865 6.62673 4.8306 4.36101 3.93342 3.9425 7.59212 4.51471 0 5.11151 3.35268 2.21813 4.78429 4.76758 8.11251 3.80354 1.91868 4.80614 4.21453 6.85663 6.7259 4.46165 3.16628 1.67022 3.67166 1.53529 4.26968 4.63939 1.60484 2.28011 1.65233 3.57582 7.62278 4.54278 2.73082 1.44857 4.20961 4.3186 6.4048 2.55925 6.71763 5.01968 4.66023 4.22972 6.79865 5.38306 1.92578 1.69405 5.19738 6.90871 1.62653 3.17301 5.53378 5.06676 0.799996 3.81884 3.0081 6.88782 4.06377 5.34449 4.83233 2.93629 2.72007 3.19518 6.63232 2.03823 3.01047 6.19287 5.03982 6.60937 3.5885 4.02185 2.46166 2.01639 0.331664 1.62988 1.12947 2.35793 5.29386 3.90694 4.43139 5.6657 3.24145 4.06744 3.16364 2.71251 2.06204 8.10072 3.60498 2.12422 3.1926 3.25564 5.06454 2.64339 8.61983 1.88369 6.16781 2.67654 5.3528 
3.38133 5.40061 2.7466 6.251 2.37547 6.99891 4.72896 9.0102 2.52169 2.93591 5.11151 0 3.39017 4.26272 1.16328 2.67985 3.07864 7.11849 6.21045 1.47477 4.41794 2.20857 2.7898 3.20437 6.4562 6.58365 5.53109 6.60572 2.11304 5.45161 6.45152 2.88459 6.59108 5.17429 2.64291 3.1178 2.92397 3.81373 5.66116 3.5367 3.07685 4.65354 1.95559 6.40944 3.87571 5.06912 3.72799 4.56145 6.70603 4.99388 2.6226 2.81401 3.81745 8.27175 3.97505 4.53421 5.35237 7.2577 6.05347 2.51556 2.17596 1.90899 6.75778 6.5954 7.65829 4.37498 1.53557 7.09376 6.26398 1.09868 5.40624 1.824 8.69912 7.33129 3.53383 6.88452 4.86087 3.5176 6.24028 5.73107 5.82041 9.01806 3.45532 3.95992 8.23867 4.20907 8.23729 2.98156 5.60034 2.98942 8.70048 6.48184 7.35501 6.47369 2.4804 7.62777 3.53733 5.66759 3.21245 6.28934 6.01128 
5.16809 2.63144 0.647248 8.10796 1.75555 3.61299 1.41343 7.05462 5.30313 4.91903 3.35268 3.39017 0 1.325 3.90479 1.56961 5.6939 3.81361 3.42212 4.1386 5.67608 4.19565 6.02109 1.12301 6.14188 5.01021 5.99421 4.39739 1.44821 2.23569 4.9561 1.853 4.98578 1.78422 5.95902 5.05795 0.993725 2.03135 6.39692 5.18388 6.08501 4.74756 4.16889 7.27975 5.61764 1.79191 6.68541 6.46115 5.27818 2.20423 5.15624 6.09958 3.25209 6.23347 2.19015 6.26223 4.02929 3.97019 5.85055 4.04939 4.03691 4.78604 3.39384 6.04535 5.09432 0.994396 4.76875 5.27003 3.0305 4.38205 6.75107 5.21416 6.53712 7.07599 3.77917 4.35199 3.02111 2.12833 4.29205 2.64891 2.7644 6.77913 5.20492 6.25926 5.69775 5.45294 6.2989 3.45372 2.63098 6.00434 6.6553 3.66438 4.29661 3.2037 4.9826 5.12827 6.27928 2.78989 6.06036 3.17 2.92073 
5.17718 1.31238 1.72407 7.91992 3.0533 3.00317 1.74313 5.74796 6.43966 5.03773 2.21813 4.26272 1.325 0 4.47018 2.89023 6.87433 2.90797 2.11938 4.63452 5.41918 5.42443 6.6211 2.42946 5.26308 3.81142 5.40318 3.08982 2.64429 2.51826 3.78038 1.76336 3.77997 1.54874 6.90332 5.14133 1.34002 1.27382 5.87502 5.13621 6.54173 4.15083 5.36482 6.74936 5.55724 2.07498 7.08307 6.38887 4.10556 0.880963 5.46508 6.74092 2.67519 4.92444 3.39262 6.13609 2.97765 3.02946 5.03014 5.32236 4.26205 5.27845 3.12078 5.09456 3.77521 0.985893 5.75274 4.00647 2.02059 5.33486 6.43543 6.0436 5.21676 6.16614 3.42334 3.02801 1.90099 1.58175 3.03295 1.47139 3.16633 5.45506 5.1948 6.36975 4.3794 5.21487 5.00049 3.28502 1.37592 7.09206 5.34274 2.37228 3.11704 2.24788 5.29801 3.80523 7.44411 1.49944 6.43498 2.02821 3.25599 
2.23622 5.42115 3.27173 5.09003 3.32199 7.39824 5.31303 8.5326 3.33272 1.78275 4.78429 1.16328 3.90479 4.47018 0 3.59312 3.91666 7.37789 6.18434 0.316776 3.31097 3.31364 2.15327 4.01432 5.59134 6.07631 4.52744 6.31874 2.90704 6.10535 5.92671 2.80927 6.09375 5.64275 2.89486 1.96398 3.17878 3.70113 4.5999 2.40419 2.18921 3.7953 3.04028 5.30911 2.72362 5.68244 2.81089 3.39818 6.14489 5.05884 1.48948 2.27198 3.2812 7.84704 4.93509 3.37523 4.85527 7.49577 5.17966 3.6586 1.12189 0.895633 7.28728 5.78483 7.46366 4.82115 2.13404 6.6426 6.48449 1.75198 4.26591 1.84404 8.30606 6.41979 2.77364 6.71052 4.59061 3.34411 5.88178 5.87878 6.55397 8.64497 2.3123 2.81612 8.01325 3.1126 7.77815 2.26364 5.69736 3.58877 8.26419 6.45448 7.41907 6.71693 1.33599 7.40683 4.27297 5.71652 2.21965 6.43109 6.73322 
5.41813 4.20011 1.32104 8.43124 0.322041 4.83004 2.40472 8.58079 3.98794 5.06336 4.76758 2.67985 1.56961 2.89023 3.59312 0 4.30143 5.20316 4.99112 3.89181 6.18362 2.75682 5.46955 0.649863 7.25184 6.43758 6.82947 5.93201 0.759464 2.95266 6.36392 2.78673 6.41975 3.02627 4.91822 5.23146 2.06064 3.34302 7.14524 5.49681 5.7211 5.65371 2.78991 8.00467 5.91335 2.65823 6.36551 6.72052 6.67819 3.77104 5.0482 5.48709 4.27014 7.76453 1.34801 6.59296 5.35898 5.37425 6.91408 2.53712 4.15119 4.47226 4.38429 7.2261 6.66341 2.40701 3.72477 6.75481 4.50179 3.41704 7.26679 4.38376 8.08509 8.19335 4.54444 5.91812 4.43978 3.30192 5.78134 4.19154 3.21214 8.33554 5.47387 6.31691 7.26704 5.95449 7.8163 4.08228 4.19325 4.74602 8.19048 5.2314 5.81911 4.64354 4.88139 6.69545 4.90037 4.3579 5.80412 4.69133 3.41056 
6.01644 8.14009 5.15893 8.42898 4.01832 9.13121 6.70506 12.0438 0.584666 5.55493 8.11251 3.07864 5.6939 6.87433 3.91666 4.30143 0 9.4781 8.96394 4.12959 7.15 1.55234 3.89085 4.94894 9.48457 9.63919 8.43964 9.55962 4.25371 7.18439 9.51239 5.83719 9.64363 7.3219 1.93631 5.72083 5.62796 6.73519 8.48002 6.21562 4.58766 7.67994 1.52626 9.12945 6.44749 6.94027 5.11394 6.92402 9.77416 7.70918 4.92331 3.7101 6.89292 11.2855 5.02144 7.0122 8.41225 9.64321 9.07592 1.89977 5.03799 4.13693 8.64996 9.64872 10.5282 6.64751 1.81458 10.127 8.72375 2.16472 7.99219 2.57236 11.6935 10.3309 6.59041 9.75227 7.83829 6.48725 9.23969 8.31437 7.30463 11.9987 6.09641 6.11688 11.1244 6.97133 11.2669 6.04338 8.24971 0.909423 11.7172 9.22752 9.97142 8.88992 4.85814 10.5192 0.60141 8.36607 4.94191 8.85205 7.50626 
7.88777 2.2544 4.41597 10.3758 5.4669 0.907258 2.8759 5.30105 9.1094 7.81646 3.80354 7.11849 3.81361 2.90797 7.37789 5.20316 9.4781 0 1.96113 7.53726 7.90343 7.95004 9.52779 4.57477 6.80784 4.58663 7.47484 3.31011 5.25928 2.80949 4.67102 4.62664 4.52864 2.19415 9.73894 7.89799 4.22785 3.88983 8.01291 7.80993 9.42764 6.34 7.95265 8.81917 8.20557 2.78257 9.94925 8.99935 4.93005 2.45351 8.31765 9.64888 5.10577 4.58004 4.99355 8.70962 4.52376 0.188312 6.73112 7.73683 7.10698 8.17769 1.7764 6.48363 2.90755 2.83441 8.56154 4.34269 0.907255 8.16044 8.80612 8.92381 4.58673 7.53763 5.96497 2.65578 3.67755 4.26786 3.72006 1.58097 3.21567 4.63589 7.89213 9.11142 3.31782 7.72837 4.78605 5.981 1.84271 9.81772 4.86416 1.86834 1.2486 0.662439 8.15512 3.06039 10.0705 1.95343 9.29888 1.13139 3.12104 
6.26184 0.823917 3.83821 8.54531 5.16863 2.67189 3.2433 3.90758 8.50907 6.26634 1.91868 6.21045 3.42212 2.11938 6.18434 4.99112 8.96394 1.96113 0 6.27861 6.12061 7.53604 8.26858 4.48082 4.84671 2.66818 5.55975 1.45673 4.75924 3.66952 2.73626 3.38776 2.61309 2.6312 8.84225 6.31945 3.34473 2.48395 6.10569 6.15311 8.04853 4.47749 7.46603 6.89081 6.51911 3.38966 8.5048 7.27063 3.01348 1.2559 6.87216 8.42407 3.40781 3.09648 5.29723 6.9618 2.5844 1.94387 4.77491 7.44165 5.67977 6.88076 3.33621 4.52543 1.69263 2.72887 7.73688 2.52847 1.34892 7.30582 6.95833 7.90941 3.2816 5.58572 4.27822 1.02421 1.8713 2.84956 1.78126 0.980238 4.27244 3.46399 6.25382 7.4909 2.28909 5.96485 3.24002 4.41176 0.834503 9.12906 3.47342 0.271999 1.3042 1.53961 6.72308 1.75398 9.52409 0.636101 7.85925 0.921727 4.26397 
1.95189 5.53234 3.51417 4.77639 3.62551 7.58958 5.55087 8.48931 3.54498 1.49262 4.80614 1.47477 4.1386 4.63452 0.316776 3.89181 4.12959 7.53726 6.27861 0 3.04884 3.59978 1.99953 4.2972 5.42835 6.03377 4.31225 6.34098 3.19465 6.35351 5.87951 2.93248 6.05425 5.85583 2.9783 1.67219 3.37035 3.79647 4.35756 2.12936 1.94742 3.64678 3.32188 5.04541 2.43123 5.92435 2.55088 3.08869 6.08488 5.18397 1.17464 2.14569 3.25818 7.82196 5.23639 3.07464 4.8246 7.64967 5.01517 3.95657 0.936915 0.651436 7.50707 5.64127 7.50646 5.03434 2.32529 6.6145 6.63833 1.9716 3.98024 1.91194 8.2889 6.23586 2.67963 6.76241 4.63094 3.42936 5.88579 6.01841 6.81581 8.63266 2.02946 2.49936 8.04538 2.85765 7.7429 2.20055 5.82575 3.74583 8.23423 6.54694 7.53059 6.87508 1.01955 7.44253 4.45677 5.83283 1.94192 6.56628 6.9925 
1.14428 5.6491 5.24325 2.50302 6.01193 8.29286 6.94779 6.80664 6.56784 1.59828 4.21453 4.41794 5.67608 5.41918 3.31097 6.18362 7.15 7.90343 6.12061 3.04884 0 6.61543 3.94319 6.34298 2.94645 4.59036 1.50471 5.47466 5.42505 7.79599 4.41444 3.84488 4.63686 6.95203 5.73268 1.44142 4.6843 4.16332 1.35663 0.935863 3.28858 1.74294 6.34741 1.99815 0.832585 7.33062 3.33978 1.21734 4.46864 5.49422 2.33027 4.18729 2.81115 6.35189 7.47166 0.878544 3.72391 7.94939 2.57109 6.932 2.2447 3.04531 8.53376 3.30778 6.70692 6.23167 5.33543 5.23273 7.03253 5.01177 1.08689 4.71636 6.85691 3.52488 1.9966 6.12969 4.2576 3.83758 4.9107 6.34295 8.39333 7.22218 1.06474 1.81574 7.09593 0.229207 6.18552 2.22283 6.06554 6.66716 6.68882 6.33698 7.40654 7.28917 2.34337 6.58056 7.42548 5.95303 2.89581 6.77923 8.52641 
5.54883 6.71558 3.70038 8.29664 2.48316 7.5837 5.15716 10.7979 1.34584 5.09193 6.85663 2.20857 4.19565 5.42443 3.31364 2.75682 1.55234 7.95004 7.53604 3.59978 6.61543 0 4.14322 3.4018 8.60118 8.45179 7.73429 8.241 2.78068 5.63326 8.33948 4.58428 8.44942 5.78216 2.70783 5.2719 4.24286 5.43252 7.86957 5.71745 4.70351 6.81138 0.295777 8.61105 6.03099 5.38837 5.32314 6.65574 8.62146 6.28103 4.64267 4.03916 5.80902 10.0153 3.49983 6.66812 7.2481 8.11796 8.20607 0.496913 4.38038 3.85062 7.09775 8.70718 9.14328 5.12799 1.80007 8.89302 7.21574 1.83735 7.57854 2.74184 10.398 9.49593 5.66664 8.37212 6.56161 5.22999 7.96855 6.83734 5.76735 10.6872 5.6254 5.95886 9.74502 6.41028 10.0191 5.11304 6.79227 2.14288 10.4483 7.79409 8.49041 7.37321 4.52979 9.14728 2.15369 6.92362 4.97033 7.3651 5.96936 
2.86654 7.5298 5.37821 4.61432 5.16343 9.54858 7.41559 10.241 3.39356 2.51318 6.7259 2.7898 6.02109 6.6211 2.15327 5.46955 3.89085 9.52779 8.26858 1.99953 3.94319 4.14322 0 5.98361 6.78353 7.81074 5.4312 8.25122 4.87861 8.18149 7.64639 4.93194 7.83872 7.77966 2.05194 2.60215 5.33111 5.79034 5.27932 3.0873 0.74456 5.14694 3.85194 5.72572 3.11774 7.77516 1.22555 3.30544 7.81378 7.18348 1.69422 0.245748 5.12558 9.6263 6.75174 3.49318 6.64672 9.64323 6.37864 4.61849 2.66707 1.39017 9.41396 7.07979 9.4433 6.95943 2.35414 8.42117 8.63173 2.34673 4.49878 1.41039 10.1094 7.45375 4.41405 8.71346 6.577 5.41958 7.76712 8.01665 8.58639 10.4626 2.93643 2.42542 9.96455 3.84148 9.522 4.03157 7.82527 3.14132 10.0235 8.53557 9.52735 8.86622 1.76442 9.36923 3.94583 7.83132 1.15183 8.56537 8.77349 
5.6705 3.71578 1.15724 8.67547 0.955814 4.18236 1.75614 8.17308 4.63758 5.3507 4.46165 3.20437 1.12301 2.42946 4.01432 0.649863 4.94894 4.57477 4.48082 4.2972 6.34298 3.4018 5.98361 0 7.1409 6.12516 6.85228 5.51486 1.11188 2.31791 6.06647 2.70671 6.10205 2.38861 5.54058 5.51007 1.88062 3.09362 7.20894 5.72633 6.18308 5.63609 3.43953 8.08269 6.1532 2.01004 6.81841 6.97999 6.38703 3.29826 5.42315 6.01762 4.18557 7.35081 1.16537 6.82468 5.11319 4.74846 6.82632 3.16301 4.43659 4.90735 3.73752 7.07608 6.16798 1.8172 4.34248 6.39289 3.90039 4.0169 7.42981 4.96114 7.6459 8.08124 4.57885 5.44017 4.13008 3.12531 5.41493 3.63542 2.62171 7.88022 5.71974 6.64637 6.76841 6.11444 7.41966 4.16736 3.6641 5.39385 7.77088 4.70992 5.23817 4.03033 5.25222 6.21163 5.54842 3.84472 6.23374 4.11458 2.81589 
3.92026 4.77449 5.99673 4.52114 7.20387 7.46638 7.00605 4.06652 8.90515 4.28173 3.16628 6.4562 6.14188 5.26308 5.59134 7.25184 9.48457 6.80784 4.84671 5.42835 2.94645 8.60118 6.78353 7.1409 0 2.3905 1.4906 3.6442 6.57942 7.7618 2.24981 4.46645 2.45174 6.71874 8.36924 4.18176 5.26038 4.12682 1.93279 3.70148 6.1839 1.80532 8.38041 2.36997 3.76057 7.33209 6.28339 4.04548 2.10896 4.858 5.09744 7.02062 2.98217 3.79821 8.29483 3.71303 2.36823 6.78411 0.413605 8.79421 4.49175 5.66591 7.99008 0.442636 4.69472 6.24532 7.72488 2.92829 6.10579 7.33065 3.07199 7.3068 4.28619 0.941857 2.93457 4.38199 3.42531 4.02239 3.13161 5.49162 8.41552 4.63898 3.85351 4.75826 4.89588 2.98499 3.57985 3.48845 5.19858 9.17238 4.04838 4.9623 5.91974 6.33576 5.05619 4.52992 9.8636 4.99728 5.80907 5.72563 8.48829 
5.18836 2.87128 5.11808 6.68749 6.49634 5.33954 5.45378 2.45656 9.09881 5.38776 1.67022 6.58365 5.01021 3.81142 6.07631 6.43758 9.63919 4.58663 2.66818 6.03377 4.59036 8.45179 7.81074 6.12516 2.3905 0 3.52024 1.29609 5.92704 6.07766 0.17596 3.87248 0.0616782 4.99541 8.96835 5.36275 4.39523 3.10739 4.06639 5.00837 7.37034 2.86977 8.29505 4.69333 5.24742 5.70822 7.65358 5.80649 0.345316 3.11806 6.16507 8.01891 2.80069 1.82043 7.17912 5.46502 1.23268 4.53485 2.46266 8.5117 5.17677 6.48405 5.98341 1.99434 2.3098 4.75395 8.06551 0.643071 4.00838 7.63075 5.12144 7.9198 2.31437 2.98387 3.39874 2.02248 1.99962 3.23749 0.895326 3.49824 6.72174 2.67564 5.14776 6.30621 2.56944 4.51785 1.71333 3.83404 3.23264 9.54965 2.21284 2.71927 3.58584 4.20759 6.06289 2.14941 10.1199 3.00014 7.06869 3.58872 6.75137 
2.57825 5.27318 5.69861 3.16829 6.71821 8.00831 7.08917 5.50453 7.85501 2.99177 3.67166 5.53109 5.99421 5.40318 4.52744 6.82947 8.43964 7.47484 5.55975 4.31225 1.50471 7.73429 5.4312 6.85228 1.4906 3.52024 0 4.61623 6.09759 7.90745 3.35174 4.16264 3.57568 6.94376 7.1488 2.86291 5.02323 4.14378 0.555451 2.35683 4.79026 1.2585 7.48663 1.3598 2.33637 7.45123 4.83706 2.55594 3.31987 5.23356 3.78025 5.67365 2.76481 5.15082 8.01596 2.22578 2.98255 7.48606 1.16822 7.99338 3.40617 4.43347 8.39755 1.89489 5.79013 6.3315 6.63733 4.13671 6.672 6.27632 1.62703 6.10665 5.65168 2.0236 2.28526 5.33231 3.82758 3.91387 4.05406 6.00245 8.54377 6.01303 2.50393 3.29191 6.08951 1.58985 4.95472 2.76863 5.7084 8.03105 5.44357 5.7319 6.76957 6.92088 3.76735 5.64192 8.76334 5.54709 4.39997 6.34809 8.64815 
5.8712 1.89529 4.658 7.7443 6.05071 4.09625 4.54281 2.65843 9.05533 5.98267 1.53529 6.60572 4.39739 3.08982 6.31874 5.93201 9.55962 3.31011 1.45673 6.34098 5.47466 8.241 8.25122 5.51486 3.6442 1.29609 4.61623 0 5.54659 5.06329 1.40708 3.73256 1.23567 3.99497 9.14693 5.99425 4.01304 2.8245 5.17152 5.72071 7.90776 3.73676 8.12488 5.87092 6.02493 4.7422 8.27496 6.68234 1.63247 2.25463 6.69571 8.43743 3.13023 1.83612 6.46466 6.35036 1.75388 3.24928 3.65908 8.22535 5.58527 6.87378 4.79074 3.27012 1.23973 3.92101 8.13537 1.07185 2.80252 7.6958 6.15344 8.14018 2.16471 4.27912 3.91876 0.737848 1.74756 3.08957 0.567967 2.38603 5.68558 2.44626 5.84508 7.06225 1.71451 5.36144 1.91468 4.22497 2.16158 9.59298 2.25902 1.4563 2.29112 2.9792 6.56921 1.13354 10.0836 1.92311 7.65406 2.36979 5.69042 
4.66321 3.94145 0.921043 7.67657 0.626336 5.01216 2.65439 8.16289 3.85506 4.31509 4.26968 2.11304 1.44821 2.64429 2.90704 0.759464 4.25371 5.25928 4.75924 3.19465 5.42505 2.78068 4.87861 1.11188 6.57942 5.92704 6.09759 5.54659 0 3.34363 5.83922 2.14333 5.91468 3.17161 4.56523 4.48132 1.54506 2.8218 6.40099 4.73912 5.0714 4.9406 2.73257 7.25625 5.15702 2.97582 5.7076 5.96764 6.14502 3.50631 4.33408 4.91927 3.60109 7.35894 2.08785 5.83599 4.79623 5.41744 6.22999 2.69329 3.40118 3.79823 4.68773 6.57769 6.38496 2.42833 3.3658 6.29432 4.47662 3.00323 6.50777 3.9043 7.71126 7.51865 3.81574 5.61957 3.95147 2.71666 5.33534 4.06345 3.71027 7.98292 4.71805 5.58321 6.9887 5.19597 7.38901 3.33955 4.01187 4.55906 7.78986 5.01546 5.71962 4.6519 4.16483 6.39793 4.8354 4.14371 5.12661 4.59857 3.89976 
7.37527 3.21292 2.84018 10.2684 3.26912 2.13012 0.850522 7.56996 6.91802 7.14479 4.63939 5.45161 2.23569 2.51826 6.10535 2.95266 7.18439 2.80949 3.66952 6.35351 7.79599 5.63326 8.18149 2.31791 7.7618 6.07766 7.90745 5.06329 3.34363 0 6.08523 3.95918 6.03485 1.08225 7.85775 7.27905 3.1639 3.76367 8.36485 7.37687 8.29372 6.65054 5.70747 9.24433 7.80975 0.465371 8.90424 8.6541 6.40358 2.97562 7.39054 8.23952 5.15424 6.76442 2.30152 8.43756 5.43113 2.99777 7.54233 5.32274 6.27009 6.99555 1.47687 7.56808 5.24673 1.58012 6.6587 6.11161 2.51794 6.32457 8.84865 7.24704 6.91958 8.64923 5.82947 4.68517 4.34965 4.01552 5.20911 2.69252 0.654725 7.06137 7.4078 8.48808 5.78512 7.57972 6.90896 5.58595 2.90171 7.68834 7.13248 3.79414 3.84919 2.50524 7.21684 5.35096 7.78571 3.14031 8.28553 2.908 0.740781 
5.01532 2.89024 5.04315 6.518 6.41488 5.40746 5.44396 2.60997 8.96916 5.21783 1.60484 6.45152 4.9561 3.78038 5.92671 6.36392 9.51239 4.67102 2.73626 5.87951 4.41444 8.33948 7.64639 6.06647 2.24981 0.17596 3.35174 1.40708 5.83922 6.08523 0 3.76674 0.225305 5.00364 8.82015 5.19136 4.31428 3.02542 3.89929 4.83456 7.20151 2.6941 8.17873 4.53588 5.07209 5.7075 7.48135 5.63062 0.32518 3.11558 5.99737 7.85563 2.65661 1.99013 7.13273 5.28919 1.10014 4.62527 2.3058 8.4075 5.01715 6.32376 6.03333 1.86471 2.46369 4.73398 7.92693 0.818974 4.0672 7.49313 4.94975 7.76943 2.48608 2.8773 3.2365 2.14146 1.93639 3.1381 0.955038 3.53676 6.73229 2.84808 4.97429 6.13098 2.73804 4.34196 1.87566 3.67907 3.26486 9.41185 2.37768 2.80279 3.69738 4.2727 5.89648 2.30623 9.98866 3.03573 6.89802 3.65311 6.76712 
3.45494 2.61269 1.54972 6.30926 2.75799 4.76628 3.10899 6.22163 5.32487 3.28521 2.28011 2.88459 1.853 1.76336 2.80927 2.78673 5.83719 4.62664 3.38776 2.93248 3.84488 4.58428 4.93194 2.70671 4.46645 3.87248 4.16264 3.73256 2.14333 3.95918 3.76674 0 3.86809 3.18812 5.48025 3.39686 0.864405 0.931117 4.54941 3.43602 4.80111 2.93264 4.43897 5.43116 3.86594 3.49431 5.32801 4.70819 4.05893 2.2523 3.70422 5.07114 1.488 5.45163 3.87173 4.48156 2.69042 4.73079 4.13521 4.64076 2.49904 3.56199 4.83065 4.44242 4.77517 2.41721 4.41969 4.31113 3.7219 3.98142 4.91087 4.52527 5.85635 5.40824 1.9263 4.00288 2.00115 0.650668 3.40387 3.08858 4.54906 6.16363 3.47973 4.62495 5.35411 3.62559 5.44293 1.62728 2.89344 5.86469 5.88405 3.65928 4.60996 3.96464 3.53832 4.74319 6.35327 2.90727 4.67857 3.63425 4.6849 
5.22589 2.8265 5.10097 6.74243 6.48142 5.284 5.41567 2.43908 9.10473 5.4213 1.65233 6.59108 4.98578 3.77997 6.09375 6.41975 9.64363 4.52864 2.61309 6.05425 4.63686 8.44942 7.83872 6.10205 2.45174 0.0616782 3.57568 1.23567 5.91468 6.03485 0.225305 3.86809 0 4.95261 8.98467 5.398 4.3806 3.09376 4.12252 5.04713 7.40258 2.91318 8.29454 4.7525 5.28945 5.66761 7.68982 5.85338 0.401659 3.07869 6.19623 8.04598 2.81571 1.78904 7.15175 5.51215 1.24393 4.47606 2.52185 8.50575 5.20118 6.50882 5.93108 2.056 2.24962 4.71888 8.07626 0.600366 3.95461 7.64101 5.17489 7.93756 2.2801 3.04483 3.42554 1.96124 1.98029 3.23072 0.844176 3.44868 6.6781 2.64019 5.18593 6.34793 2.51384 4.56238 1.68952 3.8554 3.18457 9.55987 2.18631 2.66169 3.52497 4.15266 6.09283 2.08975 10.1266 2.95141 7.10299 3.53402 6.70646 
6.64299 2.13202 2.42981 9.44798 3.30363 1.84065 0.698813 6.53868 6.97982 6.46182 3.57582 5.17429 1.78422 1.54874 5.64275 3.02627 7.3219 2.19415 2.6312 5.85583 6.95203 5.78216 7.77966 2.38861 6.71874 4.99541 6.94376 3.99497 3.17161 1.08225 5.00364 3.18812 4.95261 0 7.72761 6.58019 2.50516 2.82248 7.42121 6.61974 7.80068 5.69498 5.80157 8.29358 7.04717 0.758759 8.381 7.88622 5.32162 1.89843 6.80401 7.86728 4.22393 5.72553 2.85296 7.64611 4.37211 2.37234 6.51497 5.55121 5.6312 6.50714 1.65894 6.51064 4.26112 0.821751 6.53172 5.03624 1.63043 6.15468 7.97828 6.99825 5.90654 7.59466 4.96014 3.65456 3.29571 3.11868 4.12772 1.6516 1.72938 6.0692 6.66706 7.80605 4.82301 6.74385 5.86002 4.78335 1.83642 7.71155 6.10455 2.78119 3.00788 1.70173 6.63218 4.35182 7.91861 2.07344 7.74351 1.95709 1.77743 
4.59308 8.03736 5.33157 6.6642 4.5972 9.5667 7.21631 11.4237 1.55581 4.1594 7.62278 2.64291 5.95902 6.90332 2.89486 4.91822 1.93631 9.73894 8.84225 2.9783 5.73268 2.70783 2.05194 5.54058 8.36924 8.96835 7.1488 9.14693 4.56523 7.85775 8.82015 5.48025 8.98467 7.72761 0 4.29902 5.56595 6.41036 7.08926 4.81002 2.78791 6.61087 2.47118 7.63459 4.95177 7.52344 3.24581 5.28493 9.03975 7.63432 3.4056 1.84107 6.16939 10.728 5.98815 5.42981 7.74362 9.88294 7.95579 3.2013 3.90445 2.71706 9.24636 8.60381 10.2463 6.95325 1.20103 9.52707 8.89624 1.579 6.43586 1.06748 11.1796 9.13494 5.65418 9.4781 7.40164 6.08851 8.73792 8.37293 8.12473 11.5131 4.6714 4.42634 10.8152 5.58821 10.6658 5.15654 8.2431 1.1028 11.1483 9.11408 9.99764 9.10066 3.39158 10.2046 1.90209 8.30791 3.17824 8.93093 8.3246 
0.297366 5.69958 4.51938 3.20964 5.0114 8.1354 6.43425 7.74151 5.14071 0.181946 4.54278 3.1178 5.05795 5.14133 1.96398 5.23146 5.72083 7.89799 6.31945 1.67219 1.44142 5.2719 2.60215 5.51007 4.18176 5.36275 2.86291 5.99425 4.48132 7.27905 5.19136 3.39686 5.398 6.58019 4.29902 0 4.11925 4.0093 2.79458 0.511004 2.03964 2.57964 4.99389 3.40877 0.759717 6.82149 2.29476 1.49419 5.32219 5.44554 0.920235 2.83886 2.92894 7.18111 6.56906 1.42005 4.28294 7.97624 3.77649 5.62255 1.08032 1.60395 8.22722 4.48 7.22734 5.79149 3.90715 5.99479 6.99442 3.60044 2.30922 3.2757 7.6771 4.87424 2.0827 6.55632 4.47855 3.6341 5.4637 6.31849 7.82205 8.0381 0.377275 1.22872 7.695 1.28921 7.05249 1.92202 6.07237 5.22577 7.55882 6.5672 7.62253 7.24788 0.907792 7.12776 5.98573 6.0131 1.70947 6.82045 7.97802 
4.21137 2.52192 0.747829 7.12597 2.10115 4.22072 2.31629 6.61892 5.16498 3.98958 2.73082 2.92397 0.993725 1.34002 3.17878 2.06064 5.62796 4.22785 3.34473 3.37035 4.6843 4.24286 5.33111 1.88062 5.26038 4.39523 5.02323 4.01304 1.54506 3.1639 4.31428 0.864405 4.3806 2.50516 5.56595 4.11925 0 1.28887 5.41376 4.21549 5.30736 3.7863 4.14747 6.29556 4.64889 2.70381 5.8792 5.49331 4.62532 2.09825 4.29929 5.43861 2.31191 5.81714 3.03873 5.28484 3.29846 4.35742 4.94683 4.21232 3.13514 4.02111 4.16401 5.20187 4.9066 1.69191 4.42349 4.74997 3.35362 4.00153 5.7579 4.70506 6.17699 6.20094 2.78952 4.13287 2.40944 1.25278 3.79033 2.80712 3.7291 6.45576 4.24417 5.33521 5.50636 4.46187 5.84444 2.46151 2.68382 5.78889 6.24866 3.61192 4.43796 3.5731 4.12726 4.906 6.18228 2.768 5.23972 3.36537 3.8749 
4.00947 1.74547 2.02234 6.66631 3.38976 4.15984 2.95022 5.37111 6.23374 3.92668 1.44857 3.81373 2.03135 1.27382 3.70113 3.34302 6.73519 3.88983 2.48395 3.79647 4.16332 5.43252 5.79034 3.09362 4.12682 3.10739 4.14378 2.8245 2.8218 3.76367 3.02542 0.931117 3.09376 2.82248 6.41036 4.0093 1.28887 0 4.60636 3.94562 5.60161 2.88722 5.3065 5.48337 4.35515 3.30813 6.09056 5.17335 3.33694 1.44206 4.45345 5.94215 1.40159 4.58311 4.21501 4.90635 2.02335 3.97284 3.85526 5.4469 3.24524 4.40564 4.37148 4.01565 3.84474 2.18932 5.34922 3.48118 2.98527 4.91135 5.16693 5.44816 4.96912 5.05503 2.16773 3.07191 1.13593 0.381215 2.53839 2.31298 4.40142 5.26657 4.01845 5.22701 4.42566 3.96436 4.59319 2.09894 2.07947 6.78878 5.01607 2.7536 3.73848 3.23859 4.29618 3.81502 7.26163 2.05312 5.44052 2.8308 4.50437 
2.49835 5.80028 6.06373 2.63085 7.014 8.53136 7.53761 5.99099 7.89628 2.94547 4.20961 5.66116 6.39692 5.87502 4.5999 7.14524 8.48002 8.01291 6.10569 4.35756 1.35663 7.86957 5.27932 7.20894 1.93279 4.06639 0.555451 5.17152 6.40099 8.36485 3.89929 4.54941 4.12252 7.42121 7.08926 2.79458 5.41376 4.60636 0 2.28508 4.60204 1.72889 7.61115 0.883574 2.16317 7.90531 4.57835 2.20667 3.85683 5.74528 3.68651 5.52453 3.21061 5.66899 8.36722 1.90169 3.53295 8.02732 1.6654 8.15663 3.4946 4.3967 8.90058 2.36157 6.34293 6.78541 6.66707 4.67751 7.20142 6.32882 1.14017 6.07022 6.16717 2.2813 2.63239 5.88774 4.35387 4.35398 4.6095 6.52773 8.99488 6.52646 2.41933 3.01454 6.63572 1.51253 5.46621 3.06296 6.23477 8.01763 5.94915 6.28112 7.32163 7.45172 3.69918 6.19374 8.77041 6.07859 4.19808 6.88436 9.10546 
0.221683 5.58022 4.68423 2.94941 5.29672 8.10248 6.52715 7.34927 5.63397 0.662426 4.3186 3.5367 5.18388 5.13621 2.40419 5.49681 6.21562 7.80993 6.15311 2.12936 0.935863 5.71745 3.0873 5.72633 3.70148 5.00837 2.35683 5.72071 4.73912 7.37687 4.83456 3.43602 5.04713 6.61974 4.81002 0.511004 4.21549 3.94562 2.28508 0 2.48719 2.17071 5.44437 2.92033 0.433768 6.91446 2.66336 1.2779 4.94423 5.35924 1.4235 3.32716 2.74561 6.81817 6.81845 1.09882 3.98274 7.87712 3.30069 6.05129 1.39783 2.11172 8.2491 4.01486 6.95963 5.85261 4.40106 5.64698 6.91403 4.08273 1.87038 3.78534 7.31832 4.37303 1.87492 6.31569 4.28919 3.58282 5.17621 6.22962 7.94272 7.68156 0.152203 1.34736 7.40409 0.778239 6.67806 1.85337 5.97091 5.7332 7.18498 6.39164 7.45676 7.16981 1.41867 6.85112 6.48985 5.89259 2.12704 6.71123 8.09034 
2.27289 7.34641 5.4572 3.87652 5.43029 9.51909 7.49642 9.77081 4.06938 1.98823 6.4048 3.07685 6.08501 6.54173 2.18921 5.7211 4.58766 9.42764 8.04853 1.94742 3.28858 4.70351 0.74456 6.18308 6.1839 7.37034 4.79026 7.90776 5.0714 8.29372 7.20151 4.80111 7.40258 7.80068 2.78791 2.03964 5.30736 5.60161 4.60204 2.48719 0 4.61905 4.40825 5.00968 2.45617 7.86828 0.652038 2.57334 7.34651 7.02806 1.21364 0.980271 4.78148 9.19077 7.04168 2.77694 6.24642 9.53124 5.78604 5.16041 2.36915 1.29912 9.45353 6.50205 9.12249 6.97959 2.95785 7.99448 8.52297 2.86949 3.77711 2.04228 9.68218 6.81291 4.00633 8.4149 6.28765 5.22246 7.40054 7.88259 8.74166 10.0404 2.33507 1.68935 9.62107 3.20901 9.07131 3.69268 7.67106 3.86787 9.57643 8.31009 9.33091 8.76549 1.34026 9.03684 4.67249 7.65473 0.41497 8.41979 8.92174 
2.36703 4.1039 4.47912 4.0708 5.56619 6.82254 5.83085 5.17864 7.10108 2.64077 2.55925 4.65354 4.74756 4.15083 3.7953 5.65371 7.67994 6.34 4.47749 3.64678 1.74294 6.81138 5.14694 5.63609 1.80532 2.86977 1.2585 3.73676 4.9406 6.65054 2.6941 2.93264 2.91318 5.69498 6.61087 2.57964 3.7863 2.88722 1.72889 2.17071 4.61905 0 6.58514 2.5987 2.38005 6.19361 4.83394 2.95818 2.78088 4.02599 3.45517 5.37414 1.50722 4.6622 6.80143 2.62132 1.99303 6.36643 1.40001 7.0213 2.71099 3.9372 7.17376 1.99459 4.96589 5.0737 5.92645 3.51265 5.50636 5.52841 2.48099 5.5442 5.16502 2.68458 1.15902 4.40465 2.66316 2.65617 3.1711 4.82567 7.28582 5.5296 2.31699 3.43944 5.35381 1.65137 4.51383 1.70419 4.53555 7.38225 5.02053 4.6756 5.73771 5.75941 3.38559 4.83816 8.06418 4.39175 4.28234 5.20862 7.39131 
5.2729 6.64319 3.64389 8.0056 2.49896 7.61808 5.19428 10.6601 1.21362 4.8145 6.71763 1.95559 4.16889 5.36482 3.04028 2.78991 1.52626 7.95265 7.46603 3.32188 6.34741 0.295777 3.85194 3.43953 8.38041 8.29505 7.48663 8.12488 2.73257 5.70747 8.17873 4.43897 8.29454 5.80157 2.47118 4.99389 4.14747 5.3065 7.61115 5.44437 4.40825 6.58514 0 8.34445 5.75229 5.4423 5.02886 6.36908 8.45584 6.21014 4.35336 3.75127 5.62168 9.88435 3.63129 6.38569 7.08347 8.11732 7.98254 0.771307 4.11824 3.55965 7.16183 8.49656 9.05402 5.12138 1.5154 8.74997 7.1981 1.5416 7.30202 2.45374 10.2756 9.26859 5.44675 8.28027 6.42885 5.08805 7.83595 6.79583 5.87282 10.5705 5.34991 5.66689 9.65376 6.14434 9.88123 4.89247 6.73823 2.00011 10.3172 7.72715 8.45218 7.36367 4.24245 9.0525 2.1183 6.86099 4.67457 7.33073 6.075 
3.11388 6.6289 6.94049 2.24944 7.86479 9.36533 8.41888 6.39051 8.54947 3.57673 5.01968 6.40944 7.27975 6.74936 5.30911 8.00467 9.12945 8.81917 6.89081 5.04541 1.99815 8.61105 5.72572 8.08269 2.36997 4.69333 1.3598 5.87092 7.25625 9.24433 4.53588 5.43116 4.7525 8.29358 7.63459 3.40877 6.29556 5.48337 0.883574 2.92033 5.00968 2.5987 8.34445 0 2.69322 8.7855 4.87595 2.45744 4.44488 6.59335 4.24198 5.97087 4.09073 6.16642 9.23863 2.23334 4.3066 8.82529 2.23067 8.92007 4.23353 5.00105 9.75689 2.81132 6.99934 7.66544 7.31591 5.27131 8.02566 7.00301 1.2376 6.65217 6.65109 2.36974 3.51081 6.60025 5.18448 5.23579 5.32017 7.35887 9.87583 7.00067 3.03404 3.33746 7.24295 2.20084 5.94424 3.92552 7.06435 8.61086 6.40386 7.05266 8.07554 8.27335 4.28384 6.84186 9.38271 6.89966 4.59544 7.69543 9.98505 
0.504217 5.96757 5.11646 2.52284 5.70745 8.51457 6.95988 7.53853 5.8705 0.940905 4.66023 3.87571 5.61764 5.55724 2.72362 5.91335 6.44749 8.20557 6.51911 2.43123 0.832585 6.03099 3.11774 6.1532 3.76057 5.24742 2.33637 6.02493 5.15702 7.80975 5.07209 3.86594 5.28945 7.04717 4.95177 0.759717 4.64889 4.35515 2.16317 0.433768 2.45617 2.38005 5.75229 2.69322 0 7.34713 2.52477 0.844441 5.15882 5.75876 1.55003 3.3626 3.11877 7.0417 7.23951 0.681673 4.27545 8.26875 3.37511 6.38212 1.78545 2.31194 8.67304 4.10631 7.26457 6.28301 4.63783 5.88964 7.3132 4.34518 1.55517 3.95929 7.54484 4.35745 2.24837 6.64033 4.64964 3.9966 5.47223 6.62684 8.37638 7.90953 0.440895 1.0594 7.69089 0.779669 6.88968 2.27224 6.36416 5.91776 7.39585 6.75269 7.82074 7.56945 1.59223 7.1499 6.6901 6.27887 2.0636 7.1005 8.52378 
6.91469 2.86401 2.41111 9.8035 2.96519 2.22775 0.387549 7.29692 6.64522 6.68881 4.22972 5.06912 1.79191 2.07498 5.68244 2.65823 6.94027 2.78257 3.38966 5.92435 7.33062 5.38837 7.77516 2.01004 7.33209 5.70822 7.45123 4.7422 2.97582 0.465371 5.7075 3.49431 5.66761 0.758759 7.52344 6.82149 2.70381 3.30813 7.90531 6.91446 7.86828 6.19361 5.4423 8.7855 7.34713 0 8.47367 8.19138 6.02852 2.59194 6.94763 7.84011 4.69485 6.48301 2.21339 7.97349 5.01553 2.96893 7.10473 5.108 5.81848 6.56926 1.72867 7.1486 5.01638 1.12011 6.3225 5.77496 2.34629 5.97457 8.38357 6.87718 6.66517 8.22667 5.3648 4.41321 3.93229 3.55389 4.85253 2.4103 1.09388 6.82612 6.94656 8.03305 5.57407 7.11437 6.61537 5.12088 2.58931 7.40384 6.86307 3.53915 3.71475 2.38004 6.77404 5.10907 7.54127 2.8248 7.85096 2.69938 1.2017 
