20
9.48946 9.7096 0.521486 0
3.28353 12.5826 1.33094 0
14.2477 20.3722 1.24075 0
6.98975 14.2831 1.63636 0
14.6361 23.6402 0.220006 1
13.6482 18.1665 2.22179 0
17.9677 21.9613 1.17609 0
1.37647 4.84101 1.2086 0
4.27303 10.0453 0.344039 0
12.1215 14.3667 1.32791 0
11.1825 12.0553 0.202566 1
17.9512 22.9607 1.59275 0
0.189129 3.60899 1.41473 0
15.2266 23.1009 1.07516 0
15.3016 19.3965 1.52402 0
13.8267 14.1884 0.861679 0
14.2414 20.4514 1.31413 0
14.266 14.319 1.02358 0
18.1049 22.6089 1.03805 0
14.9441 23.6265 1.43317 0
400 50 500
0.025 0.0125 10000 3000 15 1e+06 300000 2 2
0 7.30644 4.20648 3.24899 1.2671 6.00364 4.45873 8.22216 5.2979 7.31276 10.8325 2.65387 9.21684 9.85074 7.38394 5.20468 2.6319 2.74185 5.91152 5.46918 6.84311 
7.30644 0 3.18402 6.78914 8.23722 6.22937 4.52895 6.93765 4.73352 2.77994 3.55522 5.76814 1.91048 3.0341 5.23593 5.93753 6.61647 6.4387 2.27599 5.86004 1.32124 
4.20648 3.18402 0 4.62354 5.25782 4.40992 2.14116 7.13507 2.87911 3.40347 6.73899 2.67442 5.07859 6.01928 5.62909 4.85588 4.219 4.09293 2.63521 3.86079 2.64718 
3.24899 6.78914 4.62354 0 2.97039 8.22571 6.11351 5.15879 7.0275 7.99388 9.90652 4.94649 8.53653 8.51384 4.69185 2.21069 0.640736 0.623053 4.68546 7.6364 6.93592 
1.2671 8.23722 5.25782 2.97039 0 7.25853 5.71063 8.12822 6.55994 8.48539 11.704 3.92094 10.1363 10.5912 7.54059 5.14907 2.48844 2.66376 6.60662 6.73021 7.90382 
6.00364 6.22937 4.40992 8.22571 7.25853 0 2.29112 11.5421 1.58533 3.96759 9.15747 3.41047 7.57165 9.21183 10.0313 9.09573 7.64429 7.60601 6.87604 0.591452 4.94845 
4.45873 4.52895 2.14116 6.11351 5.71063 2.29112 0 9.25767 0.917033 3.17591 7.87468 1.89474 6.19584 7.55921 7.76978 6.82125 5.5745 5.50793 4.70421 1.7258 3.43716 
8.22216 6.93765 7.13507 5.15879 8.12822 11.5421 9.25767 0 10.0092 9.44122 8.35657 8.99391 7.77095 6.58029 1.70267 3.01903 5.67241 5.52318 4.98557 10.9835 7.92704 
5.2979 4.73352 2.87911 7.0275 6.55994 1.58533 0.917033 10.0092 0 2.8302 7.85984 2.6663 6.21853 7.75238 8.47206 7.66997 6.49123 6.42344 5.29256 1.13156 3.50237 
7.31276 2.77994 3.40347 7.99388 8.48539 3.96759 3.17591 9.44122 2.8302 0 5.20196 4.99598 3.67192 5.46154 7.75353 7.83794 7.61767 7.48539 4.46876 3.78507 1.5382 
10.8325 3.55522 6.73899 9.90652 11.704 9.15747 7.87468 8.35657 7.85984 5.20196 0 9.2884 1.68806 1.78143 6.87318 8.53493 9.85689 9.66513 5.2343 8.91925 4.43802 
2.65387 5.76814 2.67442 4.94649 3.92094 3.41047 1.89474 8.99391 2.6663 4.99598 9.2884 0 7.60345 8.68339 7.7283 6.20389 4.33234 4.32424 5.18773 2.85001 4.9302 
9.21684 1.91048 5.07859 8.53653 10.1363 7.57165 6.19584 7.77095 6.21853 3.67192 1.68806 7.60345 0 1.94242 6.14328 7.40479 8.42178 8.23671 3.86545 7.29916 2.75927 
9.85074 3.0341 6.01928 8.51384 10.5912 9.21183 7.55921 6.58029 7.75238 5.46154 1.78143 8.68339 1.94242 0 5.12953 6.95201 8.54507 8.34732 3.98548 8.87206 4.26462 
7.38394 5.23593 5.62909 4.69185 7.54059 10.0313 7.76978 1.70267 8.47206 7.75353 6.87318 7.7283 6.14328 5.12953 0 2.52256 5.06106 4.87889 3.32002 9.48912 6.23293 
5.20468 5.93753 4.85588 2.21069 5.14907 9.09573 6.82125 3.01903 7.66997 7.83794 8.53493 6.20389 7.40479 6.95201 2.52256 0 2.66916 2.51123 3.66154 8.51171 6.49602 
2.6319 6.61647 4.219 0.640736 2.48844 7.64429 5.5745 5.67241 6.49123 7.61767 9.85689 4.33234 8.42178 8.54507 5.06106 2.66916 0 0.200355 4.62398 7.05714 6.64654 
2.74185 6.4387 4.09293 0.623053 2.66376 7.60601 5.50793 5.52318 6.42344 7.48539 9.66513 4.32424 8.23671 8.34732 4.87889 2.51123 0.200355 0 4.43138 7.01717 6.49093 
5.91152 2.27599 2.63521 4.68546 6.60662 6.87604 4.70421 4.98557 5.29256 4.46876 5.2343 5.18773 3.86545 3.98548 3.32002 3.66154 4.62398 4.43138 0 6.37074 2.98537 
5.46918 5.86004 3.86079 7.6364 6.73021 0.591452 1.7258 10.9835 1.13156 3.78507 8.91925 2.85001 7.29916 8.87206 9.48912 8.51171 7.05714 7.01717 6.37074 0 4.61272 
6.84311 1.32124 2.64718 6.93592 7.90382 4.94845 3.43716 7.92704 3.50237 1.5382 4.43802 4.9302 2.75927 4.26462 6.23293 6.49602 6.64654 6.49093 2.98537 4.61272 0 
