50
16.2223 19.0505 1.54968 0
18.9621 22.7397 0.95587 1
16.9658 22.759 1.29809 0
1.99514 16.484 1.85678 0
3.43654 22.6287 0.691997 0
18.1253 23.2575 0.862316 0
4.23365 5.691 1.05884 1
1.59012 2.82815 2.15904 0
0.297228 7.89535 1.47287 1
7.01831 11.6476 27.38 0
2.29411 7.05104 8.55392 0
1.69114 14.3181 13.5628 1
11.2841 22.8804 1.18472 0
1.41113 19.5772 0.756248 1
9.22621 12.9586 1.02022 0
12.2437 12.3349 2.09303 0
2.18624 13.2043 19.517 1
16.7395 23.5027 0.398845 1
3.83514 23.9606 1.60954 1
15.2855 21.5611 1.86143 0
11.7525 15.4563 1.33026 0
14.9675 19.6123 0.655513 0
12.3254 23.5564 1.96077 0
2.41374 9.40552 2.26099 0
14.1591 14.2791 2.0794 0
2.98463 3.9941 1.21342 0
2.26936 17.0092 1.98681 1
3.71258 21.6087 0.745605 0
9.49901 11.7755 2.05196 0
0.630562 12.6995 18.5537 0
8.88087 11.0067 0.624072 0
11.4929 11.8067 0.296466 1
16.3864 21.4827 8.83518 0
17.4103 19.013 1.94548 1
0.933528 14.8467 0.324119 0
17.5678 17.586 0.467045 0
4.47882 19.9172 1.30841 0
2.05502 21.647 1.67049 0
10.1339 17.2115 1.27837 0
13.091 16.2369 2.23297 0
7.77196 18.378 1.75657 0
3.21182 9.25973 1.79569 1
1.98455 5.02705 0.279713 0
7.24716 13.4879 1.53267 0
16.3124 18.613 1.0593 1
5.34679 16.8362 1.00898 0
7.35271 10.8817 1.45322 0
16.4413 20.9479 1.78867 0
0.619497 4.45321 1.89598 0
8.07973 16.4191 1.92097 0
400 50 500
0.025 0.0125 10000 3000 15 1e+06 300000 4 6
0 4.07043 8.28551 7.0306 10.0908 5.63909 6.84525 6.21961 4.69792 9.42112 2.89504 9.99358 1.41594 6.81422 4.78727 6.528 3.19111 5.53236 8.3373 7.11591 6.24877 9.15224 8.39512 5.99532 8.02599 4.31866 7.44241 9.15424 8.21967 5.72498 2.32712 7.6346 5.57679 10.2088 4.82319 1.43122 3.91284 3.7193 7.50209 4.27189 4.5002 6.16156 4.47861 10.219 3.16302 5.48054 5.9357 6.5598 7.39773 5.81552 7.60146 
4.07043 0 5.09716 2.9769 6.02513 4.81152 2.79309 5.77845 2.11941 5.39625 4.11106 5.95156 2.96317 5.88021 5.65868 2.76405 5.40492 2.27835 6.1645 3.15357 3.05682 6.15501 6.57119 3.7255 6.61042 1.76586 3.40263 5.11885 5.89516 3.53622 1.80762 6.2858 1.70273 7.7496 6.65768 3.24681 6.44408 2.57028 4.13689 4.17297 7.03191 4.43288 6.06717 7.65161 1.53748 5.9225 3.20887 6.05394 3.52877 2.62214 4.57539 
8.28551 5.09716 0 4.38429 4.55331 4.2456 4.39857 4.87771 3.59296 5.44071 6.40922 5.55821 7.68553 4.23007 6.40188 5.6324 7.6195 6.3303 2.36102 5.04762 2.09837 1.10243 3.11304 2.54852 3.76519 6.62371 4.58038 3.57344 1.99445 2.7888 6.14425 3.7395 5.20155 3.01195 7.87218 6.9344 8.46478 4.66026 0.993338 9.22486 8.8315 3.02753 7.31734 2.81668 6.62698 6.00976 2.36565 4.8696 2.38775 2.55404 0.725788 
7.0306 2.9769 4.38429 0 3.16591 6.45376 0.185654 7.42055 3.79137 2.43077 6.79602 2.97523 5.82497 7.19009 7.96027 1.36183 8.154 2.44676 6.39656 0.665259 3.293 5.44539 7.04299 4.66853 7.417 3.35735 0.446572 2.46808 6.03708 4.6465 4.78243 7.2094 1.60294 7.39624 9.18738 6.19749 9.19034 4.9131 3.48552 5.88279 9.74436 5.56011 8.57403 7.19526 4.09866 7.99825 3.95176 7.60236 2.00045 3.18127 4.27636 
10.0908 6.02513 4.55331 3.16591 0 8.22157 3.34585 9.06162 6.14035 1.61172 9.39206 1.29355 8.95169 8.56857 10.134 4.23686 10.7567 5.47125 6.91276 3.38015 4.92766 5.2072 7.66621 6.26859 8.30004 6.50238 2.84577 1.10263 6.54766 6.37883 7.78467 8.23467 4.76607 7.09428 11.5152 9.1153 11.7566 7.41431 4.20878 8.93038 12.2543 7.07315 10.9067 6.81526 7.25732 9.96501 5.65175 9.13944 3.09668 5.11061 4.93748 
5.63909 4.81152 4.2456 6.45376 8.22157 0 6.34223 0.987954 2.81858 8.51949 2.90037 8.8648 5.77846 1.20574 2.18056 7.08336 3.73056 7.02336 3.04324 7.00225 3.34144 4.58188 2.86795 1.95315 2.39321 6.5284 6.85869 7.12173 3.08319 1.86835 4.42456 2.00138 6.12835 4.91174 3.65037 4.24018 4.39402 2.41854 4.09387 8.4652 4.67422 1.22092 3.12895 5.00752 5.79107 1.77939 2.60755 1.24267 5.18654 3.30309 3.57258 
6.84525 2.79309 4.39857 0.185654 3.34585 6.34223 0 7.31323 3.65481 2.6103 6.63159 3.15853 5.63967 7.10038 7.81852 1.27878 7.98749 2.30908 6.36633 0.695292 3.22171 5.47019 7.0018 4.58051 7.35752 3.18841 0.618135 2.62701 6.01001 4.54909 4.59923 7.14202 1.42844 7.40908 9.03469 6.01698 9.02476 4.75913 3.48074 5.73002 9.58123 5.47073 8.42191 7.21391 3.91567 7.86892 3.86446 7.50093 2.02777 3.08717 4.25996 
6.21961 5.77845 4.87771 7.42055 9.06162 0.987954 7.31323 0 3.80619 9.43883 3.35042 9.76247 6.52746 0.841697 1.98939 8.07048 3.85325 8.0037 3.23206 7.97822 4.2512 5.02365 2.82684 2.83405 2.13362 7.47781 7.81956 7.96902 3.38068 2.79428 5.26397 1.78654 7.11598 4.96437 3.3392 4.88143 4.3033 3.31861 4.87648 9.32458 4.45735 1.98904 2.9349 5.11462 6.69383 1.30789 3.52529 0.340489 6.0757 4.25275 4.26204 
4.69792 2.11941 3.59296 3.79137 6.14035 2.81858 3.65481 3.80619 0 6.06602 3.26244 6.50391 4.14057 3.80143 4.17286 4.2777 4.62035 4.22924 4.13945 4.27412 1.56495 4.51202 4.48376 1.6432 4.49155 3.88518 4.22426 5.06498 3.90846 1.42985 2.58353 4.16677 3.3098 5.84959 5.44869 3.38109 5.61627 1.28484 2.81742 6.16729 6.12036 2.31368 4.83394 5.79449 3.41874 4.22173 1.29251 4.04825 3.0813 1.16385 2.92713 
9.42112 5.39625 5.44071 2.43077 1.61172 8.51949 2.6103 9.43883 6.06602 0 9.18766 0.610838 8.16414 9.06977 10.2223 3.07503 10.5525 4.3074 7.75965 2.32741 5.18767 6.28647 8.4877 6.6064 9.02407 5.46259 1.99486 1.97453 7.38619 6.65342 7.20387 8.89453 3.86401 8.25376 11.5126 8.62721 11.5837 7.2634 4.83539 7.68892 12.1256 7.47754 10.8977 7.99512 6.38718 10.1753 5.91638 9.57096 3.39264 5.23262 5.64396 
2.89504 4.11106 6.40922 6.79602 9.39206 2.90037 6.63159 3.35042 3.26244 9.18766 0 9.67066 3.47447 4.00824 1.97893 6.86504 1.36915 6.2998 5.84706 7.14017 4.6968 7.0576 5.75942 3.87336 5.27962 5.36838 7.24257 8.32424 5.81051 3.62275 2.70004 4.88959 5.80055 7.74112 2.58081 1.68924 2.39613 1.97954 5.86796 6.5215 2.95145 3.71185 2.02777 7.80375 4.28601 2.6087 4.1219 3.68839 6.34366 4.37744 5.68363 
9.99358 5.95156 5.55821 2.97523 1.29355 8.8648 3.15853 9.76247 6.50391 0.610838 9.67066 0 8.7507 9.35132 10.6339 3.68415 11.0386 4.91792 7.90786 2.92347 5.52336 6.32687 8.64898 6.92973 9.2253 6.06905 2.55217 1.99149 7.5361 6.99669 7.75764 9.11935 4.45279 8.2629 11.9513 9.16804 12.0644 7.7271 5.04552 8.29718 12.5968 7.78461 11.3368 7.99315 6.98037 10.5522 6.25741 9.87741 3.68697 5.60984 5.83356 
1.41594 2.96317 7.68553 5.82497 8.95169 5.77846 5.63967 6.52746 4.14057 8.16414 3.47447 8.7507 0 6.9842 5.45299 5.19731 4.20249 4.14886 8.13005 5.84013 5.59069 8.64697 8.31478 5.65725 8.07756 2.92198 6.21536 8.07617 7.9537 5.39737 1.55795 7.69593 4.30017 9.93412 5.80976 1.7911 5.07313 3.49876 6.81147 3.09612 5.68321 6.02285 5.36723 9.90262 1.80148 6.04506 5.43254 6.86305 6.45714 5.13699 7.05221 
6.81422 5.88021 4.23007 7.19009 8.56857 1.20574 7.10038 0.841697 3.80143 9.06977 4.00824 9.35132 6.9842 0 2.82101 7.96503 4.64218 8.02875 2.41431 7.78343 3.92461 4.26672 1.98516 2.52168 1.31578 7.6263 7.56527 7.49213 2.59177 2.56247 5.61944 0.951725 7.06873 4.12277 4.18026 5.42958 5.13587 3.597 4.35979 9.64562 5.29883 1.63001 3.77303 4.27512 6.94859 2.14901 3.23845 0.67644 5.67868 4.01367 3.67147 
4.78727 5.65868 6.40188 7.96027 10.134 2.18056 7.81852 1.98939 4.17286 10.2223 1.97893 10.6339 5.45299 2.82101 0 8.29826 1.95015 7.92989 5.1278 8.41397 5.20976 6.76021 4.79759 3.96587 4.12301 7.13354 8.39578 9.03286 5.21792 3.79984 4.55318 3.77199 7.25488 6.92578 1.47192 3.66763 2.31494 3.12687 6.14971 8.48537 2.51333 3.37872 0.965121 7.05905 6.13146 0.777227 4.49821 2.26208 7.04154 5.03993 5.70972 
6.528 2.76405 5.6324 1.36183 4.23686 7.08336 1.27878 8.07048 4.2777 3.07503 6.86504 3.68415 5.19731 7.96503 8.29826 0 8.16875 1.24451 7.48701 0.868304 4.2361 6.71693 8.08282 5.4879 8.36599 2.39437 1.45863 3.7283 7.14221 5.40739 4.47918 8.11755 1.06451 8.63299 9.38633 5.94841 9.20811 5.17191 4.68552 4.69384 9.79497 6.35611 8.78638 8.44834 3.39648 8.45897 4.79117 8.29362 3.28983 4.00484 5.43261 
3.19111 5.40492 7.6195 8.154 10.7567 3.73056 7.98749 3.85325 4.62035 10.5525 1.36915 11.0386 4.20249 4.64218 1.95015 8.16875 0 7.52539 6.77311 8.48112 6.01428 8.17731 6.55881 5.07137 5.9578 6.5122 8.60055 9.68517 6.7948 4.83883 3.8341 5.58534 7.10581 8.6393 1.63392 2.50524 1.04124 3.34238 7.14964 7.29544 1.63004 4.75478 1.33151 8.73806 5.36962 2.72724 5.40235 4.15764 7.69881 5.71635 6.89565 
5.53236 2.27835 6.3303 2.44676 5.47125 7.02336 2.30908 8.0037 4.22924 4.3074 6.2998 4.91792 4.14886 8.02875 7.92989 1.24451 7.52539 0 7.92282 2.09119 4.62884 7.43245 8.44326 5.68118 8.6125 1.23779 2.65127 4.90156 7.60417 5.54542 3.70828 8.32244 1.12953 9.26222 8.87424 5.15328 8.54839 4.84791 5.34362 3.46317 9.15293 6.48902 8.29664 9.10771 2.37124 8.19998 5.04258 8.26333 4.13384 4.29805 6.00667 
8.3373 6.1645 2.36102 6.39656 6.91276 3.04324 6.36633 3.23206 4.13945 7.75965 5.84706 7.90786 8.13005 2.41431 5.1278 7.48701 6.77311 7.92282 0 7.05487 3.29607 1.97813 0.757087 2.50589 1.50166 7.89407 6.67392 5.92985 0.373532 2.74978 6.59778 1.61327 6.82302 1.89505 6.54959 6.90647 7.4113 4.66366 2.97064 10.2975 7.63952 2.17963 6.09292 1.96649 7.55471 4.52825 2.95752 3.08697 4.50791 3.63692 2.14963 
7.11591 3.15357 5.04762 0.665259 3.38015 7.00225 0.695292 7.97822 4.27412 2.32741 7.14017 2.92347 5.84013 7.78343 8.41397 0.868304 8.48112 2.09119 7.05487 0 3.91554 6.1046 7.69479 5.26604 8.05271 3.16479 0.601499 2.86574 6.69683 5.22722 4.9485 7.83605 1.54186 8.05941 9.59193 6.39984 9.52185 5.32125 4.15058 5.55242 10.0909 6.15474 8.98213 7.85659 4.05981 8.49578 4.551 8.17287 2.66163 3.77 4.93958 
6.24877 3.05682 2.09837 3.293 4.92766 3.34144 3.22171 4.2512 1.56495 5.18767 4.6968 5.52336 5.59069 3.92461 5.20976 4.2361 6.01428 4.62884 3.29607 3.91554 0 3.11253 3.85266 1.42121 4.14401 4.69242 3.64971 3.82537 2.97553 1.4736 4.05672 3.92052 3.52714 4.71961 6.61086 4.94593 6.96166 2.77677 1.25431 7.2249 7.41588 2.30451 6.00886 4.60588 4.56534 5.04901 0.734554 4.39033 1.85123 0.455774 1.52035 
9.15224 6.15501 1.10243 5.44539 5.2072 4.58188 5.47019 5.02365 4.51202 6.28647 7.0576 6.32687 8.64697 4.26672 6.76021 6.71693 8.17731 7.43245 1.97813 6.1046 3.11253 0 2.7018 3.21277 3.47961 7.71384 5.61344 4.34201 1.69871 3.47871 7.09299 3.56974 6.30385 1.98807 8.22527 7.76486 8.94557 5.4581 2.09402 10.3025 9.25392 3.43271 7.71065 1.75944 7.67488 6.26204 3.22953 4.94042 3.44531 3.56409 1.60096 
8.39512 6.57119 3.11304 7.04299 7.66621 2.86795 7.0018 2.82684 4.48376 8.4877 5.75942 8.64898 8.31478 1.98516 4.79759 8.08282 6.55881 8.44326 0.757087 7.69479 3.85266 2.7018 0 2.84736 0.822455 8.32533 7.33921 6.6759 1.1186 3.05528 6.81755 1.0586 7.36446 2.13882 6.16416 6.96798 7.1096 4.81658 3.67235 10.6446 7.28388 2.29296 5.75474 2.30412 7.89364 4.13345 3.41022 2.62035 5.19872 4.14638 2.85231 
5.99532 3.7255 2.54852 4.66853 6.26859 1.95315 4.58051 2.83405 1.6432 6.6064 3.87336 6.92973 5.65725 2.52168 3.96587 5.4879 5.07137 5.68118 2.50589 5.26604 1.42121 3.21277 2.84736 0 2.93157 5.4841 5.04478 5.16859 2.29995 0.270555 4.11084 2.64713 4.65127 4.27702 5.41618 4.5845 5.93097 2.27644 2.18396 7.81049 6.32159 0.892018 4.83729 4.25349 5.06164 3.70725 0.716782 2.96922 3.24415 1.49752 1.82428 
8.02599 6.61042 3.76519 7.417 8.30004 2.39321 7.35752 2.13362 4.49155 9.02407 5.27962 9.2253 8.07756 1.31578 4.12301 8.36599 5.9578 8.6125 1.50166 8.05271 4.14401 3.47961 0.822455 2.93157 0 8.37625 7.74454 7.27708 1.81511 3.08436 6.63498 0.391866 7.57266 2.90461 5.43844 6.61654 6.43647 4.59977 4.18937 10.5751 6.57217 2.18311 5.06439 3.09492 7.8348 3.41936 3.58849 1.88352 5.6714 4.36669 3.39175 
4.31866 1.76586 6.62371 3.35735 6.50238 6.5284 3.18841 7.47781 3.88518 5.46259 5.36838 6.06905 2.92198 7.6263 7.13354 2.39437 6.5122 1.23779 7.89407 3.16479 4.69242 7.71384 8.32533 5.4841 8.37625 0 3.65776 5.81018 7.61048 5.30018 2.684 8.05108 1.7662 9.41199 7.94637 4.06336 7.51283 4.18737 5.63407 2.64804 8.12503 6.19838 7.39344 9.29323 1.18622 7.49456 4.93806 7.76624 4.68223 4.28838 6.18103 
7.44241 3.40263 4.58038 0.446572 2.84577 6.85869 0.618135 7.81956 4.22426 1.99486 7.24257 2.55217 6.21536 7.56527 8.39578 1.45863 8.60055 2.65127 6.67392 0.601499 3.64971 5.61344 7.33921 5.04478 7.74454 3.65776 0 2.26968 6.30936 5.03557 5.21004 7.55027 1.94248 7.58469 9.63013 6.63282 9.63692 5.35687 3.72673 6.11332 10.1908 5.9367 9.0165 7.37152 4.46706 8.42244 4.32879 7.99353 2.19909 3.5699 4.53482 
9.15424 5.11885 3.57344 2.46808 1.10263 7.12173 2.62701 7.96902 5.06498 1.97453 8.32424 1.99149 8.07617 7.49213 9.03286 3.7283 9.68517 4.90156 5.92985 2.86574 3.82537 4.34201 6.6759 5.16859 7.27708 5.81018 2.26968 0 5.55963 5.27658 6.83226 7.19251 4.04438 6.29354 10.4181 8.11955 10.6782 6.34475 3.13704 8.34992 11.1691 5.98 9.81063 6.03021 6.44597 8.86283 4.54912 8.0534 2.00126 4.01574 3.89268 
8.21967 5.89516 1.99445 6.03708 6.54766 3.08319 6.01001 3.38068 3.90846 7.38619 5.81051 7.5361 7.9537 2.59177 5.21792 7.14221 6.7948 7.60417 0.373532 6.69683 2.97553 1.69871 1.1186 2.29995 1.81511 7.61048 6.30936 5.55963 0 2.55656 6.41029 1.87314 6.49797 1.99151 6.66045 6.79202 7.47506 4.51899 2.60017 10.0455 7.73065 2.10335 6.18123 2.00693 7.31082 4.65621 2.68759 3.26817 4.1386 3.33456 1.78002 
5.72498 3.53622 2.7888 4.6465 6.37883 1.86835 4.54909 2.79428 1.42985 6.65342 3.62275 6.99669 5.39737 2.56247 3.79984 5.40739 4.83883 5.54542 2.74978 5.22722 1.4736 3.47871 3.05528 0.270555 3.08436 5.30018 5.03557 5.27658 2.55656 0 3.85446 2.77916 4.5386 4.53873 5.23711 4.31395 5.71456 2.00597 2.36252 7.59055 6.11853 0.951661 4.65046 4.51929 4.83985 3.58627 0.739279 2.95798 3.32208 1.46601 2.06305 
2.32712 1.80762 6.14425 4.78243 7.78467 4.42456 4.59923 5.26397 2.58353 7.20387 2.70004 7.75764 1.55795 5.61944 4.55318 4.47918 3.8341 3.70828 6.59778 4.9485 4.05672 7.09299 6.81755 4.11084 6.63498 2.684 5.21004 6.83226 6.41029 3.85446 0 6.26218 3.44909 8.38522 5.26919 1.46955 4.84646 2.03754 5.29208 4.06191 5.45491 4.52634 4.72767 8.34903 1.58828 5.01255 3.87499 5.5872 5.07654 3.60661 5.50108 
7.6346 6.2858 3.7395 7.2094 8.23467 2.00138 7.14202 1.78654 4.16677 8.89453 4.88959 9.11935 7.69593 0.951725 3.77199 8.11755 5.58534 8.32244 1.61327 7.83605 3.92052 3.56974 1.0586 2.64713 0.391866 8.05108 7.55027 7.19251 1.87314 2.77916 6.26218 0 7.29832 3.19378 5.11486 6.22606 6.08693 4.22531 4.07384 10.2189 6.24092 1.85313 4.72137 3.36266 7.48361 3.08696 3.32732 1.5638 5.51951 4.11272 3.30034 
5.57679 1.70273 5.20155 1.60294 4.76607 6.12835 1.42844 7.11598 3.3098 3.86401 5.80055 4.45279 4.30017 7.06873 7.25488 1.06451 7.10581 1.12953 6.82302 1.54186 3.52714 6.30385 7.36446 4.65127 7.57266 1.7662 1.94248 4.04438 6.49797 4.5386 3.44909 7.29832 0 8.13474 8.32512 4.91425 8.14561 4.12847 4.21423 4.3574 8.73133 5.48967 7.72666 7.97869 2.53013 7.44081 3.986 7.35493 3.04052 3.22117 4.88072 
10.2088 7.7496 3.01195 7.39624 7.09428 4.91174 7.40908 4.96437 5.84959 8.25376 7.74112 8.2629 9.93412 4.12277 6.92578 8.63299 8.6393 9.26222 1.89505 8.05941 4.71961 1.98807 2.13882 4.27702 2.90461 9.41199 7.58469 6.29354 1.99151 4.53873 8.38522 3.19378 8.13474 0 8.30269 8.78 9.23236 6.51047 3.94973 11.9215 9.41995 4.06696 7.88633 0.302882 9.21273 6.27167 4.5844 4.7575 5.39859 5.13343 3.25755 
4.82319 6.65768 7.87218 9.18738 11.5152 3.65037 9.03469 3.3392 5.44869 11.5126 2.58081 11.9513 5.80976 4.18026 1.47192 9.38633 1.63392 8.87424 6.54959 9.59193 6.61086 8.22527 6.16416 5.41618 5.43844 7.94637 9.63013 10.4181 6.66045 5.23711 5.26919 5.11486 8.32512 8.30269 0 4.06438 1.23678 4.27583 7.59664 8.90587 1.1489 4.85049 0.614892 8.4533 6.84669 2.03133 5.91548 3.55583 8.41853 6.40499 7.17709 
1.43122 3.24681 6.9344 6.19749 9.1153 4.24018 6.01698 4.88143 3.38109 8.62721 1.68924 9.16804 1.7911 5.42958 3.66763 5.94841 2.50524 5.15328 6.90647 6.39984 4.94593 7.76486 6.96798 4.5845 6.61654 4.06336 6.63282 8.11955 6.79202 4.31395 1.46955 6.22606 4.91425 8.78 4.06438 0 3.46623 2.31022 6.19826 4.86705 4.0817 4.73035 3.59301 8.79352 2.89434 4.28373 4.57103 5.22154 6.25978 4.53173 6.23654 
3.91284 6.44408 8.46478 9.19034 11.7566 4.39402 9.02476 4.3033 5.61627 11.5837 2.39613 12.0644 5.07313 5.13587 2.31494 9.20811 1.04124 8.54839 7.4113 9.52185 6.96166 8.94557 7.1096 5.93097 6.43647 7.51283 9.63692 10.6782 7.47506 5.71456 4.84646 6.08693 8.14561 9.23236 1.23678 3.46623 0 4.3495 8.05872 8.13696 0.615948 5.51439 1.3831 9.35762 6.35611 3.0359 6.32099 4.56583 8.6844 6.68644 7.74734 
3.7193 2.57028 4.66026 4.9131 7.41431 2.41854 4.75913 3.31861 1.28484 7.2634 1.97954 7.7271 3.49876 3.597 3.12687 5.17191 3.34238 4.84791 4.66366 5.32125 2.77677 5.4581 4.81658 2.27644 4.59977 4.18737 5.35687 6.34475 4.51899 2.00597 2.03754 4.22531 4.12847 6.51047 4.27583 2.31022 4.3495 0 3.99782 6.04955 4.87043 2.52634 3.66372 6.50853 3.3779 3.35223 2.2977 3.62476 4.36565 2.42209 3.95023 
7.50209 4.13689 0.993338 3.48552 4.20878 4.09387 3.48074 4.87648 2.81742 4.83539 5.86796 5.04552 6.81147 4.35979 6.14971 4.68552 7.14964 5.34362 2.97064 4.15058 1.25431 2.09402 3.67235 2.18396 4.18937 5.63407 3.72673 3.13704 2.60017 2.36252 5.29208 4.07384 4.21423 3.94973 7.59664 6.19826 8.05872 3.99782 0 8.24289 8.47692 2.90042 7.01256 3.77547 5.67244 5.86927 1.7484 4.93729 1.53988 1.68995 0.82159 
4.27189 4.17297 9.22486 5.88279 8.93038 8.4652 5.73002 9.32458 6.16729 7.68892 6.5215 8.29718 3.09612 9.64562 8.48537 4.69384 7.29544 3.46317 10.2975 5.55242 7.2249 10.3025 10.6446 7.81049 10.5751 2.64804 6.11332 8.34992 10.0455 7.59055 4.06191 10.2189 4.3574 11.9215 8.90587 4.86705 8.13696 6.04955 8.24289 0 8.73962 8.40503 8.45762 11.8245 2.75097 9.02181 7.35993 9.64575 7.32963 6.79457 8.73868 
4.5002 7.03191 8.8315 9.74436 12.2543 4.67422 9.58123 4.45735 6.12036 12.1256 2.95145 12.5968 5.68321 5.29883 2.51333 9.79497 1.63004 9.15293 7.63952 10.0909 7.41588 9.25392 7.28388 6.32159 6.57217 8.12503 10.1908 11.1691 7.73065 6.11853 5.45491 6.24092 8.73133 9.41995 1.1489 4.0817 0.615948 4.87043 8.47692 8.73962 0 5.83957 1.54947 9.56211 6.9704 3.15431 6.75407 4.6887 9.17014 7.16191 8.12185 
6.16156 4.43288 3.02753 5.56011 7.07315 1.22092 5.47073 1.98904 2.31368 7.47754 3.71185 7.78461 6.02285 1.63001 3.37872 6.35611 4.75478 6.48902 2.17963 6.15474 2.30451 3.43271 2.29296 0.892018 2.18311 6.19838 5.9367 5.98 2.10335 0.951661 4.52634 1.85313 5.48967 4.06696 4.85049 4.73035 5.51439 2.52634 2.90042 8.40503 5.83957 0 4.30783 4.10681 5.65926 2.99681 1.60864 2.09412 4.09853 2.38476 2.3518 
4.47861 6.06717 7.31734 8.57403 10.9067 3.12895 8.42191 2.9349 4.83394 10.8977 2.02777 11.3368 5.36723 3.77303 0.965121 8.78638 1.33151 8.29664 6.09292 8.98213 6.00886 7.71065 5.75474 4.83729 5.06439 7.39344 9.0165 9.81063 6.18123 4.65046 4.72767 4.72137 7.72666 7.88633 0.614892 3.59301 1.3831 3.66372 7.01256 8.45762 1.54947 4.30783 0 8.02238 6.31264 1.65402 5.31915 3.18778 7.81031 5.7961 6.61526 
10.219 7.65161 2.81668 7.19526 6.81526 5.00752 7.21391 5.11462 5.79449 7.99512 7.80375 7.99315 9.90262 4.27512 7.05905 8.44834 8.73806 9.10771 1.96649 7.85659 4.60588 1.75944 2.30412 4.25349 3.09492 9.29323 7.37152 6.03021 2.00693 4.51929 8.34903 3.36266 7.97869 0.302882 8.4533 8.79352 9.35762 6.50853 3.77547 11.8245 9.56211 4.10681 8.02238 0 9.13011 6.42232 4.51618 4.92219 5.19509 5.03009 3.11781 
3.16302 1.53748 6.62698 4.09866 7.25732 5.79107 3.91567 6.69383 3.41874 6.38718 4.28601 6.98037 1.80148 6.94859 6.13146 3.39648 5.36962 2.37124 7.55471 4.05981 4.56534 7.67488 7.89364 5.06164 7.8348 1.18622 4.46706 6.44597 7.31082 4.83985 1.58828 7.48361 2.53013 9.21273 6.84669 2.89434 6.35611 3.3779 5.67244 2.75097 6.9704 5.65926 6.31264 9.13011 0 6.55964 4.63318 7.0025 5.01366 4.11991 6.08547 
5.48054 5.9225 6.00976 7.99825 9.96501 1.77939 7.86892 1.30789 4.22173 10.1753 2.6087 10.5522 6.04506 2.14901 0.777227 8.45897 2.72724 8.19998 4.52825 8.49578 5.04901 6.26204 4.13345 3.70725 3.41936 7.49456 8.42244 8.86283 4.65621 3.58627 5.01255 3.08696 7.44081 6.27167 2.03133 4.28373 3.0359 3.35223 5.86927 9.02181 3.15431 2.99681 1.65402 6.42232 6.55964 0 4.31752 1.53732 6.89996 4.94503 5.34756 
5.9357 3.20887 2.36565 3.95176 5.65175 2.60755 3.86446 3.52529 1.29251 5.91638 4.1219 6.25741 5.43254 3.23845 4.49821 4.79117 5.40235 5.04258 2.95752 4.551 0.734554 3.22953 3.41022 0.716782 3.58849 4.93806 4.32879 4.54912 2.68759 0.739279 3.87499 3.32732 3.986 4.5844 5.91548 4.57103 6.32099 2.2977 1.7484 7.35993 6.75407 1.60864 5.31915 4.51618 4.63318 4.31752 0 3.67542 2.58471 0.787934 1.66672 
6.5598 6.05394 4.8696 7.60236 9.13944 1.24267 7.50093 0.340489 4.04825 9.57096 3.68839 9.87741 6.86305 0.67644 2.26208 8.29362 4.15764 8.26333 3.08697 8.17287 4.39033 4.94042 2.62035 2.96922 1.88352 7.76624 7.99353 8.0534 3.26817 2.95798 5.5872 1.5638 7.35493 4.7575 3.55583 5.22154 4.56583 3.62476 4.93729 9.64575 4.6887 2.09412 3.18778 4.92219 7.0025 1.53732 3.67542 0 6.19219 4.42376 4.2843 
7.39773 3.52877 2.38775 2.00045 3.09668 5.18654 2.02777 6.0757 3.0813 3.39264 6.34366 3.68697 6.45714 5.67868 7.04154 3.28983 7.69881 4.13384 4.50791 2.66163 1.85123 3.44531 5.19872 3.24415 5.6714 4.68223 2.19909 2.00126 4.1386 3.32208 5.07654 5.51951 3.04052 5.39859 8.41853 6.25978 8.6844 4.36565 1.53988 7.32963 9.17014 4.09853 7.81031 5.19509 5.01366 6.89996 2.58471 6.19219 0 2.01462 2.35859 
5.81552 2.62214 2.55404 3.18127 5.11061 3.30309 3.08717 4.25275 1.16385 5.23262 4.37744 5.60984 5.13699 4.01367 5.03993 4.00484 5.71635 4.29805 3.63692 3.77 0.455774 3.56409 4.14638 1.49752 4.36669 4.28838 3.5699 4.01574 3.33456 1.46601 3.60661 4.11272 3.22117 5.13343 6.40499 4.53173 6.68644 2.42209 1.68995 6.79457 7.16191 2.38476 5.7961 5.03009 4.11991 4.94503 0.787934 4.42376 2.01462 0 1.96745 
7.60146 4.57539 0.725788 4.27636 4.93748 3.57258 4.25996 4.26204 2.92713 5.64396 5.68363 5.83356 7.05221 3.67147 5.70972 5.43261 6.89565 6.00667 2.14963 4.93958 1.52035 1.60096 2.85231 1.82428 3.39175 6.18103 4.53482 3.89268 1.78002 2.06305 5.50108 3.30034 4.88072 3.25755 7.17709 6.23654 7.74734 3.95023 0.82159 8.73868 8.12185 2.3518 6.61526 3.11781 6.08547 5.34756 1.66672 4.2843 2.35859 1.96745 0 
