200
0.444047 18.8298 0.913257 0
0.421492 6.96571 0.631058 0
17.8127 23.1159 2.22573 0
1.94372 9.42209 1.82642 0
17.1817 19.32 0.369346 0
13.3941 19.3935 0.385875 0
10.6082 21.3381 0.297937 0
8.63387 22.8825 0.550623 0
2.70232 3.19854 1.85997 0
16.9213 20.601 1.31588 0
7.51118 14.8286 2.08645 0
15.0929 21.2774 0.368469 0
1.17704 22.5231 0.432652 0
4.13078 16.7548 0.690016 0
15.632 23.5998 1.70419 0
5.66516 23.0052 1.50807 0
1.72689 6.34515 1.68653 0
10.9118 13.8325 0.611786 0
18.0023 19.1878 2.04574 0
17.5524 19.0126 1.65448 0
8.50567 11.0089 1.98841 1
2.85401 7.01623 0.413751 0
12.0354 12.1191 1.02537 0
17.7499 21.8202 2.09276 0
18.2281 20.841 1.4741 0
14.2266 18.9005 0.259686 1
5.12035 23.3834 1.45024 0
8.23191 22.2745 1.84043 0
3.16465 8.82965 1.09502 1
4.82334 16.9105 2.00727 0
9.18439 16.8909 1.12635 0
1.85429 4.50623 1.51238 0
1.95084 16.2137 0.770251 0
15.6983 22.5577 1.84923 0
10.9707 18.9911 0.420857 0
3.02236 21.8069 1.71331 0
18.7146 19.1475 19.7855 1
1.18456 10.0629 0.446689 0
18.6419 21.0232 0.332619 0
8.45315 10.8362 1.09637 0
15.9896 23.2914 28.0382 0
0.516901 14.3835 15.1804 0
3.97647 13.0016 25.659 0
8.72222 21.3019 0.37109 0
15.4742 23.0935 0.57119 0
8.75982 22.3357 2.14705 1
8.16474 20.1283 0.669516 1
14.3505 22.5922 1.41729 0
9.76644 13.4422 0.75524 1
2.16658 14.2217 0.939184 1
2.31699 19.6373 1.49595 0
10.2308 13.9833 0.441586 0
3.51544 5.02188 1.71204 0
7.76747 15.3512 0.747546 0
6.80145 10.4263 1.30192 0
9.71215 11.7747 1.29125 0
16.9243 23.5204 1.84396 0
15.3744 21.3699 1.41819 0
0.88881 6.69662 1.00767 0
15.361 18.8194 1.10634 1
13.4936 21.9329 2.01951 0
12.4284 16.0328 1.72059 0
15.4966 23.5156 0.59923 1
9.59514 16.6027 0.622069 0
2.35035 13.085 6.03043 0
4.90561 11.7656 0.353069 1
7.12468 13.6369 0.446556 1
12.822 18.7851 1.09452 0
11.0313 22.5442 2.20856 0
14.5569 20.2472 1.07935 0
10.0115 12.315 1.90081 0
12.4381 20.1257 0.569164 0
17.2216 22.0566 0.946216 1
0.349215 7.31953 0.71176 0
7.94271 14.1831 0.24275 0
3.43105 5.04668 1.53488 0
10.2059 10.9417 1.92133 0
16.5811 18.2978 0.368965 0
3.72848 23.8817 2.11669 0
18.8594 20.2328 1.68898 0
2.15399 21.2814 1.65246 0
17.3711 19.5134 0.570095 1
1.27371 7.83768 0.484536 0
5.55771 15.5363 2.24141 0
18.2927 21.8204 0.569941 0
4.04942 17.2861 0.399313 0
0.732814 11.9082 1.96077 0
13.363 18.7268 1.14318 0
12.7023 17.921 21.4782 0
11.6278 19.9938 0.837146 0
17.5445 23.8477 1.78617 0
14.0208 16.2813 2.10605 1
1.35327 8.42247 0.799408 0
13.1926 22.317 2.14451 0
10.6451 22.5793 1.03148 0
0.56101 0.749262 2.05202 0
13.2673 23.8638 1.60731 0
5.87275 6.845 1.52709 0
13.9213 15.6723 1.13817 0
5.13663 22.5248 11.1759 0
15.749 23.7703 1.00937 0
16.0591 17.5085 1.45937 0
2.80819 7.98187 2.70561 0
8.658 21.5382 9.43431 0
12.2228 18.0409 1.91089 0
0.0166776 14.6739 1.07267 0
0.53408 21.8796 1.99477 0
4.31475 11.5864 0.318519 0
18.4064 19.4908 1.48808 0
13.4754 15.4387 0.558063 0
4.22266 4.90722 0.537332 0
16.8503 19.4456 0.733009 0
10.5335 12.1685 1.73022 0
9.58241 14.5236 0.212427 1
12.5014 22.1607 24.6796 0
10.8548 14.3589 1.70119 0
6.73132 16.0721 0.817783 0
13.6211 20.7397 0.758069 0
7.97444 10.3305 0.211501 0
16.9206 20.8617 0.658781 0
9.39856 16.1686 1.17793 0
12.2388 16.1057 1.40291 0
15.6278 19.7659 1.39135 1
16.4638 17.6309 2.09033 0
7.5841 9.44898 0.822422 0
2.43978 2.59629 0.372957 0
11.7773 23.429 1.42742 0
12.6489 21.3929 0.770552 1
5.01727 17.0599 16.1012 0
16.7623 19.5504 1.42365 1
15.9872 21.7963 0.420268 1
15.7154 19.8084 10.1514 0
6.73008 22.8668 0.617498 0
17.576 23.0083 1.50748 0
3.82837 13.9168 0.24737 1
11.8177 13.5007 9.39718 1
12.5056 18.7824 1.21052 1
10.0624 18.5992 0.351023 1
18.0088 23.5725 1.19163 0
7.21271 9.23065 0.342628 0
14.5851 18.0753 0.635816 0
17.3181 22.9548 0.946324 0
7.09094 14.6649 1.78878 0
18.5146 20.9227 1.93622 0
17.251 20.4325 2.0976 0
10.7524 15.2866 1.92923 0
13.3356 23.2712 1.85076 0
18.2946 22.2789 2.2298 0
10.9629 18.4212 1.18886 0
4.61077 14.3467 0.536797 0
18.6323 21.6138 2.08966 0
17.3998 17.5812 0.751586 1
0.785809 4.83242 0.250479 1
15.2428 19.4657 1.02377 0
16.3897 20.0626 2.03079 0
7.40161 15.5009 1.6087 0
9.07023 17.7606 0.390928 0
18.8274 19.6796 1.0428 0
15.3654 17.066 2.04039 0
10.219 11.3319 7.9793 0
7.0081 18.0835 1.15648 0
8.00522 12.8208 7.47337 0
6.97895 10.0122 1.25479 0
9.1007 20.5096 1.33451 1
6.02498 10.2271 2.18472 0
10.3739 11.7369 2.12674 0
13.5796 16.5836 1.30306 1
18.6149 21.0657 14.2781 0
8.53053 9.39694 0.451256 0
6.20884 17.1433 2.01729 0
16.0886 19.1506 1.33088 0
12.0189 18.4828 0.267585 0
18.2684 18.7197 1.00321 0
12.4642 12.9145 0.305783 1
12.6167 20.7249 0.800427 0
10.5976 11.2778 1.84803 0
18.2058 19.8316 1.14901 0
14.8159 22.7537 1.34363 0
2.57645 10.0879 1.22681 0
8.74622 8.90034 1.76878 1
8.57142 19.5679 4.32098 0
8.38982 21.1246 1.37537 0
3.22414 4.46076 1.16792 0
14.8689 22.8328 1.97441 0
4.9383 20.8234 0.734957 0
17.441 19.1224 2.23418 0
6.254 14.7269 0.84854 0
5.98283 12.397 1.30024 0
14.4964 19.2182 1.83088 1
15.4164 21.4123 1.67856 1
0.62379 7.86905 0.676457 1
15.8768 18.8335 1.85341 0
4.92346 18.0498 2.054 0
18.9581 22.5722 0.454866 0
5.4583 11.0471 1.71286 0
3.15877 10.6267 0.263507 0
11.1007 20.3012 1.14483 0
4.64318 13.4618 3.18363 0
11.1457 11.3582 1.06436 0
14.2092 14.2183 0.863278 0
400 50 500
0.025 0.0125 10000 3000 15 1e+06 300000 8 12
0 7.64192 9.81314 19.6391 9.78547 18.947 10.2735 7.28407 9.1451 25.0711 11.796 12.7458 22.1737 14.9785 19.2251 18.4595 19.3447 16.4068 1.89558 17.1991 12.3316 8.17928 5.55808 13.9213 11.5202 14.8439 5.75297 2.10218 17.923 16.3621 8.99015 15.5031 8.23308 8.82142 21.7748 21.7205 19.1572 19.2566 17.2791 2.78511 19.1005 8.32043 16.9383 15.2955 15.9958 17.794 25.0034 17.6594 20.8705 13.1857 11.7718 15.6967 10.3674 14.1331 10.1248 13.9533 13.0977 11.0006 3.36586 26.7504 10.492 12.1064 14.8111 19.0068 5.27008 14.681 15.1516 18.8969 17.2494 9.17889 21.2987 6.45305 19.5083 7.02055 10.0927 17.0168 11.2258 17.3248 13.3689 20.6287 6.17419 21.2915 19.5245 19.6981 21.007 16.917 2.56811 17.1361 18.344 17.3573 7.90959 10.3159 13.6183 15.8181 20.9436 24.7489 10.0085 19.2943 10.2026 4.07955 11.4105 17.8977 21.6316 13.9517 18.2589 20.9069 8.70103 1.30107 14.6735 25.274 21.053 6.50102 10.8268 17.3696 20.4988 20.3107 17.1005 13.4219 9.98812 6.63574 11.6783 7.13168 15.0431 15.6921 3.66724 18.7372 4.25638 1.12732 6.84706 3.018 21.8322 12.2635 17.9359 14.0328 18.3992 11.1502 1.69254 19.6002 18.1297 22.3066 8.02654 5.14167 12.6576 14.3574 22.055 12.3817 10.2444 11.758 15.6833 20.8123 11.791 18.2817 7.73339 11.4522 12.873 18.775 19.5326 7.96121 17.0156 18.8532 19.4484 9.91311 12.3203 14.6727 14.1544 9.03039 21.791 23.756 24.5334 10.5311 2.31342 21.4445 7.79156 15.2717 4.71294 8.95191 24.3054 4.32683 18.1323 16.0752 2.46465 6.51774 20.7653 14.3277 13.6868 14.8258 12.3858 11.5421 3.90707 8.97162 9.03351 20.317 20.0369 11.2067 12.7734 20.9911 9.28713 19.0338 17.4908 12.8836 9.79722 
7.64192 0 5.70619 16.0868 5.71115 11.6417 6.95461 1.01891 3.09666 18.8778 4.65135 5.65722 17.7272 7.36822 11.712 10.8728 13.9891 15.8076 8.15516 14.0811 5.56741 0.6738 2.10417 6.2806 4.05501 13.1315 3.33217 5.88566 11.8369 8.72436 8.58794 8.69997 1.33947 3.30288 17.8219 16.0206 17.9241 13.9313 15.737 4.9898 14.4126 4.0171 9.38292 13.6333 10.2829 10.572 18.9433 10.9938 17.447 5.82779 10.409 8.05697 5.94139 8.80627 2.49356 12.9677 7.27313 5.23602 4.31585 20.6815 3.89153 5.32644 12.1908 17.1398 2.53687 7.18873 8.67568 13.341 11.9371 10.1068 14.0918 1.23545 18.1736 1.53535 6.88438 12.0486 12.0075 15.6921 5.78049 15.7137 1.71689 13.9811 16.916 19.4031 14.1076 13.5352 5.76005 10.3715 10.706 17.1889 10.2039 5.93978 9.34035 12.7104 15.0601 19.2097 2.8667 12.0397 2.96425 3.74094 7.06237 12.193 16.2061 6.30983 13.8971 14.3812 1.76356 6.34142 14.515 18.9596 16.5586 6.66235 3.28835 15.1339 13.0817 13.0622 9.62095 10.637 11.6205 6.37995 7.78785 8.32077 7.64028 8.05743 8.62589 13.903 4.00476 6.5637 1.15519 4.69733 14.7517 9.50433 10.4246 13.6098 14.8231 8.55026 7.88331 12.0739 10.8075 15.2836 9.99158 8.85554 7.1074 7.584 14.9001 6.5648 3.91592 9.13866 10.2538 14.5952 10.7928 10.9892 4.28716 9.80859 12.0456 15.1539 16.3608 5.15592 11.0603 11.2122 12.7706 4.47982 8.52844 13.6076 10.2775 4.0012 15.3765 16.9542 18.3889 3.37488 5.3723 16.2835 0.389579 14.2341 8.08835 9.65998 18.7725 3.83637 10.562 12.4126 7.62257 1.2036 16.039 12.3721 6.14677 14.0718 4.75184 5.18663 7.39748 10.2268 9.76188 15.1106 16.4241 5.69195 5.136 15.3137 7.76533 13.8169 11.7536 5.26952 8.14978 
9.81314 5.70619 0 10.5938 0.0398424 10.5372 1.32979 4.82727 2.85372 15.3217 8.99595 5.06453 12.648 8.41826 11.4259 12.7532 9.53641 10.3217 9.12595 8.44549 4.21849 6.11848 5.96772 8.33775 7.93006 7.49002 4.33419 7.72953 8.24594 10.3492 4.31559 6.6194 6.94106 2.44868 12.5027 11.9099 12.2662 9.45024 10.0689 7.28717 9.43419 1.83105 9.62558 7.98705 6.24461 9.31507 15.2232 8.39293 11.9348 6.00153 5.0498 9.74133 0.580218 4.34364 6.33027 7.50903 3.61705 2.1917 7.65522 16.9638 3.32532 4.12617 6.48472 11.4367 5.6743 10.1193 5.93292 9.0857 7.43703 6.17174 12.5177 5.60415 12.5014 7.12042 1.33034 7.24159 7.4789 10.0145 8.59144 10.9102 5.24105 12.7191 11.238 13.8903 11.8003 7.94787 7.2451 8.01731 12.0363 11.7723 7.21314 0.51843 3.9761 7.05087 11.1568 14.9419 7.76175 10.7421 7.69695 7.65231 1.63255 8.10916 11.8256 8.27277 8.71066 11.3762 7.21785 8.76383 9.23542 15.5617 11.4915 4.32239 7.22962 9.42771 12.253 11.6701 9.42077 4.93125 7.70824 3.97576 2.15716 5.4537 10.776 9.87213 8.40783 9.01856 5.77146 8.76068 5.04573 7.98663 12.8198 3.8158 12.7592 8.29775 9.31596 2.9575 8.98984 11.8226 9.84127 13.1951 6.84614 7.59295 3.06072 5.63152 13.1461 3.04162 2.89994 3.49007 5.88159 11.1215 5.5392 9.90602 2.13261 4.41445 6.71513 9.66734 10.7692 1.91053 7.314 12.3679 10.0901 1.69574 2.90363 8.09042 4.75703 1.72569 12.1725 14.3598 14.7751 4.34261 7.80316 11.6745 5.33645 8.69644 7.08153 5.73644 14.4979 5.78361 10.7396 6.88114 8.24868 6.27089 11.1085 6.71247 9.11809 8.61957 7.47052 3.19503 7.03908 6.47863 5.81323 10.5311 10.956 1.98579 7.22474 11.1809 3.04292 9.23765 7.71385 8.04245 3.15984 
19.6391 16.0868 10.5938 0 10.6025 12.7742 9.64308 15.3247 12.9958 9.90147 18.0441 12.3246 3.33889 14.7669 14.4627 18.2554 5.14155 7.04206 18.4009 2.503 11.6901 16.3557 16.5607 15.7192 16.9149 5.67247 14.8069 17.7256 7.62736 16.402 10.8819 10.5137 17.1629 12.8104 2.26635 6.57077 5.85176 5.05845 4.97994 17.5161 3.23786 12.4247 14.3539 5.47344 7.26062 12.1108 9.39911 9.65466 1.36378 13.1262 8.192 16.1172 10.2246 7.70165 15.8425 7.0822 9.35325 10.9661 18.1085 10.602 12.5546 11.8488 4.92904 4.23543 16.2457 17.6337 9.62681 5.808 5.63443 11.5819 12.8238 16.1709 5.70147 17.5858 9.79343 4.9305 10.5204 4.78238 16.5304 3.85446 15.8325 13.5005 2.45398 8.41115 11.0578 2.72674 17.1855 10.0764 17.0739 8.04407 13.3985 10.2409 6.74646 3.82634 6.97897 7.64707 17.4438 12.5336 17.2929 18.1969 9.06249 6.46779 5.66224 15.5985 2.76748 9.37069 17.3172 18.8352 8.11669 10.4664 2.81251 13.1575 16.4777 3.56569 14.0156 12.7593 13.6837 6.21846 11.9876 13.004 8.43771 12.9647 18.298 16.3334 17.0295 3.75161 16.106 18.741 15.5943 18.404 12.279 7.38133 18.8263 7.84948 1.27833 8.50319 18.3764 14.7204 12.7335 12.1492 13.0392 15.608 9.25356 10.7819 12.796 9.88842 12.352 7.88466 6.78999 8.14474 8.41344 12.5737 12.6164 8.33092 7.85906 0.932925 0.992177 12.0345 7.46568 17.0542 9.73724 11.6074 7.69482 6.63162 5.84344 12.1581 9.17554 11.6814 9.40845 13.5311 18.0026 4.79743 15.6988 6.43965 15.5388 11.5335 7.33778 16.1603 14.7921 3.71282 17.5101 16.8132 3.34258 5.77907 17.0034 7.05769 15.801 11.3979 16.013 11.9733 11.5011 4.68501 0.407382 10.4679 15.186 6.29405 10.3594 4.76726 6.68418 16.169 9.8556 
9.78547 5.71115 0.0398424 10.6025 0 10.5769 1.31076 4.82835 2.87024 15.3533 9.018 5.10199 12.6652 8.45473 11.4657 12.7893 9.56286 10.3038 9.09343 8.44886 4.25665 6.12697 5.95844 8.37073 7.95363 7.47753 4.31526 7.70281 8.27982 10.3851 4.27825 6.659 6.94923 2.45951 12.5154 11.9385 12.2553 9.47643 10.0585 7.26376 9.45411 1.82325 9.66443 7.97494 6.27704 9.35487 15.2538 8.4309 11.9426 6.03811 5.02638 9.77676 0.61561 4.37478 6.35036 7.48957 3.65515 2.22993 7.63726 16.9941 3.35518 4.16368 6.4804 11.4303 5.66158 10.1502 5.97169 9.11426 7.46425 6.13423 12.5569 5.60043 12.4914 7.12163 1.30642 7.26526 7.44581 10.0048 8.62149 10.932 5.23398 12.7587 11.2381 13.8737 11.8381 7.95378 7.21739 8.05603 12.0737 11.7528 7.17357 0.552817 3.99254 7.053 11.1873 14.9683 7.77818 10.7818 7.71451 7.6381 1.65354 8.13976 11.8519 8.30604 8.72733 11.4116 7.22831 8.73864 9.2125 15.5941 11.5092 4.2839 7.25149 9.423 12.2928 11.7096 9.46018 4.92588 7.6714 3.93761 2.16503 5.41386 10.8064 9.90722 8.37158 9.04007 5.74934 8.7343 5.04368 7.96772 12.8583 3.80631 12.7939 8.27514 9.32453 2.93991 8.95801 11.8624 9.88111 13.2332 6.8067 7.55443 3.0979 5.67136 13.1849 3.08097 2.92881 3.47653 5.91152 11.1547 5.5139 9.94584 2.11133 4.3913 6.69218 9.67647 10.7743 1.8773 7.34755 12.4058 10.1272 1.72385 2.91063 8.07288 4.76734 1.73601 12.2068 14.3962 14.8064 4.36992 7.7795 11.6984 5.3423 8.67974 7.04394 5.69861 14.5243 5.76257 10.7788 6.88971 8.2156 6.26876 11.1285 6.70099 9.14796 8.60031 7.49945 3.23277 7.00357 6.44054 5.77555 10.5558 10.9653 2.02556 7.25612 11.2096 3.00692 9.26289 7.74506 8.07199 3.12708 
18.947 11.6417 10.5372 12.7742 10.5769 0 11.1876 11.7262 9.87935 8.91951 9.80253 6.20647 11.9638 4.86921 1.70946 6.0472 7.80108 17.4656 18.8997 12.5749 6.72435 11.3254 13.525 6.38853 9.09939 14.4496 13.3351 16.9302 5.15755 5.1813 14.5982 3.94756 11.7223 10.301 13.0363 7.98087 17.8621 7.85437 16.0315 16.1624 9.57813 11.1523 2.93696 14.7511 6.24859 1.22276 9.26998 3.20978 13.8257 5.82013 13.9509 5.36992 10.0148 7.45053 9.51334 15.4096 7.08105 8.50416 15.823 10.7383 8.50533 6.9263 12.686 16.3568 13.7062 7.46421 4.81446 7.03186 7.30873 16.4042 2.49643 12.6575 17.87 12.874 11.3433 8.15691 17.1183 15.8657 7.42473 9.71021 12.8201 2.34793 14.9767 20.2899 3.26267 11.8668 16.6052 3.03669 4.80128 18.9443 17.6867 10.0838 9.40865 12.0485 6.92158 10.6455 10.5999 0.497557 10.349 15.3469 9.71108 6.32118 8.78295 6.27832 10.0743 4.63844 11.472 17.6751 17.3141 8.72496 11.1303 14.7942 9.32529 14.5973 1.72506 1.44656 2.31233 12.0072 17.8077 14.4321 10.2324 15.9873 7.88474 5.56851 18.6216 9.02961 14.7488 17.8208 12.1713 16.2154 3.33086 11.8697 6.89438 16.4763 12.07 12.0233 18.689 1.94628 0.835483 3.93592 17.3028 18.0387 7.68635 4.91447 3.34553 7.51865 8.81494 12.0333 6.95459 5.7094 14.5293 0.666031 11.9121 13.441 15.2161 12.1465 13.6438 12.2284 5.52348 4.5867 3.30704 9.50432 10.2891 15.6031 10.1439 10.3394 5.6239 5.91177 8.62181 8.43189 16.6398 9.46563 11.3787 15.9584 17.4498 16.0171 10.3209 14.6516 2.49134 10.9534 18.1266 12.8441 10.3202 13.7782 7.57928 16.2706 7.66722 7.66737 17.2143 16.7687 16.0748 8.69745 12.8488 8.56753 6.98021 7.61639 13.2947 8.08014 6.16781 7.52331 13.1821 
10.2735 6.95461 1.32979 9.64308 1.31076 11.1876 0 6.03411 4.17984 15.1873 10.3226 6.13425 11.932 9.51518 12.216 13.8544 9.18489 8.99329 9.35754 7.38064 5.25746 7.39946 7.00002 9.54628 9.2517 6.1892 5.16539 8.2482 8.2945 11.4625 3.41338 7.24036 8.21839 3.75292 11.6525 11.639 10.9764 9.0886 8.78476 7.93357 8.82711 2.96416 10.5635 6.68898 6.23961 9.97798 15.0347 8.75746 10.9581 7.10509 3.73309 10.8758 1.46065 4.32845 7.65995 6.17924 4.10929 3.27852 8.46727 16.7528 4.6028 5.20479 5.28496 10.1977 6.6367 11.3669 6.42719 8.83559 7.14532 5.24312 13.0029 6.7386 11.2208 8.32072 0.192369 6.80122 6.32219 8.73779 9.8544 10.3608 6.32132 13.2723 10.0997 12.5652 12.1173 6.94307 7.72916 8.47229 13.0766 10.4425 6.51965 1.40908 3.3573 5.96779 10.9834 14.5576 9.08711 11.3429 9.02491 8.56287 1.51479 7.97183 11.4477 9.47438 7.9998 11.5026 8.51317 9.33168 7.91394 15.4754 10.7974 4.19563 8.55682 8.21368 12.9127 12.2209 10.2903 3.72384 6.71639 3.90724 1.42722 4.95373 12.0312 11.0183 8.40082 8.47273 6.48118 9.2823 6.20885 8.76866 13.209 2.55652 13.9145 6.97499 8.36787 1.63048 9.26051 12.6088 10.5461 13.5351 6.12871 7.37298 3.50484 6.37174 13.5724 3.71683 4.19019 2.18721 5.75098 11.1027 4.23746 10.5835 2.99619 3.09662 5.39446 8.73172 9.73318 2.40026 7.35533 13.3772 10.3568 2.9997 2.04923 6.76288 3.91207 3.03009 12.2147 14.5375 14.6298 5.64296 8.43511 11.2009 6.59476 7.37126 6.97506 4.83996 14.1171 6.5266 11.6322 5.95142 8.45761 7.42657 10.4921 5.42107 10.3833 7.28979 8.74991 4.27836 7.10862 5.59284 4.90273 10.0953 10.0207 2.92754 8.46793 10.9184 2.10721 8.83735 7.61449 9.31326 2.0526 
7.28407 1.01891 4.82727 15.3247 4.82835 11.7262 6.03411 0 2.45945 18.5881 5.54124 5.58249 17.0935 7.72348 11.9423 11.4622 13.4826 14.8251 7.57879 13.2557 5.33448 1.64721 1.80527 6.7849 4.83109 12.187 2.41276 5.38154 11.4755 9.22852 7.56927 8.53279 2.35786 2.52187 17.1205 15.6005 16.9804 13.4184 14.8 4.53167 13.7913 3.07338 9.65589 12.6897 9.81149 10.6068 18.6209 10.7977 16.6796 5.92303 9.4235 8.55405 5.11606 8.22545 3.13362 11.9861 6.77239 4.65135 4.09836 20.3679 3.53126 5.09467 11.3011 16.2316 2.01586 7.88837 8.39085 12.8696 11.4013 9.09291 14.1307 0.996017 17.2367 2.2933 5.95224 11.4498 10.9887 14.7603 6.41303 15.1406 1.10995 14.074 16.0643 18.4212 14.0145 12.732 5.17483 10.2056 11.1995 16.1962 9.22702 5.10706 8.58956 11.8703 14.675 18.7734 3.80997 12.0971 3.87771 3.67841 6.26559 11.7428 15.7303 6.79679 13.2212 14.1627 2.77679 5.99107 13.5132 18.7019 15.9244 5.67092 4.03522 14.2398 13.2387 13.1194 9.82073 9.74207 10.6115 5.38018 6.95071 7.33134 8.38578 8.57829 7.88129 13.301 3.3294 6.17091 0.44517 4.49094 14.7343 8.59034 11.0828 12.6119 14.0536 7.60804 7.32206 12.3165 10.8995 15.2437 9.00497 7.99396 6.53521 7.39128 14.9163 6.04267 3.44477 8.20795 9.71949 14.2901 9.79693 11.0643 3.28528 8.82928 11.0524 14.3924 15.5591 4.1502 10.6571 11.6842 12.5914 3.77048 7.69719 12.6332 9.49004 3.17023 15.1304 16.8367 18.0849 3.29931 4.97274 15.7578 0.795491 13.2622 7.23502 8.6451 18.3328 3.18158 10.8516 11.6289 6.97098 1.50868 15.437 11.436 6.82404 13.0873 5.31258 4.7829 6.59757 9.21805 8.74682 14.5848 15.6714 5.06348 5.5841 14.884 6.75874 13.2821 11.3061 5.87123 7.15147 
9.1451 3.09666 2.85372 12.9958 2.87024 9.87935 4.17984 2.45945 0 16.2242 6.19757 3.69636 14.6566 6.58329 10.3647 10.7592 11.025 13.1729 9.02222 11.0314 3.1904 3.37976 4.10367 6.09554 5.17314 10.3334 3.45672 7.08494 9.07899 8.37737 6.63451 6.36195 4.19978 0.57345 14.7271 13.1646 15.0965 10.9601 12.8958 6.37172 11.348 1.74481 8.23203 10.8281 7.36449 8.69704 16.2337 8.55689 14.3572 4.34666 7.86315 7.71883 2.95247 5.768 3.50486 10.3541 4.32332 2.1919 6.26737 17.9843 1.37511 2.97039 9.24386 14.2134 4.07815 7.67688 6.08206 10.419 8.94194 8.40166 12.1753 3.42934 15.3223 4.61653 4.15909 8.99802 10.0119 12.8345 6.11734 12.6844 3.31328 12.2075 13.8907 16.7439 11.8708 10.4672 6.73496 8.00795 10.245 14.6168 9.01752 2.96455 6.2505 9.67997 12.2566 16.3294 4.90804 10.1981 4.84572 5.99192 4.01365 9.30004 13.277 6.06036 10.8073 11.8739 4.42264 7.91076 12.0484 16.3629 13.4874 5.54668 4.43416 12.1828 11.4965 11.2053 8.23754 7.7133 9.97318 5.18594 4.78353 7.09466 8.29375 7.80497 8.86393 10.8509 4.89949 8.01947 2.83109 6.65126 12.6883 6.64439 10.5944 11.1154 11.7352 5.80993 8.80973 10.756 9.08219 13.1618 8.7121 8.53472 4.07597 5.21432 12.9185 3.58964 1.10139 6.34006 7.2604 11.9244 8.32459 9.21395 2.45737 7.23272 9.5308 12.0631 13.2886 3.17543 8.23815 10.6606 10.3539 1.39261 5.50786 10.9427 7.20452 1.18945 12.8115 14.6457 15.7113 1.88686 6.87225 13.2985 2.70734 11.55 7.85444 7.944 15.888 4.81887 9.42493 9.33347 8.2635 3.96031 12.9876 9.5503 6.62323 11.4655 4.95067 2.43341 7.46735 8.62867 8.03631 12.1255 13.3305 2.6141 4.88336 12.4451 5.52952 10.8227 8.86497 5.54716 5.79026 
25.0711 18.8778 15.3217 9.90147 15.3533 8.91951 15.1873 18.5881 16.2242 0 18.3117 13.3116 6.99973 13.4926 10.2707 14.7397 6.22717 16.8019 24.4429 11.4871 13.3105 18.7817 20.321 14.9798 17.4261 14.6809 19.3657 22.9698 7.16538 14.097 17.991 10.2448 19.3859 16.4061 8.53586 3.75187 15.7123 6.34078 14.7957 22.4089 7.53238 16.7556 11.8058 14.6928 9.08323 9.31884 0.634572 7.95732 10.0988 13.4738 16.0169 14.2402 14.7495 10.9794 17.3194 16.0733 12.0006 14.1468 22.4738 1.8559 15.0592 13.5517 13.1895 14.1141 20.2914 16.3148 10.2075 6.38704 8.07815 19.374 7.02068 19.5841 15.5212 20.3392 15.3796 8.60214 19.079 14.5959 16.0306 6.19161 19.5339 7.71811 12.2828 18.2447 5.658 11.0841 22.516 8.62494 13.5367 17.9187 21.0919 14.8064 11.9713 12.0086 4.20728 2.91818 18.706 8.4292 18.4712 22.2139 13.8126 7.22694 4.39304 14.8565 8.63331 4.61601 19.2743 23.9395 17.5623 0.619158 7.1029 19.3829 17.4353 13.2782 8.87045 7.78863 11.1098 13.5814 20.3113 19.0888 13.7821 19.9486 16.7773 14.4482 23.5874 7.49513 20.8743 23.9822 19.0038 22.8512 6.00952 14.2373 15.6762 17.054 10.1639 15.0386 24.3112 10.255 9.53734 5.44852 20.6883 22.5146 12.4154 11.3147 6.34726 12.7316 15.161 14.6617 9.46165 4.30017 16.4738 9.28615 17.3445 15.8077 16.4838 9.94924 10.8658 17.2272 8.05783 13.1943 6.29376 15.214 13.334 15.8585 11.9163 16.0797 3.56079 3.57673 0.566035 15.5188 22.9268 5.15665 18.5301 15.8712 22.1579 19.1439 2.94708 20.8409 11.3716 11.0003 23.5587 19.9917 6.59332 14.396 16.2809 16.4263 15.9759 13.8131 22.277 19.7921 19.1552 5.74047 9.67688 13.8857 15.2395 4.39592 16.9317 6.6718 7.61 15.9951 16.5694 
11.796 4.65135 8.99595 18.0441 9.018 9.80253 10.3226 5.54124 6.19757 18.3117 0 5.77354 18.9196 4.93436 9.2138 6.92809 14.7085 19.2851 12.618 16.4822 6.35402 3.98038 6.59624 3.414 1.13589 16.3447 7.95018 10.3125 12.0243 5.31829 12.7363 8.40091 3.62753 6.71281 19.3781 16.2045 21.0203 14.686 18.8245 9.39718 15.6839 7.81919 6.95337 16.8253 11.14 9.07482 18.5304 10.5019 19.389 5.14776 14.0421 4.7834 8.96145 10.3427 2.70215 16.4945 8.69626 7.45233 8.45631 20.1676 5.84417 6.19862 15.0618 19.9833 7.11902 3.08463 8.90655 13.9316 12.9436 14.4156 12.2631 5.83181 21.2107 4.78269 10.3233 13.3542 16.1542 18.7411 2.38802 16.6736 6.36134 11.9198 19.3848 22.8221 12.8717 15.8296 10.2759 9.81571 7.15345 20.7542 14.7248 8.99232 11.6224 15.2563 15.1264 19.3398 1.82889 10.2849 1.69069 7.71727 9.80573 12.7679 16.6543 3.52534 15.4792 13.7035 3.13248 10.5395 18.2293 18.2401 17.7985 11.1508 1.76687 17.9307 10.7986 11.2237 7.49466 13.6132 15.9719 10.836 10.6457 12.8065 3.29884 4.67001 13.2431 15.1041 8.61865 10.8171 5.79371 8.78277 13.1332 12.6586 6.24974 17.2927 16.8706 11.9371 12.3322 9.49127 9.02209 13.7355 14.4806 13.5057 8.86352 7.62232 13.1225 8.21959 6.1998 12.4183 11.4074 14.3091 14.5158 9.25996 8.36684 13.4081 15.7091 17.1427 18.539 9.20735 11.5172 7.71307 12.0295 7.33781 11.2886 17.0523 12.6709 7.38697 14.7665 15.6714 17.9096 4.76937 9.68975 16.9765 4.75092 17.6427 12.7393 13.9584 18.935 8.44298 7.91023 14.6524 12.1729 5.46095 17.132 15.5479 2.36476 17.6022 2.39851 6.75533 12.0429 14.5899 14.0564 15.8619 18.3152 7.96139 3.1268 15.5809 11.7029 14.6863 12.3535 2.31859 11.9841 
12.7458 5.65722 5.06453 12.3246 5.10199 6.20647 6.13425 5.58249 3.69636 13.3116 5.77354 0 13.1617 3.38154 6.68355 7.72017 9.01201 14.4374 12.7137 10.9334 0.885735 5.48844 7.38754 3.64628 4.67119 11.3532 7.14089 10.7237 6.48189 5.33163 9.38009 3.07102 6.07423 4.15951 13.6055 10.7236 15.7833 8.98046 13.6343 9.9607 9.91199 5.13654 4.64417 11.7928 5.37889 5.04895 13.4215 5.36989 13.6574 0.992316 9.67764 4.76084 4.69807 4.65843 4.0628 11.8226 3.08305 2.88014 9.67376 15.1396 2.32426 0.938474 9.84472 14.5958 7.52593 5.58971 3.26151 8.26272 7.18 11.2362 8.56305 6.5482 15.9269 7.0579 6.2286 7.58178 12.4564 13.5236 4.27609 10.9398 6.65453 8.5473 13.8134 17.8204 8.45656 10.2488 10.402 4.72898 6.97183 15.9552 12.1983 4.75869 6.21153 9.81648 9.69256 13.9129 5.5726 6.54855 5.36418 9.25109 5.01057 7.08821 11.0641 3.5476 9.71758 8.75938 5.97752 11.4799 13.7034 13.3584 12.033 8.95641 4.39204 12.5604 7.80311 7.56601 4.56912 8.56785 12.7702 8.58779 5.81147 10.3495 6.27634 4.91618 12.5351 9.33426 8.54272 11.6189 6.02596 10.0662 9.15178 7.86576 7.81079 12.771 11.1853 7.49285 12.4967 7.07741 5.39813 9.66358 11.8487 12.1024 3.41882 2.02091 9.33861 2.8243 2.68047 7.78726 5.63482 9.07649 10.2332 5.54049 5.91237 9.06031 11.2549 11.4388 12.8722 6.39542 5.85422 7.30808 7.12736 3.61049 6.27131 12.2596 7.25851 4.33073 9.7757 11.2984 12.8434 2.29865 10.4426 11.3073 5.34357 12.785 11.4583 10.7997 13.4891 8.44515 5.81084 9.0781 11.9598 6.82998 11.3798 10.5617 4.78238 12.8793 3.47658 1.87129 11.1319 11.5393 10.8773 10.1677 12.5807 3.21083 2.87977 10.0544 8.09966 8.95571 6.66041 3.86316 8.16221 
22.1737 17.7272 12.648 3.33889 12.6652 11.9638 11.932 17.0935 14.6566 6.99973 18.9196 13.1617 0 14.9777 13.6664 17.8707 4.35319 10.3505 21.089 5.62517 12.706 17.8857 18.5284 16.1623 17.8307 8.92821 16.9777 20.175 7.23203 16.3482 13.7319 10.7275 18.653 14.5877 1.53618 4.37737 8.84113 4.34366 8.27925 19.8569 3.31838 14.4337 14.1052 8.77147 7.78303 11.5998 6.43091 9.2151 3.14499 13.7944 11.1812 16.1945 12.1847 8.93426 17.0387 10.3555 10.5396 12.4912 20.3019 7.42359 13.9415 12.9061 7.92802 7.29304 18.2951 17.9646 10.0485 5.17436 5.98248 14.6372 11.3757 18.0161 8.61427 19.2604 12.1053 5.69682 13.7434 8.08467 17.0916 2.32328 17.7601 12.1122 5.45108 11.3254 9.55087 5.57265 19.6502 9.79498 16.6349 11.265 16.455 12.2165 8.67378 6.71439 5.21021 4.44053 18.6279 11.6176 18.4441 20.2854 11.0245 6.25394 3.40545 16.0348 3.9411 7.77318 18.7254 21.263 11.4548 7.60314 1.16929 15.8009 17.5257 6.90275 12.8726 11.5766 13.3805 8.96195 15.1754 15.6007 10.5755 15.8255 18.5861 16.4183 19.8395 3.85686 18.3777 21.2071 17.42 20.6284 10.6337 10.0098 18.5854 11.1656 4.17054 11.0797 21.0344 13.8488 12.1423 10.3566 16.0798 18.4917 10.628 11.3214 11.1389 11.2025 13.8334 10.5135 7.59165 6.50406 11.4779 11.9371 14.7663 11.2162 11.0617 3.82372 4.15969 14.3152 7.49019 16.5054 8.67501 13.3251 9.88628 9.94264 8.02483 14.015 7.23943 9.42139 6.57617 14.7932 20.3624 2.56457 17.3391 9.77383 18.3435 14.54 4.19376 18.4062 14.2756 6.15898 20.1871 18.6022 1.7942 8.9321 17.5095 10.3887 16.5575 12.6779 18.7265 15.0415 14.5187 3.29609 2.99749 12.0432 15.8721 4.46137 13.0275 4.27028 6.63155 16.8242 12.5511 
14.9785 7.36822 8.41826 14.7669 8.45473 4.86921 9.51518 7.72348 6.58329 13.4926 4.93436 3.38154 14.9777 0 4.45442 4.34009 10.6318 17.6564 15.2709 13.7369 4.26321 6.91765 9.42197 1.52131 4.26335 14.5502 9.7851 13.1045 7.77573 1.95287 12.7286 4.28961 7.15574 7.13055 15.6952 11.7303 18.801 10.6355 16.7047 12.2515 11.9595 8.23745 2.10364 14.9668 7.50873 4.18372 13.754 5.95726 16.0324 2.41725 13.0384 1.43227 8.07431 7.48572 4.97867 15.1151 6.15696 6.2507 11.6819 15.3448 5.35118 4.3116 12.9559 17.5115 9.73315 3.00034 5.14048 9.81466 9.22181 14.5804 7.34028 8.52685 18.9107 8.37682 9.6073 9.84292 15.8373 16.5787 2.56715 12.6604 8.82708 7.03473 16.535 20.9518 7.96555 13.0238 12.878 5.2961 3.67133 19.1793 15.46 8.13385 9.29144 12.7643 10.6285 14.76 5.82689 5.35055 5.57457 11.0983 8.3664 8.72803 12.3113 1.40923 12.0276 8.92522 6.833 13.6784 17.0141 13.3832 13.9373 12.0956 4.58988 15.5186 5.96741 6.29645 2.56736 11.7864 16.1252 11.7297 9.14614 13.574 3.60848 1.62298 15.3561 11.3618 11.0081 13.8779 8.14851 12.065 8.19937 11.1749 4.46478 16.0884 13.7467 10.8605 15.0238 4.78569 4.08934 8.8011 15.1242 15.1146 6.61748 4.05689 8.19837 6.09201 5.77918 11.129 7.99797 9.66874 13.5989 4.32917 8.99928 12.4264 14.594 13.9463 15.4428 9.59446 7.51204 4.07743 7.27846 6.8728 9.54936 15.5157 10.3 7.47549 9.987 10.7436 13.1203 4.74113 12.6785 12.7708 7.18929 16.0154 14.4241 14.1385 14.3781 10.8755 3.2239 11.8926 14.6058 8.54991 13.1927 13.7714 2.78862 16.1498 2.87948 5.24251 13.9818 14.8713 14.2189 11.7439 14.9642 6.59227 2.28059 11.1749 11.4605 10.7184 8.36984 2.66245 11.5381 
19.2251 11.712 11.4259 14.4627 11.4657 1.70946 12.216 11.9423 10.3647 10.2707 9.2138 6.68355 13.6664 4.45442 0 4.48832 9.50964 18.9679 19.3435 14.1854 7.35783 11.311 13.7047 5.87795 8.67968 15.9169 13.7748 17.272 6.83696 4.12106 15.6228 5.08513 11.5964 10.8421 14.7457 9.63453 19.4722 9.56213 17.5993 16.4581 11.2772 11.8014 2.35534 16.2405 7.77517 2.49522 10.674 4.84201 15.5273 6.06674 15.2095 4.4908 10.9425 8.78361 9.40117 16.812 8.17201 9.29294 15.9941 12.0418 9.00199 7.52526 14.1664 17.9859 13.955 6.54052 6.05749 8.73746 8.95248 17.459 3.34996 12.8159 19.4919 12.8047 12.3574 9.78683 18.3194 17.4381 6.83839 11.4183 13.0517 2.81824 16.6402 21.8733 4.67179 13.4715 16.9921 4.56005 3.26835 20.4608 18.6357 11.0105 10.7661 13.5941 8.59157 12.1915 10.2714 2.0618 10.0195 15.4527 10.792 7.99948 10.4595 5.78959 11.7484 6.22407 11.2847 17.9334 18.7288 10.0099 12.8393 15.5681 9.0438 16.1905 1.61672 2.48206 2.13406 13.3889 18.9118 15.2008 11.391 16.8651 6.84749 4.65106 19.2181 10.7239 15.1172 18.108 12.3819 16.3829 4.35151 13.1499 5.40617 17.8685 13.7318 13.1972 19.1152 0.3975 1.83764 4.96375 18.2633 18.7609 8.76919 5.84421 4.17167 8.49968 9.36356 13.2687 8.46649 7.35494 15.79 1.93324 12.5754 14.6701 16.5508 13.819 15.322 12.9907 7.13972 2.96805 4.99716 10.209 11.5309 17.0459 11.5697 10.9889 7.15441 7.00525 10.0262 8.72493 16.9122 11.1587 11.4942 17.4293 18.131 17.0534 11.8867 15.0029 1.31003 12.5205 18.6145 12.9102 12.029 15.2205 6.87788 17.7119 7.33101 8.3676 17.8154 17.8061 17.1179 10.4049 14.5444 9.44055 6.72575 9.29771 14.3132 9.78453 7.82444 7.06088 14.2507 
18.4595 10.8728 12.7532 18.2554 12.7893 6.0472 13.8544 11.4622 10.7592 14.7397 6.92809 7.72017 17.8707 4.34009 4.48832 0 13.5814 21.8192 19.015 17.5665 8.59922 10.2924 12.9757 4.71695 6.95702 18.708 13.7261 16.758 10.7446 2.40716 17.0581 7.89737 10.2526 11.3243 18.8275 14.0175 22.7636 13.6157 20.7332 15.862 15.1999 12.4668 3.90972 19.1018 11.1105 6.27278 15.1558 8.70131 19.4269 6.75592 17.349 3.04481 12.4144 11.5101 8.38337 19.3566 10.355 10.5905 15.0947 16.4877 9.61533 8.65164 17.0537 21.3885 13.3892 3.85239 8.89299 12.7721 12.6221 18.9066 7.7446 12.1032 22.8398 11.4951 13.9473 13.3698 20.1766 20.5941 5.09571 15.5707 12.5109 7.10275 20.2434 25.0141 9.16006 16.8437 16.6113 8.20119 1.24746 23.3416 19.7342 12.4738 13.4166 16.7313 12.9455 16.6679 8.54502 6.48335 8.32429 14.4131 12.6806 11.8594 14.7921 4.72979 15.4892 10.6759 9.81216 17.1683 21.2685 14.4552 16.9575 16.3057 7.63279 19.4567 5.89798 6.96115 4.57282 15.981 20.4563 15.9441 13.4429 17.8297 3.69757 2.95526 19.3083 14.616 14.7897 17.4116 11.8451 15.4531 8.76136 15.4443 1.0242 20.3514 17.3675 15.1803 18.7481 4.48507 5.73669 9.35696 19.4083 19.2141 10.8601 8.07118 8.50385 10.374 10.0522 15.4254 11.7124 11.7532 17.914 5.95305 13.211 16.7429 18.8811 17.5147 19.0321 13.8571 10.7905 1.55175 9.3215 11.1822 13.8042 19.7221 14.3805 11.7349 11.6316 11.3838 14.5088 8.87453 16.2315 15.4315 10.7969 20.1959 18.4958 18.4621 16.3545 14.6372 3.60598 15.7695 18.4327 11.9467 16.1612 17.9451 4.78009 20.3673 6.1503 9.58253 17.9738 19.1905 18.544 14.576 18.3937 10.9298 5.94889 13.6207 15.7961 13.7858 11.5913 5.6061 15.8781 
19.3447 13.9891 9.53641 5.14155 9.56286 7.80108 9.18489 13.4826 11.025 6.22717 14.7085 9.01201 4.35319 10.6318 9.50964 13.5814 0 11.1685 18.5373 5.76627 8.66456 14.0572 15.0734 11.8451 13.6455 8.68383 13.7953 17.2656 2.88041 11.9998 11.8025 6.40694 14.7809 11.068 5.25381 2.50534 10.7514 0.117374 9.32656 16.8053 1.91947 11.1652 9.77374 8.77566 3.71992 7.31332 5.96595 4.8882 6.06282 9.56152 9.79315 11.8413 8.9944 5.30682 13.0034 10.0197 6.72027 8.83596 17.0545 7.62946 10.109 8.88316 7.07583 9.14656 14.9329 13.6239 5.802 0.821488 2.11084 13.1495 7.68232 14.4527 10.6705 15.5194 9.3757 2.41404 12.8857 9.13367 12.7952 2.03066 14.2842 8.36249 7.5219 13.3016 5.92203 5.20894 16.777 5.44847 12.356 12.4676 14.8773 9.04212 5.8637 5.96104 2.20648 5.40549 14.5628 7.50928 14.3636 16.9186 7.9355 1.94257 2.29044 11.7169 2.79878 4.27477 14.7952 18.2969 11.6511 6.63136 3.37717 13.3537 13.4039 7.77477 8.92272 7.64942 9.05541 7.35826 14.0912 13.0834 7.75829 13.797 14.24 12.0651 17.5518 1.53394 15.2762 18.2971 13.8533 17.4108 7.15579 8.02203 14.266 11.0455 4.75726 8.86491 18.4315 9.73227 7.88655 7.06521 14.4748 16.4022 6.96045 7.08638 7.67156 7.44232 10.0795 8.45785 3.77026 3.1183 10.2581 7.69657 11.6487 9.58121 10.3337 4.7074 6.09093 11.39 3.19475 12.2608 4.63201 9.80529 7.23107 9.89547 5.70432 10.6013 4.26655 6.89053 5.66157 10.8459 17.3236 2.30855 13.6097 10.0064 16.0931 12.9258 4.96148 15.2712 10.0091 4.87632 17.6394 14.973 2.59019 8.30215 13.1985 10.5082 12.3235 8.81388 16.2881 13.5677 12.935 1.15583 5.14516 8.45957 11.6206 1.8314 10.7929 0.478128 2.35617 12.555 10.4049 
16.4068 15.8076 10.3217 7.04206 10.3038 17.4656 8.99329 14.8251 13.1729 16.8019 19.2851 14.4374 10.3505 17.6564 18.9679 21.8192 11.1685 0 14.7433 5.41021 13.5781 16.3139 15.3576 18.0733 18.1923 3.11143 13.2703 14.9447 12.6385 19.5693 7.73675 14.0699 17.118 12.7306 9.03645 13.2278 2.88173 11.0562 2.07248 15.1032 9.41613 11.806 18.0548 2.73442 11.2171 16.4731 16.3417 14.2984 7.41535 15.42 5.40227 19.0873 10.3237 10.3375 16.6454 2.83992 11.5004 11.932 16.0811 17.6251 13.4706 13.6197 4.80975 3.50419 14.8543 19.995 13.0512 11.5248 10.4334 7.23307 18.3031 15.3511 3.27083 17.035 9.01815 9.56304 5.28897 2.26588 18.567 10.6133 14.8367 18.8579 5.087 3.59613 16.75 5.97067 14.4115 14.4368 20.8174 1.52339 8.72815 10.293 8.4029 5.46434 13.334 14.6847 18.0789 17.389 18.0182 16.4654 9.55789 11.5921 12.4329 17.9796 8.38643 15.3158 17.4503 16.0175 1.79545 17.3348 9.82268 10.337 17.5251 3.52627 19.0268 17.9281 17.5466 5.87465 6.7486 10.3869 8.71508 9.29855 20.6787 19.2683 13.04 9.6467 14.0763 15.8084 14.9064 16.2548 18.0194 6.65339 22.1073 2.38947 6.64125 7.36423 14.8278 19.3084 17.1303 18.0539 8.50497 11.4663 11.0505 13.7491 18.513 11.6159 13.0929 6.86692 10.5132 14.2628 5.069 17.0524 11.5495 5.99941 3.81105 6.85543 6.19586 10.7022 12.0223 20.9727 15.1013 11.9493 8.1741 2.2332 7.46408 12.0126 15.4329 18.059 16.2799 14.5415 15.4794 11.6456 15.4734 1.65625 11.7286 7.4596 14.3647 14.2024 18.859 6.60322 13.9726 16.0592 10.222 3.88507 19.0953 1.74046 17.5386 12.8032 12.4999 7.47343 7.3755 11.1977 7.35654 11.4528 17.1418 12.777 8.14144 10.6965 11.5653 18.0632 7.70017 
1.89558 8.15516 9.12595 18.4009 9.09343 18.8997 9.35754 7.57879 9.02222 24.4429 12.618 12.7137 21.089 15.2709 19.3435 19.015 18.5373 14.7433 0 15.9241 12.1858 8.76891 6.0691 14.3612 12.1858 13.3767 5.57415 2.30624 17.3642 16.8065 7.57278 15.2635 8.99128 8.60594 20.586 20.9726 17.5375 18.4425 15.7316 3.22144 18.1246 7.8832 17.1279 13.8083 15.3705 17.7108 24.33 17.3147 19.5868 13.2784 10.3552 16.1323 9.7021 13.464 10.6338 12.3952 12.6134 10.6241 4.28346 26.0633 10.3973 11.9769 13.5056 17.4806 5.62645 15.3386 14.7969 18.1549 16.4764 7.51672 21.1618 6.92003 17.898 7.87202 9.16821 16.1588 9.50262 15.7901 13.9312 19.6813 6.5068 21.2217 18.1114 17.96 20.7102 15.7009 2.40544 16.8425 18.7783 15.6296 6.12163 9.6433 12.7088 14.5765 20.264 23.9151 10.7925 19.2099 10.9575 5.06989 10.6423 17.2208 20.8049 14.375 17.2231 20.4519 9.48567 2.43374 12.9848 24.6876 19.9961 5.28842 11.438 15.9309 20.5167 20.2103 17.2096 12.1987 8.20227 5.5041 10.7845 5.58209 15.7658 16.1536 1.79556 17.8048 4.26321 2.08886 7.17821 4.04938 21.6173 11.0895 18.5794 12.3918 17.1893 10.0093 0.298615 19.7296 18.1044 22.0561 6.27548 3.32978 12.1179 14.1385 21.8795 11.9317 10.0872 10.5833 14.9867 20.2452 10.3101 18.2348 7.19376 10.1032 11.3231 17.5668 18.2216 7.217 16.436 19.2614 19.0765 9.54376 11.3649 13.1079 13.1307 8.66315 21.2814 23.3831 23.8938 10.6288 2.98123 20.5481 8.21826 13.6891 3.0232 7.33745 23.4746 4.40036 18.329 14.9398 0.903934 7.16963 19.7686 12.9168 14.3016 13.2125 12.8695 11.3008 2.39054 7.27185 7.41075 19.4511 18.8042 10.7474 13.1628 20.2475 8.07045 18.1946 16.8329 13.4093 8.56083 
17.1991 14.0811 8.44549 2.503 8.44886 12.5749 7.38064 13.2557 11.0314 11.4871 16.4822 10.9334 5.62517 13.7369 14.1854 17.5665 5.76627 5.41021 15.9241 0 10.1975 14.411 14.3706 14.4978 15.3464 3.32866 12.532 15.3179 7.51161 15.5161 8.3871 9.67095 15.2309 10.7786 4.75601 7.84579 5.28787 5.65525 3.5844 15.1494 4.01485 10.2647 13.6717 3.24341 6.48499 11.7183 11.0636 9.36529 3.67148 11.8249 5.68908 15.1445 8.14451 6.30224 14.1123 4.76197 7.85681 9.14767 15.8001 12.4587 10.7771 10.3207 2.42905 3.82675 14.0173 16.4467 8.68912 6.16958 5.29281 9.08973 13.1085 14.0493 5.31139 15.5426 7.515 4.4268 8.11835 3.39754 15.208 5.31108 13.6705 13.7117 2.90326 7.73874 11.4735 0.723195 14.7743 9.63591 16.4523 6.70649 10.9081 8.15044 4.87689 1.41566 7.92386 9.60938 15.6942 12.4251 15.5662 15.9354 7.02208 6.39223 7.09515 14.385 2.97663 9.96377 15.4319 16.4315 6.08313 11.9977 4.79432 10.7038 14.8311 2.05697 14.0182 12.843 13.0666 3.79292 9.55474 10.5654 6.30501 10.466 17.1277 15.3498 14.5335 4.23905 13.7753 16.3246 13.4901 16.0808 12.74 4.98691 18.0209 5.64674 1.45977 6.11287 15.9063 14.4912 12.3712 12.7307 10.5452 13.1061 7.6232 9.68005 13.2442 8.26632 10.518 5.48022 5.85602 8.87362 5.9195 12.2529 10.3766 5.83631 5.43668 1.80232 2.36204 9.73586 7.05252 16.5142 9.90618 9.64133 5.55876 4.42572 3.85183 10.092 10.0328 12.6542 10.9508 11.8093 15.6265 6.36234 13.6986 4.38666 13.0447 9.03348 9.24558 13.8405 14.2935 1.85747 15.037 14.7152 5.00865 3.31441 15.7085 4.95576 14.3618 9.73175 13.5343 9.48455 9.00234 5.80917 2.91037 8.63418 13.8099 7.37231 7.91202 5.29784 6.44821 14.7903 7.40248 
12.3316 5.56741 4.21849 11.6901 4.25665 6.72435 5.25746 5.33448 3.1904 13.3105 6.35402 0.885735 12.706 4.26321 7.35783 8.59922 8.66456 13.5781 12.1858 10.1975 0 5.50439 7.11936 4.4952 5.2262 10.5022 6.6396 10.2753 6.30512 6.21474 8.52996 3.20574 6.17145 3.58033 13.067 10.5286 14.9739 8.62274 12.8138 9.55328 9.41862 4.45402 5.42474 10.9472 4.96253 5.52662 13.3787 5.46364 13.0354 1.87603 8.79212 5.64653 3.83016 3.98904 4.34524 10.948 2.35153 2.02684 9.36974 15.115 1.84578 0.241527 9.02033 13.816 7.19048 6.4252 3.11119 7.95148 6.73609 10.3871 8.98733 6.32521 15.1263 7.04243 5.35583 7.05514 11.5788 12.7075 5.05783 10.5334 6.35522 9.03663 13.0904 16.9801 8.70983 9.52515 9.92206 4.8743 7.82989 15.0939 11.3912 3.89211 5.41446 9.04155 9.53526 13.7252 5.92412 7.02438 5.73816 9.00873 4.12628 6.77968 10.7952 4.40176 9.14432 8.83595 6.14636 11.0884 12.8246 13.3981 11.5607 8.21616 4.83537 11.7732 8.37651 8.02515 5.27986 7.71517 11.9137 7.84821 4.93114 9.56376 7.11097 5.80174 11.9103 8.85477 8.08974 11.2051 5.76718 9.75962 9.50081 6.98978 8.69652 11.8911 10.5217 6.60711 11.9812 7.75471 5.9462 9.9811 11.0354 11.404 2.60742 2.0591 9.72812 1.98732 2.10154 6.90441 5.12095 9.02911 9.34751 6.06202 5.22456 8.17459 10.3717 10.79 12.1968 5.6414 5.58482 8.15126 7.25688 2.85319 5.40601 11.393 6.46714 3.63937 9.81775 11.5132 12.8218 2.23051 10.0489 10.9724 5.22066 11.9242 10.7815 9.95414 13.2937 8.00716 6.56511 8.34935 11.4043 6.68975 10.941 9.70831 5.57543 12.0091 4.16434 1.03213 10.5033 10.6971 10.03 9.81462 11.9622 2.33079 3.63675 9.83748 7.24224 8.56509 6.34264 4.60691 7.29188 
