200
12.9175 16.4042 8.32798 0
11.721 19.2734 1.04497 0
2.68029 4.71559 0.955518 1
10.1028 15.8874 1.01376 0
2.32809 10.9137 1.34814 0
9.99341 14.0562 0.988136 0
11.16 12.0075 1.31638 0
13.7309 21.9926 1.99772 0
0.404563 18.9624 0.963315 1
1.94447 21.0883 0.89417 0
11.5585 14.2946 1.4904 0
10.3429 21.3123 7.6537 0
11.1212 15.6632 1.05537 0
13.8176 18.5566 1.94682 0
10.5372 18.0283 1.86515 0
15.7248 16.7997 0.615389 0
3.72611 15.6093 21.8487 0
15.1991 17.5742 0.965114 0
15.0049 20.1372 1.3645 0
13.4526 21.6966 1.02264 0
15.831 22.2305 1.59351 0
17.3563 21.1952 1.98363 0
1.85323 16.9576 0.709141 0
18.0323 23.0217 1.07972 0
10.553 16.743 2.04201 0
4.47579 10.4375 12.4312 0
1.66052 23.9347 2.07023 0
11.2428 11.5978 9.86967 0
14.679 15.8218 1.62947 1
7.4044 12.0045 1.49127 0
17.2037 18.3752 1.82852 0
2.90699 11.0008 1.37023 0
12.3313 13.3616 20.6629 0
5.04373 12.795 1.6889 0
11.4912 14.6511 0.462957 0
2.51618 10.9942 0.508829 0
18.1638 21.0563 1.44735 0
4.9839 13.4376 19.9218 0
3.43092 10.0648 1.35855 0
16.242 22.0981 1.72001 0
16.6647 22.0879 0.786874 0
6.10625 7.07958 0.279369 0
9.72928 17.7467 17.8579 0
1.26556 21.8934 2.0205 1
8.43748 16.1225 1.76856 0
12.8368 23.9438 0.303963 1
8.43376 22.367 1.10024 1
7.27285 23.3253 1.74675 0
10.5776 18.7634 16.6931 0
2.47842 20.007 0.239664 1
4.72796 15.9418 1.53188 0
10.9269 11.1155 0.262535 0
13.0125 15.714 1.44494 0
15.0273 21.573 1.76757 0
13.5374 16.4254 0.984773 0
13.549 18.3863 0.622243 0
1.83822 21.9538 0.845809 1
6.14727 20.2368 0.599625 0
1.59138 22.5225 1.84441 0
11.9249 23.9433 1.65598 0
15.7464 21.274 23.4707 0
3.60011 23.3142 1.36106 0
0.153392 23.4655 22.6601 0
16.3545 19.4238 1.70492 0
3.96295 6.46589 1.60345 0
11.2147 12.4867 2.18137 0
0.133196 5.48415 1.94331 0
14.5742 16.57 18.4065 0
5.87343 15.9048 1.86294 0
16.9636 21.167 0.403492 0
13.2404 22.8597 1.29357 1
0.119517 22.5515 0.578934 1
18.7973 23.5662 0.649599 0
18.6833 21.4238 0.611374 0
11.968 14.1197 7.73239 0
14.578 15.7176 10.8894 1
12.3806 13.909 1.17871 1
4.28714 12.1586 1.48006 0
4.38331 13.1336 1.61897 0
18.6966 18.8509 1.66982 1
16.0424 20.4067 1.63656 1
0.897253 22.1317 1.65997 0
1.59528 12.6123 0.734856 0
5.04265 19.7975 0.6019 0
1.91329 12.9787 0.62828 0
2.15036 6.20148 1.85954 1
9.69525 10.6783 0.921839 1
5.34241 23.3475 9.87212 1
18.9195 19.1097 2.1684 0
9.30779 19.4428 1.73718 1
2.022 8.20516 0.21738 0
8.93797 12.009 1.58745 0
17.1325 18.9869 1.93194 0
14.4805 18.5206 1.55581 0
11.8989 12.7608 0.421096 0
9.11941 22.5106 0.710391 0
5.72113 20.4955 9.1621 0
18.7462 22.3607 2.05953 0
10.2585 11.3794 0.504764 0
5.03903 10.537 2.10104 0
11.5874 20.9995 0.471071 1
2.28167 5.20573 7.0447 0
3.38433 22.8865 0.766799 0
0.416781 10.5285 6.9202 1
16.1562 23.431 28.5556 0
18.1126 23.3719 0.452794 0
14.9206 15.2265 0.324055 0
9.83979 19.6983 2.52318 0
3.59053 7.36271 1.94634 1
18.7676 19.2638 1.45619 0
2.4361 12.7152 1.85008 1
8.86251 12.1583 0.951395 0
4.33484 21.4752 29.704 0
1.22087 16.0185 0.937578 0
12.2021 21.0594 1.36477 0
2.39386 19.47 0.29549 0
0.527875 6.8007 2.1577 0
10.1887 21.7408 1.03136 0
17.0393 17.3507 1.43849 0
8.63588 19.1963 1.88837 0
3.99146 5.14824 0.468457 0
7.69731 14.2144 0.761836 0
3.86729 12.0863 1.88066 0
7.92489 19.8037 0.413505 0
5.36566 6.19317 22.2252 0
8.26288 17.2084 1.52165 0
15.127 23.9014 0.964949 0
18.935 22.1963 1.01632 0
4.40506 12.3168 0.310193 0
5.30858 20.0528 0.387488 0
9.91611 20.3063 0.231776 1
9.33774 20.697 0.935718 0
8.75878 10.7092 1.92359 0
7.06716 7.48911 1.49415 0
17.6499 23.3111 1.15164 0
6.04365 22.507 1.24308 0
6.20559 21.0651 0.726484 0
15.5166 19.0609 0.310784 0
5.96264 7.52649 0.73725 0
15.5992 19.35 0.326638 0
6.25589 10.439 1.36529 0
11.8787 21.1698 1.24282 0
17.7129 19.9597 1.74953 1
4.39103 8.50886 1.91617 0
18.5609 18.9319 1.01707 0
16.3567 17.2733 2.2525 0
6.05945 10.5028 0.403514 0
7.17035 16.3093 1.35226 0
6.5391 7.09806 1.43437 0
8.07673 11.7623 0.684664 1
14.6107 16.7531 0.581524 1
12.1434 19.6328 1.00239 1
5.53043 7.11232 1.63479 0
10.2333 22.1929 1.0683 1
13.1731 13.9429 1.44609 0
7.18199 13.6077 0.590499 1
17.9703 18.0026 1.55278 0
18.5595 19.3447 0.264511 0
11.6716 13.6379 28.0995 0
3.90092 12.2732 0.940854 0
3.98799 16.8845 1.65194 0
1.60163 19.5988 1.79303 0
6.376 9.07329 14.3331 0
14.3039 19.898 1.13092 0
3.36593 9.53984 1.56667 0
12.9573 19.5568 0.501065 0
13.3638 18.2496 0.51711 0
18.1852 18.7939 1.98908 0
17.6595 20.6599 1.70697 0
8.1476 18.5779 0.781124 0
8.83779 21.8533 0.589846 0
12.6462 22.8192 1.498 1
14.5634 20.4405 0.527627 1
10.8013 21.5211 1.1451 0
5.85544 18.1217 0.970579 0
3.43547 17.3034 0.725063 0
8.092 22.4112 27.5198 0
10.9843 18.5841 25.1578 1
6.92684 18.4553 25.4496 0
5.36643 5.97087 0.253045 0
11.5598 16.0228 0.803161 0
15.4734 15.8683 1.8292 0
6.64481 8.77352 0.446257 0
11.317 15.7546 1.62283 0
16.8204 17.2505 1.20965 0
12.4175 19.6933 0.751771 0
18.2595 22.616 1.4425 0
11.4907 17.8828 0.410139 0
15.5875 20.9513 0.789601 0
15.0103 21.2265 2.08523 0
0.070525 8.89877 1.27262 0
11.7881 19.2957 1.94626 0
2.8795 6.25842 2.03839 0
7.53564 10.0812 2.04552 1
17.9659 22.0707 1.76286 0
17.0215 18.4912 1.16193 0
7.98653 11.035 0.928381 0
8.21616 14.0887 0.212867 0
5.75271 23.7116 2.10419 0
4.10419 13.1299 14.9801 1
400 50 500
0.025 0.0125 10000 3000 15 1e+06 300000 8 12
0 7.55642 13.3474 7.52939 9.94581 9.33163 14.2828 14.6475 18.1047 4.03263 14.2741 19.484 3.90838 9.47127 4.29658 11.9491 15.9021 12.7481 10.6384 12.0194 5.81627 7.71033 21.5832 15.6128 12.7486 7.24977 5.84661 12.9445 11.4471 17.5759 16.1115 8.03886 20.7934 19.8093 16.7415 15.5708 17.8786 21.9207 12.354 19.3401 29.0669 21.6743 4.71677 21.0116 16.02 24.1916 11.34 14.5217 22.769 7.9758 14.0551 6.8925 7.26722 17.9376 23.2563 17.2164 18.3071 15.4832 10.4077 7.32171 9.702 18.4456 19.4069 10.2815 19.8747 18.1464 21.4316 6.96615 18.054 18.9373 3.67676 10.3117 6.70902 6.94428 1.3837 19.3045 3.64784 17.9499 18.1266 14.5374 6.87115 21.5537 15.1566 20.3649 16.3305 18.8828 12.6496 20.0551 17.7426 25.1108 0.913238 15.5861 19.6188 5.88992 27.4769 18.9193 17.6432 15.988 7.93203 16.0791 17.4291 13.1739 21.1184 23.7711 7.79681 16.7966 25.6236 7.46358 25.5626 7.72513 5.68941 14.2691 5.58716 14.0103 6.38125 13.4165 9.31532 5.43259 19.1807 13.5786 22.8366 9.46469 16.1832 5.45865 9.89067 25.2521 15.6428 6.00998 4.52868 7.21895 6.07063 21.6123 16.9416 2.27252 18.4022 18.0264 17.6477 1.96792 25.7983 18.0543 3.72601 7.6624 19.9208 14.4125 5.05937 8.65853 2.58424 3.12007 9.54998 27.7274 6.18273 16.6798 4.58417 18.9528 11.654 5.10523 2.45507 6.11565 2.93288 10.7779 5.48294 9.41553 17.6151 22.7277 3.96823 11.4279 7.34436 7.19061 24.1495 21.5692 15.7611 27.7829 10.8086 6.88297 2.81479 5.1326 15.4679 28.3398 19.3772 8.8481 17.5159 17.7324 16.2691 7.97488 16.2999 17.7233 14.7669 15.7267 14.2009 8.45579 11.8345 7.53335 17.3179 12.2834 26.2876 2.96794 24.5006 18.6018 5.15069 15.13 13.0069 
7.55642 0 6.5354 3.88476 10.3559 10.6646 6.91085 10.5205 12.3688 5.37108 10.6259 12.3381 10.4757 6.69868 9.83863 12.6458 12.1579 12.4722 18.1816 7.83407 8.70061 10.8039 15.7414 19.8003 20.0257 14.4349 5.78343 7.40726 6.38956 23.0632 16.4849 14.7328 19.3878 13.6808 13.9997 20.3113 21.6197 20.5078 19.8077 23.6705 29.6776 18.0134 5.3033 14.948 9.17853 23.6446 3.89593 7.03443 25.5587 10.2108 10.6955 12.7947 13.7499 13.6925 25.6844 24.1426 17.8866 13.0096 3.87831 13.9884 7.19586 11.8069 12.8587 15.5902 24.3528 20.4283 23.2942 13.5202 17.1352 16.6173 4.74656 10.1218 6.38128 7.27283 6.26297 13.1502 10.2809 22.3049 12.4332 20.0882 14.425 23.458 13.8408 18.2675 15.0304 19.8442 18.6345 13.8476 10.6572 25.9367 8.38947 13.0794 15.4978 3.01419 28.4933 20.8476 13.7221 23.3492 12.6882 21.369 16.0648 20.5647 23.4159 24.2046 5.57652 23.9434 26.6698 6.67529 25.5108 10.9842 10.0007 17.6743 5.3473 19.2397 3.15796 20.2617 2.81556 12.9129 14.5019 12.6241 16.0966 2.06356 12.2483 4.64501 10.6467 26.3517 22.8975 12.3433 5.94454 14.266 1.63842 16.7402 11.1115 9.42195 20.371 18.4061 21.036 5.7669 26.4052 21.4027 8.47266 0.527731 26.4819 21.6781 7.4624 12.306 9.95035 8.70601 12.0864 28.3535 12.5379 10.82 3.22789 25.3758 18.692 12.652 9.50469 13.6537 6.36386 6.62427 5.86461 3.82342 23.4195 20.9134 5.39495 4.11575 8.99057 13.3257 23.8532 22.5109 10.163 28.6063 11.1625 11.6052 8.13409 4.66695 18.0022 28.8423 18.4944 8.89498 16.9166 13.2173 22.1919 11.8937 23.0596 19.7094 19.2975 19.0554 15.1556 14.9301 7.32471 14.7027 10.0386 13.1497 27.6642 10.1655 24.5493 23.063 9.22348 22.0279 19.7359 
13.3474 6.5354 0 9.91262 10.9525 11.8901 2.27004 6.42436 6.20257 11.8865 7.05562 6.17373 16.7488 6.56294 14.1458 12.6807 8.01281 11.7033 23.8356 5.04144 11.8622 17.2995 9.37131 21.472 24.7455 20.547 8.92429 2.87501 3.6122 25.6422 15.3604 19.0747 16.2696 7.23074 10.4663 22.4144 22.7289 17.2654 24.8643 25.1366 27.4984 13.0783 11.8385 8.49996 2.69089 20.8686 5.32008 3.13043 25.516 12.2938 7.43059 16.7369 20.1125 8.72515 25.3151 28.2235 15.8342 9.97336 2.94031 18.3762 12.7027 5.2746 6.32334 18.6836 25.9059 20.3975 22.619 17.8626 14.7496 13.0322 9.79442 16.0376 8.78402 9.49199 12.2582 6.70077 16.5308 23.8969 6.29467 22.9352 20.0597 22.8048 11.7285 14.6677 12.6688 18.7423 21.9958 7.3662 4.42164 24.1619 14.03 9.99205 10.4108 9.52557 26.722 20.4664 9.06875 28.125 15.8373 23.8783 13.4492 25.4676 23.1079 22.221 11.6011 28.3402 25.0348 8.45548 23.0183 17.4878 13.5409 18.9371 8.78855 21.8703 9.57702 24.3977 4.05665 18.2579 9.02742 11.1821 9.60429 5.88195 7.87582 8.44281 16.7782 24.7836 27.494 18.716 9.95202 18.9837 7.49711 10.9335 4.97449 14.7144 20.0774 16.985 21.8941 11.8735 24.412 22.1905 14.9347 6.15898 30.0274 26.3272 10.979 14.7518 15.9094 13.3646 18.4829 26.2582 16.847 4.68679 9.63295 28.8022 23.1346 18.3609 15.5995 19.1175 11.183 4.90502 9.25192 4.07623 26.2864 17.2881 9.9269 2.68652 15.4082 19.7515 21.274 21.1095 4.39547 26.6642 17.1416 18.1351 14.5051 8.7033 18.4904 26.6156 15.947 9.88353 14.8534 8.05825 25.2475 18.4198 26.971 19.508 21.3156 20.0776 14.7922 19.0589 4.47627 20.8258 4.2389 13.1871 26.2506 15.3965 22.2106 24.6917 15.7514 26.1501 23.7664 
7.52939 3.88476 9.91262 0 13.5631 13.6286 9.62294 14.4038 16.002 3.72032 14.5062 15.1026 9.03203 10.3985 11.1326 15.8826 16.0427 15.9355 17.3851 11.7161 10.9675 7.64937 19.2769 22.0721 20.2036 13.076 8.60314 11.2109 10.266 24.7356 19.9024 15.5259 23.1556 17.1428 17.8554 22.3418 24.1021 24.2842 19.6571 25.9301 33.1784 21.8919 3.176 18.4115 12.3786 27.3219 5.42169 9.43084 28.4343 12.8568 14.5645 14.0645 11.8386 17.5573 28.6788 24.7436 21.4886 16.8351 7.60978 14.7947 3.38277 15.0476 16.1251 17.255 26.5526 23.4058 26.4336 14.4023 20.8126 20.4588 6.51568 6.26144 9.41587 10.2315 6.17669 16.6132 8.91616 24.5383 16.0776 21.6957 13.8433 26.5873 17.5324 22.1003 18.7386 23.1785 19.9654 17.2706 13.5601 29.3661 8.44037 16.9088 19.3616 1.89272 31.8966 23.9375 17.6021 23.3644 14.5218 23.135 19.7958 20.5442 26.4277 27.7058 1.71783 24.2864 30.0535 9.8968 29.1163 7.86512 11.8528 20.2182 8.11726 21.0116 1.32542 20.9445 6.64122 12.819 18.3198 16.2284 19.1509 4.07434 16.1314 7.41744 6.88419 29.7202 23.0933 10.4756 8.20718 14.7483 4.39272 20.5092 14.7446 9.77727 23.4421 21.8545 23.6459 5.59117 29.8864 24.0327 6.58405 4.41021 27.4301 21.8638 9.71677 14.5799 9.24464 9.85526 8.62655 31.8433 13.5319 14.4512 3.4486 26.4357 19.179 12.0906 8.58672 13.3531 7.84803 10.4929 8.5339 7.7073 24.9048 24.7346 7.41475 7.24859 5.61805 11.2298 27.4906 25.8824 13.883 32.0546 7.32598 8.9897 6.67193 7.28535 20.8568 32.3609 22.1815 12.1037 20.5375 17.064 23.5935 8.90877 23.8257 22.7652 21.4102 21.6551 18.403 15.889 11.2095 13.3086 12.7112 16.3603 30.9739 10.4931 28.1296 25.2573 6.77324 22.6592 20.5246 
9.94581 10.3559 10.9525 13.5631 0 1.24834 13.0724 7.45189 12.1183 12.1653 6.63472 16.2016 13.6787 4.46996 7.07502 2.31963 7.85584 2.80396 17.2057 6.30126 4.29703 17.4217 15.1371 10.5211 16.0658 15.9009 5.02334 8.54357 7.35571 14.8468 6.43224 10.5119 10.8623 14.1323 7.58861 11.5174 11.8491 11.9835 16.7693 14.2015 19.7098 12.7124 12.689 15.0177 12.7091 14.3311 13.2693 13.8146 15.2711 2.61605 6.16082 8.05454 16.7432 9.99498 15.3417 18.4483 8.40859 6.32047 9.25225 10.0283 16.8735 14.0488 14.6169 8.55833 14.9637 10.1077 12.9424 9.55243 8.10831 9.32018 7.56554 18.9144 4.15289 3.40059 10.0397 13.7696 13.4174 12.947 12.068 12.3394 13.9767 13.1046 5.34896 10.5943 6.46016 9.62136 11.839 14.4763 14.6249 15.8427 9.882 6.43151 11.2783 11.801 18.3527 10.4923 9.40646 19.2821 6.25156 13.0873 7.54049 17.0342 13.072 14.2657 14.895 18.9394 16.5034 3.69689 15.8641 17.4792 5.43621 7.99633 5.50582 11.1891 12.315 14.9073 9.06083 11.8487 11.5171 3.75325 17.9311 12.008 8.27726 6.1715 18.9141 16.1651 18.4173 15.6883 5.86176 11.0914 9.22827 13.8358 11.4022 9.3926 10.0181 8.39787 11.0875 10.217 16.4088 11.4154 13.5368 9.92464 19.691 17.4078 4.89125 4.58723 11.9007 7.40578 19.2051 18.3673 8.74072 11.2637 10.4578 18.4087 14.1745 12.8637 12.1643 12.7913 7.16678 6.05213 5.18695 7.9237 15.6079 12.8349 6.70115 11.1517 16.5205 16.8746 14.354 12.3339 10.2109 18.5385 19.7117 16.8262 12.6598 6.35132 7.81255 18.9182 9.43409 1.46732 7.58221 10.143 14.7035 17.8659 17.0714 9.36069 10.4127 9.19601 4.8412 10.1656 6.69214 16.1718 14.934 2.80527 17.411 9.64065 14.8292 13.7415 14.9319 16.528 14.1931 
9.33163 10.6646 11.8901 13.6286 1.24834 0 13.949 8.68782 13.3387 11.9024 7.87871 17.2999 12.9413 5.33263 6.10014 2.6181 9.10215 3.66361 16.0619 7.40885 3.52993 16.9435 16.3803 9.63042 14.8222 14.943 5.02924 9.60259 8.3344 13.7873 6.79122 9.29037 11.6558 15.3505 8.7555 10.5243 11.1347 12.755 15.5429 13.3936 19.9307 13.8686 12.4679 16.25 13.7672 14.8611 13.8177 14.6587 14.9005 1.52401 7.40776 6.84922 15.9 11.2381 15.0724 17.2193 8.99633 7.50128 9.98526 8.82433 16.8705 15.2009 15.7962 7.33075 14.1365 9.79998 12.8105 8.35643 8.85196 10.3546 7.36248 18.7105 4.29194 3.42059 9.58476 14.9801 12.6832 12.0988 13.291 11.2039 12.9113 12.962 6.34199 11.5475 7.38091 9.75056 10.6266 15.6921 15.6947 16.0127 9.16785 7.61207 12.5004 11.8071 18.4739 10.3093 10.6418 18.0342 5.00799 12.0234 8.42725 15.7954 12.8125 14.543 14.8603 17.6959 16.6156 4.03714 16.2595 16.985 4.40042 7.21187 5.51342 10.0764 12.3434 13.6626 9.67005 10.7885 12.7629 4.77425 19.1331 12.4374 9.52468 6.22134 18.6266 16.2628 17.169 14.9028 5.60477 9.9093 9.39866 15.0749 12.5965 8.54296 9.81356 8.72736 10.4528 9.82712 16.6352 10.8032 13.0027 10.2717 18.5182 16.1599 4.38428 3.34141 11.1118 6.58647 18.7537 18.5861 7.57454 12.4498 10.3833 17.243 12.928 11.8765 11.4356 11.7218 6.70792 7.03064 5.10261 8.61135 14.5035 13.6791 6.45701 11.8718 16.1787 16.0804 14.8212 12.4717 11.3933 18.7082 19.4558 16.2029 12.1071 6.34346 7.33766 19.1665 10.1293 2.02394 8.24864 11.3911 13.5607 17.3023 15.8483 9.13717 9.42597 8.50491 4.95927 8.92982 7.75616 15.2089 15.9498 2.96648 17.4384 8.72145 15.2051 12.8884 14.4166 15.2893 12.9499 
14.2828 6.91085 2.27004 9.62294 13.0724 13.949 0 8.60883 7.53574 12.2099 9.28428 5.50421 17.385 8.62348 15.6357 14.881 10.1439 13.9484 24.9038 7.30265 13.5819 17.2426 10.2674 23.5689 26.2055 21.3222 10.5317 5.13869 5.80865 27.625 17.629 20.6166 18.4355 8.05073 12.6402 24.457 24.8953 19.4081 26.2032 27.2738 29.7149 14.8852 12.0342 9.26638 3.11798 23.0486 4.35796 0.880691 27.7697 14.2308 9.67645 18.3637 20.6538 10.6301 27.5791 29.8919 18.0887 12.2044 4.25712 19.8982 11.9729 5.65297 6.72453 20.5262 28.0357 22.6416 24.8871 19.3928 16.9912 15.1645 10.9394 15.4168 10.5406 11.3189 13.0724 7.55239 17.1877 26.0148 7.65088 24.8569 21.1233 25.0728 13.9939 16.7794 14.9216 21.0124 23.8079 8.08755 3.94093 26.4107 15.0458 12.2188 12.2219 9.67761 28.967 22.7253 11.0578 29.5793 17.6364 25.8647 15.6828 26.8666 25.368 24.4623 11.2064 29.9184 27.2887 10.3136 25.219 17.4497 15.2154 21.0687 10.3184 23.8248 9.59475 26.034 5.12668 19.4437 10.7134 13.4487 9.54352 5.59786 9.96739 9.86251 16.2935 27.0405 29.0063 19.2465 11.404 20.4084 8.22575 12.3633 6.43729 15.8871 22.3325 19.2541 24.0809 12.6174 26.648 24.3845 15.3487 6.67961 31.8361 27.8177 12.5918 16.6706 16.7733 14.736 18.2368 28.4836 18.3756 6.18132 10.1385 30.6333 24.6752 19.3779 16.3743 20.2573 12.4509 7.07005 10.8212 5.63739 28.2209 19.371 11.235 2.85499 15.2393 20.2085 23.4725 23.3754 6.19774 28.8993 16.5375 18.3424 15.0429 10.08 20.6941 28.8302 18.1716 11.9275 17.1106 9.91893 27.1412 18.4539 28.6793 21.758 23.3645 22.2411 17.0342 20.6607 6.72713 21.5931 3.14455 15.392 28.5114 16.6017 24.4272 26.8083 15.9881 27.7986 25.428 
14.6475 10.5205 6.42436 14.4038 7.45189 8.68782 8.60883 0 4.71403 14.9485 0.924234 9.59761 18.5301 5.18247 13.4645 8.16455 1.68325 6.70753 23.8791 2.7763 10.5696 20.7196 7.70975 17.2415 23.3751 21.6683 8.84992 3.67245 4.15235 21.9379 9.61039 17.7013 9.84537 6.72748 4.04197 18.4827 17.9804 10.8484 23.9359 20.5361 21.1108 7.50534 15.1843 7.56747 6.71409 14.4466 11.2095 9.48942 19.9116 9.80203 1.4594 15.2058 21.9145 3.32686 19.5448 25.8994 9.6128 3.66504 7.03875 17.1347 17.6599 7.10843 7.44848 16.0097 21.3377 14.9942 16.7697 16.63 8.45155 6.62989 11.1012 20.6339 8.10248 8.23991 14.0557 6.40686 18.2745 19.4543 4.65095 19.6412 20.3288 16.9609 5.72804 8.28284 6.46531 12.8175 19.278 7.08087 8.34081 17.8733 15.0001 3.66252 5.09378 13.2838 20.4124 14.8498 3.21543 26.649 13.613 20.2107 7.12181 24.2948 17.4315 15.9014 16.0951 26.3793 18.7741 7.38614 16.6102 20.8556 12.175 14.5739 9.06397 18.4505 13.5792 22.3438 7.81245 18.2541 4.54547 5.73887 10.5865 11.0017 1.72797 9.23181 21.091 18.5445 25.8181 20.6339 10.1906 18.0721 10.5036 6.98422 4.21112 15.1004 14.53 10.9818 17.0083 13.918 18.0714 17.2384 17.4495 9.99746 27.0494 24.777 10.3388 12.0254 17.1264 13.2405 22.2407 19.888 15.7104 4.15694 12.6393 25.7534 21.5255 18.8994 17.1024 19.2024 11.7944 4.08287 9.23135 6.69705 22.8127 10.9301 10.6793 8.36739 19.184 21.798 14.8638 14.9847 3.23015 20.319 21.6579 20.9034 16.753 9.55807 13.5651 20.2249 9.58261 7.2187 8.66427 3.0898 22.0082 21.5729 24.5189 14.046 17.3888 15.4308 9.60656 17.4423 3.20707 21.9535 9.07469 8.56905 20.0409 15.5957 15.8243 20.2376 18.6192 23.9771 21.6344 
18.1047 12.3688 6.20257 16.002 12.1183 13.3387 7.53574 4.71403 0 17.5097 5.60922 5.75633 21.8427 9.09446 17.6446 12.8629 5.08055 11.3645 27.9689 6.37828 14.8524 23.1467 3.48171 21.9082 27.8588 25.3228 12.6322 5.19591 6.65848 26.6415 13.8491 22.1408 12.526 2.01615 7.35751 23.1773 22.5354 13.2853 28.3173 25.1124 23.9079 7.68451 17.5801 2.99429 4.50888 17.065 11.4879 8.2944 24.0362 14.3574 6.13713 19.6522 25.2614 4.09495 23.5366 30.5565 13.2842 7.68087 8.49121 21.5355 18.8942 3.13076 3.00114 20.6694 25.9173 19.3217 20.7307 21.0223 12.0132 9.23194 14.4307 22.196 12.0629 12.4067 17.2657 1.7116 21.6011 24.0731 0.135883 24.3542 24.3044 20.9238 9.9582 10.5958 10.3734 16.7918 23.9573 2.36704 5.15811 21.1132 18.6096 7.62753 5.16203 15.3748 23.5425 19.0454 4.82914 31.1715 18.1834 24.9186 10.6962 28.7388 21.536 19.0949 17.711 30.988 22.0691 11.4323 19.3527 23.3177 16.524 19.2371 12.7207 23.1645 15.5152 26.9515 9.59122 22.2994 3.46986 10.3082 5.87926 12.043 4.65838 12.6831 22.8862 21.8955 30.376 23.9092 13.9284 22.3972 12.9393 4.82759 1.25903 18.9474 18.7792 14.9271 21.5304 17.0028 21.1415 21.7359 20.369 11.9118 31.7591 29.306 14.4071 16.6584 20.6744 17.2289 24.4539 22.7988 20.065 1.55202 15.1681 30.4645 26.0485 22.7557 20.5216 23.2297 15.4543 7.44196 13.0171 8.9386 27.5249 12.9094 14.2313 8.87249 21.3588 25.0226 17.6344 18.6357 2.34403 23.3284 23.2912 23.7291 19.8014 13.0026 18.1148 23.0187 12.8551 11.7281 12.4476 3.35455 26.7215 24.1768 29.1868 18.3573 22.0869 20.034 14.1421 21.9344 6.3787 25.6084 6.29189 13.2525 23.4294 19.5233 18.7418 24.8496 21.3592 28.6089 26.2509 
4.03263 5.37108 11.8865 3.72032 12.1653 11.9024 12.2099 14.9485 17.5097 0 14.8181 17.6827 5.42466 10.1423 8.08508 14.4104 16.4495 14.8338 13.6889 12.1732 8.70126 5.77105 20.9454 19.3621 16.5275 9.48488 7.22856 12.3716 11.088 21.5744 18.5893 12.0622 22.6088 18.9469 17.8301 19.4422 21.5413 23.7513 15.9442 23.1564 31.8247 22.3837 0.688214 20.2061 14.5452 26.4349 8.49295 12.2262 26.214 10.8162 14.7408 10.8661 8.49526 18.2596 26.5952 21.1388 20.5078 16.6662 9.09815 11.3502 5.68797 17.1611 18.2044 14.2039 23.7253 21.3761 24.5655 10.9988 20.0328 20.2866 4.60273 6.82263 8.1706 8.7857 2.82835 18.419 5.28074 21.7609 17.561 18.5313 10.1236 24.7034 16.8757 21.8496 18.0938 21.6529 16.6747 19.1335 16.0181 27.9144 4.91124 16.7564 20.0417 2.59209 30.3731 22.0412 18.1391 19.6598 11.6711 20.0474 19.1929 16.8408 24.3934 26.4094 3.76452 20.626 28.5141 8.83757 28.0276 5.90911 9.15681 17.7856 6.77922 17.9569 2.86993 17.3825 7.96106 9.13934 19.2736 15.4009 21.4661 6.74475 16.6357 6.24217 6.74884 28.1585 19.4114 7.09251 6.31785 11.1861 4.5766 21.6201 16.267 6.30228 21.5298 20.5522 21.2118 2.32363 28.5259 21.6122 3.1519 5.72778 23.918 18.1836 7.57667 12.0812 5.5254 6.80913 7.34819 30.4801 10.2043 15.981 2.34933 22.969 15.5737 8.37054 4.86856 9.64349 5.3227 10.8657 7.00318 8.59874 21.6395 24.3848 5.46943 9.47292 4.41534 8.0063 26.4977 24.3741 15.2227 30.6104 7.55635 6.25519 3.02146 5.97696 18.7332 31.0504 21.4002 10.8091 19.6216 17.8959 20.2974 6.68419 20.2719 20.8454 18.5862 19.2462 16.8554 12.4882 11.8022 9.73125 15.3534 14.8299 29.3031 6.97637 26.9945 22.4405 3.87103 19.072 16.9998 
14.2741 10.6259 7.05562 14.5062 6.63472 7.87871 9.28428 0.924234 5.60922 14.8181 0 10.5079 18.1748 4.82191 12.8594 7.25574 1.64373 5.78604 23.274 2.79319 9.9415 20.5822 8.50249 16.3237 22.6283 21.2028 8.4363 4.21508 4.38662 21.0331 8.72476 16.9806 9.28186 7.61697 3.52185 17.573 17.0563 10.3227 23.229 19.6119 20.443 7.5662 15.093 8.41751 7.55338 13.8452 11.6217 10.1619 19.0266 9.04914 0.535622 14.4876 21.5356 3.69084 18.6785 25.0678 8.83555 2.92012 7.33919 16.4311 17.8095 8.03033 8.37095 15.1817 20.4135 14.088 15.9117 15.931 7.71047 6.16837 10.8026 20.6942 7.63496 7.68538 13.7594 7.31004 17.9166 18.5313 5.54056 18.7595 19.7687 16.1023 4.86634 7.83711 5.67128 11.9662 18.4342 7.97322 9.22298 17.1354 14.5782 2.93654 5.34598 13.2871 19.6865 13.9603 3.37664 25.8834 12.8401 19.3094 6.39851 23.5632 16.5516 15.1796 16.1763 25.5741 18.0235 6.8976 15.9708 20.7091 11.5092 13.6552 8.69109 17.5644 13.6152 21.5413 8.00806 17.6773 5.07484 4.81662 11.4874 11.2726 1.91208 8.92497 21.0977 17.7846 25.0374 20.2795 9.77225 17.3961 10.4654 7.49802 5.13527 14.6027 13.6338 10.1422 16.0852 13.6584 17.3637 16.3164 17.2071 10.0987 26.1741 24.0098 9.79873 11.2201 16.7105 12.7062 22.1467 19.2034 15.029 5.08007 12.543 24.8757 20.7638 18.3818 16.7244 18.6286 11.3831 4.03256 8.81016 6.82435 21.9169 10.5021 10.3163 8.80628 19.1152 21.4529 14.2291 14.1826 4.14079 19.6151 21.6972 20.6665 16.4807 9.24744 12.6414 19.5606 8.89157 6.50959 7.87191 3.62946 21.1254 21.3885 23.6809 13.1425 16.4806 14.5069 8.68428 16.6994 3.3382 21.487 9.92102 7.65394 19.2706 15.0688 15.1554 19.3143 18.416 23.1608 20.8277 
19.484 12.3381 6.17373 15.1026 16.2016 17.2999 5.50421 9.59761 5.75633 17.6827 10.5079 0 22.7686 12.1889 20.2532 17.4854 10.5153 16.1781 30.0067 9.90088 17.8312 22.7377 6.59637 26.5679 30.8368 26.6404 15.0102 7.71878 9.1301 31.0467 19.187 25.133 18.281 4.75013 12.9673 27.6825 27.4933 19.0383 31.0063 30.0176 29.6626 13.1881 17.5281 5.49948 3.64037 22.8187 9.73898 5.69962 29.4748 17.968 11.0314 22.7447 26.0816 9.84631 29.0548 34.1429 18.8952 13.0798 9.09128 24.4494 17.2527 2.64066 2.99829 24.4287 30.8125 24.5916 26.2592 23.9328 17.6455 14.9787 15.9634 20.7221 14.7662 15.3877 18.3503 4.51913 22.5614 28.8782 5.88813 28.5013 26.2291 26.4518 15.2813 16.351 15.8691 22.302 27.7617 4.53861 1.75243 26.8477 20.187 13.0466 10.8309 15.1712 29.2906 24.4267 10.5598 34.2136 21.6727 29.2884 16.3108 31.5867 26.9844 24.8312 16.6491 34.3443 27.7981 14.3386 25.1081 22.9468 19.5325 23.932 14.912 27.3751 15.0983 30.362 10.1687 24.431 9.11883 15.3097 4.28848 11.1006 10.1481 14.601 21.6648 27.6159 33.5486 24.6762 16.0945 25.1039 13.5239 9.72304 5.53002 20.8881 24.1184 20.4432 26.5509 17.934 26.8914 26.7958 20.8075 12.0535 35.7569 32.398 17.0402 20.4154 22.0291 19.5166 23.691 28.555 22.9223 5.50061 15.5497 34.5004 29.1805 24.5229 21.6845 25.2911 17.355 10.3762 15.354 10.2399 31.8006 18.6283 16.0972 8.22262 20.7203 25.6633 23.3907 24.2796 6.36783 29.0828 21.8432 23.842 20.4614 14.8681 23.0996 28.7737 18.557 15.3972 18.0141 9.09711 30.8526 23.9562 32.8501 23.6422 26.5771 24.8993 19.1693 25.0745 9.54957 26.9162 2.39574 17.9422 29.1462 21.5695 24.4966 29.6697 21.4827 32.0965 29.7086 
3.90838 10.4757 16.7488 9.03203 13.6787 12.9413 17.385 18.5301 21.8427 5.42466 18.1748 22.7686 0 13.3636 7.16711 15.546 19.8056 16.4783 8.42746 15.8708 9.42156 5.29047 25.3242 17.7868 12.0187 4.06072 9.75403 16.6527 15.1936 18.7884 19.6321 8.88108 24.5392 23.4797 20.6365 17.4195 20.1796 25.6562 11.1217 21.2624 32.2934 25.5821 5.86723 24.7041 19.4397 27.7553 13.8845 17.4898 25.3486 11.4937 17.9615 8.82076 3.41895 21.8303 25.9719 16.907 21.9332 19.3733 13.8301 8.33524 9.93893 21.9606 22.9587 12.1668 21.6889 21.062 24.3995 8.19999 21.7656 22.7959 7.46197 9.17122 10.6159 10.8199 4.57796 22.9654 0.263151 19.9149 21.8722 15.8684 5.19226 24.5042 18.9635 24.1945 20.1182 22.1895 13.7407 23.708 21.057 28.3305 3.79767 19.4771 23.5206 7.9902 30.605 21.9335 21.5465 14.8735 10.484 17.5202 21.2092 12.1099 23.938 27.118 8.51696 16.1298 28.7706 11.3704 29.0029 5.19067 8.85314 16.9069 9.48387 15.6238 8.29454 13.4389 12.6958 5.07283 23.0531 17.374 26.3362 12.0888 20.0821 9.30746 8.31791 28.3889 14.8043 2.10485 8.43667 7.64885 9.2592 25.4792 20.6523 4.52912 21.4187 21.4972 20.1286 4.88821 29.0688 20.5372 2.51813 10.721 19.9982 13.6099 8.85237 11.6512 1.91703 6.37363 7.0282 30.9662 7.82973 20.3822 7.24825 19.2265 11.5012 3.70336 1.51517 5.14288 6.83588 14.6086 9.39129 12.9986 18.5603 26.5087 7.85934 14.5641 6.02621 3.28222 27.6621 24.82 19.5006 30.9645 9.26604 3.59083 2.4064 8.9803 18.3968 31.6052 23.0638 12.6715 21.1869 21.6094 17.1753 4.95206 16.2742 20.7563 16.7926 18.3212 17.6531 9.51115 15.6539 4.30683 20.5032 15.8321 29.3205 4.66244 27.9312 20.4761 3.18687 14.9657 13.226 
9.47127 6.69868 6.56294 10.3985 4.46996 5.33263 8.62348 5.18247 9.09446 10.1423 4.82191 12.1889 13.3636 0 8.55142 6.46901 6.4623 5.92919 18.8918 2.71968 5.81058 15.8697 12.4817 14.9454 18.8952 16.4989 3.67194 4.4956 3.07146 19.083 9.92977 13.1587 12.7617 11.0017 7.69096 15.855 16.3187 13.8936 19.2659 18.6627 23.0119 12.3367 10.4812 12.0875 8.58104 16.9516 9.01202 9.35085 19.5584 5.79304 4.6571 10.6996 16.7382 8.46707 19.5241 21.9712 11.1942 6.55361 4.819 12.5211 13.7797 10.3286 11.0766 12.2456 19.4198 14.381 16.9803 12.004 10.4402 10.1921 5.98344 16.3647 2.98533 3.33632 8.93885 10.5521 13.1065 17.3943 9.08606 16.4066 15.2644 17.1546 7.14827 11.7952 8.34654 13.3426 15.577 11.3044 10.5199 19.3195 9.81883 6.63895 10.1651 8.91831 21.8881 14.6327 8.19855 22.2451 9.49017 17.3188 9.39788 19.7314 17.2638 17.546 11.9648 22.2329 20.0845 2.33841 18.814 15.985 7.50973 12.4581 3.88443 15.3236 9.32892 18.2232 4.79092 13.229 9.72557 5.94151 14.5331 7.98991 6.72208 4.10609 16.6363 19.7798 21.5107 15.4684 5.01178 13.3314 6.07231 12.1628 8.09266 9.96579 14.1908 11.8047 15.5463 8.85061 19.754 15.8674 12.4037 6.19476 23.5862 20.3971 5.31497 8.25127 11.9441 8.16706 17.4904 21.6947 11.0248 7.88127 7.95373 22.3403 17.1479 13.7775 11.9254 14.1668 6.61261 1.81915 4.05564 3.56317 19.7463 14.3935 5.50515 6.71638 14.5143 16.6383 17.1545 15.9532 6.84536 21.9708 17.3071 15.8629 11.6647 4.42715 12.2251 22.1693 11.8028 3.32067 10.2206 8.27179 18.7359 16.6224 20.6666 13.5648 14.7579 13.6652 8.84923 13.0193 2.78169 16.7845 10.6768 6.99104 21.1378 10.4963 17.8578 18.1873 13.6385 19.9415 17.5554 
4.29658 9.83863 14.1458 11.1326 7.07502 6.10014 15.6357 13.4645 17.6446 8.08508 12.8594 20.2532 7.16711 8.55142 0 8.60505 14.3594 9.76 10.4166 11.2665 2.93338 11.8528 21.0079 11.3282 10.6005 8.84382 5.24453 12.8604 11.3204 13.6035 12.5622 4.98885 17.7344 19.549 14.5702 11.3572 13.5823 18.8208 10.7824 15.0862 25.1302 19.6847 8.7677 20.6383 16.6235 20.6856 13.7112 16.0907 18.5017 4.57953 12.5049 2.98093 9.87257 16.5118 19.0242 14.3597 14.9521 13.286 11.4005 4.26367 13.7469 18.7046 19.5306 6.14417 15.6439 13.9852 17.3042 3.76256 14.9175 16.3948 5.09536 14.6011 5.61508 5.25205 5.26186 19.0927 6.92543 13.6923 17.6341 10.563 6.9634 17.417 12.4084 17.6379 13.4762 15.025 8.8895 19.8471 18.5115 21.1669 3.71191 13.3961 18.005 9.28536 23.4596 14.8151 16.0493 13.9801 3.6366 12.018 14.5272 11.3338 16.9197 19.9557 11.7565 14.2922 21.6194 6.21301 21.8618 11.837 1.73688 9.99806 5.35822 9.90597 9.84374 10.4771 10.5294 4.84379 17.9342 10.8193 23.0062 11.902 14.7233 5.77336 14.1833 21.2399 13.3736 8.97912 4.23182 4.854 8.20166 20.3526 16.6353 2.63858 14.2985 14.3852 13.3589 5.76929 21.9018 13.7662 7.90243 9.71775 16.6457 12.1928 3.26266 4.50462 5.25757 1.28613 13.6973 23.8014 2.74908 16.4159 7.74481 15.5535 9.04087 5.78959 5.74276 5.79674 3.48678 10.2721 4.89982 10.0904 13.7921 19.7722 4.50522 12.9193 11.6364 10.1286 20.5572 17.6532 15.39 23.8075 15.1041 10.6632 7.00148 5.56652 11.3067 24.4387 16.1595 6.48334 14.2744 16.4861 12.5025 11.9159 13.2359 13.6289 10.5121 11.4508 10.5488 5.10743 11.3069 9.11095 18.368 8.82683 22.2044 2.65092 20.788 14.3618 9.30273 12.2481 9.92112 
11.9491 12.6458 12.6807 15.8826 2.31963 2.6181 14.881 8.16455 12.8629 14.4104 7.25574 17.4854 15.546 6.46901 8.60505 0 8.08613 1.63669 18.1996 7.75007 6.14642 19.5444 15.5618 9.10279 16.3917 17.413 7.32864 10.054 9.07637 13.7788 4.19492 11.1638 9.14087 14.8651 7.07202 10.3181 10.0817 10.2182 17.3045 12.5568 17.4243 12.0231 14.9517 15.6051 14.1482 12.243 15.4336 15.6666 13.0948 4.06144 6.72594 8.87082 18.4584 10.0736 13.102 18.1661 6.3873 5.9473 11.2857 10.808 19.1902 15.1563 15.5908 8.44872 13.3451 7.91689 10.6501 10.3865 6.31786 8.20126 9.8253 21.188 6.47053 5.69718 12.1734 14.5657 15.2889 11.3939 12.7912 11.5855 15.2438 10.8155 4.23403 9.22165 5.08217 7.30618 11.5054 15.2235 16.0099 13.5402 11.7807 6.05039 11.0496 14.1168 16.0412 8.22698 9.37081 19.4461 6.80513 12.0606 6.0493 17.4304 10.8341 11.9991 17.2075 18.8498 14.1898 6.00911 13.6651 19.5896 6.87355 6.45054 7.81329 10.3716 14.6329 14.8829 11.2063 13.1437 11.6275 2.89894 18.7421 14.2472 8.53666 8.4863 21.1535 13.8495 18.4975 17.4902 8.09256 11.9711 11.545 13.769 12.3413 11.1153 7.76568 6.14868 9.21698 12.3932 14.1235 9.50991 15.6132 12.204 19.0138 17.5869 6.9725 4.99583 13.7032 9.17937 21.3482 16.0804 9.73059 12.251 12.7604 17.7065 14.446 14.3257 14.0437 14.0545 9.29166 7.81473 7.47357 10.0174 14.6805 11.1995 8.94154 13.1797 18.7311 18.663 12.2087 10.0223 11.2395 16.2372 21.9656 18.8209 14.72 8.65885 5.81311 16.6424 7.55645 3.78325 5.67129 10.3873 13.9394 19.918 16.7455 7.12283 9.22493 7.44772 2.52234 10.6912 8.24622 17.6729 16.4565 0.522105 15.0914 11.2504 12.6166 12.1863 17.0245 16.3804 14.148 
15.9021 12.1579 8.01281 16.0427 7.85584 9.10215 10.1439 1.68325 5.08055 16.4495 1.64373 10.5153 19.8056 6.4623 14.3594 8.08613 0 6.49771 24.7585 4.34394 11.429 22.2162 7.47733 16.9744 23.9202 22.7916 10.0589 5.33108 5.81781 21.7986 8.77326 18.3277 8.29918 6.98237 2.54965 18.3082 17.4911 9.26455 24.5872 20.0765 19.6505 5.93589 16.7149 7.57926 7.99043 12.921 12.885 11.0232 19.0007 10.3763 1.86978 15.8454 23.1591 2.16176 18.5468 26.1567 8.3998 2.60403 8.72011 17.8057 19.3168 7.91431 8.0425 16.3056 20.8826 14.2424 15.7477 17.3135 7.17392 5.02305 12.4446 22.2567 9.24024 9.24381 15.4009 6.77489 19.5468 19.0711 4.98086 19.6715 21.2967 15.9405 4.87765 6.65521 5.35658 11.7926 19.498 7.34734 9.44461 16.5304 16.1907 2.55627 3.71941 14.8744 19.0419 13.9849 1.74119 27.1343 14.1069 20.1057 5.83198 24.881 16.5034 14.5354 17.7259 26.7354 17.453 8.49632 15.122 22.3448 12.9492 14.3068 10.3237 18.4573 15.1874 22.716 9.47651 19.1938 3.66169 5.34398 10.8641 12.6819 0.452316 10.567 22.6864 17.2426 26.2575 21.9099 11.3912 18.8072 12.0674 6.01935 4.98574 16.1793 13.7083 9.93116 16.4732 15.302 16.6754 16.6704 18.8508 11.6327 27.0998 25.2601 11.3587 12.4237 18.3238 14.263 23.7711 18.4532 16.4382 5.02569 14.1651 25.7926 22.0301 19.9421 18.3499 20.1465 13.0023 5.62388 10.4297 8.33762 22.7425 9.28522 11.9494 10.0398 20.7318 23.0851 13.3743 13.7934 4.31765 18.9125 23.2708 22.3102 18.1237 10.889 13.0761 18.7614 8.19999 7.92836 7.50205 2.31371 22.025 23.0294 24.752 13.2787 17.2342 15.0268 9.11027 18.01 4.83337 23.0752 10.3024 8.41597 18.7571 16.6267 14.3764 19.8402 20.0583 24.2969 21.9934 
12.7481 12.4722 11.7033 15.9355 2.80396 3.66361 13.9484 6.70753 11.3645 14.8338 5.78604 16.1781 16.4783 5.92919 9.76 1.63669 6.49771 0 19.6314 6.67555 7.07536 20.1857 13.974 10.5441 17.9866 18.6038 7.6138 8.95746 8.16043 15.3112 4.01663 12.6804 8.06088 13.3526 5.4445 11.8292 11.3154 9.18006 18.863 13.8498 17.2446 10.4391 15.3267 14.0513 12.9503 11.6028 14.9263 14.7672 13.8272 5.18762 5.2507 10.3293 19.516 8.45173 13.6922 19.8019 5.67418 4.31063 10.6355 12.2884 19.2948 13.7786 14.1559 10.0762 14.6484 8.69433 11.0851 11.8486 5.30639 6.73123 10.2353 21.5133 6.68568 6.05629 12.8095 13.074 16.2174 12.7491 11.2867 13.1901 16.5588 11.2631 2.71343 7.88429 3.71734 7.41495 13.1418 13.7137 14.7658 13.4666 12.6828 4.41372 9.41329 14.2541 16.021 8.80797 7.74088 21.0644 8.31702 13.6106 4.77116 19.0153 11.4534 11.7707 17.3616 20.4847 14.1992 6.08665 13.2353 20.249 8.06389 7.87362 8.07827 11.9706 14.7401 16.5131 10.7164 14.4403 10.0049 1.26666 17.2394 13.9039 6.94974 8.68923 21.5747 13.8845 20.1228 18.4795 8.5831 13.4259 11.5459 12.1331 10.9145 12.1576 8.39718 5.93633 10.3801 12.9618 13.9568 10.6374 16.3228 11.9963 20.6166 19.2021 7.69083 6.51473 14.6891 10.1793 21.9563 15.9118 11.1375 10.8442 13 19.3072 16.0461 15.5399 14.9645 15.3684 9.94819 6.97575 7.83114 9.47156 16.2451 10.0485 9.40467 12.4958 19.2209 19.664 11.6709 10.0472 9.86059 16.1424 22.3482 19.6267 15.4511 8.91043 6.92884 16.4254 6.64039 4.02933 4.80679 8.78602 15.5368 20.6556 18.3806 7.81139 10.7477 8.73524 3.09027 12.2357 7.22703 18.8705 15.2931 1.91867 15.2207 12.3691 12.2245 13.5341 17.7112 18.0163 15.779 
10.6384 18.1816 23.8356 17.3851 17.2057 16.0619 24.9038 23.8791 27.9689 13.6889 23.274 30.0067 8.42746 18.8918 10.4166 18.1996 24.7585 19.6314 0 21.6102 13.3344 12.6368 31.3734 15.8943 5.30501 4.69108 15.3561 23.014 21.4676 14.5536 21.4914 7.22393 27.1453 29.8249 24.7942 14.8152 18.2558 28.1378 3.69926 18.2889 32.1811 29.9179 14.21 30.9537 26.464 29.2241 21.8916 25.1592 23.6433 14.5905 22.9119 9.33101 6.82658 26.9157 24.598 10.0506 24.0606 23.5232 20.9188 7.43216 18.3074 28.7573 29.6546 10.9881 18.4176 20.706 23.8926 7.82184 24.3458 26.3615 14.0437 17.0143 15.9104 15.6489 11.9219 29.3499 8.50501 17.2056 27.9667 12.3992 3.78237 23.9355 22.3447 27.4177 23.2788 22.9918 10.2846 30.1071 28.256 28.3899 9.85815 23.6342 28.3726 16.136 30.2269 21.7874 26.432 7.04707 11.4388 13.9768 24.2413 4.74401 23.0239 27.7148 16.9444 8.80097 28.5528 16.5666 29.8672 12.4381 11.8337 16.3416 15.3206 12.8365 16.5188 7.82132 19.8684 5.67104 28.3485 20.8155 33.1266 20.0305 25.1298 15.4966 15.9286 28.1583 7.36578 7.66692 14.1024 6.23603 16.7079 30.7627 26.9083 9.13825 21.3313 22.9815 18.6733 12.4409 29.2706 19.0369 10.9453 18.3006 13.4723 6.39965 13.5821 13.2307 8.28045 10.7412 13.8485 30.9582 8.49573 26.6733 15.0866 13.1078 6.17724 5.53319 8.84648 4.75338 12.6934 20.5358 14.9754 19.7967 13.8035 29.2462 13.9566 22.0516 14.0673 7.69356 28.9043 25.2139 25.6738 30.753 16.8012 10.3593 10.7176 15.2051 18.4064 31.6649 25.4176 16.842 23.5934 26.9018 12.5509 11.6062 9.98818 20.7893 14.7183 17.4133 19.4629 7.85422 21.5935 4.56842 27.9026 18.2518 28.6937 8.49339 28.8119 17.483 11.3668 8.64237 8.0729 
12.0194 7.83407 5.04144 11.7161 6.30126 7.40885 7.30265 2.7763 6.37828 12.1732 2.79319 9.90088 15.8708 2.71968 11.2665 7.75007 4.34394 6.67555 21.6102 0 8.48757 17.9441 9.76391 16.7352 21.5414 19.1389 6.33118 2.30407 1.70692 21.1478 10.3364 15.8098 11.8761 8.30298 6.24126 17.8006 17.8317 12.9548 21.9549 20.2941 22.7927 10.2606 12.4086 9.37233 6.43156 16.3527 9.00596 8.14173 20.4757 8.19191 2.9128 13.3329 19.2732 6.0901 20.2766 24.4579 10.9876 5.40134 4.64089 15.1884 15.0163 7.81792 8.48411 14.6323 21.077 15.3657 17.5904 14.673 9.99502 8.88936 8.41371 17.9162 5.70043 6.03096 11.3544 7.86527 15.6184 19.1004 6.36785 18.6124 17.9735 17.7753 6.82301 10.5568 7.86414 13.7366 17.9608 8.61312 8.33239 19.3168 12.4321 5.45096 7.86855 10.5317 21.8901 15.4249 5.98212 24.8763 11.9891 19.3886 8.76085 22.3986 18.0667 17.4203 13.3909 24.7904 20.1601 5.05527 18.399 18.081 10.172 14.1333 6.48012 17.4779 10.8439 20.764 5.23045 15.9456 7.19773 6.15008 11.9066 8.52221 4.48163 6.5659 18.3434 19.8922 24.1146 17.9697 7.65761 16.0272 7.73483 9.61267 5.40817 12.6526 15.0367 12.0104 16.957 11.1905 19.6293 17.2388 14.7066 7.30714 25.9109 23.0194 8.03462 10.598 14.541 10.8801 19.4655 21.5181 13.7051 5.21233 9.86307 24.6424 19.7638 16.4668 14.471 16.8818 9.23307 1.3082 6.71783 4.03219 21.9018 13.2219 8.06338 6.26555 16.4118 19.1233 16.6757 16.1626 4.16141 21.8794 18.9274 18.1549 14.0286 6.89302 13.5271 21.9213 11.2745 5.56649 9.9952 5.77261 20.9694 18.8052 23.1241 14.4705 16.6949 15.1946 9.76574 15.6372 0.619525 19.4248 8.71192 8.24117 21.3338 13.1994 17.5265 19.8953 15.8583 22.4591 20.0808 
5.81627 8.70061 11.8622 10.9675 4.29703 3.52993 13.5819 10.5696 14.8524 8.70126 9.9415 17.8312 9.42156 5.81058 2.93338 6.14642 11.429 7.07536 13.3344 8.48757 0 13.4772 18.1706 11.1704 13.0896 11.6447 3.10793 10.2513 8.74393 14.4086 10.2958 7.35354 15.1304 16.7905 11.6702 11.6134 13.1382 16.2419 13.4675 15.044 23.308 16.7741 9.31815 17.8453 14.1915 18.3872 12.3575 14.1408 17.5643 2.17435 9.57808 4.91842 12.4466 13.5836 17.9059 16.3613 12.5255 10.3849 9.33493 6.71059 14.0134 16.1098 16.8819 7.02642 15.7023 12.6757 15.8716 6.19346 12.3466 13.5806 4.45303 15.516 3.07913 2.47824 6.1829 16.3505 9.16234 13.6637 14.8345 11.4823 9.89249 16.0072 9.64019 14.8877 10.7569 13.1123 10.2485 17.0999 16.1148 19.363 5.63978 10.4944 15.0717 9.07975 21.7712 13.3469 13.1162 16.4469 4.09985 12.6939 11.8342 13.9209 15.6952 17.9752 11.9775 16.5133 19.9129 3.51462 19.7477 13.5085 1.70731 9.25276 3.4397 10.5735 9.64365 12.5432 8.64587 7.77629 15.0151 8.04297 20.3426 10.6994 11.7963 4.08889 15.3282 19.5485 15.7366 11.4059 2.81003 7.54556 7.17144 17.4285 13.8915 5.09661 12.834 12.2111 12.684 6.49497 20.0265 13.0736 9.51328 8.43652 18.2633 14.6068 1.26411 3.64369 7.61453 3.10876 15.3014 21.9654 5.21796 13.6862 7.54894 17.0759 11.3678 8.64882 7.91232 8.7294 3.38074 7.59774 2.90226 7.9445 14.8438 17.1229 3.55543 11.0469 12.8338 12.5893 18.3352 15.8162 12.6436 22.0477 16.1904 12.6764 8.61049 4.03436 10.041 22.566 13.6422 3.5576 11.7663 13.5705 13.6793 13.7911 15.1157 12.1497 10.6103 10.6951 8.39185 7.24798 8.59218 11.9194 16.0985 6.46854 20.6463 5.3751 18.6869 14.4079 10.9339 14.2905 11.9054 
