20
6.99648 14.9334 2.14955 1
13.0436 22.3377 1.31083 0
9.74029 10.6875 0.804112 0
15.5762 21.8029 29.5456 0
10.8323 12.0759 0.623864 1
6.00655 13.1187 1.06533 0
5.3983 23.128 0.982051 0
4.54162 10.2796 1.10098 0
11.8005 19.366 0.41527 1
17.8676 20.2912 2.02355 0
16.9261 18.8183 0.699921 0
18.7316 21.2695 25.1052 0
8.2416 19.0233 1.02524 0
2.30992 6.02598 0.810747 0
0.481141 17.8917 1.48491 1
17.3201 18.2587 1.5375 1
6.01412 16.1431 0.514845 0
14.494 17.13 0.788912 0
14.9692 20.6204 1.84646 1
16.43 20.3486 1.58899 1
400 50 500
0.025 0.0125 10000 3000 15 1e+06 300000 2 2
0 3.6805 4.54587 5.56908 3.62298 3.40314 2.90304 5.9562 2.52222 4.16507 3.50491 4.19206 0.941094 5.87495 3.45021 3.76013 3.2295 4.22457 1.92745 4.26039 2.85732 
3.6805 0 1.50766 8.07593 0.263086 0.586051 5.63179 5.0289 3.5026 7.25347 0.643876 1.04979 3.71194 9.40516 6.85868 2.33161 6.54391 7.8471 4.94458 7.8762 2.12745 
4.54587 1.50766 0 7.9364 1.76643 1.29856 5.79395 6.46137 3.43288 8.46115 2.14969 0.464811 4.82928 10.4159 7.93412 1.58368 6.92629 8.76649 5.32404 8.80385 2.02534 
5.56908 8.07593 7.9364 0 8.17779 7.53212 2.67511 11.5225 4.59205 7.7512 8.27494 7.88232 6.43519 7.40953 6.62795 6.37186 2.8525 5.96828 3.64164 6.03454 6.03604 
3.62298 0.263086 1.76643 8.17779 0 0.78933 5.69529 4.76956 3.62717 7.09252 0.383282 1.31102 3.59071 9.28653 6.73102 2.56064 6.56234 7.75205 4.97444 7.77926 2.29239 
3.40314 0.586051 1.29856 7.53212 0.78933 0 5.13457 5.50511 2.94585 7.19088 1.10072 0.855905 3.57731 9.22646 6.7109 1.77545 6.10765 7.61886 4.49737 7.65206 1.54725 
2.90304 5.63179 5.79395 2.67511 5.69529 5.13457 0 8.84976 2.3786 5.75807 5.74149 5.63696 3.79336 6.26518 4.68549 4.35992 1.38142 4.5465 0.985117 4.60936 3.77605 
5.9562 5.0289 6.46137 11.5225 4.76956 5.50511 8.84976 0 7.62701 6.51186 4.41182 6.04046 5.13862 9.18535 6.9353 7.24777 9.06259 8.34178 7.88245 8.33009 6.71486 
2.52222 3.5026 3.43288 4.59205 3.62717 2.94585 2.3786 7.62701 0 6.58404 3.77467 3.31712 3.37202 7.8683 5.71892 1.98558 3.61338 6.11491 2.11262 6.16686 1.45104 
4.16507 7.25347 8.46115 7.7512 7.09252 7.19088 5.75807 6.51186 6.58404 0 6.81662 8.04351 3.63987 2.67349 1.12325 7.90401 4.92349 2.24105 5.00712 2.19806 6.9982 
3.50491 0.643876 2.14969 8.27494 0.383282 1.10072 5.74149 4.41182 3.77467 6.81662 0 1.69353 3.38064 9.06475 6.50044 2.87151 6.53956 7.56463 4.97436 7.58917 2.51239 
4.19206 1.04979 0.464811 7.88232 1.31102 0.855905 5.63696 6.04046 3.31712 8.04351 1.69353 0 4.42221 10.046 7.54522 1.6476 6.71268 8.41654 5.10126 8.45193 1.86981 
0.941094 3.71194 4.82928 6.43519 3.59071 3.57731 3.79336 5.13862 3.37202 3.63987 3.38064 4.42221 0 5.69603 3.14742 4.32193 3.93166 4.19001 2.80855 4.21253 3.42385 
5.87495 9.40516 10.4159 7.40953 9.28653 9.22646 6.26518 9.18535 7.8683 2.67349 9.06475 10.046 5.69603 0 2.56998 9.55037 5.00987 1.7588 5.87226 1.70388 8.67254 
3.45021 6.85868 7.93412 6.62795 6.73102 6.7109 4.68549 6.9353 5.71892 1.12325 6.50044 7.54522 3.14742 2.56998 0 7.2042 3.80321 1.41534 3.99104 1.39825 6.30471 
3.76013 2.33161 1.58368 6.37186 2.56064 1.77545 4.35992 7.24777 1.98558 7.90401 2.87151 1.6476 4.32193 9.55037 7.2042 0 5.5893 7.83065 4.04004 7.87604 0.905829 
3.2295 6.54391 6.92629 2.8525 6.56234 6.10765 1.38142 9.06259 3.61338 4.92349 6.53956 6.71268 3.93166 5.00987 3.80321 5.5893 0 3.35845 1.6133 3.42423 4.9054 
4.22457 7.8471 8.76649 5.96828 7.75205 7.61886 4.5465 8.34178 6.11491 2.24105 7.56463 8.41654 4.19001 1.7588 1.41534 7.83065 3.35845 0 4.1148 0.0665839 6.96457 
1.92745 4.94458 5.32404 3.64164 4.97444 4.49737 0.985117 7.88245 2.11262 5.00712 4.97436 5.10126 2.80855 5.87226 3.99104 4.04004 1.6133 4.1148 0 4.17194 3.311 
4.26039 7.8762 8.80385 6.03454 7.77926 7.65206 4.60936 8.33009 6.16686 2.19806 7.58917 8.45193 4.21253 1.70388 1.39825 7.87604 3.42423 0.0665839 4.17194 0 7.0082 
2.85732 2.12745 2.02534 6.03604 2.29239 1.54725 3.77605 6.71486 1.45104 6.9982 2.51239 1.86981 3.42385 8.67254 6.30471 0.905829 4.9054 6.96457 3.311 7.0082 0 
