200
9.8402 14.8559 1.78744 0
1.63197 14.3436 0.634218 0
9.73241 23.5748 0.378049 0
10.4525 14.4945 0.853166 0
4.26994 4.85309 1.15129 0
9.25887 20.6801 1.36849 1
18.76 22.3719 0.749247 1
1.02406 1.56907 1.11935 0
1.76487 13.4567 1.09431 1
13.868 16.9925 2.0649 0
15.0646 15.3069 28.6996 0
5.10618 22.9635 1.75277 0
5.39012 13.9558 1.72634 1
6.50596 14.6478 1.15942 0
3.82968 20.951 0.34789 0
16.4118 20.3594 0.574152 0
9.72186 19.7158 0.924078 1
10.1945 10.6326 2.07257 0
18.756 21.1724 0.222387 0
6.80019 21.4209 2.07782 0
17.2097 20.0916 26.3136 1
5.38076 12.1284 1.02832 0
1.24692 9.23063 1.02857 0
13.9294 16.3959 1.69951 0
15.9484 20.6733 1.2851 0
7.36104 12.6887 1.28362 0
10.9946 14.7477 1.83438 1
8.49695 20.6183 2.14551 0
14.2475 19.4935 1.81652 0
9.63094 23.77 1.42623 0
4.39886 8.36896 1.74588 0
0.0859638 21.8341 2.06232 0
1.77482 3.4493 1.23862 0
2.63347 5.34151 1.14498 0
0.29023 2.98106 1.23809 0
1.27165 11.8131 1.24166 0
12.6669 23.7421 1.00398 0
18.1636 19.2186 22.6183 0
1.88786 7.9467 0.735024 1
1.44285 8.71672 2.10534 0
7.73796 13.7614 0.619102 0
18.5023 22.7561 0.869691 0
17.7575 18.1032 2.25792 0
14.1 23.0444 13.005 0
0.664276 22.2528 0.470178 1
0.551256 1.13256 1.78296 0
5.75387 22.9879 1.88916 0
16.9342 17.0549 9.36853 0
13.8498 23.4104 20.6075 0
11.6679 13.7731 1.06414 0
3.10484 15.8795 4.5794 0
18.9655 21.7072 17.8387 0
18.3516 21.0079 1.0151 0
9.83891 23.319 1.16236 0
12.2767 15.9674 1.65079 0
2.87378 3.37992 1.07622 0
17.5356 20.5996 27.4181 1
14.472 17.2144 1.89206 1
7.07769 13.4076 1.28742 0
14.1196 18.8805 1.27497 0
13.1727 17.7978 1.55748 0
1.82037 22.8528 1.29212 1
1.08232 12.6795 2.25949 0
2.95708 11.9929 1.98766 0
10.3809 17.405 1.47746 0
4.7311 11.8351 0.393983 1
15.2837 20.3106 1.06404 0
17.2315 21.7691 1.79664 0
16.6072 21.4595 0.407548 0
5.76884 15.129 1.55986 0
3.28472 7.55 1.73124 0
6.00478 13.1665 1.16327 0
18.0135 19.3656 14.5501 0
13.2838 13.9101 0.876061 1
6.95288 16.2151 0.850366 0
16.2022 23.61 0.804732 0
10.3224 12.7826 2.15971 1
9.65546 12.6198 0.504957 0
5.64055 17.7946 0.210585 0
18.2932 23.2757 27.5638 0
2.72202 22.4761 1.20813 0
4.34205 16.2631 0.204732 1
0.370733 23.3922 0.399636 1
2.60661 14.7647 1.18106 0
5.96269 13.5699 1.02428 0
0.034878 16.402 1.74826 0
4.04721 12.1316 2.21369 0
15.8261 20.8995 0.864367 0
18.83 23.2727 1.43327 0
3.33379 7.67541 0.640974 1
4.58118 13.0195 1.37685 0
9.92904 16.778 1.45885 0
1.06631 7.39146 0.743962 1
16.5146 16.733 0.471538 0
12.6923 22.93 0.25696 1
8.72172 13.2405 0.245713 0
7.05899 8.47055 1.72883 0
7.43337 19.4175 2.00376 0
3.47973 14.8111 1.60558 0
2.64262 23.9124 28.9683 0
13.4881 16.5865 1.6975 0
7.77998 12.7752 2.17515 0
17.9397 20.7841 0.379134 0
7.35202 8.99782 3.06143 1
16.7826 19.8693 4.43669 0
7.65405 10.9999 0.850199 0
7.37708 11.7585 2.06346 0
4.85086 17.9336 0.249197 0
5.16215 17.784 1.32173 0
3.3392 7.07737 27.7798 0
4.33017 23.3277 0.887543 1
4.28307 22.6692 1.92636 0
18.5942 20.4333 1.4967 0
14.7338 18.0147 0.820793 0
9.40867 19.6677 2.12503 1
15.6802 23.2387 17.0659 0
0.818076 8.53167 1.79754 0
16.4071 22.8225 1.6619 0
15.0182 17.7918 2.58907 0
2.86764 12.6822 1.55545 0
10.9481 22.8061 20.9936 0
3.52298 22.5413 1.6953 0
14.0091 21.2585 1.60744 1
16.2453 23.5231 0.421866 0
5.77296 19.5855 0.323588 0
16.7207 18.8628 1.2517 0
7.56936 14.3949 1.57437 0
3.11047 7.18916 0.374789 0
16.2041 22.4935 0.888728 0
1.00639 15.7396 27.3843 0
14.6097 16.5967 2.03926 0
7.62976 15.4014 2.10649 0
18.1073 22.2205 1.52084 1
0.533865 7.45269 1.51191 0
4.89114 17.4394 1.1272 0
16.9827 18.3813 0.2164 1
7.9651 20.1427 1.30353 0
15.3512 20.565 0.342413 0
2.11029 14.1962 15.0564 0
13.6417 21.3584 1.84715 1
1.39165 2.28573 0.308932 1
10.5631 14.1147 1.84785 0
18.3462 23.0904 0.446032 0
10.253 19.3809 1.66486 0
0.714719 19.4134 21.3454 0
16.7509 19.5985 1.729 1
10.9477 16.2481 0.963696 0
1.55441 15.9035 0.219303 0
13.6468 22.4203 0.389968 0
11.0706 21.4445 1.84598 0
14.3896 15.5636 13.1987 0
2.18268 19.2672 1.86632 1
12.2557 15.4919 0.799061 0
7.84877 14.0293 2.26117 0
4.9804 7.44034 1.05612 1
7.54725 22.894 1.12397 0
16.3891 23.1908 1.78505 1
8.98858 13.0272 1.4865 0
2.21089 20.2784 1.66254 0
8.68033 23.2461 0.555128 1
15.4818 23.622 16.7668 0
7.12392 7.92933 1.71413 0
0.89646 6.15108 2.253 0
15.622 18.2965 0.499033 1
9.12095 14.7273 1.44239 0
17.1641 21.84 1.43638 0
17.6759 18.4831 27.8983 0
13.9645 15.1206 1.09722 0
10.7593 16.608 1.15119 0
10.5857 19.7677 0.213907 0
9.56236 22.592 0.985467 0
15.0454 16.3762 0.597024 0
11.5245 21.1995 21.8358 0
16.3549 18.0319 0.625037 1
12.4127 21.5584 2.18068 1
13.4921 21.0111 0.264299 0
10.677 22.3392 2.18229 0
15.5567 20.5283 1.82268 0
5.54528 5.59744 1.01633 1
2.77331 15.1 16.2774 0
11.586 21.8045 1.35024 0
2.7923 16.8478 0.802215 1
8.25209 20.4473 9.68079 1
3.7504 9.16353 1.21196 0
18.1364 19.3384 0.989183 0
4.78223 10.1531 23.721 0
8.57775 22.7219 25.3037 1
11.9774 14.6431 2.04242 0
2.2501 21.9698 2.07997 0
17.1138 23.8891 1.39334 0
17.1964 21.6547 0.82256 0
13.9671 18.4553 1.3286 0
17.9721 22.981 0.422009 1
2.51228 7.75127 0.59743 0
9.9485 18.0513 0.496525 0
14.0885 15.8187 0.764893 0
3.04963 5.6239 27.1794 0
11.1308 12.8094 1.55316 0
14.336 21.3278 1.57587 0
17.5009 19.8263 0.657956 0
400 50 500
0.025 0.0125 10000 3000 15 1e+06 300000 8 12
0 12.895 22.9484 43.298 13.6762 39.4688 46.1754 14.8529 17.1512 34.7861 2.80509 43.1706 49.6552 10.3232 40.5399 13.0964 11.2772 26.3287 36.9825 48.4818 5.00535 8.17945 34.0768 43.5718 27.758 38.2576 37.2472 31.6591 19.1917 3.58297 42.3608 10.4245 17.173 41.1757 49.0146 24.8383 36.1839 7.86826 25.9378 16.8574 1.44085 10.5633 53.8393 15.4824 52.1834 12.1922 26.6598 33.8212 1.58771 18.7273 31.725 37.7028 44.0898 24.7348 35.4628 41.0565 35.698 47.5691 33.3606 31.6125 16.038 24.7753 39.1458 24.047 13.0403 23.5451 27.5604 21.9427 2.76488 17.5264 35.8756 31.8264 35.7769 20.1705 54.0013 27.0439 21.7745 38.7183 27.1689 6.73018 13.273 33.941 11.902 34.0134 17.9281 33.9274 41.0985 45.4593 36.4238 41.6699 22.2625 23.9355 33.9907 43.1385 37.1762 13.9952 20.6259 41.3197 51.8369 31.3022 27.1369 33.0564 23.6992 31.3626 54.4782 30.7117 50.4184 32.3062 8.40209 40.3864 11.5194 33.3822 37.7977 20.0056 11.9954 54.9264 20.9264 46.6434 34.217 9.3185 12.2102 42.6931 31.7225 6.72305 33.785 24.2934 13.9164 34.7103 18.5578 20.4123 16.9293 39.5698 23.5514 38.5242 32.3203 47.0488 20.9631 25.8938 15.7939 36.1763 38.0737 16.2789 29.7571 43.2789 12.8259 48.4734 2.82487 26.6827 35.5752 14.095 24.0882 26.1059 8.38339 24.3193 27.1073 44.6628 39.5925 32.0487 42.6679 30.1126 25.0187 13.0845 38.0743 10.0934 35.0988 51.3207 30.0385 7.91438 30.6671 34.5062 42.841 33.7043 46.6656 22.8395 44.7196 37.5078 47.0709 20.4803 25.7409 50.4864 8.76553 2.01731 34.7846 7.31166 19.9941 32.2204 26.0087 52.3633 32.2074 31.6332 7.35983 37.0089 45.9591 46.7838 27.7002 32.6473 46.7563 41.5656 12.9468 5.7298 31.6048 
12.895 0 18.88 39.2083 13.3924 34.0941 33.2851 2.31336 9.18539 24.7486 11.5287 30.4023 38.2178 13.9477 28.0784 9.3893 9.50661 23.6081 24.3798 35.7997 14.3806 13.3828 23.9743 30.7578 16.1458 29.1995 24.4685 22.0705 8.68477 13.1255 29.7991 4.0272 8.9671 28.3338 36.2644 12.4038 27.9404 8.40265 15.3527 5.10401 13.7447 11.6467 41.7844 5.20781 39.7413 6.31659 22.5982 24.6231 14.3677 6.2019 25.9521 24.8103 32.8877 18.3827 26.5186 35.518 22.8148 35.9232 24.1447 19.3564 14.8098 18.7056 26.2651 18.8002 6.15725 17.825 14.7006 12.5681 12.9302 6.73246 23.7454 19.139 23.6433 14.9088 41.7247 14.9554 17.1611 32.5133 14.2869 14.6516 2.56027 24.382 0.996776 30.701 15.9759 26.5928 34.7988 33.0514 30.4234 33.0919 12.4487 11.0712 27.4315 33.4262 29.0272 6.18877 10.7978 28.4255 39.1102 24.7672 14.5006 27.3421 13.9129 19.1021 41.8893 20.1195 39.1395 21.3489 8.93651 28.742 3.06571 27.0956 25.4252 7.41015 3.18383 42.3713 10.6402 34.5732 21.5 3.6191 1.5327 29.9314 19.1473 12.3742 25.4241 20.097 12.4513 22.7958 5.68551 7.77154 10.4013 28.8285 18.7832 27.5636 21.2657 34.41 10.3429 13.9555 2.93006 25.9062 27.082 14.6759 17.0154 30.4164 4.2613 35.909 10.9498 17.2915 23.2397 2.86303 13.4772 21.1535 7.73508 12.8113 15.3896 31.7951 26.7832 21.4319 32.6853 26.3643 12.563 14.054 25.4708 11.0487 24.6951 38.8437 17.1479 10.2845 27.8711 21.7653 31.2505 20.8211 34.1569 11.3119 35.5981 32.9654 34.1763 7.60443 12.8902 38.8 12.5857 13.6727 24.4737 6.4731 11.6105 26.2367 22.1737 39.6659 24.3361 20.5376 10.7388 27.1569 34.9711 34.8384 15.0377 22.1784 33.905 29.0746 6.97629 8.48451 21.9194 
22.9484 18.88 0 20.8 9.40489 16.5316 38.6569 17.6451 27.9507 40.6538 24.0791 32.8709 32.3936 13.4693 28.4542 10.6062 11.9804 4.88408 26.5318 36.6461 19.4858 15.5014 39.8796 33.7436 16.3893 17.7241 33.1743 13.4555 12.6448 19.9407 30.545 16.3273 27.7027 35.6034 37.7219 18.2246 14.8644 15.5542 12.8859 15.6002 24.389 12.4151 38.1538 14.0871 38.379 24.9031 3.85902 14.2878 23.3149 22.1121 8.8864 30.6924 26.8376 4.13811 15.1877 18.1126 28.7061 31.1257 40.9289 31.8615 7.11546 3.67773 31.3247 2.12936 24.9363 2.87056 22.6286 9.87914 20.5798 24.7567 35.8695 29.7233 23.2 4.02633 39.2129 17.7042 1.76452 15.8411 24.2801 17.9156 21.4364 40.8302 18.9973 11.8891 5.26277 11.925 18.212 32.2698 13.5349 20.1965 30.0676 22.7609 11.4032 23.0157 15.638 25.0637 11.0062 34.2048 40.0088 8.91257 26.6734 10.164 10.6434 31.6452 41.3328 35.8651 32.672 36.41 25.6322 41.544 16.4073 10.6836 36.3996 22.5197 16.0184 41.5226 11.8222 31.7726 25.3557 19.708 20.2321 37.9066 30.3834 16.5452 12.9767 1.35512 9.0322 21.5717 20.2501 17.9205 8.49465 43.3884 1.23712 21.5641 36.1837 35.0598 27.6938 16.6884 19.5442 18.1314 41.3995 6.78513 27.7751 34.2818 14.7178 35.7946 20.2139 34.59 23.9652 16.1935 30.2302 3.25371 24.5042 14.8643 30.142 35.5697 30.4023 15.9664 23.0362 7.59852 18.3922 10.3284 35.3009 12.8557 17.5982 37.7964 25.8375 15.0452 8.99509 31.3547 26.8556 28.7485 33.8721 27.3736 23.6458 14.7372 38.761 20.9193 21.4907 33.8612 14.5224 21.8012 17.1599 17.5606 8.72885 9.44096 3.3312 40.2254 11.0528 35.4922 15.5903 43.0597 27.9559 31.426 26.9 16.0054 37.0432 38.9748 12.3101 23.2626 38.4741 
43.298 39.2083 20.8 0 29.6446 6.15141 47.8083 37.621 47.9279 57.7733 44.7017 40.8947 31.859 33.1683 36.078 31.4061 32.7169 16.9708 36.4482 42.0949 39.2319 35.3366 57.0533 41.9785 30.2662 18.4376 46.1322 22.2973 31.5259 40.013 37.7444 37.0484 47.6515 46.9625 43.4927 34.3632 16.2773 36.2605 27.7121 35.1211 44.729 32.7807 38.4134 34.0994 41.1055 45.4259 16.9414 20.2158 43.4264 41.1897 13.5092 42.1618 28.4286 20.8854 18.795 5.66527 40.7577 32.3155 58.7178 47.6278 27.2896 20.523 41.978 20.4515 45.3597 21.3877 38.0064 27.6578 40.7361 44.3604 50.7707 44.6864 32.435 24.479 40.4663 32.3665 22.3434 8.91286 40.2521 37.4784 41.7102 58.3583 39.4704 9.31354 25.4228 14.9086 8.11868 37.406 9.92597 16.2226 49.0954 40.0048 13.0401 20.9535 15.5915 45.3614 29.3878 44.6868 44.6822 15.1642 43.2119 12.1982 27.1646 47.4706 44.2037 53.2372 31.2242 53.265 46.422 56.233 37.0128 12.9544 50.405 41.2358 36.5819 44.0398 29.9587 34.9754 37.063 40.4275 40.653 49.3741 45.6197 36.6366 17.7318 19.4638 29.5806 31.0096 39.264 36.1743 28.9169 59.2627 20.5923 26.2745 52.9627 40.7503 46.733 31.9693 39.2931 23.3834 57.2555 27.0869 43.2761 43.142 35.2397 40.5186 40.6818 53.1283 33.8155 36.3865 48.7245 18.1023 45.283 30.9847 47.5041 44.0221 40.1631 25.5274 22.0916 13.2655 34.4496 30.2287 48.6604 33.3118 24.0738 41.0104 40.6131 35.5392 12.7051 45.3196 30.3616 42.2191 38.9908 45.7808 18.6465 6.25749 47.1988 39.3325 37.6443 33.8858 34.571 41.9064 23.7738 38.3528 27.8229 13.3978 17.5111 44.5064 17.3488 52.365 36.0008 60.018 27.7919 34.085 43.2219 24.8414 44.5639 51.7748 33.0173 44.0541 56.2297 
13.6762 13.3924 9.40489 29.6446 0 25.842 41.4931 13.2903 22.3454 37.8367 15.1055 36.7678 39.5269 4.22832 33.0166 4.25067 3.98744 12.6949 30.2016 41.3776 10.0967 6.12646 37.0539 37.455 19.6669 26.1421 34.221 20.4438 12.0293 10.5489 35.0648 9.64201 22.1684 37.4459 42.2355 19.0964 23.6254 6.96886 16.6638 12.7361 15.1138 3.13875 44.671 10.5944 44.0501 18.2327 13.0135 22.0776 13.9409 18.6484 18.2842 32.9514 33.8483 11.9421 23.4121 27.4389 30.8393 37.8533 37.4446 30.9032 2.36183 11.83 33.9957 10.8007 18.549 10.5598 23.238 12.2804 11.2101 20.0998 35.2669 29.6573 27.736 7.48437 45.345 20.008 8.4899 25.2459 24.0794 8.59294 15.7589 37.6112 13.0429 20.3884 4.25537 20.9841 27.6157 37.4993 22.9395 29.1003 25.8108 21.5427 20.7258 31.3268 24.5193 18.9878 11.9678 36.6855 44.8236 18.1267 25.5952 19.5688 13.98 30.657 46.7681 33.0944 40.0327 34.1011 17.6996 40.7082 10.3457 20.0446 36.4284 19.5275 10.2187 47.0772 12.7043 37.7779 28.1682 12.63 14.286 39.4952 30.0221 7.14669 21.4271 10.7216 1.28944 26.2953 17.1959 16.4758 6.78925 41.5173 10.1691 28.267 33.9614 39.8157 23.6238 18.7651 15.321 25.2658 39.6527 2.62792 27.4962 37.63 9.39664 40.8893 11.0378 30.639 28.0575 11.6073 26.6515 12.6379 16.7266 16.7653 27.8475 39.0106 33.6707 21.9021 31.1129 16.4371 19.2987 1.3181 35.8786 3.70408 24.4167 43.3275 26.4236 5.92272 17.0807 31.8769 33.253 29.9256 38.9654 24.1738 32.4038 23.8329 41.9561 18.6142 21.6129 40.7288 5.11761 12.4215 24.0247 9.46723 10.0196 18.8244 12.3502 45.1847 19.641 33.2318 6.35661 40.268 35.3505 37.6512 25.9983 22.2602 40.8175 39.6408 6.73098 14.9291 35.1533 
39.4688 34.0941 16.5316 6.15141 25.842 0 41.8219 32.3581 42.5584 51.7569 40.5923 34.9391 26.9035 29.7079 30.0984 26.9618 28.4698 13.7281 30.34 36.4156 35.8025 31.8256 51.0446 36.0168 24.2028 12.546 39.9816 16.161 26.0572 36.3847 31.8212 32.2956 42.2723 40.848 37.7934 28.4113 10.1741 32.0501 21.7753 29.7401 40.9097 28.9145 33.4877 28.9102 35.7959 40.3854 12.8299 14.0662 39.7826 35.5982 8.14962 36.0288 22.9616 15.7352 12.6806 1.61219 34.6103 27.0507 52.7737 41.5435 23.4936 15.4624 35.8712 15.7134 40.2456 16.4931 31.9512 22.1027 37.052 38.8836 44.639 38.5723 26.3233 19.7913 35.3976 26.3225 17.8456 2.85566 34.2223 34.1366 36.5376 52.3833 34.4461 7.37768 21.5954 8.80278 3.22123 31.6901 3.89401 10.9705 43.421 34.1049 7.0705 15.7426 9.5573 40.1687 23.8777 38.6005 39.1396 9.46317 37.2087 6.75547 21.4386 41.3904 38.9239 47.264 26.4383 47.2393 41.766 50.0889 32.1251 7.14588 44.2558 35.5615 31.6623 38.8158 24.383 29.4637 30.9138 35.6404 35.5799 43.263 39.5146 32.9795 11.5827 15.1809 25.5582 24.8802 33.6808 30.4785 24.0455 53.1536 16.0466 20.3404 46.9314 35.023 41.0789 25.9776 33.9215 17.3218 51.1493 23.2172 37.195 37.1431 30.3054 34.907 36.7444 47.3262 27.6927 31.2387 42.9407 13.4678 40.5896 25.0924 41.5591 38.0614 34.0867 19.3771 16.7376 9.71784 28.4886 26.6234 42.5091 29.3763 17.9655 35.6222 34.5075 31.5742 10.3043 39.1748 24.6854 36.0714 33.3043 40.0026 13.9635 2.96007 41.2649 33.6206 31.6532 28.8848 30.928 38.2624 17.6549 33.9243 22.5294 7.86432 13.5034 39.0161 11.2788 46.3445 32.109 53.9802 22.604 28.6318 37.1996 18.6901 38.6894 45.6309 28.2947 39.6009 50.2907 
46.1754 33.2851 38.6569 47.8083 41.4931 41.8219 0 31.4595 32.5709 23.8529 44.5816 6.9525 21.1457 44.4896 11.7304 37.7983 39.3631 42.3528 12.2311 8.76923 47.1501 44.9691 23.692 5.86033 22.3971 29.3782 9.61054 27.0522 29.5274 46.1313 10.164 36.3401 32.331 5.49436 7.75497 22.4906 31.7021 40.5024 25.8605 30.0793 46.9607 41.8775 18.5623 32.0302 13.8159 35.8286 39.7401 28.2607 47.6522 27.6477 37.4795 8.62565 20.8243 34.7303 29.2608 42.1493 10.7311 18.8777 26.6647 16.8426 41.0861 35.2814 7.50227 36.7416 34.9449 35.7978 18.8159 29.7236 46.0602 29.9122 14.6269 15.0203 16.0202 36.257 16.6354 21.5744 37.4749 38.9723 19.0094 46.9341 33.1726 25.5451 34.2755 44.6254 40.6724 33.9184 39.7936 11.7641 38.5903 32.1833 28.1218 22.2542 36.1222 28.0782 32.2646 33.9937 29.6039 4.89375 9.78459 35.4244 19.5289 38.0812 28.3768 17.0143 13.5525 22.8664 22.5461 21.1367 40.3532 15.978 35.1234 36.673 12.1137 26.3707 34.7586 14.2816 28.8242 15.2651 13.4403 36.8613 34.027 5.54876 15.5431 44.5182 30.8671 38.766 40.2058 17.6531 27.6191 26.1419 34.7395 20.8115 37.5323 21.5421 20.7954 9.04001 27.7297 22.7907 30.3821 24.5362 19.6778 40.6679 16.7794 4.68862 34.4439 10.5336 44.1534 27.201 14.9312 32.5488 25.8627 37.7501 39.4908 24.8048 21.7044 3.84722 8.28583 23.7191 26.7284 41.7328 22.2875 42.7499 10.2693 41.5788 24.0502 12.9331 16.1374 42.0397 44.1651 12.3282 18.2173 12.4782 10.7644 25.1823 31.2003 43.2031 1.64412 25.697 20.6268 19.7468 43.8517 46.9009 24.4202 39.4225 31.8021 37.0999 39.9858 10.6021 32.049 20.9267 42.6965 24.5036 22.5831 16.3506 18.9387 24.1039 4.36073 9.35307 35.9578 41.276 25.3676 
14.8529 2.31336 17.6451 37.621 13.2903 32.3581 31.4595 0 10.3523 24.5464 13.6842 28.3269 35.9082 14.535 25.873 9.07831 9.66786 22.4695 22.2159 33.6769 15.8202 14.3029 23.7636 28.7192 13.8325 27.0224 22.871 19.8746 6.57284 14.7024 27.6251 4.99589 10.0911 26.6338 34.1785 10.1622 25.862 9.41425 13.099 2.86641 15.7938 12.0509 39.5167 3.56902 37.5391 8.3269 21.2473 22.4542 16.268 5.38674 24.2469 22.9155 30.5743 16.737 24.3668 33.7471 20.8833 33.6203 24.2186 18.2418 14.3784 17.1019 24.3232 17.3457 8.0112 16.315 12.7274 10.541 14.6033 7.17313 22.6554 17.6791 21.3711 13.6229 39.489 12.663 15.8924 30.6714 12.5552 15.8642 4.26276 24.3444 3.21531 29.3233 15.3093 24.6455 32.9267 30.8369 28.6295 30.9489 12.7381 9.43677 25.5869 31.1778 26.9534 7.82705 8.7431 26.578 37.0113 22.9598 13.1546 25.6267 11.7816 17.9883 39.7312 19.8088 36.827 20.864 11.2412 27.8556 3.77918 25.2956 24.1686 6.38306 3.54334 40.2021 8.50178 32.3033 19.3878 5.77253 3.75482 28.3333 17.7943 13.4954 23.3495 18.7946 12.2065 20.5004 4.22086 5.58819 9.1815 28.3165 17.4192 25.2548 20.7415 32.2675 10.4511 11.6493 2.0493 23.6338 26.4937 14.1784 15.5155 28.4358 3.92103 33.7397 12.6985 17.495 20.9997 1.6849 13.3886 19.6821 10.0445 10.5018 14.6858 29.8228 24.7399 19.1476 30.4188 24.9847 10.3277 14.1341 24.0423 11.5246 22.4166 36.65 15.3579 11.1932 26.6251 20.227 28.9434 19.0499 31.9694 10.8878 33.3938 31.3648 32.2917 6.01703 10.9043 36.5003 13.3709 15.4488 22.2021 7.97596 9.83161 24.4942 20.8745 37.5518 22.3368 20.0103 11.7464 26.9779 32.6591 32.5555 13.6546 19.9021 31.9073 27.713 6.57329 10.7383 21.8919 
17.1512 9.18539 27.9507 47.9279 22.3454 42.5584 32.5709 10.3523 0 17.6351 14.6212 31.6063 42.3993 22.1437 30.6448 18.5117 18.3703 32.7335 26.7208 37.2021 20.6505 21.0398 16.9282 31.6468 21.5609 36.1151 22.9922 28.9951 16.5106 19.0733 31.9425 12.7043 0.317094 27.134 37.3191 16.8209 35.4085 16.3519 22.0663 12.8232 17.2573 20.1895 44.7772 13.9181 41.854 5.0081 31.5916 31.6673 18.7227 7.61251 34.4958 25.0397 37.6071 27.0465 33.6324 43.9048 23.4528 39.8646 16.3046 16.145 23.9244 27.428 26.7037 27.698 4.26166 26.6644 16.672 20.4992 18.5445 3.96116 19.9258 17.5577 27.3515 23.941 44.2196 19.7229 26.2085 40.7418 14.9821 21.5516 6.65694 16.8216 9.33864 39.6738 25.1505 34.5594 42.9392 35.5167 38.7742 40.1716 5.26993 12.2278 35.6755 39.6788 36.5036 3.49582 18.7033 28.1022 40.1899 33.111 13.2783 35.8632 21.4308 15.9243 43.4612 13.6852 43.5171 15.3966 9.0904 23.7377 12.0772 35.4453 22.1982 8.30966 12.3107 44.0483 18.2688 37.7884 23.5947 10.0538 8.07574 28.0754 17.0502 19.6898 32.939 29.1254 21.5041 27.0125 9.30722 12.8304 19.4579 22.4835 27.7634 32.8544 15.4618 36.0489 4.84891 19.1659 8.64177 32.0221 21.0792 23.8145 15.977 30.883 13.4467 37.7658 16.5719 9.53758 26.5 11.758 7.38865 30.0335 8.79672 18.873 11.1888 32.1345 27.9265 27.5163 38.7346 35.3346 16.8877 22.8491 23.0504 19.5373 30.7581 40.8812 17.6055 18.2076 36.9433 20.2441 35.4837 20.6707 36.2706 7.39026 42.231 41.6705 33.8037 10.217 15.3147 42.5703 20.5415 18.7489 30.6392 13.7991 20.1052 34.7096 31.2063 40.867 32.1539 14.8195 18.442 19.8681 39.8786 38.2931 13.8532 28.352 34.339 26.0821 16.1485 11.423 14.4605 
34.7861 24.7486 40.6538 57.7733 37.8367 51.7569 23.8529 24.5464 17.6351 0 32.2356 26.8119 41.4445 38.688 28.6999 33.6164 34.1371 45.4928 25.5202 31.5993 38.1047 37.9633 0.784657 26.237 27.5778 41.8095 16.0165 35.8235 28.0196 36.5729 28.8639 28.7717 17.6175 18.9832 31.0308 23.4569 42.4788 33.0287 30.095 25.5508 34.8653 36.383 41.144 27.5305 36.8838 22.6138 43.6176 38.2897 36.3575 19.2129 44.5747 20.4983 38.4335 38.2633 40.1135 52.7558 20.3839 38.7779 2.95147 10.6307 38.8233 38.7833 21.9212 39.6355 21.801 38.4926 19.8399 31.1047 36.0927 18.1326 9.68332 13.9678 28.4664 36.8021 39.6795 25.4398 38.9301 49.319 17.5362 38.8329 22.8347 1.76895 25.3706 51.0959 39.5344 42.9753 51.084 32.2766 47.8818 45.7667 12.6469 18.0482 44.7367 43.4367 43.4643 20.8956 29.7093 21.3591 33.484 42.7144 14.5638 45.7507 31.0497 10.7166 37.2404 4.80523 42.8216 4.52941 26.6224 8.83283 27.7763 44.8375 11.9144 18.4564 27.7755 37.9539 28.9352 35.5932 23.1343 26.9897 24.3223 18.3052 12.9011 36.7724 40.4365 41.5111 36.7416 29.1592 20.8213 22.7338 32.9252 5.32692 40.0331 35.6566 4.85808 31.1131 14.4484 25.8058 22.5198 36.6377 4.85132 38.582 14.7869 24.8575 28.4501 32.9369 34.0853 8.12241 27.0615 26.23 11.2728 41.6883 26.4238 26.92 10.5257 25.5463 24.0734 32.9925 42.1696 46.9943 23.3569 38.6546 14.0792 35.7942 35.504 35.9046 17.6588 34.9305 49.0875 14.7661 35.6984 17.5867 32.2069 13.6743 46.5565 51.7941 25.4715 19.8047 20.1355 40.7628 37.2672 36.3596 35.6137 30.7205 31.9262 44.5451 43.4602 34.2922 40.4808 5.41332 35.3039 2.43631 40.7512 36.4849 14.5573 33.8119 27.4364 14.6444 31.1146 29.0573 3.25966 
2.80509 11.5287 24.0791 44.7017 15.1055 40.5923 44.5816 13.6842 14.6212 32.2356 0 41.9262 49.2015 12.2558 39.5555 13.7511 12.1274 27.7901 35.8934 47.3279 7.59906 10.2229 31.5387 42.2673 27.1403 38.5193 35.4708 31.7182 18.7689 6.0273 41.3068 9.87488 14.6676 39.4682 47.79 23.8347 36.6374 8.54911 25.6409 16.0084 2.63853 11.9728 53.1085 14.9375 51.2215 9.75572 27.8779 34.0079 4.23567 16.9575 32.6848 36.2155 43.7134 25.4484 35.7319 42.1592 34.2599 47.0226 30.7266 29.5603 17.4374 25.5495 37.7113 24.9731 10.6394 24.3613 26.197 21.8923 5.23122 15.3638 33.7508 29.9947 34.9727 20.9727 53.1465 26.2247 22.7634 39.6621 25.5953 9.19592 11.4282 31.3388 10.5395 35.4801 19.2845 34.574 42.0412 44.5151 37.39 42.0813 19.8103 22.3415 34.8113 43.248 37.6618 11.623 20.4239 39.766 50.638 32.0945 25.3028 34.0454 23.5857 29.3138 53.4076 28.2677 50.0302 29.9124 5.68358 38.0954 10.7943 34.2546 35.7593 18.2403 11.315 53.883 20.6143 45.8948 33.0285 7.92286 10.5831 40.8829 29.8185 8.66099 34.186 25.434 15.1258 34.0073 17.0334 19.2652 17.3096 37.0979 24.5608 38.213 29.9446 45.9341 18.6597 25.1316 14.3058 36.077 35.6523 17.6197 27.9804 41.8884 12.3662 47.4204 4.2162 24.1166 34.6614 13.2201 21.7223 27.1384 5.82879 23.7044 24.9269 43.2588 38.2969 31.8097 42.6947 31.4487 24.004 14.7172 36.1562 11.4079 34.9506 50.334 28.4854 9.18308 32.1853 32.7042 42.3062 32.1076 45.6535 20.6739 45.0044 38.7793 45.5461 18.94 24.3974 49.928 10.5669 4.77585 34.6628 7.10509 20.1168 33.1426 27.257 51.1946 32.7091 29.2706 8.789 34.4246 45.6682 46.0981 25.8785 32.4597 45.3867 39.5699 13.0822 3.38682 29.0309 
43.1706 30.4023 32.8709 40.8947 36.7678 34.9391 6.9525 28.3269 31.6063 26.8119 41.9262 0 15.2224 40.1246 4.8631 33.405 35.1273 36.2434 6.56669 5.59579 43.4724 40.8744 26.4644 1.09225 17.1446 22.4576 10.8214 20.5832 25.156 42.6334 3.21943 32.916 31.3276 8.3576 5.86706 18.4742 24.8607 36.7624 20.4221 26.4539 44.1168 37.5659 14.3752 28.1828 10.5008 34.0263 33.5851 21.5669 44.5532 25.4774 30.9156 6.83659 14.052 28.8229 22.4538 35.2319 8.15794 12.7098 29.3304 17.6331 36.0673 29.3548 5.1683 30.8655 33.2037 30.0011 15.7637 24.6048 42.6741 28.3615 17.1293 14.7833 9.71257 30.8743 13.147 16.8454 31.8443 32.0856 16.8045 43.0247 30.8057 28.3301 31.3957 38.0096 35.4298 27.2 32.8607 5.64136 31.78 25.2316 27.9242 19.9468 29.4097 21.1673 25.3855 32.3333 24.8102 5.65477 8.7329 28.8836 18.3829 31.4365 23.07 17.7177 11.8549 24.6166 16.6424 23.2147 38.3523 20.3314 31.7421 29.9989 15.0708 24.2744 31.3121 12.4474 24.1089 9.18312 8.9696 34.0192 31.3937 10.1994 15.6684 40.6294 24.1583 32.8378 35.5018 11.3647 24.9775 22.7586 29.9842 24.9437 31.6969 14.6201 22.8382 4.54998 26.96 18.0967 27.6456 17.714 23.4193 35.6299 15.8092 2.51086 30.763 6.37003 40.8888 28.2079 8.92456 29.1352 25.8331 31.649 37.3538 20.0518 21.8093 3.12833 3.70008 17.3505 19.8116 35.3185 18.2812 38.0653 12.8207 37.3534 17.3162 9.50158 14.0292 38.118 37.7478 12.6732 11.3637 11.0819 5.39622 24.4003 24.3143 36.4011 6.34098 23.1277 17.5402 14.1937 39.7061 43.63 17.7061 36.0731 26.8082 30.5008 33.8899 9.34009 25.4482 22.7456 38.8109 28.0015 15.9624 10.208 17.83 17.6318 4.17246 13.8654 31.8565 38.7744 27.5646 
49.6552 38.2178 32.3936 31.859 39.5269 26.9035 21.1457 35.9082 42.3993 41.4445 49.2015 15.2224 0 43.5926 12.8042 37.467 39.4142 33.8843 16.4012 12.7775 48.4323 44.9964 41.0079 16.1055 22.1037 15.6714 25.5329 19.1754 30.4812 48.0723 12.6447 39.3613 42.0885 23.573 14.1378 26.0796 18.9186 42.1132 23.7425 33.2902 50.8755 41.4081 6.58505 34.2739 9.73621 43.3916 31.3117 18.1262 50.7501 35.1098 26.5469 20.9503 5.67977 28.4332 17.5631 26.5271 21.22 2.68134 43.7387 31.4137 37.9978 28.7904 19.5988 30.2861 42.732 29.8957 25.8024 27.9426 48.3639 38.6074 31.8777 28.1475 15.0483 32.2322 8.62795 23.321 32.138 24.284 27.7949 47.4521 39.5144 42.8328 39.1095 32.4302 36.6901 22.1688 23.982 9.60502 25.0716 15.9366 39.9425 30.1958 24.0533 11.1947 18.7557 42.0589 29.074 20.852 14.1181 25.0016 30.3584 26.3702 26.1418 31.4291 12.6408 38.5965 1.42052 37.4715 47.0708 35.5175 38.4073 24.8949 30.0599 34.1763 37.887 12.362 28.7314 6.03963 19.3658 41.5451 39.5692 25.3778 29.1861 45.2896 19.8686 31.7472 38.4569 15.5353 33.9071 30.6993 33.4824 40.0513 31.172 11.2889 37.0902 12.1321 38.3819 24.2655 36.0558 14.3498 38.4373 37.5467 28.3757 17.6369 36.8892 10.9036 46.9751 41.4208 15.9577 36.0443 38.1927 29.9092 45.9056 25.5166 34.6436 17.6385 17.3936 17.776 10.3846 31.3871 25.9582 40.8156 27.8004 41.4443 15.1153 9.956 25.76 42.9088 33.5431 26.7382 6.98883 24.2343 10.383 36.0485 13.2182 29.2885 19.83 32.4502 27.0846 2.04362 43.7934 49.5116 15.5162 42.3691 30.1077 25.9302 31.874 13.6833 21.7815 36.862 43.6296 42.8613 4.56643 5.03049 29.9303 17.3141 16.8427 29.0876 36.8572 46.5617 41.7291 
10.3232 13.9477 13.4693 33.1683 4.22832 29.7079 44.4896 14.535 22.1437 38.688 12.2558 40.1246 43.5926 0 36.5866 6.72481 5.15972 16.2279 33.5813 44.9165 6.09955 2.17387 37.9157 40.753 23.1911 30.3678 36.7266 24.5825 15.0132 6.87649 38.6027 9.92057 22.0198 40.1712 45.7112 22.0002 27.8502 5.79226 20.4018 14.7869 11.7119 2.62202 48.6078 12.6725 47.8045 17.5233 16.9076 26.2777 10.276 19.8653 22.3496 35.88 37.9131 16.1694 27.6334 31.3152 33.7666 41.8546 37.9775 32.7247 6.36192 16.05 37.0343 14.982 18.0279 14.7805 25.8786 15.9952 7.63617 20.5875 37.1352 31.8591 31.3669 11.7019 49.1982 23.2799 12.679 29.2665 26.4044 4.45037 15.9405 38.2726 13.3264 23.8567 8.21189 25.1815 31.623 41.1892 26.9598 33.3209 26.2503 23.5884 24.8551 35.5445 28.7386 18.6579 15.3974 39.6273 48.3617 22.2898 27.5278 23.6002 17.759 32.4726 50.4533 34.0663 44.1331 35.2644 15.9515 42.3886 10.9681 24.1505 38.5221 20.9158 11.0508 50.7901 16.0446 41.6386 31.35 12.0901 14.4305 42.1068 32.1023 3.61935 25.6553 14.7458 5.15043 29.9897 18.7173 18.7438 10.3422 42.742 14.3143 32.3118 35.1672 43.3723 24.2531 22.0284 16.4149 29.3882 40.9618 6.72536 29.6777 40.8223 10.7127 44.5233 8.03965 31.0867 31.5785 12.9558 27.4153 16.7221 15.1832 20.0806 29.1846 42.215 36.8894 25.8879 35.3149 20.1307 22.2032 3.14239 38.1873 3.03197 28.5044 47.0527 28.9503 3.95721 20.4784 34.2426 37.2162 32.5628 42.6121 25.2226 36.6314 27.5518 45.0584 20.3739 24.1532 44.7452 1.75735 8.76448 28.1213 8.37737 13.7285 22.9101 16.2182 48.7583 23.868 34.4369 3.88045 41.0894 39.4675 41.5577 27.9871 26.2893 44.1007 41.9227 8.61433 12.927 35.8131 
40.5399 28.0784 28.4542 36.078 33.0166 30.0984 11.7304 25.873 30.6448 28.6999 39.5555 4.8631 12.8042 36.5866 0 29.9241 31.7344 31.6258 3.92447 8.36555 40.3724 37.5138 28.2423 5.92637 13.3954 17.6505 12.9655 15.8325 21.8504 39.6661 2.09357 30.1404 30.3461 11.8485 9.31036 15.7267 20.0029 33.6974 16.4061 23.6826 41.5873 34.0905 14.1325 25.1973 11.6661 32.4014 28.9513 16.7192 41.8417 23.8424 26.0989 8.29013 10.1341 24.3563 17.591 30.4196 8.41624 10.1237 30.9466 18.6127 32.1242 24.8728 7.1668 26.4053 31.6421 25.5963 14.0544 20.742 39.7838 27.0772 19.2305 15.367 5.32653 26.7345 13.7202 13.5772 27.5324 27.2469 15.6867 39.7702 28.8504 30.0554 29.0498 33.1718 31.3433 22.3435 28.0719 4.98417 26.9181 20.5722 27.6284 18.495 24.5535 16.7271 20.5417 30.8516 21.1896 9.19831 11.809 24.0779 17.9352 26.5944 19.0958 18.6318 13.9853 25.7949 14.1546 24.6734 36.4991 23.333 29.0213 25.1503 17.6118 22.7464 28.5526 14.4012 20.5656 7.29522 7.05159 31.6437 29.2284 14.0656 16.3961 37.4132 19.305 28.3353 31.7781 6.90179 23.007 20.3074 26.2946 27.6442 27.2567 9.81868 24.2923 6.79916 26.293 14.7896 25.5085 12.8517 25.9269 31.6778 15.7434 7.07334 27.843 7.98608 38.104 28.741 5.03344 26.4502 25.7395 27.0519 35.4213 16.607 22.0158 7.96885 4.92062 12.6838 15.361 30.5549 15.5542 34.3294 15.3859 33.9403 12.4626 10.7843 13.3122 34.9076 32.9796 13.954 7.32623 11.4457 6.13165 23.8359 19.9281 31.5388 11.2038 21.2932 15.6402 12.3896 36.3224 40.8091 12.8573 33.2961 22.9971 25.6728 29.2871 12.1749 20.6252 24.0582 35.6174 30.2044 12.3148 8.0035 17.4581 12.8969 8.86522 17.3204 28.6089 36.5582 28.9249 
13.0964 9.3893 10.6062 31.4061 4.25067 26.9618 37.7983 9.07831 18.5117 33.6164 13.7511 33.405 37.467 6.72481 29.9241 0 1.95439 14.8968 26.8675 38.2345 10.9775 7.63754 32.8329 34.029 16.5389 25.2179 30.2223 18.8311 8.29216 10.7786 31.9254 5.9994 18.3118 33.5661 39.0102 15.3099 23.0882 5.26058 13.9198 8.52058 14.4983 4.16932 42.2291 6.36994 41.235 14.764 14.4648 20.8471 13.8289 14.4137 18.9679 29.2011 31.8076 11.7068 22.4259 28.5072 27.0862 35.5975 33.2805 26.69 5.42106 11.7986 30.3304 11.2664 14.9549 10.6136 19.2902 9.56167 11.2045 16.0151 31.0659 25.5335 24.7438 7.22859 42.716 16.5596 9.12967 25.9284 19.9879 10.0204 11.86 33.4212 9.17805 22.4061 6.70878 20.8694 28.305 34.5833 23.6672 28.5768 21.7032 17.3595 21.0602 30.1907 24.08 15.2746 8.75467 32.9474 41.6774 18.3441 21.3954 20.3401 11.3614 26.4426 43.8343 28.8638 38.0988 29.8546 15.0469 36.4815 6.43757 20.5078 32.2805 15.2789 6.21351 44.188 9.35905 35.1784 24.6263 9.29967 10.4471 35.5541 25.8632 7.8238 20.6982 11.9467 3.12835 23.4114 12.9453 12.339 4.00587 37.2672 10.9242 26.1886 29.7131 36.6977 19.4758 15.3084 11.1204 23.5128 35.402 5.3036 23.3625 34.0997 5.23556 37.8817 10.2717 26.5107 24.9037 7.39349 22.4629 13.4982 13.9405 13.3714 23.5971 35.4919 30.1651 19.691 29.7996 18.1782 15.5131 5.25308 31.7996 4.04237 22.5244 40.4627 22.4235 5.50954 19.3022 27.8149 30.9085 25.9878 35.9791 19.946 31.6587 25.3223 38.3467 14.3759 17.6085 38.5082 6.43244 12.4221 22.1723 6.97067 7.35972 19.4095 13.9081 42.0865 19.1113 28.9837 6.21722 36.0497 33.5043 35.1532 21.811 20.1801 37.376 35.5556 2.50541 12.6673 30.967 
11.2772 9.50661 11.9804 32.7169 3.98744 28.4698 39.3631 9.66786 18.3703 34.1371 12.1274 35.1273 39.4142 5.15972 31.7344 1.95439 0 15.9745 28.6107 40.0217 9.02452 5.77963 33.3572 35.7265 18.3714 27.124 31.5702 20.7796 9.97153 8.84002 33.7206 5.66711 18.1977 35.0136 40.7724 16.8846 24.9434 3.58034 15.8323 9.65145 12.6958 2.53901 44.1453 7.52306 43.0962 14.2579 15.8102 22.7753 11.9402 15.0535 20.5664 30.7467 33.7569 13.459 24.3346 30.0336 28.635 37.5335 33.6359 27.6996 5.87537 13.5103 31.9232 12.8566 14.563 12.2922 20.721 11.4942 9.28797 16.2377 32.1012 26.7362 26.5863 8.90696 44.6077 18.2935 10.6361 27.5515 21.2579 8.1064 11.8116 33.8433 9.09627 23.5983 7.51145 22.6502 29.9319 36.4295 25.2726 30.4389 21.9545 18.4839 22.7506 32.12 25.9229 15.0018 10.6165 34.4936 43.4608 20.0491 22.46 21.9223 13.2958 27.449 45.6696 29.4353 40.0504 30.5283 13.9778 37.4256 6.44167 22.1668 33.4278 16.0263 6.37564 46.0326 11.1803 37.0786 26.2927 8.66256 10.3261 36.9473 27.0045 5.87564 22.5744 13.3348 3.35324 25.2785 13.7585 13.5931 5.96021 37.9842 12.4335 28.1382 30.4085 38.4934 19.816 17.0458 11.6454 25.4667 36.1593 5.90955 24.5561 35.7531 5.75439 39.7043 8.46137 26.7954 26.7062 8.01988 22.8978 15.0114 12.9424 15.1432 24.3478 37.1486 31.8357 21.6384 31.7404 19.453 17.0871 4.5476 33.0518 2.22786 24.4787 42.3147 23.7912 3.56477 20.4002 29.0973 32.8396 27.4034 37.8085 20.5252 33.552 26.712 39.9567 15.3367 18.9935 40.4458 4.58988 10.5123 24.1267 5.72603 9.30668 21.0347 15.2129 43.8828 20.9557 29.6773 4.26711 36.5602 35.4582 37.0663 22.9052 22.1319 39.0631 36.7934 3.45658 11.3816 31.3813 
26.3287 23.6081 4.88408 16.9708 12.6949 13.7281 42.3528 22.4695 32.7335 45.4928 27.7901 36.2434 33.8843 16.2279 31.6258 14.8968 15.9745 0 30.1295 39.5746 22.3152 18.3886 44.7206 37.1774 20.4745 18.4248 37.4653 15.9393 17.5077 23.0505 33.6884 20.8142 32.492 39.6553 40.7392 22.8073 15.2396 19.4467 17.0179 20.4786 27.7589 15.8337 40.0039 18.9254 40.7719 29.5069 2.68998 15.9877 26.4649 26.995 7.7995 34.689 28.5716 7.80111 16.3214 15.3376 32.7735 32.9613 45.8018 36.543 10.3528 7.23359 35.1808 6.00516 29.5922 7.12999 27.1645 14.5405 23.7682 29.6054 40.4696 34.2832 26.5348 8.88976 41.3071 22.0041 6.64571 13.8455 28.9248 20.5907 26.1684 45.6922 23.6628 7.69349 8.52094 11.9667 16.0645 35.0218 11.6401 19.9856 34.9455 27.5464 10.6005 23.5987 15.7308 29.7701 15.7975 38.079 42.8455 8.93994 31.4099 8.60701 15.0625 36.3323 43.8193 40.7109 33.9642 41.2205 29.9033 46.1499 21.0112 9.72999 40.882 27.402 20.6555 43.938 16.5937 34.085 29.2847 24.1696 24.9145 42.0053 34.9869 19.6682 14.0168 4.00609 12.7247 24.8806 25.1342 22.7679 13.2908 48.1328 5.48033 23.7284 40.9873 38.0026 32.5734 21.0797 24.3926 20.1422 46.1355 10.182 32.391 37.8497 19.3923 38.5517 23.7299 39.4741 27.4657 20.9808 35.1133 4.60418 28.8211 19.3637 34.9728 39.0822 34.067 18.9425 23.8994 4.01023 22.9648 13.2588 39.6781 16.3829 19.8876 40.2801 30.3252 18.6096 4.42571 35.7842 29.0398 33.0658 36.6647 32.2533 23.5612 11.3683 42.3243 25.7885 26.1277 35.5318 17.6021 24.9436 19.4429 21.6899 13.5735 8.46256 2.36753 42.9852 12.1205 40.3015 19.0495 47.8924 29.3349 33.605 31.613 18.7864 40.3997 43.2999 16.8608 27.3549 43.3433 
36.9825 24.3798 26.5318 36.4482 30.2016 30.34 12.2311 22.2159 26.7208 25.5202 35.8934 6.56669 16.4012 33.5813 3.92447 26.8675 28.6107 30.1295 0 11.5205 37.0587 34.3713 25.0105 7.30242 10.5872 18.327 10.4105 14.9368 18.6465 36.2745 5.42469 26.6342 26.4224 10.5172 12.1751 12.1525 20.1721 30.3548 13.9117 20.1579 37.9884 31.0328 18.0566 21.7919 15.4172 28.5367 27.5109 16.4078 38.3222 19.9648 25.3851 5.89217 12.9132 22.5499 17.6596 30.8611 5.18632 13.732 27.6115 15.1539 29.5113 23.0953 5.53123 24.5756 27.7666 23.6632 10.1541 18.0476 36.3506 23.1655 16.3407 11.8249 4.01823 24.3744 17.5896 10.3172 25.4295 27.5359 11.7637 36.5551 25.0463 26.7799 25.3611 32.5569 28.9047 22.0448 28.6646 8.84329 26.8814 21.7526 23.7447 14.5838 24.2205 18.5084 20.8834 26.9642 18.2467 8.31074 14.9213 23.3185 14.0665 26.0688 16.5369 15.1453 17.5153 22.3152 17.6963 21.328 32.6836 20.9744 25.4864 24.7074 15.0742 18.8521 25.0352 17.9916 17.5518 11.1623 3.12717 27.971 25.4816 12.926 12.8841 34.1703 19.007 26.5839 28.9363 5.54645 19.1917 16.6292 23.419 24.9786 25.3836 10.8894 20.9497 10.0667 22.377 11.5654 21.7443 13.1138 23.1541 29.0755 11.9781 7.75093 24.407 11.5292 34.6151 25.0204 2.73417 22.8923 21.8915 25.5257 31.6227 13.5012 18.2513 9.04518 3.95831 11.5636 17.1671 29.5374 11.9686 31.4997 12.9723 30.834 12.3756 14.495 9.44061 31.6582 31.9679 10.7953 10.1916 7.9721 9.80196 19.931 21.725 31.4405 12.2318 17.4431 11.7784 16.1714 33.1959 37.3413 12.6876 29.7964 20.2442 25.0406 27.7634 15.4066 20.02 20.6547 32.3577 27.1845 15.235 11.7932 13.6054 12.0212 10.6619 15.56 25.3763 32.84 25.4923 
48.4818 35.7997 36.6461 42.0949 41.3776 36.4156 8.76923 33.6769 37.2021 31.5993 47.3279 5.59579 12.7775 44.9165 8.36555 38.2345 40.0217 39.5746 11.5205 0 48.5601 45.7968 31.3223 5.6753 21.7348 23.9167 15.8788 23.6417 30.0904 47.7919 6.31596 38.1512 36.9234 12.6378 1.42964 23.6684 26.7375 41.8617 24.7705 31.6749 49.4673 42.4035 9.8374 33.3075 5.28739 39.582 36.8858 24.0652 49.833 31.0183 33.5248 12.3328 13.8161 32.5217 24.5445 36.465 13.7519 10.8396 34.2481 22.9718 40.4868 33.0216 10.6438 34.5677 38.7664 33.8067 21.2517 29.106 47.871 33.9454 21.9718 20.2648 13.6808 35.0682 8.10234 21.7663 35.7961 33.5802 22.3809 48.0192 36.2996 33.1966 36.7885 40.3954 39.6853 29.4762 33.9762 4.7454 33.6499 25.9438 33.4797 25.4983 31.6592 21.398 27.056 37.904 29.5213 10.2851 3.4468 31.5811 23.9723 33.8403 27.4608 23.0756 6.25919 29.7954 14.1272 28.2843 43.8771 24.3761 36.9986 32.3485 19.6924 29.8277 36.551 6.85943 28.8777 7.41563 14.2998 39.4078 36.8386 13.8066 21.1058 45.6455 26.5364 36.4492 40.136 15.2147 30.4542 28.0904 34.6449 29.157 35.4335 16.413 27.9149 1.58723 32.5495 23.0023 33.0893 19.9205 27.826 40.0398 21.3794 6.82766 35.9266 1.87415 46.1326 33.5888 13.3389 34.4004 31.3655 35.0543 42.8622 24.8785 27.3065 6.05934 9.28607 20.7176 20.1376 38.1701 23.4827 42.6894 17.5264 42.236 19.8606 4.32033 19.6213 43.1348 40.5636 18.0121 11.7395 16.6434 3.11143 29.9869 24.2794 38.238 7.27219 28.6274 23.0001 11.1793 44.6116 48.8607 20.2933 41.3134 31.3589 33.0349 37.2699 3.8861 28.0817 27.8883 43.8389 32.5625 15.0758 8.46393 23.4166 20.7983 4.44238 17.7047 36.8415 44.2176 32.632 
5.00535 14.3806 19.4858 39.2319 10.0967 35.8025 47.1501 15.8202 20.6505 38.1047 7.59906 43.4724 48.4323 6.09955 40.3724 10.9775 9.02452 22.3152 37.0587 48.5601 0 3.98718 37.3643 43.9873 27.1354 35.9258 38.6911 29.7615 18.5345 1.64236 42.3047 10.8446 20.6116 42.4323 49.2259 25.0057 33.5651 6.71009 24.7904 17.1063 6.17264 7.32863 53.0838 15.2903 51.8677 15.6597 22.9918 31.6722 4.42751 20.5724 28.3716 38.5468 42.7787 21.8953 33.1537 37.4088 36.4702 46.5276 36.9479 33.7248 12.3751 21.8361 39.8663 20.881 16.3934 20.5693 28.3351 20.4961 2.37806 20.1991 38.1001 33.4599 35.3373 17.3267 53.4729 26.8074 18.5685 35.3169 28.3643 1.82406 15.5647 37.4221 13.4839 29.9183 14.2569 31.0294 37.6804 45.165 33.0096 39.061 25.4585 25.2545 30.8214 41.0073 34.4944 17.2452 19.5036 42.2568 51.9772 28.2117 28.8596 29.643 22.2985 33.4707 54.3535 33.7696 49.0746 35.2174 12.6688 42.9683 12.0683 30.1409 39.8058 21.7907 12.4033 54.7467 19.9864 45.9757 34.5246 11.3017 14.2107 44.1534 33.5109 3.16991 31.2828 20.7854 10.7097 34.1019 19.9435 21.0099 14.9805 42.6311 20.2649 37.1605 35.1853 47.0636 23.8349 25.5847 17.2663 34.4772 41.008 12.702 31.3104 43.8674 12.7455 48.3585 4.10741 30.1185 35.3418 14.6093 27.0406 22.7284 12.3106 23.7913 29.5762 45.2651 40.0332 30.6583 40.679 26.229 25.2011 9.18911 39.8128 7.12013 33.4996 51.0581 31.1327 5.53984 26.5306 36.0383 41.8231 34.8238 46.4884 25.3607 42.2876 33.6495 47.8967 21.8127 26.5235 49.4431 5.00593 3.05765 33.1447 7.91357 18.3283 28.9176 22.3063 52.4412 29.5654 34.4727 4.81737 40.415 44.4814 46.0001 29.386 31.1563 47.2717 43.4423 11.7917 9.63478 35.0169 
