50
3.42078 4.05492 0.869073 0
9.19942 19.0246 0.48871 0
14.9825 16.4134 2.03496 0
5.6639 7.37934 0.779367 0
15.3741 15.607 12.6113 0
16.7012 19.717 0.336014 0
15.9255 20.0177 21.6763 0
6.10034 17.181 2.03442 0
9.28548 14.282 2.22693 0
14.0794 20.1326 2.14931 0
1.31304 17.6222 2.09903 0
6.92585 10.9265 1.02986 0
8.97469 19.7261 0.384948 0
12.9668 21.8149 2.2542 0
5.84577 21.9609 13.2356 0
14.732 23.8514 23.6567 0
17.3492 19.2206 1.19173 0
1.54791 2.02363 1.44808 0
10.3921 18.6604 1.9729 1
5.02191 18.0649 1.34133 0
7.07158 11.0406 0.26562 0
2.43893 10.8749 0.798139 0
4.61712 9.07174 1.76908 0
1.03085 13.5982 1.10767 0
14.7388 21.3737 0.594437 0
12.82 18.2404 1.98558 1
1.09915 11.0809 0.408478 0
7.79595 8.79155 4.75479 0
13.6698 21.8278 2.1603 0
7.3028 19.8064 29.6836 0
8.12049 22.9604 6.46295 0
1.84371 4.38927 1.71999 0
15.4098 23.3021 1.92691 0
7.6823 19.2988 0.497234 0
1.53968 15.3843 0.864101 0
16.9994 21.0747 1.19207 0
13.2187 23.7887 1.48495 1
7.35156 7.49219 1.89861 0
13.9165 18.4189 0.272197 0
5.3144 17.8989 1.76718 0
9.96844 17.5322 1.72692 0
2.75399 22.0018 0.767485 0
9.48548 14.4828 0.538567 0
16.2967 20.4301 13.9854 0
18.6485 21.7754 0.406761 0
5.99268 22.7197 1.32137 1
14.9148 19.7588 2.07362 0
8.14817 9.54857 1.58113 0
13.1871 13.6996 1.39409 0
11.7933 19.4511 1.79089 0
400 50 500
0.025 0.0125 10000 3000 15 1e+06 300000 4 6
0 29.2495 26.9324 23.5342 10.6515 11.0327 7.44993 22.1447 20.3514 15.0539 17.5446 27.1742 21.4353 21.1828 23.9273 23.8133 25.6186 14.9815 13.7009 29.8767 23.6514 2.66343 32.6645 10.002 33.029 3.1683 39.3084 18.9118 15.6509 8.32533 19.6229 32.367 15.64 12.4764 35.6198 5.59528 21.4744 14.2878 12.8122 4.85862 14.4339 24.9321 16.5797 13.2373 19.4519 19.9094 26.613 19.7223 15.453 9.35706 11.9313 
29.2495 0 10.9525 26.0164 18.6004 32.88 30.502 31.7181 41.1894 29.4894 21.882 27.0297 11.8414 13.4021 5.3382 10.7533 32.4879 23.32 36.2783 22.5656 23.0889 27.0605 4.2762 35.5149 26.2425 32.3277 31.5798 13.8811 30.6917 22.8213 24.179 5.98524 15.3669 37.4153 19.6317 23.8451 13.6779 27.5967 24.1236 25.4375 15.3064 28.149 36.628 18.7617 19.188 15.8627 12.1859 38.2674 26.9196 25.8701 26.3519 
26.9324 10.9525 0 32.4901 17.6216 33.9901 30.7809 36.8305 43.441 32.6363 13.6046 34.4497 5.534 5.87045 10.5095 3.21245 38.5241 15.9069 37.4946 31.3866 29.9895 25.5063 10.5678 35.4742 35.3269 29.5424 41.2339 8.02571 22.8936 18.8667 29.582 8.40294 11.3363 37.7605 30.0869 22.6121 20.2861 20.1442 17.4936 22.2317 13.0824 34.7308 38.8188 21.2025 24.8826 7.87515 21.1852 41.1402 30.5437 27.249 19.7972 
23.5342 26.0164 32.4901 0 19.8339 16.914 17.9175 6.86549 19.8408 10.3581 33.0088 3.65502 28.4444 29.5902 22.6343 29.8299 6.50514 31.9539 18.5741 8.73228 3.06688 21.1424 30.2306 21.0934 10.3489 25.9264 16.0386 27.6706 36.6778 25.2082 4.04065 31.8668 25.1717 21.3332 17.2057 19.9198 12.5281 34.093 30.742 24.2878 22.6762 2.24109 16.5612 13.5856 7.64894 30.4699 14.6403 16.291 8.50879 14.1879 31.5355 
10.6515 18.6004 17.6216 19.8339 0 16.4026 13.1646 21.7338 26.0035 16.044 13.2949 23.0061 12.1609 12.4858 13.2758 14.4094 24.3879 12.123 19.8963 23.3953 18.5789 8.51806 22.0923 17.9368 27.1539 13.7527 33.7099 10.1084 17.5005 6.11031 15.9325 21.9796 6.73318 20.17 27.2393 5.33014 12.6456 14.6248 11.0446 7.31957 4.55052 21.8579 21.4333 6.26382 13.1167 12.2194 17.3891 23.9893 14.5792 9.91851 12.2148 
11.0327 32.88 33.9901 16.914 16.4026 0 3.73681 12.9369 9.81076 6.56399 27.4912 20.3874 28.5607 28.8512 27.7675 30.7829 16.5623 25.2347 3.51035 25.1118 18.3772 10.2446 36.9247 4.18157 27.2569 11.7491 32.7705 26.4642 26.6831 17.7985 13.996 37.4073 23.0394 4.88081 32.6896 11.9942 21.1376 25.1922 23.2148 14.8492 20.9516 17.4781 5.60206 14.12 16.6648 28.3002 25.9692 8.701 8.70863 7.03176 22.7263 
7.44993 30.502 30.7809 17.9175 13.1646 3.73681 0 15.22 13.493 8.18943 23.7832 21.5421 25.2946 25.4819 25.2641 27.5685 18.8081 21.5037 6.95515 25.4646 18.8035 6.50788 34.4158 5.01457 28.0611 8.67476 33.956 23.0955 23.0585 14.0917 14.4316 34.6981 19.6587 7.04166 32.4313 8.42256 19.7372 21.4873 19.4784 11.1124 17.6988 18.8992 9.33439 11.9814 15.9923 24.799 24.7934 12.4014 9.41098 5.05469 19.0058 
22.1447 31.7181 36.8305 6.86549 21.7338 12.9369 15.22 0 13.3196 7.10187 34.9416 9.06504 32.1998 33.1037 27.7296 33.9125 3.62826 33.3888 13.4809 15.3717 9.78301 20.2296 35.9895 16.932 16.1219 23.8703 20.639 30.9427 36.9139 26.0406 7.54454 37.363 27.9868 16.4913 23.9787 20.0645 18.0441 34.7245 31.8129 24.2441 25.473 5.93083 10.7539 16.0771 12.541 33.5248 21.0631 9.77742 7.28476 13.3148 32.1195 
20.3514 41.1894 43.441 19.8408 26.0035 9.81076 13.493 13.3196 0 11.7783 37.2755 22.3837 38.0987 38.4893 36.3544 40.2547 16.0362 34.9667 6.65827 28.5512 22.3844 19.9589 45.3811 10.6731 29.4313 20.2337 33.56 36.1097 35.8381 27.5847 18.7351 46.1644 32.7082 8.46372 37.0275 21.7988 28.2863 34.6392 32.9043 24.541 30.5231 19.2403 4.63934 22.7295 22.997 38.0472 32.4687 3.55647 14.4696 16.1923 32.2567 
15.0539 29.4894 32.6363 10.3581 16.044 6.56399 8.18943 7.10187 11.7783 0 28.8333 13.8259 27.553 28.2052 24.7868 29.5322 10.6431 27.032 8.47519 18.6987 11.9991 13.2248 33.7115 10.7456 20.7061 16.7929 26.2231 25.9018 30.0377 19.5338 7.72617 34.6237 22.6769 11.0467 26.5703 13.4234 16.5207 27.9954 25.3035 17.4172 20.2606 10.9541 7.41201 11.4617 11.3412 28.2263 20.8598 8.7875 2.73358 6.59067 25.4011 
17.5446 21.882 13.6046 33.0088 13.2949 27.4912 23.7832 34.9416 37.2755 28.8333 0 36.0195 10.0668 8.60524 18.1713 11.6857 37.6766 2.8151 30.6839 35.4363 31.4789 17.3465 23.2797 27.4431 39.3835 19.2105 45.8873 8.14073 9.29206 9.69286 29.1799 21.6416 8.50035 29.9176 37.3369 15.6842 23.7217 6.61145 4.99389 12.8546 10.6751 35.0857 33.0191 19.4444 25.8824 6.11546 27.1984 35.9296 27.7023 22.3081 6.91744 
27.1742 27.0297 34.4497 3.65502 23.0061 20.3874 21.5421 9.06504 22.3837 13.8259 36.0195 0 30.7762 32.025 24.243 31.9707 7.13537 35.1164 21.8164 6.65289 4.60272 24.7625 31.1221 24.5679 7.1094 29.5812 12.4287 30.2397 40.0855 28.5661 7.59234 32.9888 27.9622 24.6648 15.3031 23.441 14.1717 37.434 34.0046 27.802 25.5129 3.15694 19.5305 16.7454 10.1932 33.0979 15.0531 18.8374 12.1317 17.8352 34.8997 
21.4353 11.8414 5.534 28.4444 12.1609 28.5607 25.2946 32.1998 38.0987 27.553 10.0668 30.7762 0 1.64152 8.75673 2.37963 34.1794 11.7538 32.0569 28.5892 26.2034 19.9734 13.3532 29.9543 32.5985 24.1025 38.8311 2.64428 19.0926 13.4795 25.2101 12.0303 5.80924 32.2538 28.7844 17.0844 16.9088 16.0888 12.9298 16.7837 7.61037 30.6742 33.4952 16.2539 20.8012 4.02524 19.032 35.9115 25.6097 21.9197 15.245 
21.1828 13.4021 5.87045 29.5902 12.4858 28.8512 25.4819 33.1037 38.4893 28.2052 8.60524 32.025 1.64152 0 10.392 3.18489 35.2018 10.4848 32.3257 30.0316 27.4359 19.9018 14.6888 30.0235 34.0436 23.7213 40.3164 2.38787 17.7555 13.0294 26.2507 13.18 5.82328 32.3684 30.3925 17.1495 18.2912 14.8141 11.8379 16.4281 7.9967 31.8096 33.9158 17.0635 21.9693 2.49304 20.5909 36.423 26.3707 22.3702 14.1585 
23.9273 5.3382 10.5095 22.6343 13.2758 27.7675 25.2641 27.7296 36.3544 24.7868 18.1713 24.243 8.75673 10.392 0 8.75899 28.9362 19.1644 31.2057 20.8807 19.925 21.7232 9.16393 30.2697 24.8175 27.0179 30.7653 10.0457 26.445 17.7433 20.2237 9.83721 10.6896 32.2216 20.1073 18.5077 10.1341 23.2982 19.6569 20.2088 10.2133 24.8509 31.7499 13.7039 15.2755 12.5833 10.7173 33.569 22.3251 20.7375 21.7872 
23.8133 10.7533 3.21245 29.8299 14.4094 30.7829 27.5685 33.9125 40.2547 29.5322 11.6857 31.9707 2.37963 3.18489 8.75899 0 35.735 13.6621 34.2863 29.3373 27.4461 22.3304 11.6081 32.2677 33.3243 26.4806 39.4145 4.986 20.9018 15.8477 26.7676 10.004 8.18083 34.5499 28.8287 19.4125 17.896 17.9863 15.0149 19.162 9.87013 32.0696 35.637 18.1346 22.1867 5.59576 19.4172 37.9884 27.4944 24.0627 17.336 
25.6186 32.4879 38.5241 6.50514 24.3879 16.5623 18.8081 3.62826 16.0362 10.6431 37.6766 7.13537 34.1794 35.2018 28.9362 35.735 0 36.2784 16.9734 13.7853 9.54162 23.6101 36.7151 20.5355 13.7158 27.4358 17.5346 33.139 40.1407 29.0642 8.97237 38.3049 30.3574 20.0075 22.438 23.2144 18.9106 37.8469 34.8032 27.4757 27.8322 4.57697 14.0639 18.4264 13.6998 35.8273 21.1179 12.6117 10.406 16.5957 35.2434 
14.9815 23.32 15.9069 31.9539 12.123 25.2347 21.5037 33.3888 34.9667 27.032 2.8151 35.1164 11.7538 10.4848 19.1644 13.6621 36.2784 0 28.3373 35.0473 30.6511 15.0091 25.1064 24.9482 38.9295 16.4935 45.4742 9.44645 7.37402 7.54816 28.0293 23.6643 8.73939 27.4261 37.5967 13.6758 23.5445 4.33612 2.22162 10.433 10.4449 33.9593 30.8067 18.385 25.115 8.10445 27.423 33.7817 26.1085 20.4508 4.1287 
13.7009 36.2783 37.4946 18.5741 19.8963 3.51035 6.95515 13.4809 6.65827 8.47519 30.6839 21.8164 32.0569 32.3257 31.2057 34.2863 16.9734 28.3373 0 27.1102 20.449 13.3419 40.353 4.39063 28.8655 13.764 33.9762 29.9379 29.242 21.0054 16.2011 40.8793 26.5079 3.05236 35.0447 15.3649 24.2264 27.9877 26.2608 17.9053 24.4466 18.7445 3.4638 17.5218 19.4653 31.7233 28.9136 6.5413 11.0511 10.497 25.5988 
29.8767 22.5656 31.3866 8.73228 23.3953 25.1118 25.4646 15.3717 28.5512 18.6987 35.4363 6.65289 28.5892 30.0316 20.8807 29.3373 13.7853 35.0473 27.1102 0 6.73624 27.2734 26.3688 29.2338 4.01238 32.6477 10.451 28.6207 40.8958 29.416 11.136 28.5287 26.9901 29.7437 8.66808 25.2659 11.8256 37.9932 34.3239 29.4348 24.7713 9.51964 25.267 17.545 10.5872 31.536 10.4306 24.9965 16.4136 20.9864 35.6101 
23.6514 23.0889 29.9895 3.06688 18.5789 18.3772 18.8035 9.78301 22.3844 11.9991 31.4789 4.60272 26.2034 27.4359 19.925 27.4461 9.54162 30.6511 20.449 6.73624 0 21.1217 27.2771 22.4978 9.39076 26.281 15.6925 25.6381 35.8402 24.2883 4.40556 28.9807 23.3723 23.032 14.7179 19.4682 9.79255 33.1127 29.6147 23.7832 20.9336 5.06906 18.7958 12.3513 5.60801 28.4952 11.5804 18.8673 9.67741 14.5086 30.6104 
2.66343 27.0605 25.5063 21.1424 8.51806 10.2446 6.50788 20.2296 19.9589 13.2248 17.3465 24.7625 19.9734 19.9018 21.7232 22.3304 23.6101 15.0091 13.3419 27.2734 21.1217 0 30.6092 10.2734 30.48 5.75403 36.8032 17.5589 16.8804 7.69341 17.1811 30.4645 14.1737 12.7105 32.9564 3.21554 18.8354 15.0822 12.9709 4.60488 12.6522 22.6341 15.8384 10.5838 16.8132 18.8952 23.9828 18.8765 13.2884 7.08144 12.5571 
32.6645 4.2762 10.5678 30.2306 22.0923 36.9247 34.4158 35.9895 45.3811 33.7115 23.2797 31.1221 13.3532 14.6888 9.16393 11.6081 36.7151 25.1064 40.353 26.3688 27.2771 30.6092 0 39.4158 29.9063 35.672 34.9218 15.7871 32.4308 25.7173 28.4523 2.71304 17.9468 41.3837 22.5213 27.4082 17.9464 29.4418 26.2193 28.5843 18.3701 32.344 40.8024 22.8352 23.4626 17.1675 16.1378 42.4956 31.1611 29.8969 28.5169 
10.002 35.5149 35.4742 21.0934 17.9368 4.18157 5.01457 16.932 10.6731 10.7456 27.4431 24.5679 29.9543 30.0235 30.2697 32.2677 20.5355 24.9482 4.39063 29.2338 22.4978 10.2734 39.4158 0 31.4335 9.56328 36.944 27.6515 25.2234 17.9117 18.1011 39.6569 24.2236 2.47793 36.6713 12.8805 24.5514 24.1891 22.7989 14.593 22.416 21.646 7.82276 16.9668 20.4401 29.1392 29.5309 10.9318 12.8206 9.91634 21.9061 
33.029 26.2425 35.3269 10.3489 27.1539 27.2569 28.0611 16.1219 29.4313 20.7061 39.3835 7.1094 32.5985 34.0436 24.8175 33.3243 13.7158 38.9295 28.8655 4.01238 9.39076 30.48 29.9063 31.4335 0 35.6715 6.55726 32.6286 44.6354 33.1109 13.6484 32.1632 30.9582 31.667 9.86441 28.6828 15.8288 41.7765 38.1418 32.9331 28.7105 10.2617 26.6384 21.1586 14.1378 35.544 14.2418 25.8975 18.7306 23.8936 39.3571 
3.1683 32.3277 29.5424 25.9264 13.7527 11.7491 8.67476 23.8703 20.2337 16.7929 19.2105 29.5812 24.1025 23.7213 27.0179 26.4806 27.4358 16.4935 13.764 32.6477 26.281 5.75403 35.672 9.56328 35.6715 0 41.8515 21.5229 15.7258 10.6959 22.1205 35.2861 18.3623 11.8986 38.6289 8.76333 24.5869 14.9799 14.2726 7.31885 17.3541 27.17 16.9793 16.3255 22.3417 22.2548 29.7365 20.1613 17.6029 11.7941 12.9337 
39.3084 31.5798 41.2339 16.0386 33.7099 32.7705 33.956 20.639 33.56 26.2231 45.8873 12.4287 38.8311 40.3164 30.7653 39.4145 17.5346 45.4742 33.9762 10.451 15.6925 36.8032 34.9218 36.944 6.55726 41.8515 0 38.9952 51.1868 39.6559 19.731 37.3466 37.4372 36.9053 12.8623 35.1282 22.2409 48.3332 44.6986 39.4095 35.2216 15.303 31.3925 27.6921 20.6707 41.9072 20.0523 30.1452 24.5463 30.0589 45.9103 
18.9118 13.8811 8.02571 27.6706 10.1084 26.4642 23.0955 30.9427 36.1097 25.9018 8.14073 30.2397 2.64428 2.38787 10.0457 4.986 33.139 9.44645 29.9379 28.6207 25.6381 17.5589 15.7871 27.6515 32.6286 21.5229 38.9952 0 16.8205 10.8674 24.2218 14.6062 3.43724 29.9898 29.597 14.7735 16.8029 13.7493 10.4323 14.2085 5.65142 29.8728 31.5414 14.8704 20.1019 2.91543 19.5897 34.067 24.1238 20.006 12.7313 
15.6509 30.6917 22.8936 36.6778 17.5005 26.6831 23.0585 36.9139 35.8381 30.0377 9.29206 40.0855 19.0926 17.7555 26.445 20.9018 40.1407 7.37402 29.242 40.8958 35.8402 16.8804 32.4308 25.2234 44.6354 15.7258 51.1868 16.8205 0 11.5552 32.645 30.8945 15.8401 27.6073 44.2458 16.9439 29.8519 3.15665 6.92324 12.6721 17.1328 38.4938 32.2223 23.5316 30.5339 15.3062 34.1163 35.3718 29.7364 23.5992 5.28676 
8.32533 22.8213 18.8667 25.2082 6.11031 17.7985 14.0917 26.0406 27.5847 19.5338 9.69286 28.5661 13.4795 13.0294 17.7433 15.8477 29.0642 7.54816 21.0054 29.416 24.2883 7.69341 25.7173 17.9117 33.1109 10.6959 39.6559 10.8674 11.5552 0 21.1942 25.0241 7.87852 20.3699 33.3158 6.13422 18.7373 8.88608 5.78017 3.46981 7.53378 27.0903 23.3348 11.9793 18.9903 11.6054 23.3764 26.2717 18.7598 12.9435 6.33372 
19.6229 24.179 29.582 4.04065 15.9325 13.996 14.4316 7.54454 18.7351 7.72617 29.1799 7.59234 25.2101 26.2507 20.2237 26.7676 8.97237 28.0293 16.2011 11.136 4.40556 17.1811 28.4523 18.1011 13.6484 22.1205 19.731 24.2218 32.645 21.1942 0 29.8213 21.544 18.6987 18.8442 15.882 10.5139 30.0803 26.7646 20.2494 19.0256 5.93031 14.8237 9.73946 4.99649 26.952 13.9156 15.3224 5.28754 10.3292 27.5159 
32.367 5.98524 8.40294 31.8668 21.9796 37.4073 34.6981 37.363 46.1644 34.6237 21.6416 32.9888 12.0303 13.18 9.83721 10.004 38.3049 23.6643 40.8793 28.5287 28.9807 30.4645 2.71304 39.6569 32.1632 35.2861 37.3466 14.6062 30.8945 25.0241 29.8213 0 17.1525 41.7206 25.0783 27.306 19.4078 27.9902 24.953 28.0698 17.9389 34.0253 41.5491 23.4597 24.828 15.5923 18.1688 43.4046 32.1567 30.3831 27.2709 
15.64 15.3669 11.3363 25.1717 6.73318 23.0394 19.6587 27.9868 32.7082 22.6769 8.50035 27.9622 5.80924 5.82328 10.6896 8.18083 30.3574 8.73939 26.5079 26.9901 23.3723 14.1737 17.9468 24.2236 30.9582 18.3623 37.4372 3.43724 15.8401 7.87852 21.544 17.1525 0 26.5558 28.9358 11.3434 15.2334 12.6835 8.98386 11.0529 2.52524 27.3306 28.1541 11.9442 17.769 5.56416 18.7698 30.7219 21.0204 16.6514 11.0982 
12.4764 37.4153 37.7605 21.3332 20.17 4.88081 7.04166 16.4913 8.46372 11.0467 29.9176 24.6648 32.2538 32.3684 32.2216 34.5499 20.0075 27.4261 3.05236 29.7437 23.032 12.7105 41.3837 2.47793 31.667 11.8986 36.9053 29.9898 27.6073 20.3699 18.6987 41.7206 26.5558 0 37.4831 15.22 25.9806 26.6351 25.2764 17.0654 24.6831 21.6316 6.38891 18.7221 21.543 31.5383 30.8427 9.26213 13.4392 11.5892 24.3695 
35.6198 19.6317 30.0869 17.2057 27.2393 32.6896 32.4313 23.9787 37.0275 26.5703 37.3369 15.3031 28.7844 30.3925 20.1073 28.8287 22.438 37.5967 35.0447 8.66808 14.7179 32.9564 22.5213 36.6713 9.86441 38.6289 12.8623 29.597 44.2458 33.3158 18.8442 25.0783 28.9358 37.4831 0 30.419 14.5992 41.1571 37.3669 34.156 27.1954 18.177 33.5129 22.4521 16.4869 32.3864 10.1738 33.4853 24.0492 27.5685 39.0445 
5.59528 23.8451 22.6121 19.9198 5.33014 11.9942 8.42256 20.0645 21.7988 13.4234 15.6842 23.441 17.0844 17.1495 18.5077 19.4125 23.2144 13.6758 15.3649 25.2659 19.4682 3.21554 27.4082 12.8805 28.6828 8.76333 35.1282 14.7735 16.9439 6.13422 15.882 27.306 11.3434 15.22 30.419 0 16.0555 14.66 11.8846 4.36873 9.61143 21.6327 17.4112 7.97626 14.6848 16.3803 21.15 20.2617 12.8243 6.83665 12.055 
21.4744 13.6779 20.2861 12.5281 12.6456 21.1376 19.7372 18.0441 28.2863 16.5207 23.7217 14.1717 16.9088 18.2912 10.1341 17.896 18.9106 23.5445 24.2264 11.8256 9.79255 18.8354 17.9464 24.5514 15.8288 24.5869 22.2409 16.8029 29.8519 18.7373 10.5139 19.4078 15.2334 25.9806 14.5992 16.0555 0 26.8204 23.0599 19.6026 13.1285 14.7314 23.9033 8.279 5.54662 19.7183 5.16831 25.1288 13.8167 14.686 24.5984 
14.2878 27.5967 20.1442 34.093 14.6248 25.1922 21.4873 34.7245 34.6392 27.9954 6.61145 37.434 16.0888 14.8141 23.2982 17.9863 37.8469 4.33612 27.9877 37.9932 33.1127 15.0822 29.4418 24.1891 41.7765 14.9799 48.3332 13.7493 3.15665 8.88608 30.0803 27.9902 12.6835 26.6351 41.1571 14.66 26.8204 0 3.79342 10.6034 14.0056 35.9739 30.7867 20.7658 27.7256 12.41 31.0133 33.8863 27.4774 21.4543 2.60528 
12.8122 24.1236 17.4936 30.742 11.0446 23.2148 19.4784 31.8129 32.9043 25.3035 4.99389 34.0046 12.9298 11.8379 19.6569 15.0149 34.8032 2.22162 26.2608 34.3239 29.6147 12.9709 26.2193 22.7989 38.1418 14.2726 44.6986 10.4323 6.92324 5.78017 26.7646 24.953 8.98386 25.2764 37.3669 11.8846 23.0599 3.79342 0 8.3692 10.2138 32.6872 28.8037 17.2704 24.1584 9.61858 27.2205 31.8132 24.5296 18.7131 2.32105 
4.85862 25.4375 22.2317 24.2878 7.31957 14.8492 11.1124 24.2441 24.541 17.4172 12.8546 27.802 16.7837 16.4281 20.2088 19.162 27.4757 10.433 17.9053 29.4348 23.7832 4.60488 28.5843 14.593 32.9331 7.31885 39.4095 14.2085 12.6721 3.46981 20.2494 28.0698 11.0529 17.0654 34.156 4.36873 19.6026 10.6034 8.3692 0 10.2147 25.9968 20.4431 11.9381 18.8517 15.0702 24.5379 23.4737 17.0698 10.9305 8.03275 
14.4339 15.3064 13.0824 22.6762 4.55052 20.9516 17.6988 25.473 30.5231 20.2606 10.6751 25.5129 7.61037 7.9967 10.2133 9.87013 27.8322 10.4449 24.4466 24.7713 20.9336 12.6522 18.3701 22.416 28.7105 17.3541 35.2216 5.65142 17.1328 7.53378 19.0256 17.9389 2.52524 24.6831 27.1954 9.61143 13.1285 14.0056 10.2138 10.2147 0 24.8263 25.9356 9.42074 15.3257 8.05577 17.0307 28.4263 18.5407 14.3774 12.0737 
24.9321 28.149 34.7308 2.24109 21.8579 17.4781 18.8992 5.93083 19.2403 10.9541 35.0857 3.15694 30.6742 31.8096 24.8509 32.0696 4.57697 33.9593 18.7445 9.51964 5.06906 22.6341 32.344 21.646 10.2617 27.17 15.303 29.8728 38.4938 27.0903 5.93031 34.0253 27.3306 21.6316 18.177 21.6327 14.7314 35.9739 32.6872 25.9968 24.8263 0 16.3885 15.6418 9.88571 32.6596 16.5925 15.6905 9.571 15.5842 33.4 
16.5797 36.628 38.8188 16.5612 21.4333 5.60206 9.33439 10.7539 4.63934 7.41201 33.0191 19.5305 33.4952 33.9158 31.7499 35.637 14.0639 30.8067 3.4638 25.267 18.7958 15.8384 40.8024 7.82276 26.6384 16.9793 31.3925 31.5414 32.2223 23.3348 14.8237 41.5491 28.1541 6.38891 33.5129 17.4112 23.9033 30.7867 28.8037 20.4431 25.9356 16.3885 0 18.1018 18.75 33.5377 28.2664 3.18234 10.1448 11.5769 28.3273 
13.2373 18.7617 21.2025 13.5856 6.26382 14.12 11.9814 16.0771 22.7295 11.4617 19.4444 16.7454 16.2539 17.0635 13.7039 18.1346 18.4264 18.385 17.5218 17.545 12.3513 10.5838 22.8352 16.9668 21.1586 16.3255 27.6921 14.8704 23.5316 11.9793 9.73946 23.4597 11.9442 18.7221 22.4521 7.97626 8.279 20.7658 17.2704 11.9381 9.42074 15.6418 18.1018 0 7.02184 17.4576 13.4447 20.1171 9.36343 7.135 18.2791 
19.4519 19.188 24.8826 7.64894 13.1167 16.6648 15.9923 12.541 22.997 11.3412 25.8824 10.1932 20.8012 21.9693 15.2755 22.1867 13.6998 25.115 19.4653 10.5872 5.60801 16.8132 23.4626 20.4401 14.1378 22.3417 20.6707 20.1019 30.5339 18.9903 4.99649 24.828 17.769 21.543 16.4869 14.6848 5.54662 27.7256 24.1584 18.8517 15.3257 9.88571 18.75 7.02184 0 22.9376 9.51909 19.743 8.6078 11.0827 25.268 
19.9094 15.8627 7.87515 30.4699 12.2194 28.3002 24.799 33.5248 38.0472 28.2263 6.11546 33.0979 4.02524 2.49304 12.5833 5.59576 35.8273 8.10445 31.7233 31.536 28.4952 18.8952 17.1675 29.1392 35.544 22.2548 41.9072 2.91543 15.3062 11.6054 26.952 15.5923 5.56416 31.5383 32.3864 16.3803 19.7183 12.41 9.61858 15.0702 8.05577 32.6596 33.5377 17.4576 22.9376 0 22.4365 36.1771 26.5838 22.1158 11.9243 
26.613 12.1859 21.1852 14.6403 17.3891 25.9692 24.7934 21.0631 32.4687 20.8598 27.1984 15.0531 19.032 20.5909 10.7173 19.4172 21.1179 27.423 28.9136 10.4306 11.5804 23.9828 16.1378 29.5309 14.2418 29.7365 20.0523 19.5897 34.1163 23.3764 13.9156 18.1688 18.7698 30.8427 10.1738 21.15 5.16831 31.0133 27.2205 24.5379 17.0307 16.5925 28.2664 13.4447 9.51909 22.4365 0 29.1509 18.1266 19.7396 28.9459 
19.7223 38.2674 41.1402 16.291 23.9893 8.701 12.4014 9.77742 3.55647 8.7875 35.9296 18.8374 35.9115 36.423 33.569 37.9884 12.6117 33.7817 6.5413 24.9965 18.8673 18.8765 42.4956 10.9318 25.8975 20.1613 30.1452 34.067 35.3718 26.2717 15.3224 43.4046 30.7219 9.26213 33.4853 20.2617 25.1288 33.8863 31.8132 23.4737 28.4263 15.6905 3.18234 20.1171 19.743 36.1771 29.1509 0 11.3676 14.0708 31.4065 
15.453 26.9196 30.5437 8.50879 14.5792 8.70863 9.41098 7.28476 14.4696 2.73358 27.7023 12.1317 25.6097 26.3707 22.3251 27.4944 10.406 26.1085 11.0511 16.4136 9.67741 13.2884 31.1611 12.8206 18.7306 17.6029 24.5463 24.1238 29.7364 18.7598 5.28754 32.1567 21.0204 13.4392 24.0492 12.8243 13.8167 27.4774 24.5296 17.0698 18.5407 9.571 10.1448 9.36343 8.6078 26.5838 18.1266 11.3676 0 6.2195 24.8723 
9.35706 25.8701 27.249 14.1879 9.91851 7.03176 5.05469 13.3148 16.1923 6.59067 22.3081 17.8352 21.9197 22.3702 20.7375 24.0627 16.5957 20.4508 10.497 20.9864 14.5086 7.08144 29.8969 9.91634 23.8936 11.7941 30.0589 20.006 23.5992 12.9435 10.3292 30.3831 16.6514 11.5892 27.5685 6.83665 14.686 21.4543 18.7131 10.9305 14.3774 15.5842 11.5769 7.135 11.0827 22.1158 19.7396 14.0708 6.2195 0 18.8535 
11.9313 26.3519 19.7972 31.5355 12.2148 22.7263 19.0058 32.1195 32.2567 25.4011 6.91744 34.8997 15.245 14.1585 21.7872 17.336 35.2434 4.1287 25.5988 35.6101 30.6104 12.5571 28.5169 21.9061 39.3571 12.9337 45.9103 12.7313 5.28676 6.33372 27.5159 27.2709 11.0982 24.3695 39.0445 12.055 24.5984 2.60528 2.32105 8.03275 12.0737 33.4 28.3273 18.2791 25.268 11.9243 28.9459 31.4065 24.8723 18.8535 0 
