50
1.9127 7.94704 0.435812 0
8.21625 18.8599 23.4812 0
3.108 22.0559 0.635563 0
16.8236 18.557 0.526917 0
16.0564 21.0068 1.69203 1
14.9562 23.9367 1.19441 1
2.55946 13.3525 0.377308 0
2.62081 23.4379 2.0423 0
8.74971 18.3728 0.634507 1
18.0806 18.1405 0.54327 0
4.87504 12.5111 21.3375 0
18.4251 20.0549 1.98772 0
9.82468 13.6299 1.32262 0
3.60684 23.9073 1.26882 1
12.2903 14.8765 1.84387 0
7.7514 13.3118 2.21081 0
5.50784 9.81144 1.19066 0
11.5293 20.3102 0.506856 1
7.12855 13.5291 1.06623 1
15.196 23.3849 2.01361 0
1.95687 14.8959 0.912109 0
11.1541 22.5643 0.763262 0
4.37186 14.0348 0.229362 0
6.39672 18.0491 1.31943 1
0.933858 6.05925 1.56597 0
16.177 17.2843 1.96555 0
4.54379 23.4445 0.614017 0
6.74412 7.44331 2.15768 0
13.8766 23.6766 18.041 1
3.07002 10.136 0.891779 0
13.8713 17.5202 12.9675 0
1.05396 18.6599 2.81749 0
6.46048 16.0234 1.06688 0
14.544 18.9967 2.20622 0
14.7506 18.8201 1.80938 0
1.7515 1.97879 1.55634 0
8.17593 18.3595 1.34228 0
2.94649 23.2831 28.1365 1
13.8791 14.3623 15.9863 0
9.79393 12.0975 1.00354 0
15.1912 21.9503 0.805061 1
2.4738 22.7511 2.1012 0
18.1281 19.6416 2.11462 0
3.02766 20.7316 0.534868 0
13.8033 19.5486 1.23579 0
1.92865 18.778 1.26887 0
17.5304 18.1998 1.5089 1
18.1038 21.4139 2.07017 1
8.70159 17.9505 0.60027 0
12.659 18.1275 0.241521 0
400 50 500
0.025 0.0125 10000 3000 15 1e+06 300000 4 6
0 12.4224 10 2.80239 17.6615 8.64905 6.40768 16.4498 14.6402 12.9369 20.213 14.2938 4.8036 14.9169 8.83382 4.03814 17.6186 18.0455 14.1842 6.39563 19.461 15.7143 9.72133 3.8691 11.1215 1.96415 18.0804 4.29582 18.7176 13.0339 11.8941 17.0937 6.87693 16.4057 15.4394 12.7725 14.3687 16.6629 5.13525 15.4725 6.42372 11.0222 3.57138 6.06143 18.1358 7.44106 17.2924 14.4813 15.6913 19.4593 19.1399 
12.4224 0 4.86186 12.0258 7.5886 14.9545 12.6216 9.95505 7.57831 17.138 15.5832 15.7794 12.5843 2.52918 8.88037 12.1393 9.1253 5.66284 6.68508 6.42397 16.2328 9.52637 15.6146 12.4037 10.3162 11.0728 10.3307 8.75037 7.96324 17.4782 14.3989 16.4924 7.00989 14.432 18.4167 17.3585 20.6238 7.48381 11.9285 13.8895 13.0629 2.22248 10.5293 9.23462 13.3285 12.2573 6.8312 2.5016 9.62809 9.77149 11.3981 
10 4.86186 0 8.63675 7.66216 10.3191 8.23063 7.30157 5.04354 12.2773 12.3958 11.0173 8.58088 7.00284 4.05135 8.35133 7.81757 9.84237 4.38499 6.13167 12.5404 6.64108 10.8891 8.66423 5.54023 8.20285 8.53409 5.7213 8.75517 12.6192 9.54243 12.0833 3.20659 10.2383 13.5947 12.5031 15.8035 6.69585 7.82924 9.55595 8.68885 5.57511 9.55375 5.06297 10.0756 7.65532 7.32456 5.56123 6.67983 9.49506 9.65737 
2.80239 12.0258 8.63675 0 16.1758 5.95417 3.60701 14.3547 12.7825 10.1846 17.7126 11.4975 2.03114 14.5528 6.55095 1.23774 15.8021 17.6749 12.4545 6.97068 16.8413 13.6187 7.02552 1.11027 8.63151 1.54746 16.1029 3.2782 17.351 10.3003 9.09618 14.3387 5.44459 13.7548 12.6595 10.0443 11.8885 15.043 2.34084 12.8169 3.64505 11.0785 5.69218 3.89601 15.7194 4.65048 15.9221 13.7444 13.5774 17.7967 17.1116 
17.6615 7.5886 7.66216 16.1758 0 16.378 14.9979 4.83318 4.08558 16.627 9.81489 14.0057 15.7735 7.05942 10.2711 15.7131 2.46549 7.40972 3.9462 13.0136 11.2208 5.01778 16.5762 16.0416 9.81218 15.8554 3.80908 13.3817 1.41228 17.0186 13.7938 13.1365 10.8357 10.8123 16.8154 17.0175 20.5445 1.42386 14.9818 10.757 15.4449 9.77881 16.9061 12.3735 8.04747 14.0692 0.860247 5.3115 5.16533 2.1829 4.53368 
8.64905 14.9545 10.3191 5.95417 16.378 0 2.70188 12.9569 12.3522 4.33712 14.4336 6.48621 3.94191 17.2813 6.39745 4.77206 15.133 20.1604 12.4452 11.847 13.014 12.3085 1.07319 4.84391 6.68567 7.40108 14.9128 7.70581 17.7518 4.39824 4.29618 9.71671 8.10701 9.95944 6.91779 4.13209 6.16774 15.0049 3.97623 9.08196 2.43101 14.8162 11.591 5.92121 12.9542 2.69781 16.4373 15.864 12.209 17.3923 15.6705 
6.40768 12.6216 8.23063 3.60701 14.9979 2.70188 0 12.2319 11.1552 6.6548 14.7578 7.92828 1.6484 15.0329 4.72682 2.3697 14.1077 18.0119 11.0675 9.15058 13.661 11.5241 3.6961 2.56059 5.99016 4.89624 14.1267 5.0048 16.3119 6.807 5.52584 10.8783 5.63875 10.5424 9.07453 6.56417 8.86962 13.7003 1.34716 9.60747 0.459773 12.2935 9.04099 3.40363 12.9574 1.23816 14.9318 13.7781 11.4508 16.2858 15.019 
16.4498 9.95505 7.30157 14.3547 4.83318 12.9569 12.2319 0 2.42555 12.3473 5.65017 9.44096 13.3939 10.5423 7.82217 13.5767 2.58456 11.8089 3.30212 13.4323 6.62451 0.737187 12.9141 13.9076 6.32522 14.4982 1.96036 12.2696 6.14523 12.7388 9.65792 8.30907 9.76183 5.98707 12.199 12.7804 16.2644 3.57874 12.616 5.99701 12.6298 11.7621 16.7005 10.4871 3.49319 11.1025 5.43701 8.49704 0.784415 4.78865 2.79019 
14.6402 7.57831 5.04354 12.7825 4.08558 12.3522 11.1552 2.42555 0 12.5769 8.0067 10.1018 12.0978 8.38079 6.47313 12.1514 3.02072 10.028 0.893243 11.1351 8.74128 1.94869 12.5099 12.4847 5.73502 12.7259 3.50433 10.3724 5.49308 12.9672 9.72695 9.71494 7.80048 7.43892 12.9247 12.957 16.4844 2.67429 11.3035 7.16218 11.5886 9.34127 14.5704 8.88965 5.75484 10.1479 4.33223 6.32931 2.05498 5.13108 4.6193 
12.9369 17.138 12.2773 10.1846 16.627 4.33712 6.6548 12.3473 12.5769 0 12.0595 3.36256 8.15365 19.1857 8.29087 8.96176 14.8481 21.7535 12.9649 15.3338 10.2579 11.8585 3.3007 9.08299 7.12766 11.5471 14.2465 11.3643 18.039 0.392782 2.8804 6.48513 10.9931 7.60739 2.61147 0.494201 3.9268 15.2031 8.00172 6.96304 6.54421 17.4957 15.6926 9.12757 11.1823 5.97776 16.906 17.469 11.7266 17.1151 14.7349 
20.213 15.5832 12.3958 17.7126 9.81489 14.4336 14.7578 5.65017 8.0067 12.0595 0 8.6973 16.2536 16.1614 11.4337 16.6847 7.36218 17.1725 8.89967 18.4159 2.1138 6.06251 13.9677 16.987 9.09691 18.2659 6.00584 16.4104 10.8283 12.3967 10.2352 5.85779 14.1799 4.52931 10.7316 12.5532 15.5478 8.8901 15.5742 5.35846 15.0435 17.3113 21.1926 14.1848 2.32266 13.52 10.5909 14.1263 5.96865 8.69305 5.46681 
14.2938 15.7794 11.0173 11.4975 14.0057 6.48621 7.92828 9.44096 10.1018 3.36256 8.6973 0 9.57522 17.5403 7.49224 10.2736 12.01 19.8188 10.6456 15.2832 6.9268 9.05116 5.72393 10.4862 5.47819 12.6083 11.2553 11.7476 15.4022 3.70607 2.40314 3.28183 10.6328 4.26138 2.82288 3.85603 7.03229 12.5986 9.15885 3.69098 8.01224 16.5428 16.4999 9.28245 7.8909 6.85419 14.3963 15.6612 8.90937 14.2261 11.6288 
4.8036 12.5843 8.58088 2.03114 15.7735 3.94191 1.6484 13.3939 12.0978 8.15365 16.2536 9.57522 0 15.0695 5.63592 0.831716 15.1002 18.1317 11.9041 8.33695 15.2301 12.6699 5.00897 0.934517 7.3148 3.46193 15.2379 4.23718 17.0345 8.26996 7.17334 12.5183 5.61557 12.1166 10.6372 8.01469 9.9742 14.5392 0.794998 11.1786 1.62021 11.9685 7.65343 3.51792 14.3785 2.82026 15.6252 14.0072 12.6095 17.2113 16.1823 
14.9169 2.52918 7.00284 14.5528 7.05942 17.2813 15.0329 10.5423 8.38079 19.1857 16.1614 17.5403 15.0695 0 11.0498 14.6456 9.10965 3.1371 7.53403 8.78578 17.1027 10.2705 17.8857 14.9148 12.1752 13.5983 10.4432 11.2785 6.97547 19.5406 16.3765 17.8747 9.46802 15.6886 20.2641 19.4409 22.7902 7.43642 14.3971 15.2634 15.4805 4.17325 12.8562 11.6722 14.0301 14.5938 6.20704 2.05338 10.3952 9.14583 11.395 
8.83382 8.88037 4.05135 6.55095 10.2711 6.39745 4.72682 7.82217 6.47313 8.29087 11.4337 7.49224 5.63592 11.0498 0 5.75929 9.46633 13.8246 6.34314 7.89744 10.8944 7.08912 6.87853 6.09132 2.51118 6.87191 9.62294 5.0153 11.5893 8.61925 5.67434 9.30823 3.21105 8.01347 9.83507 8.48892 11.7536 8.97878 4.84437 7.13836 5.17426 9.23536 9.88624 2.77257 9.30937 3.85543 10.2174 9.51171 7.04084 11.5992 10.5969 
4.03814 12.1393 8.35133 1.23774 15.7131 4.77206 2.3697 13.5767 12.1514 8.96176 16.6847 10.2736 0.831716 14.6456 5.75929 0 15.1685 17.735 11.8978 7.61881 15.7415 12.8455 5.83757 0.333405 7.65355 2.63031 15.3799 3.5909 16.9403 9.08585 7.87096 13.1498 5.26564 12.6402 11.4254 8.83256 10.7987 14.5196 1.14468 11.7012 2.41763 11.407 6.82175 3.34373 14.7471 3.44118 15.5202 13.6754 12.7939 17.2319 16.3553 
17.6186 9.1253 7.81757 15.8021 2.46549 15.133 14.1077 2.58456 3.02072 14.8481 7.36218 12.01 15.1002 9.10965 9.46633 15.1685 0 9.81966 3.45188 13.726 8.76147 2.9898 15.1906 15.5018 8.44804 15.7185 1.37204 13.3347 3.641 15.2407 12.1 10.8434 10.7528 8.53193 14.7787 15.269 18.7733 1.68039 14.3069 8.57904 14.5326 11.1868 17.3628 11.9101 5.59379 13.059 3.22932 7.17342 3.12337 2.28412 2.29736 
18.0455 5.66284 9.84237 17.6749 7.40972 20.1604 18.0119 11.8089 10.028 21.7535 17.1725 19.8188 18.1317 3.1371 13.8246 17.735 9.81966 0 9.30382 11.8563 18.4197 11.7196 20.7019 18.0104 14.6424 16.7348 11.1888 14.4045 6.72165 22.1217 18.8959 19.7418 12.517 17.4644 22.6059 22.0442 25.4678 8.30392 17.4411 17.1737 18.4649 7.1715 15.8861 14.6914 15.2515 17.4961 6.59498 4.31603 11.8604 9.09783 11.9392 
14.1842 6.68508 4.38499 12.4545 3.9462 12.4452 11.0675 3.30212 0.893243 12.9649 8.89967 10.6456 11.9041 7.53403 6.34314 11.8978 3.45188 9.30382 0 10.4028 9.61646 2.8416 12.6775 12.2296 5.96163 12.2984 4.17863 9.89399 5.30686 13.3518 10.0923 10.4546 7.31062 8.20741 13.464 13.3245 16.8448 2.63819 11.1095 7.87283 11.5115 8.46009 13.9387 8.58634 6.6468 10.1241 4.0145 5.48821 2.94599 5.34308 5.3094 
6.39563 6.42397 6.13167 6.97068 13.0136 11.847 9.15058 13.4323 11.1351 15.3338 18.4159 15.2832 8.33695 8.78578 7.89744 7.61881 13.726 11.8563 10.4028 0 18.3396 12.7719 12.7941 7.76323 10.3251 5.59281 14.5814 4.15477 13.7789 15.5774 13.1979 17.187 4.68701 15.711 17.3492 15.3748 18.0089 12.3737 7.97673 14.897 9.47726 4.7059 4.10757 6.20821 16.1117 9.43038 12.439 8.77506 12.8084 15.085 15.7122 
19.461 16.2328 12.5404 16.8413 11.2208 13.014 13.661 6.62451 8.74128 10.2579 2.1138 6.9268 15.2301 17.1027 10.8944 15.7415 8.76147 18.4197 9.61646 18.3396 0 6.83222 12.4422 16.0257 8.41929 17.552 7.47891 15.9076 12.3599 10.5742 8.7314 3.86772 13.8775 3.11928 8.73823 10.7515 13.5994 10.1305 14.6057 4.0537 13.8995 17.7778 20.7773 13.5529 3.1786 12.4303 11.9336 15.0494 6.70779 10.3787 7.16494 
15.7143 9.52637 6.64108 13.6187 5.01778 12.3085 11.5241 0.737187 1.94869 11.8585 6.06251 9.05116 12.6699 10.2705 7.08912 12.8455 2.9898 11.7196 2.8416 12.7719 6.83222 0 12.2979 13.1766 5.64987 13.762 2.61616 11.5397 6.38551 12.251 9.12124 8.16452 9.03945 5.84328 11.8405 12.2806 15.7835 3.66667 11.8903 5.7403 11.9261 11.261 15.9938 9.74998 3.80705 10.405 5.53062 8.2174 0.148188 5.2609 3.51283 
9.72133 15.6146 10.8891 7.02552 16.5762 1.07319 3.6961 12.9141 12.5099 3.3007 13.9677 5.72393 5.00897 17.8857 6.87853 5.83757 15.1906 20.7019 12.6775 12.7941 12.4422 12.2979 0 5.91526 6.77906 8.46425 14.8743 8.67382 17.9674 3.33878 3.73343 8.99672 8.88817 9.45106 5.90153 3.06965 5.22604 15.1809 5.0059 8.61269 3.46854 15.5923 12.6517 6.75758 12.6247 3.45663 16.6898 16.3901 12.1892 17.4671 15.5712 
3.8691 12.4037 8.66423 1.11027 16.0416 4.84391 2.56059 13.9076 12.4847 9.08299 16.987 10.4862 0.934517 14.9148 6.09132 0.333405 15.5018 18.0104 12.2296 7.76323 16.0257 13.1766 5.91526 0 7.96839 2.60336 15.7125 3.79523 17.2661 9.19417 8.08315 13.3944 5.56188 12.9205 11.5714 8.93716 10.8039 14.8506 1.4202 11.9815 2.55471 11.6317 6.7839 3.66996 15.0599 3.68123 15.8452 13.9674 13.1246 17.5643 16.6868 
11.1215 10.3162 5.54023 8.63151 9.81218 6.68567 5.99016 6.32522 5.73502 7.12766 9.09691 5.47819 7.3148 12.1752 2.51118 7.65355 8.44804 14.6424 5.96163 10.3251 8.41929 5.64987 6.77906 7.96839 0 9.18293 8.26507 7.4983 11.2116 7.50345 4.25631 6.86739 5.66655 5.50309 8.10912 7.44675 10.9387 8.40865 6.58257 4.62831 6.36127 11.0843 12.3846 5.13825 7.09538 4.813 9.97054 10.3824 5.55925 10.7121 9.08912 
1.96415 11.0728 8.20285 1.54746 15.8554 7.40108 4.89624 14.4982 12.7259 11.5471 18.2659 12.6083 3.46193 13.5983 6.87191 2.63031 15.7185 16.7348 12.2984 5.59281 17.552 13.762 8.46425 2.60336 9.18293 0 16.1477 2.49442 16.9547 11.687 10.2279 15.2979 5.02323 14.5166 13.9622 11.4379 13.407 14.8129 3.55414 13.5879 5.0182 9.92444 4.19153 4.09936 16.1773 5.78149 15.5249 12.9699 13.737 17.602 17.1996 
18.0804 10.3307 8.53409 16.1029 3.80908 14.9128 14.1267 1.96036 3.50433 14.2465 6.00584 11.2553 15.2379 10.4432 9.62294 15.3799 1.37204 11.1888 4.17863 14.5814 7.47891 2.61616 14.8743 15.7125 8.26507 16.1477 0 13.8374 4.88142 14.6367 11.5934 9.80528 11.2789 7.53056 13.9656 14.6877 18.1522 3.00941 14.4529 7.69265 14.5328 12.3329 18.0733 12.2121 4.3442 13.0168 4.59512 8.47961 2.70677 3.05493 1.13166 
4.29582 8.75037 5.7213 3.2782 13.3817 7.70581 5.0048 12.2696 10.3724 11.3643 16.4104 11.7476 4.23718 11.2785 5.0153 3.5909 13.3347 14.4045 9.89399 4.15477 15.9076 11.5397 8.67382 3.79523 7.4983 2.49442 13.8374 0 14.4664 11.5796 9.49342 14.0808 2.58347 12.988 13.5374 11.3622 13.8729 12.3678 3.82555 12.0902 5.32321 7.84519 4.89616 2.48408 14.2311 5.3924 13.0373 10.5331 11.528 15.1637 14.9134 
18.7176 7.96324 8.75517 17.351 1.41228 17.7518 16.3119 6.14523 5.49308 18.039 10.8283 15.4022 17.0345 6.97547 11.5893 16.9403 3.641 6.72165 5.30686 13.7789 12.3599 6.38551 17.9674 17.2661 11.2116 16.9547 4.88142 14.4664 0 18.4307 15.206 14.4522 11.9573 12.1318 18.2077 18.4297 21.9568 2.83609 16.2463 12.1133 16.7621 10.1854 17.7597 13.5966 9.21179 15.4096 1.43089 5.5184 6.53193 2.37669 5.39675 
13.0339 17.4782 12.6192 10.3003 17.0186 4.39824 6.807 12.7388 12.9672 0.392782 12.3967 3.70607 8.26996 19.5406 8.61925 9.08585 15.2407 22.1217 13.3518 15.5774 10.5742 12.251 3.33878 9.19417 7.50345 11.687 14.6367 11.5796 18.4307 0 3.2631 6.77766 11.2769 7.9613 2.67279 0.276296 3.53401 15.5948 8.15354 7.33118 6.67204 17.8085 15.8477 9.37717 11.5505 6.18739 17.2957 17.8335 12.1191 17.5074 15.121 
11.8941 14.3989 9.54243 9.09618 13.7938 4.29618 5.52584 9.65792 9.72695 2.8804 10.2352 2.40314 7.17334 16.3765 5.67434 7.87096 12.1 18.8959 10.0923 13.1979 8.7314 9.12124 3.73343 8.08315 4.25631 10.2279 11.5934 9.49342 15.206 3.2631 0 5.47104 8.63848 5.71798 4.18317 3.23331 6.75884 12.3705 6.75889 4.88362 5.61922 14.9039 14.1718 7.06878 8.96024 4.45849 14.0491 14.6242 8.99585 14.3798 12.1746 
17.0937 16.4924 12.0833 14.3387 13.1365 9.71671 10.8783 8.30907 9.71494 6.48513 5.85779 3.28183 12.5183 17.8747 9.30823 13.1498 10.8434 19.7418 10.4546 17.187 3.86772 8.16452 8.99672 13.3944 6.86739 15.2979 9.80528 14.0808 14.4522 6.77766 5.47104 0 12.512 2.32475 4.87886 6.97356 9.7317 11.8255 12.0091 2.61374 11.0274 17.637 18.9552 11.6041 5.73754 9.71319 13.6924 15.8703 8.01678 12.8599 9.87952 
6.87693 7.00989 3.20659 5.44459 10.8357 8.10701 5.63875 9.76183 7.80048 10.9931 14.1799 10.6328 5.61557 9.46802 3.21105 5.26564 10.7528 12.517 7.31062 4.68701 13.8775 9.03945 8.88817 5.56188 5.66655 5.02323 11.2789 2.58347 11.9573 11.2769 8.63848 12.512 0 11.1201 12.8194 11.1034 14.069 9.79363 4.92934 10.2763 6.07083 6.71064 7.0309 2.2357 11.9381 5.43716 10.5264 8.4113 9.03744 12.5867 12.365 
16.4057 14.432 10.2383 13.7548 10.8123 9.95944 10.5424 5.98707 7.43892 7.60739 4.52931 4.26138 12.1166 15.6886 8.01347 12.6402 8.53193 17.4644 8.20741 15.711 3.11928 5.84328 9.45106 12.9205 5.50309 14.5166 7.53056 12.988 12.1318 7.9613 5.71798 2.32475 11.1201 0 6.64656 8.09754 11.2615 9.50174 11.5014 0.939034 10.7804 15.7153 17.8809 10.5789 3.68839 9.31279 11.369 13.6649 5.69578 10.5838 7.68633 
15.4394 18.4167 13.5947 12.6595 16.8154 6.91779 9.07453 12.199 12.9247 2.61147 10.7316 2.82288 10.6372 20.2641 9.83507 11.4254 14.7787 22.6059 13.464 17.3492 8.73823 11.8405 5.90153 11.5714 8.10912 13.9622 13.9656 13.5374 18.2077 2.67279 4.18317 4.87886 12.8194 6.64656 0 2.9456 4.89155 15.4121 10.409 6.28717 9.01724 19.0387 18.0522 11.1738 10.333 8.24593 17.2159 18.4175 11.6969 16.9695 14.2623 
12.7725 17.3585 12.5031 10.0443 17.0175 4.13209 6.56417 12.7804 12.957 0.494201 12.5532 3.85603 8.01469 19.4409 8.48892 8.83256 15.269 22.0442 13.3245 15.3748 10.7515 12.2806 3.06965 8.93716 7.44675 11.4379 14.6877 11.3622 18.4297 0.276296 3.23331 6.97356 11.1034 8.09754 2.9456 0 3.52761 15.5937 7.90976 7.44548 6.421 17.6587 15.6031 9.18037 11.6639 5.97026 17.2814 17.7499 12.1503 17.5402 15.1904 
14.3687 20.6238 15.8035 11.8885 20.5445 6.16774 8.86962 16.2644 16.4844 3.9268 15.5478 7.03229 9.9742 22.7902 11.7536 10.7987 18.7733 25.4678 16.8448 18.0089 13.5994 15.7835 5.22604 10.8039 10.9387 13.407 18.1522 13.8729 21.9568 3.53401 6.75884 9.7317 14.069 11.2615 4.89155 3.52761 0 19.1207 10.1219 10.722 8.57996 20.7471 17.5807 11.9746 14.9198 8.66741 20.8079 21.1594 15.651 21.0379 18.6072 
16.6629 7.48381 6.69585 15.043 1.42386 15.0049 13.7003 3.57874 2.67429 15.2031 8.8901 12.5986 14.5392 7.43642 8.97878 14.5196 1.68039 8.30392 2.63819 12.3737 10.1305 3.66667 15.1809 14.8506 8.40865 14.8129 3.00941 12.3678 2.83609 15.5948 12.3705 11.8255 9.79363 9.50174 15.4121 15.5937 19.1207 0 13.745 9.40052 14.1426 9.58157 16.1399 11.1957 6.95515 12.7399 1.86773 5.49304 3.81485 2.79978 3.97728 
5.13525 11.9285 7.82924 2.34084 14.9818 3.97623 1.34716 12.616 11.3035 8.00172 15.5742 9.15885 0.794998 14.3971 4.84437 1.14468 14.3069 17.4411 11.1095 7.97673 14.6057 11.8903 5.0059 1.4202 6.58257 3.55414 14.4529 3.82555 16.2463 8.15354 6.75889 12.0091 4.92934 11.5014 10.409 7.90976 10.1219 13.745 0 10.5623 1.54565 11.4036 7.69415 2.77398 13.6647 2.30969 14.8388 13.2878 11.8317 16.4163 15.4031 
15.4725 13.8895 9.55595 12.8169 10.757 9.08196 9.60747 5.99701 7.16218 6.96304 5.35846 3.69098 11.1786 15.2634 7.13836 11.7012 8.57904 17.1737 7.87283 14.897 4.0537 5.7403 8.61269 11.9815 4.62831 13.5879 7.69265 12.0902 12.1133 7.33118 4.88362 2.61374 10.2763 0.939034 6.28717 7.44548 10.722 9.40052 10.5623 0 9.84946 15.0813 16.9856 9.66812 4.21942 8.37662 11.2562 13.2635 5.59244 10.7192 7.97935 
6.42372 13.0629 8.68885 3.64505 15.4449 2.43101 0.459773 12.6298 11.5886 6.54421 15.0435 8.01224 1.62021 15.4805 5.17426 2.41763 14.5326 18.4649 11.5115 9.47726 13.8995 11.9261 3.46854 2.55471 6.36127 5.0182 14.5328 5.32321 16.7621 6.67204 5.61922 11.0274 6.07083 10.7804 9.01724 6.421 8.57996 14.1426 1.54565 9.84946 0 12.7059 9.19484 3.83528 13.2798 1.55574 15.3841 14.2346 11.8503 16.7179 15.4144 
11.0222 2.22248 5.57511 11.0785 9.77881 14.8162 12.2935 11.7621 9.34127 17.4957 17.3113 16.5428 11.9685 4.17325 9.23536 11.407 11.1868 7.1715 8.46009 4.7059 17.7778 11.261 15.5923 11.6317 11.0843 9.92444 12.3329 7.84519 10.1854 17.8085 14.9039 17.637 6.71064 15.7153 19.0387 17.6587 20.7471 9.58157 11.4036 15.0813 12.7059 0 8.71525 8.90988 15.0145 12.1464 9.0379 4.7093 11.3474 11.9601 13.4267 
3.57138 10.5293 9.55375 5.69218 16.9061 11.591 9.04099 16.7005 14.5704 15.6926 21.1926 16.4999 7.65343 12.8562 9.88624 6.82175 17.3628 15.8861 13.9387 4.10757 20.7773 15.9938 12.6517 6.7839 12.3846 4.19153 18.0733 4.89616 17.7597 15.8477 14.1718 18.9552 7.0309 17.8809 18.0522 15.6031 17.5807 16.1399 7.69415 16.9856 9.19484 8.71525 0 7.3538 18.9652 9.81029 16.3872 12.8755 16.004 18.9081 19.1892 
6.06143 9.23462 5.06297 3.89601 12.3735 5.92121 3.40363 10.4871 8.88965 9.12757 14.1848 9.28245 3.51792 11.6722 2.77257 3.34373 11.9101 14.6914 8.58634 6.20821 13.5529 9.74998 6.75758 3.66996 5.13825 4.09936 12.2121 2.48408 13.5966 9.37717 7.06878 11.6041 2.2357 10.5789 11.1738 9.18037 11.9746 11.1957 2.77398 9.66812 3.83528 8.90988 7.3538 0 12.0795 3.30743 12.1767 10.5173 9.71467 13.9285 13.23 
18.1358 13.3285 10.0756 15.7194 8.04747 12.9542 12.9574 3.49319 5.75484 11.1823 2.32266 7.8909 14.3785 14.0301 9.30937 14.7471 5.59379 15.2515 6.6468 16.1117 3.1786 3.80705 12.6247 15.0599 7.09538 16.1773 4.3442 14.2311 9.21179 11.5505 8.96024 5.73754 11.9381 3.68839 10.333 11.6639 14.9198 6.95515 13.6647 4.21942 13.2798 15.0145 18.9652 12.0795 0 11.7306 8.75515 11.9816 3.70103 7.32558 4.19564 
7.44106 12.2573 7.65532 4.65048 14.0692 2.69781 1.23816 11.1025 10.1479 5.97776 13.52 6.85419 2.82026 14.5938 3.85543 3.44118 13.059 17.4961 10.1241 9.43038 12.4303 10.405 3.45663 3.68123 4.813 5.78149 13.0168 5.3924 15.4096 6.18739 4.45849 9.71319 5.43716 9.31279 8.24593 5.97026 8.66741 12.7399 2.30969 8.37662 1.55574 12.1464 9.81029 3.30743 11.7306 0 14.0532 13.213 10.3256 15.2667 13.8827 
17.2924 6.8312 7.32456 15.9221 0.860247 16.4373 14.9318 5.43701 4.33223 16.906 10.5909 14.3963 15.6252 6.20704 10.2174 15.5202 3.22932 6.59498 4.0145 12.439 11.9336 5.53062 16.6898 15.8452 9.97054 15.5249 4.59512 13.0373 1.43089 17.2957 14.0491 13.6924 10.5264 11.369 17.2159 17.2814 20.8079 1.86773 14.8388 11.2562 15.3841 9.0379 16.3872 12.1767 8.75515 14.0532 0 4.4978 5.67871 2.97609 5.37094 
14.4813 2.5016 5.56123 13.7444 5.3115 15.864 13.7781 8.49704 6.32931 17.469 14.1263 15.6612 14.0072 2.05338 9.51171 13.6754 7.17342 4.31603 5.48821 8.77506 15.0494 8.2174 16.3901 13.9674 10.3824 12.9699 8.47961 10.5331 5.5184 17.8335 14.6242 15.8703 8.4113 13.6649 18.4175 17.7499 21.1594 5.49304 13.2878 13.2635 14.2346 4.7093 12.8755 10.5173 11.9816 13.213 4.4978 0 8.34188 7.47342 9.47 
15.6913 9.62809 6.67983 13.5774 5.16533 12.209 11.4508 0.784415 2.05498 11.7266 5.96865 8.90937 12.6095 10.3952 7.04084 12.7939 3.12337 11.8604 2.94599 12.8084 6.70779 0.148188 12.1892 13.1246 5.55925 13.737 2.70677 11.528 6.53193 12.1191 8.99585 8.01678 9.03744 5.69578 11.6969 12.1503 15.651 3.81485 11.8317 5.59244 11.8503 11.3474 16.004 9.71467 3.70103 10.3256 5.67871 8.34188 0 5.39 3.57414 
19.4593 9.77149 9.49506 17.7967 2.1829 17.3923 16.2858 4.78865 5.13108 17.1151 8.69305 14.2261 17.2113 9.14583 11.5992 17.2319 2.28412 9.09783 5.34308 15.085 10.3787 5.2609 17.4671 17.5643 10.7121 17.602 3.05493 15.1637 2.37669 17.5074 14.3798 12.8599 12.5867 10.5838 16.9695 17.5402 21.0379 2.79978 16.4163 10.7192 16.7179 11.9601 18.9081 13.9285 7.32558 15.2667 2.97609 7.47342 5.39 0 3.23183 
19.1399 11.3981 9.65737 17.1116 4.53368 15.6705 15.019 2.79019 4.6193 14.7349 5.46681 11.6288 16.1823 11.395 10.5969 16.3553 2.29736 11.9392 5.3094 15.7122 7.16494 3.51283 15.5712 16.6868 9.08912 17.1996 1.13166 14.9134 5.39675 15.121 12.1746 9.87952 12.365 7.68633 14.2623 15.1904 18.6072 3.97728 15.4031 7.97935 15.4144 13.4267 19.1892 13.23 4.19564 13.8827 5.37094 9.47 3.57414 3.23183 0 
