200
0.661795 10.0442 1.33602 0
0.165654 18.7501 1.0479 0
18.1174 23.9301 1.23116 0
2.16854 3.17749 2.22276 0
3.06437 7.37895 1.09404 0
3.12329 4.17624 1.92385 0
2.50674 3.78691 0.405247 0
0.828329 4.15984 1.96024 1
7.37998 11.6914 1.98564 0
2.49569 10.5367 2.18298 1
14.3208 18.0423 1.56502 0
9.65301 17.4028 0.295246 0
4.01145 16.0635 1.92827 1
7.28656 7.64864 0.710016 0
16.896 18.4076 0.374656 0
5.10948 10.3111 0.902123 0
1.24537 13.416 0.754174 0
6.69898 22.1636 0.29154 0
2.9374 7.63009 5.73662 0
7.67602 13.2508 2.01823 1
12.7125 20.0874 1.70875 0
12.0288 22.9682 1.56216 0
18.4358 21.0023 1.98041 1
1.7846 19.7247 1.29771 0
18.4281 19.7534 10.3172 0
6.47145 20.6291 15.9074 0
7.3078 18.6319 0.835601 1
8.42741 12.7647 1.53892 0
12.4125 12.4241 0.920064 0
17.48 21.019 0.607689 0
17.8921 21.3118 2.13293 0
2.15596 9.64738 22.7982 0
7.28316 20.4048 20.1106 0
18.3796 22.7027 0.808586 1
2.57958 16.7879 2.07829 1
2.76207 3.98501 1.78715 1
1.77311 12.1653 0.492777 0
4.39404 6.06458 0.804019 0
11.1808 22.3173 2.21739 0
5.94723 21.3461 2.14475 0
5.7902 16.5378 11.8589 0
13.1091 14.2243 0.671016 1
4.98662 11.2317 0.666972 0
18.9331 20.7166 0.431218 0
0.783329 4.81774 1.41048 0
10.8392 22.7177 25.8868 0
1.14131 4.3924 1.29384 1
8.02629 15.9268 2.0724 0
8.4754 16.8045 0.662213 0
11.8756 17.8767 0.7935 0
8.62176 21.9971 2.21368 0
1.84465 4.99239 0.972965 1
15.76 19.1712 1.71322 0
8.02097 20.6951 1.24574 1
16.3541 21.5325 1.42245 0
15.9856 19.7959 1.50687 0
18.0655 22.1852 0.767544 1
2.45745 17.7142 16.9181 1
18.3554 23.0536 1.5398 0
14.6965 23.3442 1.00518 0
18.546 21.9003 0.563639 0
14.6932 20.0525 0.722257 0
11.0997 22.8651 0.539599 0
6.44915 22.1568 1.24411 0
18.6116 18.7024 0.926947 0
4.71767 13.3349 0.305435 1
9.16472 17.9644 0.879998 0
10.6823 15.3242 0.903705 0
18.6581 20.6731 1.31885 0
12.7998 17.4719 0.349457 0
18.2746 20.4586 1.5086 0
15.6479 18.6884 2.12005 1
14.6039 22.1129 2.04464 0
11.4807 19.5253 25.828 0
0.492958 7.0849 1.7461 0
5.6687 5.83584 1.93239 1
15.0705 22.7157 1.44481 1
13.7461 18.3479 1.64855 0
12.4904 20.9469 1.5245 1
15.7296 18.2934 1.69367 0
12.7883 22.5932 0.889332 0
12.9547 19.7705 1.21542 0
4.52634 23.1405 0.355941 0
4.56092 15.2793 0.691876 0
14.3435 17.7432 2.12071 1
5.83546 8.5996 1.31941 0
0.376786 21.9519 1.5635 0
14.7432 19.5288 0.788347 0
2.02691 6.15525 24.8474 0
17.7044 21.4337 1.98877 1
1.80458 4.97346 11.4743 0
8.81221 18.3784 9.08035 0
18.788 20.5189 0.893524 0
15.7693 18.5649 2.12013 1
18.5229 21.3855 0.236422 0
10.9419 17.324 19.0124 0
4.32816 7.54867 1.98718 1
1.13632 4.31403 15.347 0
15.2599 21.2903 1.11755 0
5.57395 13.1619 1.58778 0
0.157966 2.73675 1.67015 0
18.7143 20.7856 1.23355 0
3.85378 12.9731 0.936227 0
6.50535 19.4697 21.6285 0
4.8001 14.4961 20.6199 0
17.35 23.696 1.38563 0
13.3159 13.7223 0.966721 0
6.15022 15.7692 2.23888 1
9.73605 19.2304 1.92538 0
11.9282 12.1126 19.0326 0
7.47905 18.8872 2.24105 0
9.98073 15.4277 19.6867 0
14.6892 18.1658 2.01193 1
15.4924 17.028 0.51319 0
11.2376 17.4109 0.818613 1
8.59604 10.4295 0.593027 0
8.359 9.5123 2.15697 1
18.9324 21.0601 2.1221 0
17.4987 18.7146 0.528371 0
6.89311 14.2619 1.49661 0
8.57888 20.6808 1.49431 0
6.34015 20.7685 0.22804 0
4.33481 11.1345 1.08925 0
8.47013 8.68277 23.7641 1
12.4532 15.8387 16.656 0
7.76667 23.0923 1.11269 0
9.75146 13.9765 1.67854 1
17.7904 18.0127 0.304216 0
3.53911 5.82536 1.42407 0
13.8268 14.3797 1.74622 0
15.8422 16.8584 0.895786 0
2.01879 9.56716 23.1457 0
16.1804 18.2629 0.46113 1
7.78476 23.6717 1.75657 0
1.63682 7.94607 0.553363 0
15.6425 17.8344 1.9664 0
18.4422 23.5688 8.24226 0
10.0327 15.4564 0.344405 0
1.8087 9.4058 1.39515 0
18.5877 23.2006 0.882594 0
9.82972 14.8237 4.9097 0
0.635302 11.1707 0.358305 0
3.13356 9.50343 1.49993 0
14.0824 18.5935 0.619057 0
0.444653 23.7056 1.61494 0
5.17964 6.73494 0.43961 1
17.8999 23.1198 0.286799 1
7.36647 18.42 2.12314 0
18.6984 19.2518 0.470572 0
3.246 17.7191 2.21722 0
15.0192 17.1592 5.2796 0
17.8023 20.6655 1.01846 0
10.7878 12.4002 1.33106 0
15.0089 15.9599 2.10005 0
18.8716 23.6393 1.85603 0
12.0578 22.3034 24.0267 0
17.0106 23.728 1.54956 0
14.8459 22.0902 0.680161 0
18.9009 20.5289 0.827804 1
8.86508 12.3717 1.88035 1
3.23205 16.4287 1.3755 0
6.8393 15.0916 22.1949 0
6.33735 22.8982 1.16367 0
3.45651 15.0231 2.2136 0
16.7285 22.4755 0.208758 0
9.85946 23.8828 27.8166 0
17.9824 20.4434 1.88642 0
0.266512 20.2013 2.17521 1
0.260678 13.751 1.82313 0
17.7574 18.0314 19.4309 0
3.68232 21.655 12.8319 1
10.3856 17.3259 0.797051 0
18.9453 22.5401 0.775366 0
15.8991 18.9768 0.298479 0
18.7107 21.035 0.843675 0
0.790132 11.2535 11.7715 1
15.7503 16.2166 0.612521 0
4.57396 10.6318 1.40651 0
15.9483 20.7764 0.59942 0
1.53269 12.5061 10.5158 0
5.84078 16.971 1.92017 0
3.36741 10.9115 0.429103 0
15.3212 15.8912 19.3771 0
4.5559 18.7019 0.875216 0
8.88568 22.7264 0.656075 0
9.73228 11.0778 2.17832 0
12.0164 22.5381 0.999507 0
13.3174 17.7463 1.52693 0
16.2789 22.6427 2.00685 1
0.202591 19.2239 1.64946 0
5.27191 20.7382 0.292206 1
13.359 17.5966 0.902423 0
8.51426 10.9793 20.8096 0
1.8054 14.3703 0.264497 0
4.22946 17.3364 2.07929 1
0.291335 18.4897 0.841863 0
0.275139 19.2866 1.66256 0
14.1045 18.8944 1.60891 1
9.23656 20.6087 0.254781 0
2.29481 22.6868 10.0924 0
400 50 500
0.025 0.0125 10000 3000 15 1e+06 300000 2 2
0 1.02335 14.9373 28.0043 26.7729 10.9846 28.1244 28.9886 13.412 13.8581 6.86959 32.5499 17.7764 24.206 27.9844 12.9944 8.11599 26.5218 14.4494 10.8429 13.158 34.2851 21.9534 30.9493 28.8458 27.7379 20.6957 28.7333 28.8768 6.66458 34.5413 30.8314 22.1076 18.881 28.3761 23.6837 22.6093 27.4391 10.4398 14.3242 30.41 39.7485 21.992 31.1781 33.232 27.6592 29.435 30.5322 10.9541 22.45 7.85528 3.50213 33.2035 25.8911 5.79395 20.9414 26.637 41.4671 31.619 40.3914 28.0896 14.8924 10.5537 1.40076 10.7879 33.223 32.2106 13.4353 20.734 19.4234 29.5855 2.54925 14.1585 20.7917 26.4162 21.1926 16.5008 3.1377 18.6136 8.09529 6.02965 34.3461 38.6073 31.4203 8.78224 5.48553 30.4964 7.79734 26.2116 12.229 13.775 18.7436 21.6499 14.2549 8.08526 32.1334 30.8477 42.6733 13.0358 8.01813 37.3544 19.4761 14.6627 29.6819 5.41085 41.0229 33.2552 13.3606 32.4851 10.97 26.4068 10.8638 10.5838 9.51928 26.4983 24.3369 21.7155 9.78848 15.214 13.3924 31.7305 27.0665 24.5812 16.6699 26.8741 25.6433 30.8878 25.2729 26.4303 9.09555 30.6641 22.9916 23.8752 2.56496 11.9947 22.1605 3.52978 35.3257 29.2695 16.2074 8.4254 28.7076 14.1574 32.0788 26.591 39.5953 12.2952 7.43555 14.5422 18.8321 11.8923 25.2505 4.69103 15.6746 29.3678 29.5051 13.54 25.1586 41.5615 30.9204 22.6685 42.3446 27.389 20.2869 16.7911 11.9852 13.0087 26.8193 25.9545 32.3348 23.9752 17.7145 13.3074 3.60442 8.92745 5.98545 28.6544 40.9492 40.5046 26.2622 12.6703 26.3755 20.5263 15.8153 21.4284 23.547 32.9687 14.0374 35.4015 44.197 23.0941 39.2623 27.4044 39.1266 12.969 4.14617 18.7768 28.6441 13.3247 14.839 13.7949 
1.02335 0 14.2894 28.7913 27.2553 11.1365 28.0353 29.9554 13.618 14.7913 7.10669 33.106 18.7952 24.9198 28.2492 11.9752 7.46251 27.4893 15.0925 9.97441 13.3919 34.8864 22.0948 31.2631 29.7241 28.3225 20.9538 29.2715 28.3904 5.74522 35.3892 31.2569 22.0189 19.9009 28.4702 23.2061 22.1946 28.4622 9.74649 14.8111 30.5858 40.1948 22.9551 32.2007 32.7695 28.6015 29.0207 30.5975 11.9724 21.8317 7.11554 2.9143 34.1288 26.9085 5.25719 21.5117 26.4753 42.008 31.8444 41.1255 28.2787 14.1801 11.0718 1.71788 10.091 34.0391 32.7368 12.6851 21.3697 19.9111 29.1669 1.57379 13.2635 21.2363 27.3815 20.9068 17.2085 2.39098 19.6363 8.96226 6.20244 34.9016 39.0682 32.4431 9.77424 4.8727 31.1608 8.75478 27.0182 11.7924 14.7524 18.0761 22.6494 14.8908 7.24432 31.9347 31.2008 43.2853 12.0578 8.84869 37.6972 20.153 13.7542 30.2871 5.82659 41.5597 34.1083 12.3518 32.0508 10.0303 27.4297 10.2461 10.0673 10.5328 27.5211 25.1777 21.814 9.05337 15.9079 14.0043 31.4542 27.6416 24.9095 16.6754 27.8958 25.7315 31.5167 26.2962 26.3664 10.0501 30.8654 22.5969 24.8571 2.29906 12.8782 21.6243 3.52171 36.1329 30.2871 17.208 7.42849 29.4018 15.1158 32.9604 26.0246 40.2006 13.3139 6.48448 15.5594 19.0754 12.3678 25.5993 5.25499 14.9088 30.0755 30.528 12.8464 26.1776 42.2476 31.1886 23.5602 42.9482 28.2761 21.2682 17.6008 12.389 13.9826 27.0323 26.9438 33.1774 23.5328 18.3913 12.2972 3.31102 8.85999 5.18578 28.3919 41.5429 41.2301 26.4334 13.6734 26.2152 21.1844 16.8384 21.3719 24.5697 32.7607 14.9718 35.0725 44.8569 24.0067 39.7324 27.7075 39.5425 12.4244 4.54515 19.3554 29.5101 12.4686 15.6938 14.1231 
14.9373 14.2894 0 42.8272 41.4382 24.7566 39.8584 42.6104 27.299 28.1619 11.7754 47.3706 29.0864 39.1342 41.8602 12.8322 17.8073 40.1743 29.3735 5.82161 27.1567 49.1742 35.3206 45.0174 43.3101 42.606 34.6335 43.5226 36.7524 14.4947 49.1378 45.3212 34.0787 31.3544 41.3416 32.0792 31.7798 39.0421 18.8734 29.0374 43.8107 54.2832 35.798 42.1653 41.1301 41.6169 38.1129 43.2776 24.1141 29.2345 16.9068 11.4366 47.2772 36.4947 17.2049 35.7915 37.8611 56.2533 45.2669 55.2949 41.593 21.7528 14.8603 16.006 19.0613 47.9512 46.9718 20.1817 35.655 34.1206 38.2062 12.9463 5.40394 35.3765 40.1033 31.6906 31.4348 11.8992 30.7926 22.8479 20.1362 49.1646 53.1897 42.4488 22.745 16.6124 45.432 18.9526 40.9887 4.15268 27.6481 25.4034 34.8095 29.1745 15.9384 42.8315 45.0777 57.5744 8.09054 22.8532 51.5098 34.4131 18.1535 44.5758 13.0916 55.8006 47.8322 13.8886 40.7613 7.16113 38.1141 19.9192 4.70024 21.5933 37.7306 39.0085 34.8609 18.0209 30.1511 28.2931 41.7253 41.9211 38.7577 29.4878 38.778 38.632 45.8048 36.8977 38.4068 23.4121 44.1979 32.3329 37.3473 12.4685 20.6124 30.0288 17.4332 50.0789 39.7083 29.5625 13.18 43.6429 28.2342 46.5033 33.6328 54.4888 24.2024 9.17454 26.0661 32.7392 26.5943 39.5001 19.5443 2.48182 44.2976 40.6114 20.9998 35.935 56.4979 44.7838 37.1035 57.236 41.8102 33.8667 31.5976 26.5261 26.9593 40.4616 39.2291 46.9634 32.7353 32.6513 13.7741 16.7581 21.9474 15.5626 38.9164 55.8278 55.4175 39.7004 26.1667 37.622 35.459 28.1243 33.6479 35.4439 43.5553 23.1339 44.7156 59.132 37.3828 53.871 41.4543 53.5601 22.1855 13.1744 33.6396 43.178 18.4279 29.5299 28.0993 
28.0043 28.7913 42.8272 0 10.7282 21.4493 26.194 10.3949 19.7407 15.0891 32.0981 10.2184 20.1877 4.73787 17.1224 38.2669 29.4446 10.0581 14.2162 38.7299 19.5196 9.94873 19.1477 16.8068 4.54031 7.58181 16.7057 9.26321 36.1397 31.459 7.2737 13.4669 24.0564 16.7425 21.7412 32.8815 31.0037 18.6242 30.6205 15.8369 20.4195 18.3543 10.5783 21.6478 38.4481 8.25228 34.7461 23.4109 19.9596 35.2204 30.187 31.4808 9.39123 21.4452 28.1643 10.0242 27.2565 17.2806 19.6036 12.6381 19.1762 32.8748 31.9694 27.14 30.7974 5.42241 10.9762 32.7546 8.91725 12.4952 34.9441 30.3034 41.9426 12.7327 9.87673 27.7936 11.8093 31.1348 17.6818 19.9805 24.0899 11.3443 17.0853 21.6055 20.4199 28.6117 5.59956 25.3467 1.9718 39.5996 16.168 34.1065 13.4015 14.4509 31.3354 31.041 15.6283 16.7462 40.267 19.9975 19.5444 9.33239 36.3578 7.29303 30.3903 17.0042 6.25472 38.0381 37.2161 38.5802 18.1304 29.8452 38.2564 22.8809 19.6728 4.30684 20.0514 30.8705 13.135 15.4206 32.7532 7.86091 14.871 21.8 17.5131 20.9868 6.98984 18.3095 24.8738 19.5668 19.8365 30.7651 11.394 30.3799 26.8262 33.3118 26.3266 7.39957 22.6773 15.6496 33.7874 3.83827 15.3522 6.38961 36.5925 14.1296 21.3924 35.0752 20.9602 17.3346 17.8191 14.3713 23.6927 43.6789 3.55384 20.7232 31.9213 20.8651 14.3737 18.0931 7.0177 16.6202 4.85031 12.4072 11.2305 18.3979 16.6471 18.1818 11.9862 5.15165 32.2724 10.9217 38.0509 27.2475 24.273 30.0346 30.6391 15.5836 12.835 19.104 17.9256 27.1092 8.70515 18.5894 23.2439 17.4419 31.7806 25.5491 36.4895 17.3059 7.54095 17.3307 15.9292 18.7246 29.5404 29.9205 11.3236 3.83719 34.4613 13.3353 18.0505 
26.7729 27.2553 41.4382 10.7282 0 17.008 15.7341 20.7062 14.5748 17.9494 32.5563 6.32681 26.11 7.62269 6.39438 33.8873 25.1351 19.7399 12.8113 36.3966 14.5952 8.65601 9.89594 6.60533 15.2039 3.38158 8.33411 2.65777 26.3766 27.9386 16.7854 4.41173 14.76 23.1817 11.0668 23.8746 22.0652 27.7985 25.5383 12.4501 9.73826 13.0236 18.2815 31.3295 28.2124 18.4035 24.7365 12.6827 22.727 26.8326 26.027 30.1681 20.0675 29.8888 24.709 6.26639 17.0975 14.891 9.15279 17.1274 8.46377 26.4839 33.9209 25.5485 25.6052 14.5271 5.65218 26.852 7.33611 7.34957 24.9285 28.5059 39.2355 6.08162 19.5356 18.9589 11.7014 29.6132 24.0057 20.0684 21.3125 8.02172 11.8495 31.3406 21.8677 25.2696 7.29327 27.199 11.111 39.0019 19.617 26.6374 21.0469 12.9433 27.2212 20.4214 5.66965 16.7661 36.9886 19.7992 11.5353 8.97377 30.6798 5.01198 30.7631 14.4247 16.2076 33.3893 26.9716 35.8216 27.0849 24.5477 37.3208 25.3643 28.4852 12.3344 10.8537 26.0524 12.5811 13.6276 22.2625 2.90106 4.81025 14.528 26.6578 10.6656 6.49097 26.9256 14.5989 20.7277 9.20938 21.7049 20.0262 29.3377 30.1588 24.7497 24.0051 15.5582 31.8208 20.6396 30.0652 7.40468 18.7197 16.9406 27.3598 13.7015 25.0359 32.6307 25.5683 9.85004 14.8893 4.06615 22.0832 41.6854 8.17114 30.1546 25.8725 29.1731 16.9935 7.67278 14.5132 16.3393 15.1265 19.3191 13.3391 14.9121 19.6796 7.55929 21.3527 15.1718 23.1259 10.3161 33.4323 24.7071 20.0308 26.5791 20.3969 14.8612 16.994 8.59624 21.2169 16.9875 7.88429 23.6972 14.1303 25.6073 21.1331 29.7362 25.8833 18.9623 15.5471 12.4923 5.20679 12.5446 23.4725 29.9066 8.33202 14.5041 28.8831 15.4312 13.4423 
10.9846 11.1365 24.7566 21.4493 17.008 0 17.5256 26.2304 2.54277 12.4881 17.706 23.2135 20.8325 16.8662 17.1784 17.1509 8.25988 23.9858 7.66041 19.4808 2.42673 25.2955 10.9706 20.2781 23.8474 18.771 9.90089 19.3384 20.881 10.931 28.6649 20.6476 11.6056 19.9932 17.3991 15.952 14.3559 28.2739 9.17901 5.6124 19.4496 29.6037 19.7916 32.3597 24.8336 24.2613 20.7622 19.5745 13.8298 16.4514 9.11001 13.9607 29.0041 28.1929 7.71867 12.1889 16.3681 31.8945 20.7239 32.66 17.1429 11.7698 20.5999 9.596 9.34894 26.8636 22.6505 11.4036 12.7176 10.0097 20.943 12.0811 22.2398 10.9538 23.8157 11.9449 10.0901 13.2972 20.2543 8.49556 4.95674 24.9716 28.5502 32.5253 11.3529 8.29012 22.2325 15.1274 20.0898 22.806 13.7279 13.9811 20.9245 7.42851 10.3052 21.951 20.3213 33.6458 19.9881 7.94794 26.7611 12.1194 14.9173 20.8431 16.0518 31.4254 27.5269 16.7888 23.8676 18.8342 27.2411 8.40044 20.98 14.8429 27.9497 18.9668 10.7409 9.48276 8.92432 6.5478 21.9841 18.0367 14.0016 5.94476 27.3664 14.6717 22.2417 26.3884 15.7628 10.4437 19.7322 14.5208 22.1149 13.4163 19.4542 15.2136 7.62308 28.7411 31.313 16.4652 13.0853 20.856 13.3873 26.9576 19.5729 30.5496 16.4534 15.7393 18.3173 8.00703 3.99981 14.7511 6.88671 24.7977 21.6511 30.727 10.6559 27.3685 33.2601 20.1165 18.5021 33.2492 22.6774 18.9631 11.9712 3.1771 13.0956 15.9064 24.2886 26.4622 15.8704 10.6226 16.8148 8.09075 3.0392 9.57426 18.8971 31.788 32.6679 15.2975 14.0084 16.1053 12.8033 18.0653 10.8106 24.5642 22.8201 20.4471 25.9159 35.5892 19.3606 29.2526 16.7128 28.8317 8.4017 14.9002 10.3182 23.4127 13.0191 11.3949 3.64162 
28.1244 28.0353 39.8584 26.194 15.7341 17.5256 0 35.3894 15.6189 26.9933 34.9851 20.2906 36.1553 22.1558 9.75499 28.6396 22.1321 33.9181 20.2313 34.0707 16.0208 22.7681 8.25186 12.0956 30.4654 19.115 10.9754 18.0043 11.5043 25.4457 32.519 15.3559 6.01785 34.1969 5.06773 11.1613 10.0071 40.928 21.0187 17.8276 7.95845 21.4268 31.1759 44.8437 12.5566 33.0558 9.47074 5.07107 30.2001 15.0417 23.0002 30.567 35.5824 42.0983 23.2887 17.6303 2.4762 25.6158 9.89444 31.6859 7.65711 19.142 38.1145 26.7289 20.8604 30.2596 19.1446 20.3816 19.3032 15.9324 9.64282 28.5763 35.9059 14.6908 33.7118 8.48779 21.1765 29.8291 34.7776 25.3617 22.2351 21.2666 21.0345 44.9191 28.1247 23.8501 22.9124 32.522 26.1364 38.9137 28.6701 16.9704 33.4507 20.1592 23.9229 5.11667 13.1989 28.8847 33.0675 24.8525 16.7323 20.3429 23.7233 20.5304 33.4175 25.1513 31.9268 27.7651 11.318 32.9185 40.0362 19.9532 36.9748 31.8579 41.1885 26.6674 7.77537 21.8558 21.0345 20.0489 6.55917 18.604 11.3306 11.5846 39.8328 5.23269 21.8793 39.5483 1.8118 27.0329 8.77455 9.40668 33.3544 30.3187 36.6897 12.9773 24.5993 31.2077 44.6792 30.8471 26.7085 23.1248 27.9763 32.5435 13.5468 26.379 32.9007 30.7948 34.354 11.824 19.0383 11.8346 24.3983 39.1544 23.9035 43.43 19.3958 41.2951 30.6967 10.769 28.0459 28.3472 30.0797 31.4299 23.7155 18.2807 28.31 8.21225 35.1388 30.8776 10.205 20.3771 27.8529 24.7352 19.199 24.5728 4.88963 26.968 31.4321 7.13972 29.6502 2.61013 19.8873 33.3523 6.72677 37.9106 5.96844 37.3357 10.3924 31.7404 29.1458 21.7816 10.7351 20.0807 17.7596 32.2095 18.0238 29.7901 22.5126 24.7842 16.2983 
28.9886 29.9554 42.6104 10.3949 20.7062 26.2304 35.3894 0 25.3729 15.2572 30.952 20.4957 14.906 13.3277 26.9986 41.1706 33.0221 2.46734 18.6489 39.6864 25.02 19.8018 27.6122 27.0666 6.00788 17.8281 24.903 19.583 44.2631 34.1312 9.97459 23.8267 32.2002 11.7309 31.3662 40.3316 38.4703 9.10933 34.7534 21.1463 30.4325 28.2885 7.00392 11.459 47.1078 2.3366 43.1871 33.2343 18.5172 41.9844 33.5566 32.1156 5.38414 12.6027 31.1411 17.8816 36.0626 26.406 29.7971 18.7836 28.9392 37.9672 29.3339 28.5795 35.0096 10.6709 21.3271 37.4259 16.2686 19.9792 43.3877 31.526 43.0419 20.8778 2.57593 35.3306 16.3796 32.0048 12.5268 21.2478 27.0577 21.4194 27.0662 11.3795 20.2444 31.435 15.8478 23.7113 9.59932 38.8292 15.224 40.0802 7.91746 18.8685 34.5506 40.4198 25.9251 24.8719 42.0119 21.5271 29.8892 15.6231 40.5771 17.6873 29.5233 26.2286 8.94257 41.2057 45.9079 39.9492 8.97013 34.2364 37.9115 21.0477 10.5326 8.72237 28.4025 34.7499 17.38 19.696 41.8765 17.9825 24.2028 28.6224 8.1552 30.1722 17.2793 9.61666 33.8792 19.9087 29.9155 38.3553 5.26964 30.8837 23.3781 40.324 28.5459 12.3051 12.9394 13.0528 36.4262 14.2321 14.8442 6.85019 44.1348 22.9026 18.6067 36.4237 17.1448 24.9193 22.2306 23.8808 25.7048 43.9934 13.8685 10.78 36.7844 12.2599 21.4295 28.2926 7.88304 24.9175 5.61434 8.77062 14.2612 23.0842 15.9829 27.793 3.68725 8.96376 39.881 16.3675 41.1897 29.5326 28.4399 32.7969 39.4548 24.2463 19.1875 28.549 16.5152 35.8789 15.7468 14.7842 31.2931 9.59969 41.2131 21.3462 45.7818 24.3845 6.91282 27.2059 25.7798 28.8236 34.6164 29.4905 18.1073 6.66586 38.7193 15.1446 23.6339 
13.412 13.618 27.299 19.7407 14.5748 2.54277 15.6189 25.3729 0 12.69 20.0388 20.8281 21.5152 15.0595 14.6518 19.3937 10.5707 23.239 6.78952 22.0047 0.444117 22.9668 8.5842 17.7374 22.4854 16.4984 7.36532 16.9649 20.2412 13.3916 27.0064 18.1328 9.89684 20.2731 15.0699 15.5864 13.8462 28.2292 11.189 4.23078 16.9991 27.0824 19.2724 32.3168 23.9515 23.2924 19.8463 17.2868 14.8916 16.6918 11.4555 16.4664 27.7428 28.4886 10.2267 10.1109 14.716 29.442 18.2264 30.5475 14.6777 13.1396 22.7104 12.0381 11.3094 25.1134 20.2261 13.0445 10.8579 7.79098 20.036 14.6047 24.7267 8.57182 23.0576 11.0743 8.99697 15.8129 20.6444 9.80204 7.4164 22.5711 26.0389 32.4619 12.6225 10.8045 20.0863 16.9082 18.527 25.3274 14.1397 14.7468 20.727 6.58939 12.6509 20.2708 17.7794 31.2776 22.4215 9.27792 24.2188 10.5126 16.7324 18.5786 18.3468 28.9701 25.9192 18.9633 22.9129 21.3304 27.22 10.2924 23.5102 16.2973 28.0554 17.6406 8.45188 11.6066 8.03505 5.91578 20.5419 15.7577 11.4601 4.32792 27.2622 12.3684 20.0076 26.4537 13.8216 11.5872 17.2552 13.9042 21.6184 15.8826 21.0833 15.188 10.1209 26.9151 31.4875 16.7352 15.4915 18.8276 13.6513 25.5059 19.338 28.1877 17.5821 18.2704 19.2657 5.47402 3.83964 12.2135 9.10111 27.3245 19.6444 30.7225 12.1874 27.6619 31.0285 17.5912 17.5206 30.8704 21.4159 18.7031 11.2194 2.91886 13.6027 13.416 23.7479 24.8353 15.3536 9.2234 18.9975 10.6225 5.47974 12.0593 17.5009 29.402 30.5334 12.8539 14.7209 14.4575 11.0356 18.6984 9.0208 24.6565 21.1501 21.8415 24.5512 33.2902 18.4601 26.7459 14.1721 26.2985 9.79971 17.2333 8.43414 22.0012 14.8524 11.1364 1.75535 
13.8581 14.7913 28.1619 15.0891 17.9494 12.4881 26.9933 15.2572 12.69 0 17.0615 22.199 9.16283 12.4089 22.0529 25.9349 18.0373 12.8073 6.76367 24.6742 12.2525 23.2687 18.8208 23.9889 15.1485 17.3795 16.2681 18.9162 32.9305 18.9031 20.994 22.3551 21.9872 7.58396 24.7396 28.2293 26.5212 15.8045 19.9607 9.25425 25.4007 30.4078 8.26882 19.8836 36.5767 13.8136 32.4716 27.0153 5.02279 28.9394 18.4877 17.1428 19.3466 15.8026 16.0055 11.8102 26.678 30.893 25.7986 27.7271 23.1909 23.6238 16.9791 13.3517 20.2484 19.9248 22.2718 22.8362 10.6184 11.991 32.6642 16.3649 28.0075 13.627 12.6836 23.7524 6.45007 16.9468 7.9749 5.99186 12.031 23.8992 29.1365 20.0553 5.43246 16.2586 18.895 10.2754 13.1498 24.71 1.74281 26.3393 8.64483 6.8351 19.4208 32.0076 23.3601 31.2405 26.8177 6.29145 29.4847 8.98056 25.6856 18.8875 15.3929 30.5135 19.6832 26.004 35.5062 24.8206 14.7658 19.5981 23.502 7.90978 15.4653 10.9909 19.2187 19.8417 6.09657 7.05254 32.6882 16.9051 18.2906 16.8741 14.9278 22.5004 19.7087 13.9003 25.2051 4.79456 25.2768 26.5925 10.3641 15.947 12.3671 27.6559 13.3065 22.0763 18.8509 4.04529 21.1833 16.8364 0.987729 18.3493 31.9387 28.3261 7.09651 21.2758 7.76011 15.1722 8.8727 18.5509 10.4691 29.2737 17.2963 18.2438 22.334 14.9759 29.3558 24.5892 8.94168 31.0149 13.6525 6.86156 4.66765 9.817 1.74675 21.7751 12.5389 18.8416 28.0328 7.74282 25.9837 14.2925 13.9718 17.5927 29.7626 29.7714 27.9208 21.8805 3.27325 26.4362 10.0975 6.37359 21.0419 12.0767 32.8856 11.7868 36.7494 32.2134 9.26623 29.6449 21.0197 30.2033 20.4089 15.0413 10.1083 15.0234 23.8817 2.53441 11.2951 
6.86959 7.10669 11.7754 32.0981 32.5563 17.706 34.9851 30.952 20.0388 17.0615 0 37.9725 17.3444 28.8948 34.4026 16.1246 14.3637 28.5381 19.8054 10.5315 19.7444 39.474 28.6221 37.2352 32.07 33.0778 27.1691 34.272 35.4102 11.9128 37.9824 36.7842 28.9701 19.5873 35.0921 30.2418 29.2786 27.3286 16.5224 20.2927 36.9976 45.5779 24.2505 30.5749 39.81 30.0781 36.1009 37.2795 12.5861 28.6551 13.8559 5.43304 35.754 24.9411 12.3219 26.4498 33.5059 46.8975 38.1083 44.722 34.6604 20.8317 4.61352 8.25869 16.8519 36.983 37.7685 19.2452 25.9403 25.2822 36.2444 7.14066 13.6101 26.7762 28.4778 28.0081 21.4428 6.11964 19.0175 12.6168 12.8003 39.7571 44.3874 30.8517 11.6783 11.8849 35.3823 7.2407 30.1817 7.87805 16.2844 24.807 23.0982 19.652 13.6652 38.9962 37.0268 47.7434 13.9557 12.8115 43.5343 24.4957 19.4903 34.8981 1.7941 46.4745 36.6646 16.8564 39.1161 11.5627 26.3838 17.1589 7.15343 9.90608 26.0646 28.0519 28.4413 15.7438 20.2831 18.9295 38.5546 32.4592 30.866 23.4942 27.0303 32.3719 35.9671 25.1713 33.2823 12.5694 37.2042 29.6901 25.6824 5.01716 9.13123 28.5936 10.3993 39.1361 28.2253 17.9516 12.6744 33.4394 16.968 35.2024 32.9348 44.7219 12.4415 9.12107 14.2931 25.3483 17.9658 31.4762 10.9649 13.4869 34.0043 28.987 19.5677 24.3388 46.2066 37.3188 25.9104 47.4616 30.5475 22.2626 21.0392 18.2491 15.6609 33.3502 27.5131 35.8626 30.5983 22.7864 16.7679 10.3891 15.7941 11.8693 35.4875 46.1264 44.8945 32.8697 14.6828 33.2445 25.6211 16.3611 28.2802 23.6859 39.8287 11.6573 42.179 48.9854 26.0696 45.0039 33.7352 45.0675 19.4196 2.80681 24.2939 32.0055 18.5874 18.8159 20.1958 
32.5499 33.106 47.3706 10.2184 6.32681 23.2135 20.2906 20.4957 20.8281 22.199 37.9725 0 29.2644 9.98143 10.5729 40.1859 31.3987 20.2748 18.2073 42.4729 20.8219 2.51843 15.8741 8.55118 14.4954 4.9047 14.6064 3.87919 31.5386 34.1347 13.6952 4.97882 20.5255 25.9991 15.2476 29.5801 27.8338 28.8274 31.8538 18.345 12.8454 8.42352 20.2326 31.8495 32.8111 18.4415 29.6863 16.162 27.1927 32.756 32.2817 36.0032 18.2287 31.5323 30.8726 11.6111 22.0778 8.93419 11.37 11.4277 12.635 32.7847 38.8864 31.389 31.9248 11.5538 1.17953 33.1746 12.0428 13.3102 29.8678 34.4254 45.3814 12.2637 20.0919 24.8317 16.581 35.4873 26.9045 25.3591 27.327 1.79625 7.12772 31.7998 26.7815 31.4224 4.64942 32.0995 11.6106 44.7487 23.7073 32.8033 23.1172 18.3784 33.4776 24.3724 7.30634 10.4547 43.199 25.1654 9.41657 13.5519 37.0039 3.37904 36.1821 8.50404 13.5972 39.7011 31.5793 41.9599 28.3029 30.8687 43.1333 30.0031 29.8285 13.6717 16.8122 32.3567 17.6941 19.1849 26.5271 5.51499 10.7263 20.8252 27.7097 15.7504 3.22991 28.416 19.5259 25.7025 12.0744 27.4212 21.4217 35.1031 34.563 30.6351 29.9737 11.7525 32.8861 24.1016 36.2962 6.48515 22.8041 15.0143 32.8897 7.37816 29.2157 38.7028 29.3451 16.1723 20.7828 9.87582 27.8709 47.7304 6.66749 30.9416 32.1921 30.9136 10.8445 9.99947 16.375 10.0423 15.0556 21.7626 17.561 20.9203 23.939 12.2997 22.1845 12.7987 28.7715 15.2095 39.7428 30.7253 26.2492 32.7577 25.1592 8.57548 11.2057 13.5245 25.4308 22.0176 12.4049 27.1984 20.0057 27.4168 24.9524 33.7783 29.742 12.6539 17.1911 7.53395 9.7583 8.58536 29.7954 35.4216 13.7795 13.8299 35.2095 19.8279 19.6027 
17.7764 18.7952 29.0864 20.1877 26.11 20.8325 36.1553 14.906 21.5152 9.16283 17.3444 29.2644 0 19.3356 30.8636 30.7704 24.4221 12.8063 15.9265 27.304 21.0712 29.7661 27.9799 32.4893 18.1129 24.8078 25.4044 26.5372 41.6611 24.1883 23.8506 30.4031 31.0741 3.48977 33.8171 36.784 35.1639 9.99895 26.6539 18.3791 34.295 37.6837 9.75735 13.4754 45.4633 14.8305 41.3595 36.0771 7.36861 37.038 24.5953 20.068 20.2115 8.11994 22.0511 20.3539 35.8013 37.3368 34.5294 32.0616 32.1484 30.8151 14.8302 17.9932 26.9841 23.6219 29.5949 29.7287 18.9107 20.946 41.5484 20.201 30.5969 22.5387 12.8257 32.5626 15.3463 20.2234 2.55419 12.6254 18.8268 30.7914 36.3883 13.7318 10.0363 22.0921 25.2177 10.5321 18.295 25.058 7.49689 34.0301 7.31183 15.9961 25.2441 41.1613 31.7239 36.9215 30.2613 13.1522 37.4903 17.3309 31.9034 25.8892 16.2829 37.0227 22.5833 31.1205 44.428 27.9543 9.04081 26.5766 24.4978 8.28269 8.83437 15.9639 28.3812 26.3016 15.2056 16.1599 41.7945 24.4942 27.1573 25.8028 9.69167 31.6352 26.3384 7.83147 34.3654 10.6119 34.1075 35.2944 10.01 18.8468 8.75285 35.9831 18.9597 25.6878 11.4962 5.53266 26.1624 23.1012 8.18253 20.6928 40.3896 34.3042 5.48134 24.6889 3.24626 24.335 17.6838 27.325 16.5298 30.8236 23.2913 11.8252 29.4451 7.38233 34.2578 33.2361 13.1917 36.8061 16.669 7.79139 13.0564 18.5964 7.93624 30.7428 11.2225 22.106 36.6806 16.482 31.0709 19.8337 21.56 23.1571 38.8376 35.7618 32.3702 30.9278 6.82929 35.5567 18.3135 2.82564 30.1351 6.37277 42.0402 6.50191 45.8505 37.253 12.6759 36.7901 29.7693 37.7102 27.8952 16.6661 18.9467 18.3517 30.2918 11.4776 20.2769 
24.206 24.9198 39.1342 4.73787 7.62269 16.8662 22.1558 13.3277 15.0595 12.4089 28.8948 9.98143 19.3356 0 13.7301 33.8446 24.973 12.1675 9.95065 34.7515 14.8563 10.8637 14.705 14.2063 8.40413 5.51971 12.1507 7.31244 31.6654 27.1492 12.0023 11.4409 19.5414 16.1499 18.0385 28.2488 26.3683 20.1827 26.0446 11.2717 17.2137 18.3723 10.7804 23.7125 34.1652 10.994 30.3696 19.9243 17.4316 30.5112 25.747 27.7075 13.6904 22.3751 23.8327 5.30471 23.0056 18.4997 16.7673 16.2209 15.6266 28.1768 29.3282 23.2282 26.2085 10.0556 10.2599 28.0967 4.20405 7.76597 30.5691 26.382 37.8929 8.11254 11.9616 23.1593 7.71136 27.2986 17.0336 16.404 19.8381 11.5993 17.0793 23.7273 17.3494 24.3079 6.51891 22.5605 4.03541 36.1219 13.8257 29.3688 13.6133 10.1746 26.9132 27.1397 13.1913 18.9013 36.0747 16.3285 18.3355 4.87107 31.7375 6.6062 27.1344 18.1293 10.99 33.569 32.9439 34.4961 19.4843 25.2376 34.6632 20.3057 20.9055 4.73575 15.5752 26.3325 9.01868 11.1294 28.6871 5.32327 10.8907 17.0693 19.0418 16.9239 7.30585 19.3664 20.7165 16.3577 16.7518 26.1505 12.422 26.6707 24.7109 28.6216 22.2161 11.878 24.214 14.1208 29.4578 4.54713 12.932 10.9357 31.9852 15.9414 19.3164 31.0393 19.3693 12.6529 13.3902 10.5531 19.7122 39.8225 5.16401 22.5321 27.2469 21.6822 17.3839 15.2941 6.94149 18.6514 7.92386 12.0346 7.91558 13.8913 14.1225 14.4657 13.7352 9.88825 27.6659 6.59325 33.5868 23.0995 19.7565 25.7237 26.4046 17.3791 16.3136 15.2323 15.5752 22.8406 4.06305 17.2188 18.6982 18.1192 27.9205 23.8273 32.5361 20.1036 7.94673 17.5133 12.5096 18.3748 24.8551 26.5267 6.62572 7.7637 29.8448 10.1967 13.3946 
27.9844 28.2492 41.8602 17.1224 6.39438 17.1784 9.75499 26.9986 14.6518 22.0529 34.4026 10.5729 30.8636 13.7301 0 32.648 24.4615 25.8928 15.7995 36.4103 14.8589 13.0733 6.81976 3.33466 21.5877 9.67418 7.29543 8.35724 20.9767 27.6111 22.9821 5.73428 10.5472 28.256 4.80217 19.3166 17.6649 33.6866 24.2672 14.3533 3.53219 13.4469 23.9827 37.3563 22.3085 24.6782 19.1141 6.28859 26.3478 22.741 25.391 31.1134 26.4536 35.4888 24.6663 10.5656 11.5102 16.9422 3.80436 21.9971 2.13804 24.1286 36.5133 26.6349 24.2464 20.7188 9.44865 24.8619 12.1375 10.0911 19.2962 29.2561 38.9054 8.43917 25.6864 14.8768 15.6122 30.4641 29.0015 22.6317 22.0498 11.676 12.6845 37.3861 24.9386 25.2575 13.2696 30.0747 17.4352 39.9792 23.7926 23.3721 26.6113 15.8436 26.5321 14.1562 3.94911 19.8177 36.3685 22.2412 9.76017 13.6118 28.6491 10.8721 32.6515 16.4567 22.4906 31.983 21.0711 35.5867 32.9098 23.1899 38.1585 28.6656 34.2397 18.4602 7.55261 24.9398 16.0621 16.2076 16.1396 9.2806 3.78046 12.7156 32.552 5.29904 12.168 32.6393 8.95982 23.767 3.24477 17.1968 25.9079 30.4937 33.6048 20.5873 24.7677 21.5385 37.6497 25.332 29.47 13.7255 22.9478 23.3107 22.4577 17.0743 28.8921 32.7415 29.812 9.1789 16.5052 3.54208 23.4693 41.7269 14.4484 36.1037 23.8312 34.7364 21.1854 2.93978 20.3855 19.3044 21.4565 24.7416 17.8073 16.1557 23.6768 1.86485 27.3987 21.4798 18.4587 14.3955 32.0454 25.2692 19.9127 26.3899 14.5996 17.855 21.7632 3.10094 25.1882 11.4567 12.7607 28.2451 10.2517 31.1967 14.8307 33.5997 19.6122 22.5111 21.462 13.4504 1.22067 12.3694 21.5953 31.625 11.9577 20.8896 27.0217 19.5473 14.22 
12.9944 11.9752 12.8322 38.2669 33.8873 17.1509 28.6396 41.1706 19.3937 25.9349 16.1246 40.1859 30.7704 33.8446 32.648 0 8.90002 38.7331 24.0589 7.53973 19.447 42.3576 25.8302 35.9681 40.057 35.885 25.9711 36.339 24.0904 7.04091 45.3285 37.1046 23.3521 31.7622 31.0586 19.6599 19.6367 40.3829 8.41625 22.6133 33.8864 45.8891 34.2017 44.1608 28.4153 39.5799 25.6009 32.7039 23.8407 16.5373 8.0985 11.2251 44.8751 38.8832 10.1773 29.3373 26.4081 48.6458 35.5889 49.8001 31.8906 9.58806 20.7295 12.9198 8.40959 43.6818 39.531 8.25801 29.7807 27.1403 25.6778 10.6108 7.78523 27.9573 38.6037 20.1736 26.4994 10.8358 31.5498 19.9504 14.3233 41.9078 44.9539 44.4001 21.4585 9.80261 39.3829 20.578 36.7274 14.0339 26.2401 12.829 34.26 23.8227 6.93382 30.9229 36.3136 50.6406 4.83882 19.6475 42.387 28.9963 5.411 37.9633 15.9846 48.1662 44.1193 1.05661 28.1153 5.97374 39.3436 9.47244 12.3591 22.5039 39.4793 35.2517 25.152 7.83916 25.1895 22.8532 29.5464 35.146 30.2082 19.9559 39.7782 28.5101 39.3781 38.2265 27.4251 21.4886 34.4177 20.2286 36.2697 12.2882 24.3225 17.5418 12.6286 45.6463 42.2618 28.8682 4.75746 37.9727 26.4461 43.2754 20.8883 47.5586 25.2891 7.01412 27.5341 24.1956 20.4644 31.0438 15.4681 11.3087 38.7543 42.4851 9.25023 38.1527 50.4004 35.4231 34.137 50.2226 38.719 32.7069 27.679 19.963 25.4562 30.993 38.4193 43.0996 20.4032 27.3499 0.942416 11.6424 14.1475 8.40245 26.9272 48.7471 49.8142 30.0154 25.3881 26.1933 29.8024 28.765 23.1521 36.4782 31.5764 26.6248 32.2548 52.6839 34.7657 45.6921 32.5361 44.9378 11.1639 15.0207 27.4189 39.7269 6.15582 26.2112 20.785 
8.11599 7.46251 17.8073 29.4446 25.1351 8.25988 22.1321 33.0221 10.5707 18.0373 14.3637 31.3987 24.4221 24.973 24.4615 8.90002 0 30.6364 15.2811 12.1108 10.5922 33.5254 17.7406 27.7243 31.4378 27.0216 17.4701 27.5348 21.0592 3.32014 36.5658 28.5439 16.2836 24.6915 23.5709 15.9104 15.0634 33.3634 2.3512 13.7218 26.1369 37.4325 26.1749 37.3281 25.4728 31.2775 21.8446 25.4759 17.0835 14.3699 0.930086 9.12774 36.3961 32.4425 2.44769 20.4398 20.2512 39.9748 27.6854 40.9001 23.9814 6.80101 18.5234 7.12502 2.70086 34.8659 30.7872 5.43542 20.8883 18.2647 21.9793 7.23999 14.4452 19.1405 30.4904 14.2535 17.7434 8.37805 24.6637 12.2864 6.00675 33.1399 36.4406 37.5388 14.4513 2.63499 30.4867 15.5208 27.9568 16.8349 18.6798 10.6285 26.6367 15.043 2.0952 25.4691 27.9459 41.8478 11.9496 11.8665 34.2134 20.1412 7.66021 29.0964 13.2567 39.4998 35.3789 8.59764 24.8155 11.1583 32.3097 2.79776 14.8859 16.6256 32.6894 26.5872 17.197 1.87974 16.4547 14.0784 24.6909 26.2851 21.7086 11.8224 32.6225 20.8815 30.5003 31.283 20.6306 14.1329 26.5733 15.5207 28.3677 9.34702 19.9235 14.23 5.53898 36.8047 35.771 21.4551 5.01492 29.0741 18.7017 34.6287 18.5882 38.757 19.1261 8.67347 21.3448 15.6263 11.6257 22.5179 7.93418 17.369 29.8578 35.6472 5.43357 31.656 41.5197 27.3337 25.6791 41.441 30.1523 24.8987 19.1243 11.082 17.9121 22.9346 30.5545 34.3422 16.3165 18.5237 8.61408 4.81455 5.24754 2.58345 21.7095 39.9723 40.915 22.0827 18.2012 20.0027 20.9221 22.0159 15.8405 29.4681 26.249 21.7559 28.1092 43.835 26.392 37.164 24.2075 36.5603 5.08222 11.9822 18.5205 31.0707 5.91445 17.8881 11.8998 
26.5218 27.4893 40.1743 10.0581 19.7399 23.9858 33.9181 2.46734 23.239 12.8073 28.5381 20.2748 12.8063 12.1675 25.8928 38.7331 30.6364 0 16.4716 37.2204 22.8728 19.8825 25.9827 26.2454 6.24496 17.1022 23.2409 18.9081 42.4366 31.6957 11.3147 23.1755 30.4454 9.50497 30.0964 38.3777 36.5286 8.58542 32.4007 19.03 29.3812 28.3544 4.54341 11.6745 45.4106 2.20466 41.4443 32.0506 16.0699 39.9033 31.1566 29.6495 7.43452 11.6541 28.7268 16.3007 34.4588 26.8598 28.8903 19.9478 27.7555 35.6878 27.0235 26.1182 32.6622 11.5633 21.0019 35.1085 14.6436 18.2539 41.6448 29.0597 40.5757 19.278 0.20726 33.4205 14.2821 29.5376 10.3478 18.7991 24.6583 21.3735 27.0987 11.659 17.7773 29.0123 15.6541 21.2984 8.84331 36.4126 12.7567 37.8935 5.61793 16.6847 32.1392 38.9915 25.1567 25.6496 39.5463 19.0861 29.5562 13.8253 38.214 17.247 27.0922 26.6416 10.1332 38.7792 44.2241 37.4819 8.16877 31.9065 35.4744 18.632 9.74007 7.43301 26.7345 32.3787 15.2109 17.4795 40.3462 17.158 22.8883 26.6331 7.49252 28.7362 17.0475 8.52816 32.3525 17.4439 28.9139 36.4387 2.89415 28.4182 21.1169 38.2905 26.1057 13.4329 12.6254 10.6118 33.9855 13.8342 12.3805 8.1064 42.1832 23.4549 16.2379 33.9568 14.8617 23.1188 19.9898 22.6399 23.2652 41.541 13.6119 10.6732 34.4869 11.176 22.4436 27.4015 5.9642 25.644 5.26963 6.31556 12.0497 20.8624 13.5156 26.5481 2.03563 9.89572 37.9605 14.3968 38.762 27.0923 26.1194 30.368 37.8352 24.8495 20.3169 27.2261 14.0575 34.2653 14.0841 12.4639 29.5235 8.08534 39.8033 19.1639 44.2985 25.4374 4.89927 27.3063 24.6726 28.7716 32.3491 27.0427 16.2998 6.76043 36.3638 12.7882 21.5153 
14.4494 15.0925 29.3735 14.2162 12.8113 7.66041 20.2313 18.6489 6.78952 6.76367 19.8054 18.2073 15.9265 9.95065 15.7995 24.0589 15.2811 16.4716 0 24.8306 6.40976 19.852 12.0624 18.1221 16.2433 13.3413 9.55366 14.4699 26.6805 17.2507 21.2867 17.1343 15.3418 14.0925 18.09 22.2375 20.4436 21.6271 16.6262 2.69801 18.9927 25.8048 12.49 25.6992 30.1296 16.6291 26.0398 20.38 10.5662 23.4812 15.9959 17.9414 21.355 22.201 13.9496 6.64435 19.9695 27.1414 19.5997 26.1579 16.7158 19.4281 21.143 13.3822 16.8364 19.6251 17.9668 19.0372 6.28463 5.8016 26.236 16.5105 27.9494 7.44007 16.2932 17.4914 2.47034 17.4828 14.6073 7.25761 9.90167 19.9997 24.5998 25.8303 9.21231 14.4037 16.0708 14.4816 12.6784 26.5791 8.4576 21.4328 14.0681 0.238552 17.1328 25.2563 17.6895 28.2285 26.1304 7.0034 24.0972 5.09895 22.4486 15.2481 18.0117 26.7097 20.098 23.8551 29.0228 24.5484 20.6406 15.9531 25.0133 12.8872 21.5765 11.3654 12.4561 16.7925 1.27103 1.2058 25.9948 12.6949 12.0249 10.5527 20.6244 15.7758 16.4386 19.9503 18.4456 8.04563 18.9539 20.4382 14.8364 16.9751 17.8141 21.952 12.2717 21.6088 25.05 10.6545 19.5749 14.3515 7.74533 19.3956 26.0217 25.156 13.162 21.1036 14.3078 8.40875 3.72188 12.4294 9.84361 29.9501 15.0568 24.1379 18.3122 21.3801 27.1716 18.5178 10.8582 27.9058 15.0361 12.0221 4.43189 4.48358 8.1594 15.2979 16.9595 19.0619 21.9286 3.35744 23.8643 13.1493 10.2114 15.8253 23.1121 26.5208 26.2353 15.2857 9.59119 19.7319 6.09507 13.132 14.3905 18.1937 26.1329 17.8393 30.0585 29.7645 11.7478 25.2066 14.8741 25.3555 16.057 17.2191 4.49464 15.8387 20.5534 4.64772 5.10781 
10.8429 9.97441 5.82161 38.7299 36.3966 19.4808 34.0707 39.6864 22.0047 24.6742 10.5315 42.4729 27.304 34.7515 36.4103 7.53973 12.1108 37.2204 24.8306 0 21.9055 44.3961 29.7763 39.6191 39.6877 37.8104 29.2576 38.5993 31.056 8.83695 45.3636 40.128 28.3309 29.0391 35.6817 26.3127 25.9739 37.2739 13.0652 24.1565 38.2231 49.0843 32.7184 40.7371 35.4572 38.4422 32.3582 37.5767 21.2995 23.5773 11.1943 7.5709 44.0177 35.1816 11.786 31.0062 32.0528 51.2779 39.733 50.9725 36.0399 15.9806 14.8085 11.593 13.2467 44.002 41.9983 14.3916 31.0432 29.1638 32.4559 8.4342 3.3584 30.315 37.1248 25.8733 27.0546 7.72807 28.6215 18.9296 15.1564 44.2565 48.0285 41.003 19.449 11.203 40.865 16.7769 36.9761 6.51462 24.4712 19.7043 32.1454 24.6157 10.1767 37.0099 39.7467 52.8033 3.63687 18.823 46.1198 29.9275 12.6127 39.8282 11.1234 50.8157 44.0825 8.56307 35.0506 1.56783 36.2827 14.1196 4.97109 19.2082 36.133 35.1516 29.2727 12.2182 25.737 23.6875 35.9138 37.1038 33.4405 23.8914 36.8517 32.9895 41.1229 35.0944 32.6408 19.8878 38.6397 26.5231 34.5032 8.80499 19.5856 24.2836 12.5818 46.0883 38.5161 26.7305 7.36866 39.182 24.9206 42.9214 27.9966 49.705 22.0017 3.77003 24.1032 27.3722 21.7438 34.2105 15.054 5.32332 39.8836 39.1087 15.1913 34.5323 51.9839 39.3149 33.5112 52.4394 38.2319 30.9314 27.5652 21.5535 23.7242 34.9504 36.5228 43.1514 26.9511 28.1746 8.44946 11.7682 16.5579 10.0205 33.0965 51.0048 51.0596 34.1423 23.206 31.8149 30.9125 25.8376 27.9279 33.4842 37.7342 22.082 38.9408 54.5182 33.927 48.7276 36.0681 48.2997 16.3704 10.6381 28.8948 39.4809 12.7084 25.667 22.9621 
13.158 13.3919 27.1567 19.5196 14.5952 2.42673 16.0208 25.02 0.444117 12.2525 19.7444 20.8219 21.0712 14.8563 14.8589 19.447 10.5922 22.8728 6.40976 21.9055 0 22.9333 8.89297 17.9123 22.2009 16.4384 7.56401 16.9515 20.6801 13.3457 26.7786 18.2225 10.3225 19.8361 15.3902 16.0129 14.2782 27.8083 11.3012 3.89782 17.2677 27.18 18.882 31.8966 24.3951 22.9518 20.2901 17.6178 14.4533 17.0785 11.4648 16.2554 27.4449 28.0525 10.1451 9.97431 15.1417 29.477 18.463 30.435 14.9393 13.3838 22.3616 11.7927 11.434 24.9043 20.242 13.2408 10.6611 7.69951 20.4797 14.4125 24.6639 8.55822 22.6925 11.516 8.65323 15.6113 20.2044 9.37942 7.19102 22.5735 26.1241 32.0429 12.1942 10.7168 19.9814 16.5158 18.2754 25.1282 13.6978 15.0781 20.313 6.20523 12.6612 20.692 17.925 31.2641 22.3938 8.85779 24.3825 10.2581 16.8986 18.5163 18.0424 29.007 25.6807 19.0388 23.357 21.2599 26.7976 10.4302 23.323 15.8771 27.6268 17.3466 8.79375 11.6896 7.66295 5.50882 20.9771 15.7 11.6055 4.76867 26.8446 12.6993 19.9339 26.0266 14.2207 11.1539 17.5075 14.3404 21.2273 15.6455 20.6737 15.594 9.91054 26.724 31.0564 16.2974 15.4765 18.6853 13.2125 25.2382 19.7597 28.1708 17.145 18.1609 18.8236 5.68352 3.39712 12.3434 8.79117 27.221 19.4964 30.2999 12.402 27.2258 30.9567 17.7986 17.1775 30.8622 21.1148 18.2922 10.8416 2.4748 13.1593 13.6614 23.3617 24.6002 15.7868 8.92672 19.0704 10.4448 5.4356 11.9966 17.9387 29.3974 30.4279 13.1296 14.2769 14.8836 10.817 18.2545 9.44131 24.2278 21.5718 21.4151 24.9888 33.2454 18.108 26.8261 14.3485 26.4158 10.0301 16.9409 8.23733 21.7247 15.0124 10.7185 1.4727 
