200
10.1674 14.6381 1.28335 0
8.96342 22.9979 2.0812 1
15.8388 17.3121 1.99327 0
11.1189 18.7464 1.97786 0
11.6618 12.6752 1.19163 0
17.8311 21.855 0.73021 0
17.1502 22.8478 0.329751 0
1.48748 5.50327 1.1458 0
6.51465 14.9818 1.27902 0
7.71593 13.6991 12.4725 1
5.85873 16.4343 0.378143 0
16.5064 21.5707 1.47002 0
2.46084 8.59338 1.55296 0
4.73289 23.5951 0.888034 0
17.165 23.54 24.5281 0
2.24273 18.0065 1.73269 0
10.0831 13.2627 3.24116 0
6.47062 18.6635 0.254914 0
10.907 16.8454 2.07783 0
17.3562 23.009 0.540778 1
14.8591 17.8998 1.80491 0
15.4434 21.0969 0.3936 0
5.36425 19.0388 0.443008 0
2.67136 4.96652 1.7209 1
2.36027 19.0369 1.24215 0
8.51034 9.35653 0.477858 0
18.1655 22.0972 1.22854 1
17.4396 20.8704 18.9531 0
3.06413 4.73126 19.4571 1
1.13182 3.84857 3.2594 1
15.7014 15.9798 2.10311 0
0.189845 20.7759 0.450222 1
14.826 17.3624 6.23369 0
0.73122 17.4707 2.96285 0
8.42763 14.1154 2.143 0
6.72362 10.7699 8.55064 0
16.6411 17.352 0.499613 0
8.08187 18.157 0.945835 0
9.26216 14.1443 0.36101 0
7.09521 10.2452 1.29779 0
9.37098 11.5928 1.67211 0
13.3633 13.6963 1.35937 0
11.8752 15.18 0.926616 0
3.865 14.1567 0.412743 0
5.11465 13.8125 0.728173 0
5.49425 18.3113 0.941707 0
8.42532 10.2622 0.443034 0
1.84579 13.4167 0.594516 0
5.78607 11.0221 5.47694 0
5.7394 16.9521 0.44198 0
3.15502 12.9771 1.59484 1
9.22389 18.4411 1.09632 0
18.3647 19.6549 0.997296 0
8.5888 22.2568 0.337031 0
12.2865 22.6024 1.55842 0
8.40952 22.2101 0.331217 0
0.8767 13.7755 20.1406 0
4.32151 20.4362 1.52845 0
5.39675 23.3146 0.650365 0
14.3404 22.4877 11.9596 0
13.2384 20.559 0.920238 0
4.76639 15.8078 0.845276 0
14.6014 19.8273 0.969754 0
9.29585 12.9422 0.479998 0
12.904 23.9758 1.75849 0
12.4445 15.9401 1.10075 1
17.686 18.9293 16.1973 0
17.0329 17.7434 0.656906 0
11.2475 20.6043 16.6975 0
1.88979 11.527 1.04726 0
15.1243 16.2719 1.16335 0
8.16933 13.4217 0.787189 0
7.8868 8.17995 1.08325 0
7.42275 17.3175 0.538093 0
15.6101 20.578 0.372004 0
5.35283 19.2176 21.3807 0
13.3852 23.2701 1.0349 0
11.1548 11.7297 0.996964 0
15.4713 16.7937 0.522208 0
17.2983 23.7517 0.373043 0
14.0929 20.5884 1.15489 0
10.9246 14.198 1.34573 1
9.96977 14.0699 0.904502 0
1.9002 9.57388 2.525 0
9.50407 19.0229 0.368878 1
16.9976 19.3942 1.2426 1
11.6051 23.6253 1.36349 0
16.4148 23.5339 1.81994 0
14.6394 14.9816 1.74407 0
12.2311 23.5168 13.4495 0
17.4861 18.6183 1.30667 0
17.2785 19.3425 1.6752 0
13.5146 14.8128 0.435348 0
14.2848 20.2454 7.9048 0
16.2135 23.981 0.345302 0
17.4836 22.125 28.4662 0
2.52872 15.8796 2.1894 0
18.3059 21.4575 1.76018 0
6.78146 18.3174 1.60962 0
3.86769 16.9544 0.974124 0
10.6037 14.3965 2.14059 0
15.9118 17.039 1.84122 0
11.1439 17.0633 2.06122 0
9.36083 22.044 1.16746 0
3.59957 8.79161 1.80047 0
10.4276 17.2616 1.28307 0
18.2574 18.7905 1.36294 0
14.9324 23.3794 1.03818 0
8.49178 11.6017 1.43677 0
3.86489 8.56646 1.60724 1
7.12094 23.7329 0.899113 0
18.861 20.9869 2.03702 1
14.5255 23.0264 1.57918 0
11.4455 13.8055 11.884 1
12.5382 15.6822 1.30874 0
4.57482 8.75667 0.632146 1
11.6036 11.9332 1.61163 0
17.3018 22.4161 0.469132 0
10.2009 20.7516 1.23793 1
17.2626 20.1994 25.2461 0
18.1647 23.2882 0.244171 0
5.57796 13.6109 1.99841 1
12.0218 23.8532 2.04397 1
14.1494 20.3665 22.4923 0
2.20348 12.3939 23.2214 0
9.39339 10.6856 1.29502 0
18.3806 19.3006 1.47782 0
2.72074 15.2356 1.82153 0
11.1688 23.5076 0.895376 0
9.84741 18.4721 0.465514 0
8.72837 15.0687 26.4729 1
11.8331 12.6043 0.905173 0
15.756 16.8306 1.58836 0
6.99148 23.1973 3.61323 0
9.01846 19.2889 1.9179 0
5.57489 22.8225 0.543234 0
17.6417 20.3091 2.22289 0
6.32761 23.3499 1.48902 0
0.00695304 18.1018 9.50748 0
17.7943 20.5506 2.10988 0
5.05863 16.1561 29.8819 0
12.148 15.6148 28.843 1
8.54961 21.3892 0.514478 0
13.7952 20.1086 0.792831 0
1.26062 23.186 7.82428 0
11.3462 21.2803 1.46425 0
3.45906 8.54676 1.10417 0
13.892 14.0661 0.379393 0
2.9231 13.3088 2.14865 0
9.91059 17.8145 1.22227 0
17.7569 20.9005 0.363721 0
6.95028 20.5807 0.77595 0
18.2914 21.7666 0.410582 0
0.305082 11.5718 1.43251 0
6.88236 19.1826 1.92109 0
15.4609 22.3522 2.24636 0
0.813425 1.46226 1.00653 0
15.2893 21.013 0.559314 0
17.0408 17.0993 0.920631 0
18.2171 19.687 1.11426 0
13.6721 22.7727 1.846 0
4.79519 12.4323 0.587521 0
11.5327 18.6038 0.963008 0
16.7701 20.8136 25.5798 1
12.1268 13.0069 21.8693 0
9.31045 22.4284 1.98195 0
8.72896 16.2278 25.1395 0
7.68191 21.6221 1.47075 1
13.3361 14.685 0.209951 0
7.86728 12.9406 0.697193 0
7.57657 22.7429 0.32053 1
12.0443 12.7759 0.818889 0
0.104256 15.5849 0.985606 0
15.2514 23.1102 0.225615 1
6.47178 12.4372 15.3623 0
17.6355 22.0203 0.92956 0
14.0744 14.5298 0.761016 0
5.18527 23.3897 1.64669 0
10.4055 22.3529 1.79467 0
3.47135 20.2216 0.738304 0
8.12013 20.5439 1.05612 1
16.6422 19.7172 0.448591 1
13.3164 23.2229 0.83203 0
4.11676 18.053 1.43553 0
4.12189 13.7329 1.91138 1
12.3917 19.0833 0.991978 0
15.579 18.6011 0.235918 0
8.90614 21.5666 0.942688 0
8.716 15.7004 0.619845 1
13.7895 19.6178 1.391 0
11.8712 13.4016 0.845241 0
4.23494 8.97516 0.581996 0
3.57391 18.9837 2.03065 0
6.80452 22.0236 0.629184 0
6.34288 20.0226 2.24545 1
9.93131 16.5261 0.939028 0
12.4096 14.3352 0.26089 0
11.3889 17.1261 1.58905 0
10.2572 12.0179 0.373047 0
0.873396 10.7978 1.74644 0
400 50 500
0.025 0.0125 10000 3000 15 1e+06 300000 8 12
0 6.47001 4.7778 5.3747 4.30655 2.93879 2.35937 6.85857 2.35751 3.0016 3.34022 7.67512 5.81074 3.12717 2.65182 5.95212 1.26741 0.882903 6.55867 7.23971 2.14551 4.81145 5.85938 2.9318 4.13286 3.01434 4.643 6.33005 1.4966 6.39832 5.18569 2.66584 5.76983 5.54214 4.58103 7.01038 1.74395 4.53157 6.10538 6.19508 5.94789 1.92359 6.56824 4.15553 3.41836 5.41265 2.47909 6.93261 6.40232 6.31026 2.62472 3.02449 3.54348 5.32859 5.7116 6.16236 5.39968 5.38843 1.48717 0.87686 5.64102 3.04072 3.14879 5.41153 4.74359 1.14823 5.10988 6.16524 5.85355 2.0978 5.24693 2.82016 3.71294 5.52499 6.26553 5.24648 5.52711 1.9956 4.31179 2.65842 6.85328 3.29586 2.29504 5.15541 5.46964 2.66468 2.67791 5.04438 3.24759 5.72641 3.15552 5.59597 4.6743 2.10209 4.95909 5.70006 2.84449 3.61805 0.769369 6.07567 3.79946 1.66592 4.55063 6.43731 8.09254 3.06215 7.89872 5.68292 4.23817 1.29881 0.482288 6.21746 6.19231 2.98941 2.58816 2.63518 4.78511 5.0659 2.98189 6.15995 6.09474 2.00936 3.35945 4.01557 5.23721 5.56085 5.02925 5.29282 6.94885 2.24984 1.24095 2.19808 0.8543 6.43546 2.65357 6.11031 1.05957 3.68876 3.892 6.69505 1.61389 1.34104 0.711284 1.15848 3.50806 4.15538 4.38475 0.606869 3.7034 3.00036 2.21425 4.74846 3.14899 7.23264 2.88452 6.62228 5.56163 0.474995 2.09465 6.28589 3.42394 2.48982 3.10388 5.16268 4.38567 3.23285 6.8759 3.23879 5.64943 1.32837 4.34818 3.26437 5.7653 6.30997 5.05855 4.81976 5.6761 3.03888 2.29841 3.51104 6.12085 4.13159 2.87108 1.90577 2.57812 4.84408 6.71207 2.86216 3.74009 4.26396 5.92803 5.46948 5.80768 5.60284 2.24879 5.76026 2.45487 4.59719 4.42313 5.19403 1.76891 
6.47001 0 4.5223 1.67147 5.38299 8.07077 8.56016 8.5381 8.52373 8.27663 5.8896 1.98094 3.35757 9.53863 5.18846 8.3973 6.2999 5.74385 0.78198 1.60463 8.45103 3.1474 0.83483 3.56579 6.16381 9.45606 6.73893 6.40631 5.54925 6.27579 1.70044 9.07544 8.81846 6.29816 6.25437 8.45118 5.12255 8.57122 4.92398 1.00646 0.643608 6.94475 6.72496 10.5151 6.79293 3.06896 8.1633 3.18595 8.05461 1.52704 9.09353 8.79296 9.25609 1.28494 4.75519 5.43292 1.2606 3.85948 5.07346 6.28758 0.833712 7.34171 9.06752 2.30534 4.6597 5.33111 6.95369 0.356767 1.32295 6.53983 7.5873 9.29017 2.83827 5.42241 3.01984 2.12169 3.22899 4.88824 6.02541 4.74464 2.08573 9.10314 8.57131 5.4065 2.67665 5.82456 7.04178 3.4105 9.40018 4.69795 8.5593 1.91003 8.50868 8.05754 1.67067 4.07545 7.67882 6.88002 6.63613 2.96381 10.2252 7.08415 6.09997 5.76663 1.95533 4.95353 1.46761 8.09291 6.98797 7.64699 6.94526 2.13141 1.06617 8.41982 3.90441 4.05153 3.85644 2.30062 5.29648 2.22082 4.70098 7.88944 9.13078 5.80405 2.05408 4.38934 5.14566 4.11493 3.01984 7.36628 5.28681 4.30758 6.06927 0.446532 9.10897 5.37226 5.87261 9.09032 4.7794 4.11054 7.18898 6.08774 6.12323 5.53323 9.3718 6.82173 8.21477 7.06656 10.1591 8.47208 6.67499 6.578 3.32336 2.72903 9.13989 4.12816 8.51689 6.34124 7.80455 1.43413 9.81452 6.18421 3.43072 5.29183 3.2859 3.24842 0.747449 8.81077 4.20003 5.72081 4.60423 9.73376 4.3818 1.47983 4.04163 4.22252 9.04748 3.52215 5.85995 3.2604 5.32119 6.17172 8.07255 4.61214 8.90224 7.16592 2.48564 4.15165 6.00599 3.48664 8.71324 2.41454 1.98188 0.926784 8.56059 2.97207 8.48355 3.52515 3.99523 1.37338 7.52497 
4.7778 4.5223 0 4.84216 1.01351 4.59277 7.10163 10.3173 7.11068 7.68159 2.02633 6.47484 1.58962 6.96543 5.64324 9.70849 3.76886 4.65453 4.0133 6.05623 5.86011 5.64009 4.5696 3.08133 1.85878 6.99401 2.30255 2.16273 5.02938 8.7861 4.64203 7.21376 9.79753 1.81193 1.80324 10.3595 3.07613 8.88357 7.77251 5.06457 3.89933 6.37999 2.49074 7.69337 2.84678 1.56226 5.03459 7.06457 9.80002 5.53726 6.94832 5.56123 5.88163 3.37666 7.42976 8.13181 4.39931 6.61083 4.28615 4.04092 4.07864 3.64728 5.90409 2.23915 0.143148 3.9323 8.43487 4.46214 3.22405 6.26659 8.86568 7.07443 2.84016 7.75321 6.57812 5.13542 6.24766 4.71497 1.64689 5.22529 6.25106 5.8355 5.91053 7.51873 5.78846 2.4445 3.52386 6.03598 7.97461 0.949628 5.11751 5.27664 8.95244 6.87859 4.23558 1.06437 7.35463 2.83953 4.38026 2.07033 7.60976 6.26743 1.64926 8.49556 6.46051 5.76192 5.80915 9.39246 7.91829 5.331 5.184 5.91571 3.56277 5.03296 3.70001 2.67545 6.18771 2.23183 5.98508 2.66563 7.6205 6.77739 8.13645 7.05742 2.47082 0.81143 7.26873 0.673024 6.95779 6.80447 4.29653 3.2628 5.03841 4.16943 6.75784 8.06365 5.00123 8.42825 6.24581 7.56688 6.27333 5.42389 4.97861 3.64944 6.10003 7.7723 8.63228 5.1469 8.02713 7.73009 6.42655 7.99806 3.43542 6.88958 7.5772 7.53904 9.52629 5.00817 6.83539 3.33624 7.14926 6.29846 3.81133 0.819683 5.38917 3.15268 5.25505 7.99492 0.961597 5.06865 6.43913 7.50458 1.02125 5.5025 0.560476 6.48683 9.84035 2.82738 5.93232 4.33619 8.03716 7.36775 7.5199 3.35709 7.23891 2.71766 6.46078 2.19609 1.89176 5.46324 9.8471 5.5815 2.6487 4.24245 6.94031 6.21996 7.22945 1.03892 6.02551 4.17898 6.50178 
5.3747 1.67147 4.84216 0 5.48269 7.45741 7.24993 6.89217 7.20392 6.78884 5.66463 2.30115 4.15891 8.50142 3.66385 6.72677 5.4999 4.55559 2.30098 1.86576 7.47647 1.47847 0.838618 2.74408 6.13724 8.38676 6.77988 6.95119 4.22355 4.70331 0.221343 7.84678 7.14873 6.64522 6.34182 6.81715 4.3618 6.94437 3.40024 0.893695 1.65355 5.51153 7.28184 9.52248 6.50202 3.73107 7.40099 2.22336 6.40209 0.945703 7.94424 8.03193 8.52919 1.67975 3.17759 3.88336 0.548682 2.26329 3.89668 5.39198 1.13047 6.88051 8.26448 2.99337 4.95762 4.30462 5.28284 1.32577 2.30648 5.06882 5.91585 8.15267 2.28269 3.79757 1.76448 0.46451 1.6781 3.55654 6.06418 3.25829 1.58607 8.33978 7.6131 3.75453 1.11851 5.41026 6.52959 1.76571 8.04806 5.31344 7.89902 0.436741 6.87041 6.70347 0.617816 4.75668 6.16299 6.63056 5.70124 3.91464 9.17362 5.69937 6.19758 4.23439 2.74998 3.3786 2.7495 6.42176 5.33166 6.63751 5.82334 1.09398 2.31322 7.74468 2.81767 3.3803 2.19255 2.77172 3.71974 3.30068 3.19176 6.52804 7.69285 4.14335 2.61707 4.98777 3.49019 4.649 2.12416 5.90967 4.13678 3.40827 4.82463 1.97157 8.02111 3.81897 4.60554 7.5897 3.12415 2.8264 5.82093 4.74252 4.90482 4.63177 8.59666 5.16619 6.58291 5.98144 8.9626 7.00567 5.19095 4.90662 2.35439 2.14119 7.83069 2.81738 6.84728 5.15323 6.41441 2.68492 8.7958 4.65755 2.28702 5.66154 1.62742 2.42487 1.66989 7.34737 4.84973 4.41087 2.93317 8.58139 5.04884 0.940042 4.4965 2.56132 7.3826 2.82154 4.36232 1.89098 3.77276 4.50945 6.58407 3.69858 7.62858 7.19823 1.6572 3.67138 5.88507 1.83145 7.0418 0.855729 2.90738 0.907297 7.29158 1.50792 7.12728 3.81013 2.32414 0.693793 6.16233 
4.30655 5.38299 1.01351 5.48269 0 3.65896 6.5381 10.3711 6.5574 7.29365 1.14328 7.29382 2.60311 6.15617 5.64058 9.67474 3.15631 4.36647 4.93699 6.86082 5.08249 6.07759 5.32775 3.29494 0.846672 6.2075 1.3562 2.0626 4.85017 9.05184 5.27026 6.55292 9.68661 1.37273 0.875251 10.4415 2.7582 8.65378 8.15143 5.82241 4.74525 6.07048 2.33902 6.81978 1.86621 2.5469 4.16342 7.69513 9.86101 6.25846 6.23276 4.65227 4.93947 4.16905 7.78669 8.46352 5.09493 7.02786 4.13423 3.48611 4.85332 2.69609 5.00059 3.16172 0.878998 3.65808 8.48523 5.28268 4.12381 6.03592 8.85356 6.33903 3.2928 8.02093 7.15978 5.7176 6.7408 4.66547 0.652933 5.27328 6.97336 4.91348 5.11479 7.75051 6.33121 1.71658 2.62331 6.46675 7.38566 1.70319 4.17785 5.90596 8.74972 6.39147 4.86511 2.03338 7.04529 1.8404 3.78565 3.08254 6.77703 5.90374 0.723545 8.82028 7.33653 5.83022 6.72639 9.36632 7.86854 4.64696 4.65728 6.57494 4.47978 4.10604 3.8237 2.73341 6.54798 3.08601 6.00549 3.65435 8.02119 6.31147 7.63889 7.12699 3.33734 1.71446 7.51604 1.6742 7.6053 6.46903 4.08536 3.24474 4.72266 5.06132 6.00263 8.39642 4.73225 7.99526 6.41909 8.0861 5.88486 5.16612 4.63837 3.2692 5.17221 7.73428 8.43567 4.58036 7.2833 7.30608 6.19047 8.05417 3.71345 7.59204 6.9711 8.04932 9.43071 4.61359 6.40066 4.28641 6.31656 6.1585 4.06468 0.89092 5.77437 3.45872 6.09643 7.54319 1.9103 4.85036 6.67717 6.75369 1.90898 6.22782 1.57197 6.81186 9.68648 3.06495 5.81175 4.64978 8.37638 7.40628 7.14918 3.24614 6.62237 1.78298 7.13383 2.23199 0.911793 5.81518 9.76933 6.15037 3.59611 4.99238 6.34583 6.75948 6.70817 1.86426 6.33672 4.86034 6.07272 
2.93879 8.07077 4.59277 7.45741 3.65896 0 4.06127 9.75037 4.11917 5.39175 2.56705 9.68035 6.11152 2.7516 5.5281 8.79838 2.05265 3.697 7.88363 9.22611 1.94321 7.31919 7.68803 4.71354 2.95851 2.88004 3.05182 5.10907 4.37053 9.31238 7.24096 3.67786 8.52938 4.28893 3.31655 9.91655 3.10194 7.16769 8.90675 8.12363 7.44923 4.71643 5.21985 3.21549 1.82602 5.90461 0.759733 9.37281 9.30978 8.391 3.1782 1.01823 1.28982 6.79154 8.5088 9.019 7.29578 8.05473 4.06287 2.31748 7.32589 0.970024 1.3695 6.27898 4.48219 3.43756 8.04044 7.84683 7.06354 4.9933 8.14014 3.19314 5.2897 8.404 8.72409 7.47535 8.06118 4.70746 3.21942 5.43692 9.03801 1.25715 1.8833 8.04343 7.87159 2.31478 1.08907 7.62245 4.69205 5.36057 0.526466 7.78403 7.35254 4.2542 6.90943 5.65554 5.48747 1.92189 2.19795 6.54043 3.26965 4.37881 3.39121 9.31351 9.94131 5.91232 9.53365 8.54749 7.14454 2.11578 2.87342 8.4661 7.4406 0.450242 4.7536 4.09583 7.45878 6.04528 5.88028 6.9435 8.86695 4.27705 5.26647 6.94727 6.28527 5.3622 7.89547 5.26245 9.35062 4.92192 3.83561 4.07976 3.78542 7.88489 2.81607 8.96301 3.96939 5.82635 6.72827 9.33717 4.26555 4.27982 3.6425 2.96074 1.51327 7.07248 7.09775 2.65055 4.02961 5.26256 5.08933 7.68549 5.11343 9.53219 4.25986 9.27287 8.35357 3.41231 4.47401 7.37977 2.82711 5.42367 5.26302 4.48384 6.90532 5.03535 8.65504 5.35904 5.5442 4.22838 7.1576 3.51182 5.56226 8.37735 5.1012 7.56244 8.37329 4.65736 5.2356 5.83053 8.96778 7.07036 5.33694 3.81584 3.91654 2.98827 9.01283 3.92041 2.75064 6.83241 8.72474 7.80094 6.73859 7.3714 3.77428 8.23091 4.37441 5.04767 7.12225 7.05608 4.242 
2.35937 8.56016 7.10163 7.24993 6.5381 4.06127 0 6.37238 0.0838511 1.55457 5.47531 9.49216 8.16986 2.24354 3.77733 5.31015 3.38179 2.85272 8.74985 9.0869 2.19674 6.33297 7.86442 5.15381 6.21799 2.0065 6.61861 8.48725 3.03058 6.79915 7.09213 0.827927 4.85503 7.66859 6.66484 6.60077 4.10267 3.39259 6.98308 8.12616 8.09744 1.90805 8.69281 3.16163 5.29148 7.76807 3.32072 8.38412 6.03425 8.13296 1.31913 3.49496 3.87068 7.51561 6.63232 6.86098 7.39145 6.62045 3.50755 3.06753 7.72751 4.64394 3.36706 7.73359 7.05709 3.43139 5.04789 8.23059 8.09794 2.41284 4.87582 1.50292 5.9435 6.18686 7.73426 7.01777 6.95186 3.69939 6.43226 4.06373 8.56626 3.60242 2.31604 5.81179 7.05881 4.83021 4.39206 6.44901 0.889467 8.04514 3.95557 7.37708 3.62186 0.621024 6.94625 8.04926 1.98748 5.47471 2.75252 8.42843 2.63231 1.60826 6.66463 7.03813 9.99817 4.18396 9.92709 5.13475 4.06152 2.03535 1.92067 7.90846 8.41687 3.83574 4.67828 4.95779 6.06203 7.37843 3.9258 8.4814 7.04888 0.796129 1.20741 4.50341 7.5339 7.89602 5.79317 7.63922 8.44424 1.70162 3.32085 4.46011 2.49833 8.58752 1.70809 6.82722 2.68779 1.78047 4.90742 7.87246 1.46305 2.50758 2.46209 3.51779 3.65917 4.07154 3.44645 1.9616 1.88446 1.32831 2.3681 4.84202 5.27637 8.82188 0.581474 7.78959 4.75519 2.28809 1.00177 8.54785 2.5218 2.97348 5.12996 7.41859 5.93547 5.42128 8.86399 1.32851 7.99384 2.84892 5.37843 1.72869 8.10253 8.14245 7.40755 5.95746 4.60551 5.30192 3.09735 5.36991 6.85734 4.41784 1.60285 4.1924 0.455664 6.7234 8.32648 5.21749 5.85086 5.76311 5.1145 7.13136 8.11253 7.65152 0.306547 7.24875 0.37127 6.95653 5.69385 7.21623 1.13061 
6.85857 8.5381 10.3173 6.89217 10.3711 9.75037 6.37238 0 6.28873 4.83057 9.77278 8.0298 10.443 8.61394 4.73189 1.08453 8.03519 6.29257 9.19162 7.87009 8.3125 5.42603 7.72277 7.2413 10.5557 8.37841 11.1768 12.3814 5.66265 2.48445 6.92416 7.17761 1.74058 11.7432 10.9604 0.293961 7.72945 3.10625 3.8182 7.58494 8.52056 5.0444 12.6845 9.5123 10.1381 9.95094 9.1638 6.0882 0.519212 7.18339 7.6907 9.56183 10.0274 8.33894 3.85402 3.30107 7.39805 4.6965 6.29653 7.655 7.98721 9.8865 9.53991 9.41445 10.3643 6.87935 1.88718 8.2077 9.05775 4.7649 1.61207 7.87396 7.65526 3.12775 5.80241 6.42949 5.34191 5.7133 10.6518 5.10716 7.052 9.75307 8.46441 3.13816 5.87251 9.14446 9.5102 5.12997 6.46352 11.1454 9.86548 6.63091 2.8524 5.86263 7.14564 10.7864 4.43203 10.3363 7.62778 10.3882 8.97262 5.39963 10.8772 3.07935 8.73632 4.5592 9.21482 1.24015 2.62273 7.72205 6.8774 6.6012 9.15502 9.70988 6.61809 7.67516 4.70717 9.07136 4.36568 9.95905 4.0468 5.75471 5.61461 3.26038 9.04303 10.8576 3.40449 10.4995 6.26034 4.91216 6.40826 7.12956 6.06864 8.86362 8.0651 3.34324 5.94292 4.99158 4.13247 5.00011 5.53079 5.55361 6.20267 7.38015 9.87595 2.71913 2.9504 7.103 8.02186 5.09236 4.662 2.32175 6.92798 6.7888 6.65357 4.93215 1.69824 6.3878 5.51909 9.4968 8.89405 4.40076 6.55033 11.0154 5.40895 7.21697 8.28658 5.24467 10.8191 5.73248 4.0835 8.04435 11.0049 7.22437 10.271 4.33645 2.14275 7.4971 4.67821 6.12981 3.40277 2.96511 4.76975 7.13273 6.7862 11.4694 6.57791 8.17686 10.1639 5.24298 1.41412 6.12857 9.52216 7.77757 6.65561 5.64493 6.00589 9.54866 4.65404 7.42202 5.64264 
2.35751 8.52373 7.11068 7.20392 6.5574 4.11917 0.0838511 6.28873 0 1.47216 5.50039 9.44178 8.1659 2.32683 3.71708 5.22678 3.40156 2.82721 8.72018 9.03803 2.26492 6.27568 7.82382 5.13006 6.24716 2.09 6.65417 8.51373 2.98793 6.71922 7.04766 0.910539 4.77328 7.69665 6.69463 6.51699 4.10147 3.31158 6.90978 8.08174 8.06515 1.84036 8.72167 3.24526 5.32944 7.76113 3.38144 8.32235 5.9504 8.08386 1.40253 3.5649 3.94475 7.48645 6.56019 6.78486 7.35064 6.55494 3.47811 3.08139 7.69151 4.69014 3.44106 7.71831 7.06775 3.417 4.96525 8.19295 8.07317 2.34515 4.79204 1.58675 5.9193 6.11088 7.67359 6.96788 6.89085 3.65656 6.45956 4.0095 8.51261 3.67588 2.38642 5.7362 7.00255 4.85218 4.43349 6.38817 0.901882 8.05532 4.02074 7.32713 3.5402 0.549409 6.90572 8.0529 1.90419 5.51377 2.77206 8.42018 2.71561 1.54783 6.69259 6.96046 9.95126 4.12167 9.88629 5.05103 3.97899 2.07986 1.92704 7.85463 8.39013 3.89932 4.64723 4.94444 5.99848 7.36183 3.86048 8.46574 6.97691 0.727124 1.15612 4.42752 7.51508 7.90318 5.71935 7.64364 8.38367 1.62462 3.29534 4.44095 2.46776 8.55507 1.79002 6.75141 2.65296 1.71491 4.84026 7.80428 1.40541 2.46156 2.43597 3.5158 3.73537 3.98969 3.36356 1.9778 1.95833 1.24871 2.2973 4.76076 5.24603 8.76385 0.628309 7.72125 4.67246 2.26943 0.926593 8.52457 2.60552 2.90395 5.09444 7.43624 5.87975 5.39462 8.82174 1.25863 7.99887 2.80814 5.31048 1.8106 8.1093 8.09374 7.41117 5.89078 4.52529 5.28139 3.03382 5.32634 6.7818 4.3393 1.51913 4.17606 0.534494 6.76359 8.26967 5.21118 5.87801 5.7062 5.03206 7.07739 8.09451 7.61343 0.383182 7.18919 0.290129 6.95333 5.63083 7.17717 1.06962 
3.0016 8.27663 7.68159 6.78884 7.29365 5.39175 1.55457 4.83057 1.47216 0 6.34095 8.90001 8.509 3.7963 3.12638 3.76158 4.24366 3.04833 8.59936 8.53292 3.65868 5.63789 7.50646 5.21009 7.13035 3.55777 7.61925 9.32895 2.86977 5.47257 6.66778 2.34744 3.30247 8.54371 7.57944 5.06608 4.60718 1.84659 5.86154 7.68253 7.9054 1.38487 9.56959 4.6824 6.3467 8.06103 4.69318 7.54371 4.51158 7.58778 2.87179 4.95929 5.37125 7.39678 5.54918 5.6578 7.03838 5.71547 3.55855 3.8656 7.46724 5.8216 4.86899 7.87565 7.66429 3.76099 3.62631 7.92753 8.05392 1.73725 3.37537 3.04791 5.96181 4.99724 6.92967 6.4764 6.15323 3.46275 7.3129 3.54002 7.91303 5.09859 3.79485 4.64056 6.37125 5.666 5.51239 5.66531 1.72974 8.62886 5.36796 6.82666 2.07015 1.14654 6.60891 8.52242 0.671341 6.5421 3.6511 8.68711 4.14381 1.41618 7.55162 5.78468 9.47589 3.45066 9.53508 3.59763 2.66017 3.27779 2.7374 7.2612 8.32917 5.23233 4.61609 5.2136 5.22023 7.50299 3.12793 8.60379 5.96402 1.11621 1.00722 3.35645 7.61378 8.43132 4.67658 8.13228 7.63191 0.938093 3.46342 4.63533 2.65515 8.38418 3.26203 5.63391 2.73373 0.819405 4.00721 6.87832 1.41194 2.35869 2.70447 4.04578 5.17835 2.7055 1.8932 2.89443 3.24192 0.292886 1.60276 3.48715 5.19986 8.06476 1.83875 6.79263 3.20096 2.68525 0.94119 8.52514 4.06907 2.1427 4.95601 8.13344 5.28889 5.41078 8.45492 0.597943 8.49148 2.75217 4.44006 3.21772 8.62805 7.60565 7.89087 5.03695 3.06578 5.41269 2.42746 5.0171 5.67198 3.18076 0.204802 4.43381 1.95602 7.78953 7.60435 5.58657 6.73959 5.09365 3.55993 6.49552 8.19675 7.34986 1.85039 6.47922 1.18379 7.33107 4.87599 6.90331 1.24094 
3.34022 5.8896 2.02633 5.66463 1.14328 2.56705 5.47531 9.77278 5.50039 6.34095 0 7.69128 3.5566 5.01292 5.06961 8.99844 2.11534 3.5615 5.56771 7.24265 3.94164 5.98254 5.67747 3.11271 0.803512 5.06493 1.40487 3.01507 4.13059 8.69201 5.44395 5.4421 8.939 2.20823 1.24501 9.87049 2.04457 7.81272 7.936 6.15665 5.24711 5.19731 3.23619 5.68848 0.912369 3.38724 3.02878 7.8063 9.27483 6.52783 5.10364 3.53797 3.85651 4.6146 7.55228 8.18756 5.36538 6.88137 3.47717 2.4788 5.24386 1.6325 3.88286 3.85588 1.91871 2.90559 7.90537 5.72737 4.73621 5.23251 8.20712 5.20447 3.38248 7.67991 7.21652 5.81501 6.69462 4.08591 0.97225 4.7689 7.22785 3.80969 3.97202 7.3746 6.35871 0.676696 1.5002 6.35165 6.3045 2.83302 3.09242 6.05878 7.93059 5.37756 5.05763 3.09007 6.15683 0.991185 2.73877 4.00056 5.63565 4.98862 1.21073 8.53062 7.83208 5.32693 7.31002 8.70046 7.19951 3.53596 3.63998 6.74945 5.11053 3.00663 3.48756 2.45473 6.34672 3.68282 5.44671 4.4638 7.83399 5.31297 6.60823 6.59057 3.9351 2.80599 7.16207 2.6954 7.74138 5.56754 3.37036 2.80772 3.87812 5.63012 4.86434 8.12282 3.93075 7.00441 6.01028 8.04368 4.95017 4.36055 3.77447 2.43648 4.07378 7.07869 7.62507 3.5367 6.14579 6.32705 5.37891 7.48671 3.5611 7.80581 5.88323 7.99621 8.69943 3.70254 5.42339 4.98748 5.17499 5.43638 3.85513 2.02604 5.62729 3.36311 6.55369 6.54296 2.98138 4.09274 6.33264 5.61537 3.00967 6.50388 2.53717 6.56245 8.90084 2.93863 5.1173 4.4706 8.11057 6.83245 6.21098 2.70531 5.53105 1.73023 7.31473 2.03398 0.40435 5.62754 9.05109 6.21665 4.31442 5.34219 5.26724 6.77124 5.66932 2.56344 6.0847 5.1212 5.10389 
7.67512 1.98094 6.47484 2.30115 7.29382 9.68035 9.49216 8.0298 9.44178 8.90001 7.69128 0 5.33498 10.8021 5.79572 8.14373 7.7679 6.84958 2.66608 0.454494 9.77636 3.27013 2.01706 4.98582 8.04345 10.6859 8.64368 8.38723 6.48492 5.57541 2.49704 10.1179 8.6946 8.26522 8.16894 7.88054 6.61053 8.78076 4.21237 1.5578 2.57817 7.69318 8.70585 11.8236 8.57322 5.04844 9.66822 1.97494 7.60496 1.36867 10.2342 10.3008 10.7909 3.12492 4.20488 4.73353 2.38459 3.49838 6.19466 7.67892 2.45365 9.03922 10.5433 4.28033 6.60947 6.60339 6.76146 2.01466 3.30325 7.22412 7.42804 10.4442 4.40189 4.96852 2.25318 2.47486 2.89354 5.82433 7.92442 5.44263 1.02962 10.6101 9.91213 5.09271 2.5467 7.53501 8.7082 3.31508 10.2627 6.67889 10.1394 2.11553 8.66383 8.92654 2.78196 6.05606 8.24845 8.67968 7.99488 4.92736 11.4734 7.91344 8.01617 4.99425 0.70833 5.44964 1.39142 7.87257 7.07275 8.9383 8.12134 1.64903 3.03416 9.98914 5.11548 5.58464 3.80163 4.24308 5.77362 4.17542 3.9831 8.7483 9.84564 5.90293 4.00592 6.36991 4.87725 6.09171 1.79236 8.06529 6.43619 5.68203 7.10619 2.39476 10.3191 4.68838 6.88273 9.6755 4.98018 3.08275 8.0439 6.98938 7.19186 6.91605 10.8703 6.91806 8.40852 8.28172 11.2396 9.13766 7.3309 6.46752 4.62717 1.28328 10.0701 3.13746 8.4033 7.44475 8.61741 3.37828 11.0969 6.75879 4.5861 7.25753 3.61213 4.65863 1.23357 9.47872 6.18096 6.67606 4.63924 10.8694 6.36233 1.36606 6.01032 4.09453 8.99515 5.02353 6.50524 4.17759 4.62928 6.23866 8.69717 5.97838 9.88467 9.0707 1.46552 5.80125 7.85086 3.80636 8.52197 2.40462 3.96169 2.35015 9.55112 2.54891 9.34577 5.45779 4.09114 2.6251 8.38514 
5.81074 3.35757 1.58962 4.15891 2.60311 6.11152 8.16986 10.443 8.1659 8.509 3.5566 5.33498 0 8.33027 6.01254 9.9812 5.00533 5.47445 2.70498 4.95971 7.20409 5.29339 3.64966 3.40026 3.44763 8.3323 3.85445 3.07172 5.68439 8.60706 4.00024 8.39974 10.1845 3.0961 3.35819 10.4404 4.07036 9.46348 7.43255 4.1139 2.81493 7.14225 3.38252 9.12626 4.41618 0.492836 6.48862 6.29062 9.92501 4.6416 8.2042 7.04794 7.40026 2.49233 7.13947 7.8611 3.63409 6.24917 4.96016 5.20414 3.15938 5.1891 7.38247 1.16633 1.72563 4.78982 8.60976 3.40122 2.04912 6.92718 9.12486 8.3519 2.81211 7.60185 5.91575 4.54914 5.76591 5.215 3.22973 5.54639 5.32265 7.33363 7.27355 7.43481 5.23792 3.85926 5.02668 5.67836 9.05833 1.37367 6.63799 4.58653 9.49193 7.85587 3.62875 0.744183 8.08458 4.4207 5.56863 0.496529 8.99573 7.10502 3.20839 8.22605 5.1955 6.01817 4.46174 9.66045 8.26054 6.58332 6.26343 5.13027 2.30225 6.5417 4.0555 3.29555 5.94606 1.42285 6.30096 1.20734 7.24792 7.73038 9.09924 7.24898 1.54302 1.09897 7.16867 0.949563 6.15452 7.58647 5.04585 3.87769 5.86988 2.94213 8.06294 7.79323 5.77543 9.29968 6.31177 6.98507 7.14277 6.16005 5.84398 4.65294 7.60261 8.1016 9.17032 6.27351 9.30293 8.60443 7.08802 8.17707 3.59099 5.97996 8.68937 6.97441 9.89597 5.93868 7.74674 1.98414 8.53919 6.8318 3.95157 2.14571 5.15229 3.31212 4.10376 8.90016 0.8828 5.773 6.3905 8.79489 1.04259 4.59979 1.03457 6.29057 10.2902 3.16172 6.45559 4.31406 7.75665 7.59508 8.32832 4.0775 8.37018 4.2548 5.62466 2.95926 3.46883 5.27935 10.1835 4.99264 1.37751 3.36749 8.05031 5.65327 8.24165 1.21491 5.87667 3.46595 7.41577 
3.12717 9.53863 6.96543 8.50142 6.15617 2.7516 2.24354 8.61394 2.32683 3.7963 5.01292 10.8021 8.33027 0 5.48769 7.55359 3.37025 3.97293 9.55272 10.3659 1.13154 7.8803 8.9656 5.97297 5.58091 0.242488 5.77266 7.8133 4.45666 8.89289 8.31104 1.47236 7.09017 6.98305 5.98171 8.8393 4.48971 5.62287 8.90332 9.31513 8.98515 3.87568 7.94546 1.05079 4.47404 8.02212 2.05402 9.99822 8.26747 9.43743 0.924585 1.81398 1.96379 8.34455 8.52793 8.85375 8.51184 8.35609 4.61165 3.28179 8.71902 3.64404 1.52578 8.20395 6.88024 4.22372 7.22788 9.24822 8.79635 4.34305 7.10059 0.761147 6.72205 8.1828 9.33179 8.3698 8.57251 5.06094 5.83412 5.6347 9.97469 1.75159 1.05769 7.80258 8.56296 4.52116 3.57438 8.07703 2.42611 7.83482 2.39461 8.7209 5.85723 2.7701 8.07468 8.01385 4.20312 4.60771 2.91821 8.69138 0.688701 3.50711 6.03341 9.06968 11.2116 5.917 10.986 7.37522 6.24306 1.89167 2.69246 9.33437 9.15506 2.35334 5.70274 5.54447 7.76297 7.8969 5.73264 8.93435 8.93512 2.90169 3.22346 6.52007 8.10235 7.773 7.74124 7.60035 10.0274 3.81762 4.36741 5.23106 3.77885 9.46508 0.571673 8.81237 4.01375 3.87981 6.72032 9.65392 3.34762 4.06099 3.66841 4.01454 1.68101 6.2345 5.68928 2.52099 1.30671 3.55644 4.3528 6.98414 6.24217 10.3354 2.07754 9.57584 6.99715 3.39813 3.13867 9.19402 0.313351 4.90486 6.22503 7.0335 7.45785 6.291 9.98149 3.48786 7.92384 4.26225 7.1972 0.839207 7.98168 9.43712 7.40074 7.73411 6.82585 6.03347 4.91036 6.63594 8.83519 6.49651 3.84451 4.92649 1.85535 5.73673 9.81783 5.6084 5.29834 7.31851 7.3548 8.57836 8.63883 8.69697 1.95873 8.82847 2.61298 7.15115 7.39163 8.29977 3.10918 
2.65182 5.18846 5.64324 3.66385 5.64058 5.5281 3.77733 4.73189 3.71708 3.12638 5.06961 5.79572 6.01254 5.48769 0 4.06559 3.55961 1.83122 5.57794 5.41699 4.69199 2.56843 4.39838 2.63331 5.83995 5.31445 6.4737 7.66249 1.16193 3.79244 3.5486 4.49253 4.18556 7.01211 6.23628 4.81177 3.02822 3.51345 3.46609 4.55739 4.86991 1.90832 7.96114 6.5372 5.52299 5.52604 5.12728 4.60849 4.22431 4.46766 4.73774 5.67504 6.19299 4.42714 3.07679 3.51089 3.93607 2.87959 1.6094 3.22876 4.40009 5.41913 5.78466 5.15306 5.67781 2.23984 2.84877 4.83487 5.12751 1.42883 3.22669 4.95706 3.22534 2.87952 3.95698 3.35271 3.17489 0.985461 5.92629 0.479043 4.83061 5.94172 4.85088 2.5157 3.30104 4.4671 5.02557 2.6719 4.4908 6.51613 5.7928 3.70535 3.50958 3.17943 3.51835 6.23024 2.50074 5.71539 3.33681 6.07041 6.09053 2.16933 6.14941 3.79123 6.35557 0.429431 6.41216 3.75037 2.27923 3.88169 2.92067 4.17326 5.35852 5.6257 1.97702 2.97174 2.2999 4.77998 0.378637 5.82526 3.47176 2.99889 4.05143 1.52326 4.83158 6.24917 2.37853 5.90167 4.66691 2.26958 1.77199 2.40592 1.81113 5.33397 4.93557 3.45855 1.59287 3.92595 1.25081 4.16888 2.31538 1.43041 1.94962 2.76302 6.14499 2.13015 3.19193 3.14603 5.62004 3.35039 1.53692 2.42263 2.42971 5.05028 4.33977 4.08991 3.90394 2.21875 2.84451 5.60383 5.80067 0.997314 2.09188 6.30684 2.18895 2.70201 5.3319 3.69227 6.24154 1.32353 1.72074 5.33409 6.41507 4.48412 5.66377 2.24656 4.27773 2.88525 0.709525 1.96504 3.46909 1.77007 2.92176 2.40135 4.20335 6.78718 4.56215 3.46643 5.45302 2.00418 4.21227 3.39862 5.39245 4.26436 3.89004 3.47235 3.58581 4.97571 1.92825 3.81915 2.64749 
5.95212 8.3973 9.70849 6.72677 9.67474 8.79838 5.31015 1.08453 5.22678 3.76158 8.99844 8.14373 9.9812 7.55359 4.06559 0 7.1661 5.4608 8.99362 7.92806 7.29373 5.25005 7.56534 6.67067 9.79309 7.31653 10.395 11.7145 4.86796 2.87207 6.72412 6.10872 0.743481 11.0395 10.2114 1.34872 6.97041 2.0221 4.02398 7.49634 8.29854 4.08229 12.0076 8.43935 9.29933 9.48878 8.18605 6.27924 0.923054 7.1532 6.62928 8.55905 9.01418 8.03823 3.95063 3.55575 7.19471 4.67585 5.54921 6.7786 7.76936 8.99255 8.52186 9.01448 9.74332 6.09289 1.44436 8.05228 8.76452 3.85704 0.856399 6.80889 7.16963 3.18169 5.89059 6.27695 5.3162 5.01667 9.90751 4.49057 7.12999 8.73942 7.443 3.06165 5.80035 8.35148 8.62524 5.01439 5.38045 10.574 8.88614 6.52498 1.76807 4.81712 6.89077 10.2617 3.39771 9.49912 6.71973 9.97466 7.89866 4.42301 10.1383 3.43451 8.838 3.97674 9.2282 0.320775 1.80652 6.73776 5.9286 6.60912 8.90375 8.73386 6.02424 7.03702 4.54708 8.65648 3.72686 9.61093 4.23467 4.71771 4.5306 2.738 8.65705 10.3005 3.29808 9.94861 6.43691 3.90719 5.63107 6.46486 5.20024 8.68234 7.00992 3.57962 5.09917 3.90719 3.72877 5.25012 4.54502 4.68878 5.32767 6.57368 8.85244 1.94199 1.8729 6.14821 6.93942 4.01821 3.73808 1.84243 6.4044 6.96261 5.57645 5.17263 0.623545 5.48978 4.48454 9.22185 7.82987 3.56536 6.03498 10.3674 5.14854 6.69054 8.2386 4.16291 10.2817 4.91213 3.80471 6.96942 10.4603 7.19018 9.71347 4.18822 1.16007 6.92612 3.88264 5.69162 3.63882 2.38631 3.71043 6.43022 5.71737 10.6657 6.6783 7.52977 9.39649 4.96147 0.439886 6.03827 9.17057 7.57329 5.59768 5.64576 4.94168 9.01007 4.41022 7.18308 4.62971 
1.26741 6.2999 3.76886 5.4999 3.15631 2.05265 3.38179 8.03519 3.40156 4.24366 2.11534 7.7679 5.00533 3.37025 3.55961 7.1661 0 1.76537 6.23644 7.31678 2.23984 5.27194 5.81946 2.78648 2.89168 3.34672 3.38009 5.12846 2.43467 7.3501 5.28912 3.44496 7.01701 4.32323 3.34162 8.17019 1.17761 5.79808 6.87282 6.22411 5.71199 3.18502 5.3512 4.26711 2.15511 4.67036 1.90142 7.34094 7.56312 6.44342 3.20305 2.53333 3.02962 5.05812 6.47482 7.00726 5.397 6.00272 2.02633 0.39328 5.50792 1.87003 2.78086 4.83421 3.71055 1.38989 6.23445 6.03854 5.45709 3.31375 6.43019 3.34679 3.46234 6.4095 6.68725 5.4782 6.01329 2.68169 3.08547 3.41782 7.06425 2.84225 2.33392 6.05831 5.84069 1.45373 1.48257 5.57085 4.2335 4.69815 2.43056 5.8 5.93782 3.26222 4.9862 4.76893 4.1118 2.35528 0.629503 5.34184 4.05303 2.93305 3.32258 7.31299 8.08855 3.91904 7.76549 6.88701 5.41426 1.57967 1.52514 6.47147 5.82294 2.26919 2.73025 2.24871 5.40776 4.53144 3.92698 5.56419 6.82582 3.19941 4.49581 5.03881 4.74217 4.57656 5.89468 4.35298 7.32577 3.51705 1.81184 2.09166 1.96865 6.17879 3.0613 6.94935 2.09686 4.89089 4.71859 7.28459 2.87616 2.48319 1.83867 0.910048 3.10274 5.31695 5.64514 1.42661 4.29864 4.21754 3.44311 5.84789 3.14622 7.53063 3.8243 7.22023 6.80035 1.69206 3.3168 5.83974 3.6102 3.63483 3.25211 4.03799 4.85594 3.11482 6.81767 4.42821 4.69707 2.32657 5.13344 3.78963 4.78586 6.43384 4.13448 5.51911 6.93524 2.78486 3.38054 3.79867 6.95115 5.20774 4.12347 1.80597 3.47999 3.57672 7.0085 2.246 2.5064 4.78031 7.16378 5.783 5.27132 5.52098 3.19383 6.19075 3.55925 3.80604 5.07409 5.16565 3.003 
0.882903 5.74385 4.65453 4.55559 4.36647 3.697 2.85272 6.29257 2.82721 3.04833 3.5615 6.84958 5.47445 3.97293 1.83122 5.4608 1.76537 0 5.90106 6.42059 3.02452 3.93209 5.08914 2.30362 4.36363 3.8432 4.94472 6.42828 0.676466 5.61811 4.3751 3.33219 5.37767 5.68842 4.79583 6.41837 1.61162 4.28749 5.2514 5.39765 5.25776 1.72594 6.69518 5.01212 3.84685 5.03763 3.31375 6.0538 5.81277 5.48143 3.38991 3.88282 4.40335 4.66612 4.85559 5.33244 4.62171 4.50835 0.671412 1.41039 4.91028 3.63529 4.02266 4.92154 4.64667 0.722714 4.47385 5.42478 5.24596 1.67651 4.69699 3.59732 3.09231 4.70922 5.38654 4.40088 4.64517 1.11278 4.50151 1.78666 6.0033 4.16182 3.17565 4.34686 4.59772 2.90079 3.24752 4.16161 3.72566 5.597 3.96828 4.75426 4.38815 2.42893 4.17686 5.47439 2.70213 4.04567 1.50743 5.67835 4.63296 1.63468 4.73798 5.62006 7.29293 2.22255 7.14509 5.17115 3.68087 2.17969 1.28048 5.36155 5.56423 3.80097 1.84072 2.18397 3.90478 4.55809 2.18519 5.6651 5.2323 2.28541 3.64219 3.27837 4.70026 5.38977 4.20392 5.08595 6.07282 2.1514 0.468172 1.6347 0.395493 5.74803 3.47269 5.27814 0.369733 3.82744 3.04728 5.81457 1.66845 0.802895 0.391504 1.12518 4.38075 3.5743 4.07713 1.46497 4.42696 3.13075 1.82769 4.08354 2.43291 6.3659 3.42347 5.74232 5.14033 0.601079 2.2784 5.69808 4.2757 1.89872 2.32435 5.16194 3.50662 2.56876 6.10227 3.42637 5.44497 0.562839 3.49328 4.02845 5.58444 5.48361 4.84411 3.94831 5.34389 2.46349 1.62017 2.67266 5.28565 3.44239 2.87695 1.39956 3.16582 5.20567 5.84695 2.5385 3.96436 3.3822 5.49469 4.6062 5.28239 4.85185 2.82407 4.88137 2.84039 4.28662 3.54448 4.42847 1.95168 
6.55867 0.78198 4.0133 2.30098 4.93699 7.88363 8.74985 9.19162 8.72018 8.59936 5.56771 2.66608 2.70498 9.55272 5.57794 8.99362 6.23644 5.90106 0 2.33413 8.44208 3.7684 1.48559 3.62769 5.75092 9.48916 6.28758 5.77621 5.79318 6.98335 2.27374 9.20752 9.37776 5.73743 5.79329 9.11813 5.07377 9.03562 5.64817 1.76885 0.712236 7.238 6.08744 10.4959 6.4798 2.4862 8.0476 3.96737 8.69917 2.3016 9.17686 8.66861 9.10958 1.23509 5.45747 6.14904 1.80056 4.54979 5.24235 6.27305 1.22694 7.09487 8.96127 1.77802 4.15491 5.41045 7.54998 1.02338 0.831551 6.86663 8.16789 9.36459 2.84715 6.09699 3.78231 2.76512 3.93516 5.1526 5.58868 5.11415 2.86581 8.97645 8.55206 6.05348 3.37438 5.58909 6.82376 4.06662 9.6113 4.07225 8.38821 2.60649 8.99073 8.28193 2.12266 3.44248 8.03025 6.54715 6.63456 2.27224 10.2414 7.341 5.63792 6.49004 2.49132 5.39005 1.79588 8.68373 7.50998 7.6679 7.0402 2.89815 0.459281 8.2577 4.0739 4.00913 4.48666 1.88615 5.72941 1.51697 5.42905 8.12064 9.40709 6.34251 1.63292 3.77739 5.78789 3.53555 3.80175 7.67235 5.43443 4.36183 6.25242 0.349406 9.1561 6.08674 6.0734 9.41818 5.31426 4.87788 7.43293 6.33322 6.28965 5.54141 9.24818 7.34291 8.6881 7.13859 10.262 8.7758 7.01027 7.15897 3.47437 3.50515 9.32367 4.89252 9.07614 6.48542 8.05683 0.721918 9.81573 6.56043 3.65809 4.74178 3.84676 3.33738 1.4656 9.10951 3.57482 5.95116 5.18891 9.81312 3.74562 2.25448 3.49615 4.85688 9.58524 3.53007 6.21697 3.61404 6.0375 6.71206 8.39748 4.65942 9.06467 6.7112 3.26717 4.01325 5.63627 4.03842 9.29115 3.10772 1.37335 1.42093 8.72331 3.70009 8.70528 3.07769 4.58455 1.82116 7.7611 
7.23971 1.60463 6.05623 1.86576 6.86082 9.22611 9.0869 7.87009 9.03803 8.53292 7.24265 0.454494 4.95971 10.3659 5.41699 7.92806 7.31678 6.42059 2.33413 0 9.33466 2.92785 1.56593 4.5335 7.60366 10.2523 8.20821 7.99678 6.07098 5.44597 2.05566 9.7015 8.45466 7.85324 7.73607 7.7348 6.15793 8.47866 4.06905 1.1033 2.17139 7.30544 8.31779 11.3846 8.1226 4.65413 9.21665 1.92487 7.42958 0.954518 9.80817 9.84937 10.3386 2.69281 4.02076 4.59456 1.93034 3.25575 5.76243 7.23122 2.01193 8.58522 10.0933 3.88072 6.18946 6.16112 6.5252 1.59525 2.91541 6.84287 7.18916 10.0172 3.9475 4.77264 2.06783 2.07315 2.62717 5.40747 7.48828 5.0499 0.821936 10.1587 9.46947 4.86706 2.22384 7.08168 8.25381 3.01278 9.86716 6.29028 9.68576 1.71541 8.37088 8.52747 2.3306 5.67169 7.88695 8.23034 7.54932 4.56803 11.0389 7.51642 7.58383 4.87754 0.951532 5.08349 1.37084 7.64861 6.78484 8.49818 7.6891 1.33975 2.66999 9.53567 4.67311 5.13048 3.5032 3.82527 5.41273 3.82237 3.83752 8.35001 9.46832 5.60421 3.59269 5.97773 4.63921 5.69116 1.73915 7.68524 6.00241 5.23249 6.68422 2.03728 9.88685 4.54483 6.46269 9.31601 4.6548 3.0075 7.64421 6.58097 6.76713 6.46793 10.4194 6.62712 8.10773 7.84654 10.8207 8.76534 6.95386 6.2127 4.17829 1.29601 9.66606 3.05193 8.16007 7.01746 8.2244 3.02971 10.6594 6.39023 4.145 6.84537 3.24636 4.20606 0.869257 9.10696 5.79362 6.26082 4.33838 10.4446 5.97818 0.944574 5.60172 3.81583 8.74225 4.56949 6.12574 3.75161 4.487 5.94839 8.3293 5.52971 9.47442 8.63497 1.30573 5.34722 7.40634 3.44528 8.29501 2.05309 3.5825 1.90048 9.13942 2.28842 8.94844 5.03334 3.77103 2.17064 7.98577 
2.14551 8.45103 5.86011 7.47647 5.08249 1.94321 2.19674 8.3125 2.26492 3.65868 3.94164 9.77636 7.20409 1.13154 4.69199 7.29373 2.23984 3.02452 8.44208 9.33466 0 6.95627 7.90296 4.88765 4.55831 1.13411 4.81651 6.82259 3.58524 8.29014 7.27966 1.73529 6.92513 5.9891 4.97685 8.51215 3.37098 5.49601 8.15457 8.26886 7.88682 3.33228 6.97766 2.06438 3.48683 6.89183 1.18349 9.07774 7.91846 8.4187 1.24577 1.30332 1.72266 7.24158 7.76772 8.15877 7.45633 7.50781 3.6235 2.16999 7.63776 2.70435 1.22818 7.07404 5.77955 3.1736 6.76293 8.16845 7.67807 3.73586 6.73594 1.29402 5.62291 7.4995 8.41057 7.37372 7.66897 4.1358 4.80454 4.76932 8.98175 1.44804 0.160776 7.12119 7.6143 3.41713 2.5641 7.18301 2.75562 6.74403 1.76621 7.71898 5.7062 2.51845 7.02449 6.90195 3.89791 3.64026 1.81506 7.5615 1.81328 2.95827 5.0148 8.4045 10.1607 5.1179 9.9057 7.07754 5.80076 0.847618 1.77897 8.35181 8.03923 1.65734 4.66155 4.4332 6.90653 6.76925 4.97947 7.80342 8.16369 2.58982 3.37937 5.88599 6.9768 6.67002 7.02872 6.48725 9.09434 3.40163 3.37406 4.14939 2.90171 8.36345 0.931922 8.11191 3.13402 3.97689 5.94235 8.81409 2.81153 3.27119 2.77421 2.91785 1.56535 5.76367 5.48771 1.56693 2.21103 3.48207 3.78358 6.46803 5.17922 9.37431 2.32702 8.73932 6.78737 2.49767 2.81652 8.07085 1.37493 4.26465 5.19027 5.96766 6.53061 5.20993 8.91629 3.52353 6.81527 3.3982 6.41225 1.67898 6.87934 8.4158 6.28386 6.91622 6.71682 4.93453 4.19563 5.63836 8.1288 5.91941 3.64577 3.84466 1.99228 4.83273 8.85289 4.48134 4.25068 6.40633 7.15629 7.60981 7.51029 7.62535 1.89486 7.90533 2.54184 6.02147 6.53997 7.23831 2.66991 
