20
7.79954 19.4782 1.15823 0
1.71383 6.96793 1.47136 1
18.7371 22.2857 18.2213 1
4.0198 9.57021 1.20414 0
18.5627 18.7679 29.2872 0
2.35236 12.2507 0.685683 0
14.9325 17.9981 0.372769 0
0.039055 17.4416 0.282361 0
0.156687 7.03852 1.87101 1
16.4125 23.0906 4.46026 0
13.8378 17.7437 1.3717 0
7.866 10.3074 1.99868 0
9.36313 16.0716 0.837721 0
1.01589 8.6871 0.463279 1
2.7478 21.4807 21.0011 0
16.6085 21.8153 0.437093 0
3.55457 7.22221 0.291221 0
5.43051 8.32294 0.841796 0
5.89012 11.4191 1.81154 0
17.7724 23.3153 0.315414 0
400 50 500
0.025 0.0125 10000 3000 15 1e+06 300000 2 2
0 3.45933 2.22305 3.69529 2.59589 2.56681 2.13678 2.22327 3.54123 4.10601 3.14807 3.15416 3.27284 2.72977 1.96863 2.17274 3.43292 0.897961 2.21243 1.40182 2.46188 
3.45933 0 4.21905 3.92687 5.06082 5.36371 4.18502 2.01172 0.12883 3.60933 0.311266 1.02733 1.64815 4.5 3.75837 1.86056 0.937367 2.56328 1.46359 4.32353 2.38476 
2.22305 4.21905 0 1.98431 0.8872 1.35272 4.35139 2.2254 4.2365 2.69132 3.95897 3.39943 3.08862 0.507883 0.461652 3.83914 4.65655 2.39905 3.61653 3.48578 1.98261 
3.69529 3.92687 1.98431 0 2.66434 3.2199 5.75219 2.20297 3.8826 0.809359 3.78109 2.90428 2.32126 1.72636 1.88795 4.44257 4.68584 3.38758 4.04835 5.09176 1.71951 
2.59589 5.06082 0.8872 2.66434 0 0.562546 4.60861 3.09033 5.08565 3.43548 4.79005 4.27403 3.9757 0.938309 1.32292 4.49723 5.43652 3.01548 4.33475 3.63086 2.86848 
2.56681 5.36371 1.35272 3.2199 0.562546 0 4.43725 3.44972 5.3998 3.98238 5.07967 4.64213 4.39668 1.49419 1.73072 4.61415 5.65847 3.1353 4.50712 3.41333 3.28477 
2.13678 4.18502 4.35139 5.75219 4.60861 4.43725 0 3.90323 4.30577 6.0518 3.91919 4.39546 4.76276 4.85923 4.10357 2.32931 3.65317 2.41695 2.73425 1.062 4.28584 
2.22327 2.01172 2.2254 2.20297 3.09033 3.44972 3.90323 0 2.01887 2.23392 1.77572 1.19245 1.07655 2.48828 1.77018 2.25249 2.5865 1.51415 1.84581 3.52771 0.483571 
3.54123 0.12883 4.2365 3.8826 5.08565 5.3998 4.30577 2.01887 0 3.54211 0.405003 0.978334 1.58573 4.50489 3.77701 1.98373 1.05166 2.64374 1.57961 4.42976 2.37318 
4.10601 3.60933 2.69132 0.809359 3.43548 3.98238 6.0518 2.23392 3.54211 0 3.52241 2.59153 1.96206 2.4995 2.50456 4.46064 4.45609 3.63687 4.02246 5.50477 1.78693 
3.14807 0.311266 3.95897 3.78109 4.79005 5.07967 3.91919 1.77572 0.405003 3.52241 0 0.938009 1.56932 4.25802 3.49741 1.60952 0.93595 2.25214 1.18627 4.02524 2.17908 
3.15416 1.02733 3.39943 2.90428 4.27403 4.64213 4.39546 1.19245 0.978334 2.59153 0.938009 0 0.6321 3.61561 2.9512 2.24836 1.87378 2.29245 1.77165 4.28088 1.4526 
3.27284 1.64815 3.08862 2.32126 3.9757 4.39668 4.76276 1.07655 1.58573 1.96206 1.56932 0.6321 0 3.22957 2.66843 2.75535 2.50527 2.48766 2.28143 4.51897 1.11199 
2.72977 4.5 0.507883 1.72636 0.938309 1.49419 4.85923 2.48828 4.50489 2.4995 4.25802 3.61561 3.22957 0 0.85736 4.27368 5.00749 2.86327 4.021 3.98907 2.16474 
1.96863 3.75837 0.461652 1.88795 1.32292 1.73072 4.10357 1.77018 3.77701 2.50456 3.49741 2.9512 2.66843 0.85736 0 3.41773 4.19897 2.00993 3.17571 3.30945 1.5567 
2.17274 1.86056 3.83914 4.44257 4.49723 4.61415 2.32931 2.25249 1.98373 4.46064 1.60952 2.24836 2.75535 4.27368 3.41773 0 1.39854 1.48444 0.477291 2.60661 2.73252 
3.43292 0.937367 4.65655 4.68584 5.43652 5.65847 3.65317 2.5865 1.05166 4.45609 0.93595 1.87378 2.50527 5.00749 4.19897 1.39854 0 2.59934 1.22057 4.00514 3.03155 
0.897961 2.56328 2.39905 3.38758 3.01548 3.1353 2.41695 1.51415 2.64374 3.63687 2.25214 2.29245 2.48766 2.86327 2.00993 1.48444 2.59934 0 1.39555 2.03187 1.87021 
2.21243 1.46359 3.61653 4.04835 4.33475 4.50712 2.73425 1.84581 1.57961 4.02246 1.18627 1.77165 2.28143 4.021 3.17571 0.477291 1.22057 1.39555 0 2.8819 2.32936 
1.40182 4.32353 3.48578 5.09176 3.63086 3.41333 1.062 3.52771 4.42976 5.50477 4.02524 4.28088 4.51897 3.98907 3.30945 2.60661 4.00514 2.03187 2.8819 0 3.82433 
2.46188 2.38476 1.98261 1.71951 2.86848 3.28477 4.28584 0.483571 2.37318 1.78693 2.17908 1.4526 1.11199 2.16474 1.5567 2.73252 3.03155 1.87021 2.32936 3.82433 0 
