200
14.4682 19.3595 1.57412 0
13.8591 15.4731 1.30184 0
7.91252 16.2525 1.10447 0
4.71572 6.87181 6.45496 0
5.17581 14.5482 1.85868 0
7.51268 18.3657 1.10195 1
2.12465 7.88149 1.27595 0
1.45837 15.9036 0.206842 1
12.1325 21.8299 0.371314 0
11.2885 22.4102 0.830858 0
18.9859 19.8119 1.8677 0
16.4213 18.8567 0.972364 0
1.44176 3.01126 0.889747 0
4.7446 18.525 1.45173 0
5.55271 12.1695 2.25917 1
1.43859 4.22295 0.883633 0
5.18689 14.7051 1.846 0
13.2731 16.58 0.42425 1
16.1957 20.7731 0.817908 0
9.02717 17.4699 1.12613 0
1.5668 8.65903 1.98453 0
15.3639 19.2018 0.344658 0
13.0725 22.3549 0.42999 0
6.33695 12.9063 6.11385 0
1.71053 22.9862 12.766 1
9.5212 9.90831 0.502391 0
4.15204 15.9332 0.920059 0
7.59478 17.9915 0.744473 1
17.8572 18.9637 1.04901 0
12.4516 16.75 0.897463 0
10.8773 21.8253 1.04415 0
12.7382 16.4213 1.07976 0
8.61345 22.2593 12.0852 0
17.0162 23.3768 1.89583 0
10.8688 20.1347 1.6586 0
11.9597 14.7414 1.06109 1
0.86683 17.4685 0.287717 0
9.80624 17.4594 0.380132 0
14.4007 19.9122 0.710661 0
14.0193 15.2693 0.807016 0
15.2585 20.4929 1.19021 0
11.9344 16.1032 1.41434 0
9.86497 19.0429 1.92245 0
15.8702 18.4086 2.10434 1
16.9873 17.2497 0.999647 0
11.4248 22.2174 2.0941 1
14.9977 20.153 1.98251 1
12.5376 16.8312 0.556486 0
15.6799 16.8868 2.23331 0
18.1591 22.4908 0.404796 0
15.1285 22.6789 3.81054 0
13.1575 18.761 0.996883 0
7.38085 21.4959 1.62688 0
3.07052 6.09169 0.955845 0
10.8577 22.4612 16.5748 0
2.93271 17.145 0.470167 0
5.87376 10.9635 1.08981 0
6.36108 7.68932 1.08079 0
2.9044 12.2392 8.35496 1
14.8484 15.5046 1.17908 0
2.12616 22.8667 1.50471 0
18.8579 21.8626 2.10899 0
2.96807 12.9497 2.24937 0
12.0451 22.612 0.966643 0
5.52092 19.3946 2.03706 1
8.50645 21.5732 1.20263 0
17.6843 20.4002 0.34999 0
10.9011 21.1901 0.550067 0
16.973 22.8262 1.981 0
10.4998 10.7575 1.85049 1
16.92 19.7279 6.51786 0
10.5284 22.6125 1.40522 0
13.1537 20.1814 0.287219 0
0.454103 23.1322 0.739881 0
12.5176 17.0301 2.03528 0
12.1022 23.3746 0.326115 0
2.56555 4.34152 1.06732 0
6.65504 9.9594 1.30642 0
0.231122 21.4525 0.272422 0
15.0435 21.6237 2.03037 0
16.2309 22.6755 1.74717 0
12.0305 23.1783 2.01705 0
17.6752 22.2524 1.02381 0
3.4362 8.12853 0.538669 0
16.2052 16.6096 0.83886 0
9.29568 12.8751 1.95263 0
18.0867 23.8362 1.29739 0
9.23577 22.2602 1.20489 0
14.3301 17.9254 1.56655 1
11.6434 20.4191 0.755592 0
17.2579 17.6304 1.48533 0
5.99566 20.3 0.911482 0
5.94286 7.48734 0.970342 0
2.00505 6.64592 0.483408 0
17.0794 18.4274 22.2929 0
13.0704 21.0642 0.718662 1
10.2959 13.0079 1.388 0
16.665 17.7161 0.361052 1
16.9528 22.7894 1.74724 0
16.0666 16.1956 0.703033 1
0.32048 3.8909 1.83159 0
8.73046 12.0511 1.00852 0
1.53345 21.4806 0.774044 1
17.7737 19.2653 1.77968 1
10.7416 14.1416 0.508681 1
14.2954 20.7855 0.932699 0
16.7559 17.1885 1.2418 0
8.89708 18.7655 1.64582 0
15.4675 19.0999 2.12267 1
15.3788 18.9944 1.76499 0
1.14487 10.6035 0.748525 0
12.6634 23.5185 1.10081 0
15.2462 15.9541 1.41002 0
3.71456 13.2887 6.83435 1
13.4153 19.1968 0.524103 0
4.4356 6.45968 22.1282 0
16.0866 20.5086 2.25689 0
8.2236 20.314 0.272526 0
1.1113 11.8425 1.65077 0
18.4776 22.1987 0.625642 0
15.5231 17.4623 0.849137 0
9.9206 19.1362 0.650942 0
14.2116 20.4046 2.13345 0
6.4278 23.9249 0.853565 0
11.9833 22.9156 0.358976 1
6.07415 6.08471 1.05275 0
4.86403 11.5521 1.60053 0
7.27426 12.4738 0.435466 0
7.65505 9.07066 0.820712 0
15.1832 21.9257 1.42439 0
5.63294 14.3787 0.579597 1
1.42398 13.3214 2.1165 0
3.17135 17.8325 0.682792 0
5.69298 23.5193 1.61521 0
18.5447 21.3741 1.74241 0
13.7948 20.9879 1.52873 0
7.16081 17.8408 2.15663 0
1.39756 2.85701 0.576319 1
6.36615 14.3744 2.05117 0
11.212 12.1955 2.25283 0
1.19086 18.4481 2.09998 0
15.4414 17.592 0.414496 0
13.3911 20.7161 1.69339 1
6.77329 14.092 1.22696 1
10.7665 16.7159 1.333 0
2.03423 10.6671 1.6125 0
16.8561 17.0695 0.679385 0
9.80456 12.9037 1.89624 0
17.6413 20.1161 5.61063 0
4.08331 19.6202 2.0569 1
12.6774 23.671 1.50871 0
4.84886 10.7499 1.63457 0
9.71293 20.3581 0.676564 0
10.6873 17.8925 1.02547 1
15.8779 20.8469 1.93859 1
2.16698 12.7431 0.556244 0
5.13027 6.85661 1.45272 0
15.8036 17.3336 0.967683 0
9.47451 9.98932 0.921494 0
3.68878 16.7918 1.94536 0
10.5754 19.227 2.02485 0
11.5717 20.255 0.904334 0
15.643 17.9419 1.4766 0
18.6235 20.52 0.258989 0
18.3117 18.5483 1.61493 1
5.45899 7.31981 1.10467 0
7.46214 21.2164 2.15848 0
3.02261 9.54534 1.90492 0
17.0143 20.4579 1.62422 1
4.60795 22.9739 0.267868 0
5.19635 7.74401 29.5658 0
10.1724 15.0695 25.5713 1
14.8129 15.4124 4.83103 0
3.89766 17.1292 0.895165 0
3.92284 22.0761 1.06508 0
17.4985 22.4528 0.904963 0
5.89478 8.95471 18.2175 0
15.8072 20.0884 10.4312 1
0.415357 21.6832 1.58814 0
0.658903 7.05482 1.89765 1
1.61727 3.29168 1.76014 0
4.66942 22.1965 1.89873 0
0.472515 23.9248 1.12643 0
1.26197 15.2094 1.41339 0
7.95589 13.3377 2.19113 0
0.0513916 18.1032 0.385415 0
2.25876 18.0821 2.2394 0
8.52606 23.4808 16.0301 0
14.2347 22.6217 0.990178 0
7.72182 7.72814 1.82288 0
18.377 20.7785 0.317202 0
8.93038 19.9038 1.5924 0
6.60234 18.9096 0.874148 0
14.87 19.6312 15.0684 0
16.9911 22.0404 7.31593 0
17.7172 20.3203 1.45747 1
8.29998 12.9416 1.68948 0
1.62485 10.6954 1.27986 0
0.414135 14.4343 0.805357 0
6.13103 9.53069 1.89267 0
400 50 500
0.025 0.0125 10000 3000 15 1e+06 300000 8 12
0 23.5989 18.1972 13.272 9.85239 11.5221 12.758 28.0667 27.0499 22.185 10.7747 27.2221 19.3863 12.8009 13.0375 23.3541 16.9823 20.1163 17.2677 24.62 11.3509 11.1475 18.7054 12.8901 15.3521 18.9979 18.088 24.3442 29.052 12.6309 20.5286 18.2819 7.26992 27.3823 20.3309 20.7873 16.7742 37.4213 18.218 21.8238 13.3927 17.7265 27.7682 13.6587 8.99772 33.5863 16.8707 29.5093 15.6067 16.2947 29.7669 28.6516 14.1815 25.0453 13.2885 23.5186 16.0731 6.49788 13.9833 8.75067 26.653 20.4711 26.4279 22.8733 3.40121 14.5071 19.4037 15.7284 23.205 13.8109 14.326 9.04368 4.5109 27.3089 18.9495 35.0077 18.4163 20.9242 12.0032 18.6207 25.556 18.7955 36.9224 14.7632 16.8004 11.2514 24.9667 26.8482 5.88871 18.3903 5.97346 20.8141 23.5813 11.3362 24.6637 27.1679 20.3496 18.4635 17.7483 27.498 23.8382 12.9564 10.6554 25.0754 9.67244 30.8199 6.14143 18.6311 17.2574 26.8179 22.3579 12.2189 18.9662 29.0862 21.5336 29.3901 22.3305 12.2053 28.8042 10.8452 14.2937 30.827 2.88073 11.4653 16.6471 21.2133 14.0363 21.8427 24.9155 13.8001 13.8356 20.1191 19.716 17.2852 21.0304 8.56205 24.3237 22.3862 6.55629 32.699 10.6391 24.367 23.2102 19.7945 15.4693 20.0706 9.53721 20.4297 30.0421 10.5295 31.1897 22.7771 18.5035 19.0623 25.291 16.1673 16.1768 20.8958 4.90899 14.537 14.4219 13.3004 11.5167 8.29267 35.2499 13.0592 16.3144 12.0632 30.2729 28.8843 16.1837 11.4752 30.4576 34.9671 24.4008 13.3042 32.9705 19.0202 19.4787 21.7148 20.4947 8.50484 26.6377 11.6045 33.9888 17.1569 22.5528 22.3392 23.9539 30.8722 28.8729 11.9026 14.3662 23.6533 10.5926 19.7621 32.9531 10.4676 21.2079 10.3969 17.0592 
23.5989 0 32.8005 33.7413 30.44 32.5548 15.3857 22.1202 21.3056 43.2657 19.8154 32.9548 31.2271 22.2152 27.634 44.3363 38.723 23.7542 40.3838 46.7135 16.3264 33.6208 15.3601 10.7103 15.4021 10.4295 13.0145 44.1644 50.5352 11.2782 19.4841 36.9679 21.5125 39.2309 24.3364 37.8101 12.8306 57.6209 41.8146 45.0156 21.3355 41.2606 34.0159 18.1547 16.8934 38.1239 34.7465 24.4971 15.7719 36.1916 49.6114 41.0418 15.3143 33.3517 12.1168 44.31 34.8693 18.8001 32.3255 14.9809 39.0421 43.7722 48.9959 4.71344 23.466 37.3366 41.6321 22.4217 11.2826 19.0439 17.077 31.7588 23.1855 35.8145 11.8489 35.9323 42.0152 40.2816 15.6485 17.5744 41.2625 41.5121 36.5551 27.9262 6.89789 34.6397 46.6261 44.2368 21.7442 37.1146 18.4793 42.1454 32.7792 34.6989 4.07935 48.7869 27.0269 14.764 39.887 35.3428 44.3045 34.8304 23.3115 43.9328 21.8846 49.4452 17.5964 11.6589 30.547 35.6772 10.2536 19.324 41.6357 45.6095 38.2351 47.0205 43.6522 14.6585 31.9506 32.8691 33.3061 50.3696 23.3102 17.3412 9.60192 24.5114 27.9499 20.1237 32.5536 11.8917 36.8875 42.0934 32.6651 40.6765 44.5735 15.0594 19.5184 42.2184 17.0427 53.6736 33.7994 16.7155 10.0772 31.8839 38.4629 38.7731 33.1174 41.3515 50.4651 21.0573 48.0353 41.8266 42.0145 42.5364 25.2042 37.1056 19.9001 11.425 20.8616 29.8363 10.3235 36.238 33.6552 15.3469 33.4837 19.4446 37.1541 24.2456 36.1717 39.6559 39.4971 13.3744 32.2601 37.3358 17.3487 10.2952 51.2512 7.42541 22.0964 45.1108 44.0763 32.0706 43.0828 17.2714 37.4835 8.03095 44.6351 4.08579 38.9485 32.0594 34.2419 11.952 9.32216 31.0711 33.9703 4.1106 30.8834 32.5723 44.6657 33.1313 35.5013 
18.1972 32.8005 0 8.92285 25.8011 10.0847 29.0853 22.4055 21.8331 34.2318 28.5264 12.4261 3.47594 30.8957 30.9371 14.6752 12.6778 12.4081 26.2004 18.5834 16.7231 24.2032 19.0349 24.5882 31.7908 33.4567 20.6761 37.5311 20.5474 25.6534 16.7426 6.58811 25.3391 9.22774 12.0243 5.41727 32.2345 25.6202 22.4601 20.846 11.4841 24.0062 12.3816 14.6829 25.4904 17.8393 4.67962 22.3291 32.1708 31.0176 17.8098 10.456 17.5128 9.09487 27.812 14.3597 6.0991 16.6336 30.3729 20.8274 8.46195 27.5626 21.5542 29.5077 21.5814 15.1102 30.1403 10.9071 25.4454 31.3464 15.8221 13.7952 14.17 10.5152 34.0018 21.2725 22.8371 35.1662 28.372 17.0684 8.52818 16.7436 23.6096 4.89557 26.6821 21.5365 17.6182 11.5098 23.9774 33.6297 22.4859 32.7892 7.53369 21.7087 35.7157 19.2937 9.28224 19.4026 14.1968 11.0768 36.3767 11.8213 9.99772 11.9199 11.6313 16.92 19.4194 33.6141 2.38989 9.92429 25.4637 29.8489 16.6635 12.8239 5.61598 14.2773 33.991 18.3364 15.4036 12.0672 30.1926 18.2881 15.561 15.6161 30.4654 12.6892 31.9627 17.3132 9.56214 28.3465 24.2892 15.0536 2.27778 19.2557 26.1083 22.1381 20.2453 11.4606 20.6669 22.6412 15.3743 22.5152 26.2893 3.22531 25.4761 7.65293 19.2761 12.4672 19.1184 28.522 15.2422 36.9681 21.0278 25.4635 16.5148 10.3506 13.6239 23.5397 22.7005 3.72268 22.8026 15.1167 25.0183 22.1172 23.3451 13.3608 10.1761 30.2593 14.4048 10.8716 18.1432 26.202 17.4598 20.284 22.0567 24.8316 18.5634 31.9862 13.4938 27.8965 25.0836 19.1625 10.2845 28.6175 18.8 30.039 17.015 33.7527 6.34793 18.1917 13.7617 22.4648 26.2157 9.15319 16.4279 28.8217 22.0015 24.454 22.2483 13.8597 5.68228 
13.272 33.7413 8.92285 0 18.3164 1.83511 25.8629 29.0098 28.2398 25.4251 24.0038 21.2378 12.0287 25.7435 24.4149 10.6545 5.27895 18.861 17.2928 13.1144 17.7357 15.9487 22.895 23.7995 28.522 31.5797 23.7337 28.8172 16.8011 24.2682 22.111 5.34853 20.3819 17.2139 18.6803 8.48892 29.6823 24.4704 13.6885 13.1864 14.6658 15.1097 21.2684 17.3624 22.067 26.7607 4.93984 29.4605 28.8057 22.788 16.6309 17.9109 19.723 17.9921 25.7166 10.6915 3.53335 15.1361 22.7783 19.4207 16.2802 18.6754 15.6791 31.4974 16.2049 6.34161 21.2785 15.5717 29.1103 27.0653 18.5598 5.65547 11.012 19.4084 31.7566 30.0699 14.0596 26.6878 25.1059 21.4938 13.3389 9.02004 32.3731 9.67232 26.9559 12.9559 12.8945 13.8245 19.0206 25.4583 18.9258 23.9965 16.4124 13.1277 35.8288 15.0462 16.7085 23.0384 6.72196 19.9956 27.5949 2.91065 11.2827 11.8114 12.2785 17.548 17.1732 31.4068 9.89206 18.8117 28.7564 25.4658 9.03239 16.2384 9.31144 16.2334 25.1515 19.3567 24.0334 3.50852 22.3946 17.6341 11.613 16.936 28.8838 19.5351 25.4365 23.0663 18.3915 26.2597 15.5536 8.58373 11.1869 10.6415 17.3649 20.1578 26.0997 9.15727 18.2271 20.085 6.65662 27.6618 29.6538 11.9913 16.649 6.96489 10.8651 7.64874 17.1092 23.6388 18.1663 28.4401 12.4384 16.5845 23.8419 3.36606 17.8613 26.8748 18.18 7.32168 23.4433 6.20952 16.806 20.0075 31.8481 16.0048 3.41471 24.5453 23.3277 19.1092 9.44094 23.9135 26.0612 29.1763 27.3661 24.149 19.7032 30.9421 19.352 19.0808 16.3685 10.9926 13.9656 24.8474 27.7156 28.966 11.0888 33.6112 12.4016 26.7444 22.6374 22.0195 25.4768 17.7865 7.72074 29.6328 30.2501 16.421 14.079 5.24452 4.53646 
9.85239 30.44 25.8011 18.3164 0 16.5525 16.0127 37.8984 36.8755 12.9935 11.7592 36.3124 27.7788 11.2791 7.09235 25.7474 19.545 29.8435 10.9943 25.3498 21.0082 4.32845 28.3772 20.2488 17.6432 22.9187 27.5154 14.6642 30.1659 19.2417 30.3757 23.6316 9.00158 34.9282 30.0207 26.7925 20.0663 39.2911 14.9891 20.5565 23.1672 13.2615 36.735 23.4968 13.5717 42.5696 23.0516 39.3613 17.6242 6.48694 32.5771 35.8943 23.8198 33.7785 18.4999 26.1044 21.8002 16.1713 4.57277 17.1188 34.0741 14.5097 26.1218 30.8547 7.68391 15.7311 11.2663 25.4497 32.3376 14.2874 24.1186 12.6627 14.0669 35.8278 22.2565 44.457 14.9823 11.1082 15.4639 28.4291 31.6544 19.2699 46.4605 23.4405 24.2647 7.44244 26.2938 31.8354 8.7081 8.55251 12.2824 11.7738 32.2301 7.35656 30.3717 28.2949 29.7413 28.0849 19.5298 36.1564 14.3619 16.4278 20.1563 29.2376 19.383 34.545 14.9142 22.0769 25.4932 35.287 31.3702 12.9817 19.5103 34.3681 27.6116 33.9561 13.3005 21.6359 38.1985 14.861 4.55257 33.8069 12.4941 21.2393 21.6382 30.9192 7.97098 31.692 33.8001 18.842 7.86777 21.7043 27.715 16.0074 16.2486 16.1618 34.1368 26.0977 14.6774 34.1046 12.3426 34.029 32.1679 28.0612 9.05779 25.0845 8.17593 23.3497 32.269 10.6243 36.0869 12.9472 16.3052 14.0064 35.077 19.9397 26.0243 30.1062 9.79544 22.5145 22.9066 14.6251 3.84352 15.836 44.9384 22.91 20.162 9.05574 39.1653 36.6602 15.4919 17.0757 39.9477 44.2368 34.1052 20.6542 36.7653 24.2327 29.286 16.0295 16.1971 7.59693 32.2161 14.1088 43.128 22.7858 23.5788 28.1128 30.5889 40.4134 37.9349 20.0641 21.2832 32.6745 11.4813 27.146 42.6992 3.08015 18.9355 13.3251 22.826 
11.5221 32.5548 10.0847 1.83511 16.5525 0 24.1798 29.0332 28.2184 24.1479 22.2213 22.1573 12.9445 23.9246 22.5885 12.089 6.17202 19.0003 16.2014 14.1609 16.7805 14.3439 22.3675 22.4347 26.823 30.0136 23.031 27.4573 18.1142 22.8138 21.9237 7.17059 18.5838 18.7238 18.8742 10.2415 28.0495 26.0454 13.1339 13.4662 14.248 14.3016 22.2672 16.735 20.3858 27.871 6.54458 29.629 27.097 21.1919 18.281 19.5106 18.9381 19.0224 24.1584 12.1807 5.24773 13.8192 21.0407 18.0242 17.8116 17.869 16.5476 30.5039 14.3985 6.0227 20.0758 15.418 28.4559 25.2902 17.907 3.92924 9.56429 20.596 30.1479 30.94 13.4916 25.1912 23.4224 21.1119 15.1108 9.42995 33.2076 9.99054 25.7189 11.4905 14.1185 15.6594 17.2276 23.8489 17.2552 22.7046 17.4287 11.663 34.5034 16.306 17.1524 22.4627 7.42238 21.1299 26.2923 2.58657 10.6981 13.6031 11.4886 19.3187 15.6928 29.8038 10.7017 20.0071 28.0319 23.6882 9.49042 18.0709 11.0596 18.0591 23.9139 18.3613 24.8118 1.98254 20.6909 19.318 10.0157 16.0617 27.368 19.7576 23.6111 22.951 19.3447 24.6987 14.2062 9.54626 12.2934 10.3393 16.8041 18.6685 25.9639 10.8647 16.7022 21.5309 5.29101 27.3406 28.9339 12.9896 15.3997 8.79985 9.30083 9.09323 18.6658 21.8359 20.0007 26.9685 12.1164 15.8121 24.1265 4.74955 17.5333 26.1809 16.4231 7.87626 22.3078 5.53934 15.19 18.5024 32.5165 15.4196 4.86403 22.7123 24.4206 20.5786 9.07359 22.3455 26.8113 30.1599 27.0857 22.796 21.4859 29.4831 19.3374 18.4081 15.8516 9.3363 15.7857 23.1187 28.7552 27.5157 12.0878 32.2611 14.0751 27.4638 23.6156 20.7294 24.1016 18.6212 6.34321 28.4564 30.804 14.7523 14.0497 3.77666 6.2743 
12.758 15.3857 29.0853 25.8629 16.0127 24.1798 0 30.1038 29.0598 28.3308 4.50586 34.9441 29.1907 6.88014 12.2616 36.1082 29.7382 25.9536 26.7704 37.297 14.7498 19.8329 20.1761 7.94493 2.71557 6.93266 18.1881 28.9257 41.7895 6.13204 23.8865 30.5885 7.19564 37.7334 26.4007 32.6951 4.21279 50.1677 29.5509 34.027 20.0766 28.4066 35.7673 18.151 3.79588 41.1919 28.8853 32.1935 3.08608 21.1551 42.4607 39.2669 16.4792 33.7618 3.65573 36.2647 28.3342 12.5589 17.1492 8.96593 37.1779 30.2876 38.9534 17.2273 10.7281 27.093 27.2403 22.3253 21.1389 4.09088 17.9102 21.765 15.2789 36.2766 6.46092 41.0444 29.6607 25.034 0.757423 21.4595 37.2151 31.3552 42.4618 24.655 10.8066 21.7553 37.7024 39.0321 8.05034 21.8435 6.94105 27.3242 32.5776 21.763 14.5566 39.8993 27.7992 19.6195 30.4681 36.1903 29.1849 25.7143 19.4511 37.5687 17.848 43.3399 9.69484 6.21318 27.5018 35.9062 19.9307 3.96088 31.5419 41.0854 33.3682 41.6809 28.7878 14.0039 35.449 23.6025 18.2046 43.4911 14.3152 15.7496 5.88596 27.0588 12.5651 25.1165 33.3195 3.65154 23.3768 32.8445 30.0335 29.3485 31.6416 7.32025 26.4051 35.0194 8.43967 45.4555 23.1476 24.9226 20.4712 29.7468 24.8019 32.4315 20.9181 33.1722 42.7856 5.75923 43.3168 26.5183 30.2858 29.4465 29.9863 28.8826 21.1316 19.4763 8.09347 25.3966 11.8816 25.8634 19.6443 7.23131 40.0216 18.5953 29.0197 8.86154 38.2877 38.8843 28.3842 3.78311 36.5985 41.6699 25.2876 8.14807 45.448 8.41948 24.6394 31.7554 31.3691 19.8721 38.5557 1.95431 41.1488 7.35597 35.2463 12.4 35.3147 36.7526 36.5542 9.48769 7.78193 31.8424 22.9033 13.0528 37.4183 18.6371 33.0495 23.0915 29.2556 
28.0667 22.1202 22.4055 29.0098 37.8984 29.0332 30.1038 0 1.05824 49.9989 32.7698 14.6694 19.1327 35.8536 39.2909 37.0659 34.0276 10.2065 43.6867 40.8591 17.0794 38.804 10.0622 22.1898 31.9309 29.638 11.9172 52.3795 42.9297 24.019 7.58712 28.8654 31.7695 23.694 10.4796 27.6058 30.4877 47.0588 41.9926 42.1766 15.3974 42.7339 15.7322 14.4084 28.5153 17.7147 26.6637 2.37696 32.4166 44.3602 39.7088 25.4557 14.4242 16.9795 26.7428 36.7624 27.7252 21.7851 41.7754 22.3247 24.0238 46.1679 43.7817 17.4068 30.5042 35.0551 46.7289 13.6933 10.846 34.0668 13.8076 30.9872 24.2415 18.648 30.9141 14.2587 42.3291 48.99 29.7779 9.4934 28.622 37.9896 14.5422 19.4103 20.4922 37.7274 39.9888 32.5357 30.9743 46.3865 27.3313 48.5769 17.4379 37.8691 26.1914 41.699 13.1402 10.5571 35.5625 17.8203 51.7823 31.5665 19.0215 33.95 19.1144 38.0568 23.6339 30.5582 20.2358 18.8402 11.9463 33.3049 37.9784 32.7026 27.5482 34.9719 50.0508 16.913 12.142 30.5574 42.2396 39.9446 25.6397 16.6916 27.0235 9.73486 40.0853 6.32586 15.9804 27.0152 40.6866 36.944 20.78 39.3682 45.5925 23.927 3.82637 33.8609 24.3737 44.7709 33.298 5.53607 12.0431 19.6331 42.2562 30.0582 35.409 34.6983 41.2156 33.6009 34.9665 50.84 41.1354 44.2622 6.29342 31.7157 12.1413 11.3188 29.3838 21.8988 18.2495 34.4981 39.3263 24.1915 11.3909 15.1274 31.6137 36.7662 16.9879 23.1142 38.0948 26.3491 11.5251 16.0306 4.99916 22.0376 39.1625 26.63 9.69654 46.9849 44.7076 34.7014 30.6873 31.0901 16.6493 25.5327 39.1478 25.4991 26.3292 11.037 15.2414 20.6879 22.7543 15.0579 34.0824 20.1457 8.84363 38.3454 43.0414 31.9042 27.7032 
27.0499 21.3056 21.8331 28.2398 36.8755 28.2184 29.0598 1.05824 0 49.0116 31.7127 14.6563 18.6155 34.7965 38.2357 36.4662 33.2956 9.52368 42.7537 40.2156 16.033 37.8178 9.00444 21.1512 30.9006 28.6636 10.8765 51.3719 42.377 22.9806 6.6126 28.2441 30.7136 23.5147 9.83844 27.0858 29.4785 46.6802 41.1353 41.4189 14.4694 41.8432 15.7375 13.3945 27.4581 18.0576 26.019 3.26987 31.3864 43.3411 39.2601 25.2986 13.3699 16.7856 25.7093 36.1741 27.0463 20.7508 40.7376 21.2665 23.8033 45.2644 43.1244 16.5944 29.4665 34.241 45.7656 12.8354 10.0232 33.0177 12.7733 30.0996 23.2568 18.5656 29.9307 14.8587 41.4692 47.9708 28.7302 8.45745 28.2662 37.2364 15.2739 18.6832 19.5057 36.7786 39.376 32.1495 29.9216 45.3569 26.2751 47.5923 17.1509 36.9191 25.3679 41.1158 12.6111 9.50148 34.8258 17.7657 50.7854 30.7628 18.1106 33.4709 18.1595 37.6861 22.5823 29.5725 19.6235 18.7252 11.0879 32.2508 37.2303 32.3973 27.0562 34.6245 49.0695 15.856 12.3134 29.7138 41.2078 39.5268 24.642 15.6579 26.0273 9.14417 39.0289 5.38386 15.7885 25.9859 39.7332 36.2491 20.2773 38.5451 44.7241 22.8689 2.77289 33.2937 23.318 44.292 32.4176 4.62781 11.2352 19.136 41.308 29.4793 34.4682 34.0546 40.7388 32.5428 34.6871 49.8193 40.3067 43.3701 6.08128 30.9951 11.1878 10.3717 28.3322 21.1851 17.2128 33.6628 38.3332 23.1333 12.1783 14.1423 30.8986 35.7081 17.133 23.022 37.2686 25.3024 11.8673 16.5407 4.05048 21.0029 38.8416 25.6733 8.89169 46.0974 43.8472 33.7497 30.3323 30.0381 17.0624 24.5489 38.4796 24.6208 25.9496 11.4388 15.3366 19.637 21.7331 14.7867 33.1894 19.2269 9.58492 37.3478 42.245 31.0363 27.0554 
22.185 43.2657 34.2318 25.4251 12.9935 24.1479 28.3308 49.9989 49.0116 0 23.8475 46.1143 36.9876 22.3262 16.67 28.2517 23.8031 41.1303 8.48616 25.8855 33.5358 11.1951 40.8819 33.2283 29.4545 35.0148 40.2344 3.76299 30.267 32.1627 42.4121 29.8958 21.7565 42.5376 41.2013 33.2937 32.0844 39.2275 14.125 19.8346 34.7613 11.7192 46.3138 35.6629 26.3784 51.9902 30.2948 51.241 29.3187 7.19379 34.4776 43.0386 36.3664 43.1102 31.1968 28.7686 28.7942 28.6813 11.2988 30.0682 41.5769 9.32596 25.1374 43.8413 20.5951 20.0027 4.29614 36.8335 45.2061 25.7197 36.4325 20.6033 25.7576 44.7438 34.1364 54.7526 13.8169 4.79286 27.8898 40.6751 37.7029 21.2381 56.9332 33.3395 37.2318 12.8564 27.3781 36.5136 21.6451 7.38182 25.2753 1.46152 41.5138 12.6897 42.8821 28.736 40.3063 40.6481 22.9304 45.268 2.21555 22.6542 31.3442 33.2558 30.9583 37.3554 27.7702 34.0268 34.6905 44.155 44.2739 24.7689 21.4762 39.1414 34.09 37.8811 0.772366 34.337 48.5109 22.1657 10.1665 35.7655 24.3851 33.6083 34.1589 42.1218 16.8587 43.6903 43.3628 31.4859 9.96777 24.2159 36.4364 17.2311 12.1283 29.1531 46.3378 30.0904 27.6248 34.0136 18.8575 46.5405 45.0873 37.0891 8.77697 30.7318 15.2339 26.9903 33.4753 22.6051 40.2136 5.11916 16.1487 10.8882 46.4644 25.3616 37.8913 42.9405 22.788 31.7165 35.8762 19.5334 10.6972 28.8276 55.8485 34.8717 25.6022 19.9524 48.535 44.4751 17.7157 29.8991 50.4249 54.1545 46.5556 33.6311 39.4302 36.7322 40.8574 10.3865 12.929 15.6697 37.5728 26.3769 52.8178 35.4452 24.9114 40.6887 37.3944 50.9991 47.6338 33.0483 34.2152 42.5004 17.8057 40.0896 53.8309 11.7217 17.4348 20.3769 29.6741 
10.7747 19.8154 28.5264 24.0038 11.7592 22.2213 4.50586 32.7698 31.7127 23.8475 0 35.868 29.1679 3.08383 7.83182 33.7617 27.3053 27.3722 22.6797 34.517 16.3247 15.7817 22.7099 11.2582 5.89166 11.2303 21.0057 24.4237 39.1544 9.63659 26.0194 29.0566 3.72069 37.5321 27.7538 31.5125 8.33506 47.827 25.9087 30.7627 20.9853 24.5675 36.5942 19.6661 4.25497 42.2283 27.608 34.7175 5.90619 16.6637 40.3384 38.9345 18.556 34.2744 7.78056 33.977 26.8454 12.8995 12.6444 10.5562 36.8816 26.2052 35.9313 21.3315 7.89955 24.2773 22.8906 23.366 24.6171 3.09193 19.6945 19.2903 14.3573 36.7119 10.5025 42.6486 25.9836 20.5323 4.16699 23.6555 36.2298 28.4459 44.2475 24.5097 14.7239 18.0416 35.0827 37.6216 5.01559 17.3447 6.30413 22.8638 32.9574 18.0273 19.0566 37.2497 28.7028 22.2161 27.8528 36.7414 24.6801 23.3897 19.5709 35.8152 18.1006 41.54 10.1108 10.3344 27.2483 36.2855 23.4548 1.48797 28.6508 39.8427 32.2432 40.1628 24.3163 16.0073 36.7762 21.3234 13.7068 41.4381 13.039 17.1407 10.3869 28.5042 8.23589 27.3129 33.9541 7.93822 19.3714 30.2237 29.7793 26.0565 27.7328 8.88471 28.9781 33.0541 8.98774 42.9354 20.3255 27.866 24.0819 29.6637 20.7182 30.8427 17.53 30.9206 40.4843 1.25358 41.9614 22.0312 26.8259 25.5088 31.8708 26.7602 22.6638 22.7452 5.9077 24.8056 14.9764 23.0408 15.5032 8.64735 42.0311 19.8024 26.9244 4.50853 39.1364 38.8683 25.1968 7.05187 38.1166 43.0464 28.1542 11.5645 43.7049 12.9249 26.2398 27.7026 27.5413 16.5289 37.3773 2.56068 42.3534 11.808 32.5184 16.9058 34.5233 38.3614 37.5137 12.2148 11.5832 32.5412 19.919 17.2239 39.4933 14.5482 29.5807 20.525 27.8269 
27.2221 32.9548 12.4261 21.2378 36.3124 22.1573 34.9441 14.6694 14.6563 46.1143 35.868 0 9.22182 38.7114 40.2102 25.906 25.0392 9.43535 38.3541 30.098 20.2629 35.5312 17.6164 28.2586 37.4239 37.2535 20.0248 49.2276 30.9816 29.8558 13.4845 18.6155 33.4468 9.41373 8.88822 16.1128 36.9789 33.5056 34.8701 33.1023 14.9255 36.3451 1.10483 16.9268 32.0065 6.3904 17.0464 13.411 37.8799 42.1443 26.8261 11.0371 19.1838 3.49764 32.5314 25.4725 18.5115 22.9713 40.8086 25.9788 9.96424 39.9126 33.0924 28.6002 30.5079 27.5104 42.1578 12.6207 22.6404 38.1706 17.4436 25.5133 22.7125 4.09185 38.2003 8.84708 35.2459 46.5362 34.3605 15.4427 15.3365 29.0753 11.1864 12.9309 28.6329 33.2682 28.8612 19.3377 32.2336 44.6319 29.5768 44.6561 4.92671 33.4368 36.6914 30.1401 7.17401 18.2295 26.5323 3.19546 48.1997 24.1482 16.6369 21.556 17.906 24.5867 25.775 37.8033 11.4623 4.42156 23.261 36.9173 28.9781 18.9043 15.7191 21.4036 45.9398 21.3033 3.37915 24.104 40.8544 26.7956 24.3414 19.2136 34.2277 8.51858 41.1866 13.0074 2.86463 32.9848 36.1529 27.1376 10.1581 31.6812 38.5264 27.6447 14.6754 22.4687 26.9514 32.0409 27.3875 17.7454 23.8099 9.25474 37.4615 19.0964 30.9106 24.2735 28.5481 36.2454 20.9707 48.3851 33.4539 37.8223 8.67751 22.7416 14.1011 21.6879 30.6964 14.4013 25.0384 27.4455 36.2787 27.7681 11.2309 16.3517 22.5564 38.7206 3.37141 8.52086 30.561 31.3697 5.35184 8.04154 17.0886 28.328 25.3441 34.8944 11.0396 40.2958 37.5052 30.5992 17.3054 35.1368 6.81617 33.222 28.8148 35.28 13.3961 6.16476 1.65677 26.1428 29.5411 3.64935 28.4049 29.6999 10.4613 35.5539 34.6199 25.8475 17.9938 
19.3863 31.2271 3.47594 12.0287 27.7788 12.9445 29.1907 19.1327 18.6155 36.9876 29.1679 9.22182 0 31.7446 32.3799 18.0574 16.1014 9.38037 29.1456 22.0235 15.7123 26.6047 16.7422 23.8801 31.8521 32.9356 18.6291 40.1747 23.8078 25.1399 13.9607 10.0545 26.2432 8.57408 8.93273 8.47373 32.0023 28.3277 25.6935 24.2965 10.0638 27.1288 9.33279 13.1357 25.7793 15.0266 8.13231 18.9435 32.2627 33.3313 20.7088 10.2112 15.9563 6.13143 27.5084 17.7177 9.50162 16.6365 32.3376 20.5224 8.11819 30.6976 25.0023 27.615 22.7814 18.3308 32.9843 8.83401 23.04 31.8257 14.1595 16.3945 15.0346 8.04947 33.6141 18.0421 26.0675 37.6204 28.5134 14.6374 10.3286 20.1746 20.3454 4.67032 25.4971 24.1739 21.016 13.8894 24.9244 35.8862 22.9403 35.5334 4.53789 24.3442 34.3983 22.6287 6.00446 17.1819 17.6304 8.40666 39.0965 14.9369 9.741 14.8744 11.3464 19.4337 19.5188 33.2189 2.31734 7.51487 23.1895 30.4023 20.1015 14.703 8.45226 16.5529 36.7905 17.2124 12.0394 14.9008 32.2664 21.0607 16.5781 14.567 29.8934 9.50247 33.3914 14.3745 6.40036 28.0246 27.0198 18.5288 1.68345 22.5501 29.3608 21.9933 17.2088 14.7707 20.772 25.6882 18.1961 19.6645 23.9718 0.657971 28.2927 11.0159 21.8437 15.9274 22.1389 29.3108 17.1275 39.4513 24.335 28.6106 13.1274 13.759 11.4793 21.2975 23.5211 5.33357 21.6077 18.2313 27.3847 22.0237 19.9389 11.9569 13.594 31.3587 11.5715 9.71894 21.4023 26.0223 14.0846 17.2159 19.1613 24.0738 20.8651 31.1734 10.6557 31.1044 28.3492 21.6064 12.3189 28.9532 15.8333 29.2808 20.482 32.5632 7.93671 14.7965 10.6726 21.707 25.4336 5.77535 19.224 27.3777 18.5401 26.7295 25.6499 16.6581 9.14807 
12.8009 22.2152 30.8957 25.7435 11.2791 23.9246 6.88014 35.8536 34.7965 22.3262 3.08383 38.7114 31.7446 0 5.7113 35.0691 28.6098 30.3458 22.2433 35.476 19.3607 15.5592 25.7938 14.2392 7.23396 12.8616 24.0809 22.4916 40.202 12.5586 29.0862 30.9354 5.55829 40.0005 30.7144 33.5629 9.9373 49.0602 26.0816 31.3046 23.8839 24.4991 39.4101 22.6802 7.33877 45.0871 29.6411 37.7998 7.04073 15.1602 41.7634 41.3437 21.6286 37.0066 10.4543 35.3257 28.7703 15.7548 11.0328 13.625 39.3141 25.7392 36.6656 24.0713 9.57138 25.3151 21.894 26.2802 27.6086 3.41757 22.741 20.6921 16.7703 39.4118 11.8682 45.6293 26.112 18.619 6.78161 26.7288 38.3516 29.3487 47.257 27.0746 17.5485 18.2644 36.1697 39.5088 6.92925 15.4212 9.15889 21.4794 35.653 18.2212 21.0389 38.2975 31.563 25.2995 29.0096 39.4774 22.9252 24.8263 22.2722 37.5095 20.858 43.1729 13.0391 11.7938 29.7514 38.9688 26.4337 2.92243 29.5675 41.8116 34.3184 41.9746 22.8629 19.0805 39.7116 22.8268 12.1959 42.9051 15.3347 20.1492 12.6302 31.4796 5.81057 30.383 36.7237 10.5167 19.1373 31.351 32.2653 26.6224 27.5265 11.962 32.0618 34.6325 11.9653 44.0539 21.4273 30.938 27.0388 32.2156 20.3251 32.6729 18.1549 32.3207 41.7811 2.46634 43.8581 19.9775 27.2014 25.2845 34.9063 28.2933 25.6697 25.7746 8.2287 27.1923 18.0137 24.0922 15.1226 11.7196 45.0728 22.7671 28.474 2.38772 41.9521 41.4037 25.8801 9.97586 41.0873 45.9825 31.2311 14.5265 45.3636 15.0379 29.246 27.2715 27.4526 17.2313 39.3932 5.16632 45.2525 14.1912 33.5372 19.0125 36.7491 41.3479 40.3622 15.2796 14.4365 35.3339 20.8867 19.9133 42.544 14.2978 29.9159 21.8309 29.7755 
13.0375 27.634 30.9371 24.4149 7.09235 22.5885 12.2616 39.2909 38.2357 16.67 7.83182 40.2102 32.3799 5.7113 0 32.6313 26.31 32.6083 17.4583 32.4098 22.2849 11.3288 29.3001 18.7819 12.9358 18.5583 27.8968 16.7892 37.2201 17.2939 32.1133 29.7591 7.52936 40.1648 32.8967 32.726 15.6273 46.3128 21.9883 27.6408 25.9007 20.1162 40.7834 25.3528 11.4866 46.5884 28.8544 41.0592 12.7517 9.55711 39.4491 41.3172 24.8672 38.0828 15.6085 32.9613 27.7556 17.9313 5.43975 17.0733 39.3826 20.854 33.2141 29.1 9.70323 22.6256 16.5553 28.3089 31.982 9.12881 25.6618 18.8945 17.5211 40.3378 17.5795 47.7673 21.956 12.9112 11.9913 29.8855 37.6035 26.3074 49.5781 27.7852 22.449 14.5344 33.3131 38.1885 8.36659 9.71191 11.9689 15.8856 36.6161 14.4489 26.6783 35.341 33.2386 28.8785 26.4241 40.5351 17.2164 22.906 23.5809 35.7994 22.4166 41.2553 15.693 17.5027 30.2044 39.8411 30.866 8.39735 26.5445 40.6466 33.5262 40.4523 17.2308 22.3894 41.6391 21.124 6.64105 40.6581 15.9061 22.857 18.1334 33.7353 1.02988 33.4404 37.9459 15.7691 14.7009 28.6562 32.6111 23.0995 22.9102 15.6104 35.4646 32.7327 14.919 41.1506 19.0166 34.7344 31.5489 32.7631 15.6429 31.348 15.0891 30.1137 39.2241 6.61098 42.5018 14.3028 23.3736 20.6868 37.538 26.4509 28.2186 29.9722 9.9791 27.3793 22.251 21.4716 10.6952 15.3106 47.6728 25.1413 26.6597 3.42278 43.2962 41.7544 22.5661 14.7478 43.2009 47.8575 34.9456 19.1259 43.4742 20.6142 31.7315 22.4016 22.9823 14.3657 38.3725 10.3629 46.9432 19.6119 30.6069 24.6014 36.2902 43.5576 41.8647 19.3732 19.3011 36.6667 18.2592 25.0266 45.2501 10.1242 25.9723 19.7853 28.7878 
23.3541 44.3363 14.6752 10.6545 25.7474 12.089 36.1082 37.0659 36.4662 28.2517 33.7617 25.906 18.0574 35.0691 32.6313 0 6.46451 26.9731 19.898 4.2564 28.1775 22.1367 32.5923 34.4526 38.7029 42.0868 33.7541 32.0003 6.25167 34.8907 31.0203 8.25155 30.0491 18.247 26.63 9.83314 40.0607 14.0778 14.1354 9.15817 24.3789 16.5347 25.4862 27.3627 32.3315 29.8015 10.5532 36.9939 38.9475 28.2685 6.82985 17.8431 29.9287 22.416 36.238 0.564411 9.84338 25.7907 29.6344 30.0664 17.2912 19.3177 7.2143 41.9066 25.8641 10.0185 24.008 24.6826 38.9769 36.8536 28.5768 14.472 21.6297 22.6679 42.1866 34.3696 14.4572 31.0727 35.3523 30.9054 11.8037 7.08216 36.758 18.1884 37.5859 18.6518 2.97339 9.03461 28.7533 30.8809 29.2337 27.0512 21.143 18.7865 46.4816 4.69905 23.9571 32.8312 6.21771 23.5293 30.4364 10.4069 21.402 5.57779 22.6199 9.17434 27.776 41.8487 16.8432 22.1004 38.7614 35.2484 6.83411 11.4794 10.187 9.76004 27.724 29.827 29.2072 12.5114 28.9041 8.06887 22.0926 27.296 39.4568 27.3347 33.5934 31.7433 23.1907 36.7768 20.0426 4.17915 16.5059 11.0994 16.8307 30.7547 34.7398 3.4417 28.7912 9.44389 13.6961 36.7786 39.6422 17.6462 20.337 7.04157 17.5781 3.00716 6.72345 33.2117 12.1006 32.5163 12.1159 17.4497 31.1772 7.34778 27.2664 36.8421 28.1658 15.7101 34.0187 11.1598 22.9831 30.5909 37.1369 25.9686 7.25825 33.5092 26.7692 20.1957 10.9189 34.4217 31.2404 32.8606 36.3808 34.8032 11.3315 41.5631 27.8979 18.8546 15.8188 18.2657 10.7136 34.9207 31.1459 39.592 3.6785 44.2658 12.8874 32.0369 26.8422 32.6694 36.1288 23.2683 14.3802 40.2257 36.1607 23.0694 11.4698 13.2552 9.55573 
16.9823 38.723 12.6778 5.27895 19.545 6.17202 29.7382 34.0276 33.2956 23.8031 27.3053 25.0392 16.1014 28.6098 26.31 6.46451 0 23.8293 15.3241 7.99052 22.9069 16.2102 28.1718 28.5385 32.3077 35.8501 29.0029 27.4444 12.1092 28.8379 27.2886 6.62965 23.5903 19.3149 23.6006 9.86003 33.7398 20.5222 10.3865 8.23683 19.935 12.3972 24.89 22.6386 25.9783 30.005 8.00512 34.3428 32.5414 22.6943 13.1872 19.5335 24.9707 21.6152 30.0293 6.7187 6.60105 19.9647 23.6254 24.1144 18.3241 15.7549 10.4257 36.6519 19.4108 4.00989 19.5106 20.7561 34.3869 30.397 23.8339 8.02311 15.6549 22.5836 35.8915 33.8601 10.7633 25.9701 28.9843 26.7471 13.9415 4.07538 36.2191 14.6174 31.8787 12.7745 8.0472 12.8641 22.3008 25.3644 22.9099 22.4708 20.1136 12.9259 40.6204 10.252 21.3806 28.3174 1.54689 23.3036 26.0186 4.04989 16.5587 9.86793 17.5149 15.0009 21.7141 35.562 14.2495 21.9812 34.0233 28.7925 4.01523 15.4942 10.5924 14.6284 23.3882 24.5045 28.0787 6.16013 22.991 14.3688 15.9287 22.1476 33.2996 24.4204 27.2882 28.2013 22.1792 30.5625 14.6455 3.37472 14.9058 7.01539 13.8549 24.6655 31.2389 6.65288 22.6621 15.7172 7.29981 32.8888 34.9218 15.9028 15.2825 7.02567 11.3853 3.80779 13.1867 26.7477 16.8731 27.565 8.66296 13.6738 28.6289 2.35606 23.1052 32.1464 21.7487 12.1376 28.4796 4.95352 17.0786 24.4802 36.0224 21.2831 2.50809 27.0763 26.6752 21.3148 6.18365 28.2061 30.1361 32.7156 32.5772 28.907 17.2208 35.4873 24.437 15.7815 12.7985 11.9746 13.7812 28.5054 31.1334 33.5338 5.91583 38.3636 13.9097 30.8695 26.2819 26.8752 30.1954 21.8308 8.0717 34.6264 34.629 17.0286 9.58104 6.79082 7.04571 
20.1163 23.7542 12.4081 18.861 29.8435 19.0003 25.9536 10.2065 9.52368 41.1303 27.3722 9.43535 9.38037 30.3458 32.6083 26.9731 23.8293 0 34.2486 30.6936 11.2119 30.021 8.42218 18.938 28.3293 27.8614 10.7426 43.827 32.9427 20.5921 4.76892 18.7365 25.3995 15.9086 0.584159 17.7554 27.7081 37.7024 32.0812 31.9987 6.74052 32.9939 10.4295 7.80608 23.3081 15.3629 16.4984 10.6288 28.797 36.1195 30.0769 17.7558 9.8048 9.63484 23.3164 26.6941 17.5262 14.7356 34.0965 17.0637 15.9169 36.4955 33.6007 19.5907 23.0952 25.0009 37.5746 4.39446 14.1872 29.4163 8.13116 21.2964 15.7771 12.0641 28.8425 15.2843 32.4288 40.7017 25.4204 6.18984 19.5211 27.8082 16.9843 9.21759 19.1989 28.4839 29.8698 23.2274 24.321 38.3875 21.2136 39.6793 9.26544 28.6373 27.3838 31.6384 3.61617 8.9988 25.3669 11.5943 43.0491 21.4902 9.8063 24.221 10.4641 28.7823 17.3138 28.4471 10.138 11.9487 14.5625 28.2825 27.7919 23.8289 17.8042 25.84 41.0974 12.0519 9.49546 20.6293 34.3592 30.4411 17.3573 10.2725 24.8512 1.13502 33.5241 5.00378 8.8056 23.747 31.4662 26.739 11.0638 29.3326 35.7234 18.7668 7.8472 23.8466 18.3877 35.0108 23.5436 10.3162 15.2451 9.96498 32.9707 20.0199 26.1083 24.533 31.4712 27.9071 26.2146 42.5717 31.1149 34.5251 5.33619 21.5121 4.82699 12.8017 22.7193 11.6949 15.6164 24.5185 30.6445 18.9318 15.1369 7.57985 21.4084 30.6772 12.7859 16.0501 28.0725 22.2774 10.7444 15.7307 9.79327 18.9826 30.1353 25.4623 1.65798 37.2118 34.8032 25.5222 21.5616 26.3473 15.2102 23.8058 28.957 25.8974 17.1358 11.0104 10.9129 16.8659 20.1615 7.34343 24.4023 20.3463 12.8559 29.7528 32.9284 22.0881 17.5337 
17.2677 40.3838 26.2004 17.2928 10.9943 16.2014 26.7704 43.6867 42.7537 8.48616 22.6797 38.3541 29.1456 22.2433 17.4583 19.898 15.3241 34.2486 0 17.8812 28.1745 6.93833 35.2709 29.7765 28.5709 33.703 35.0408 12.1734 22.488 29.1176 36.1586 21.5109 19.5922 34.2237 34.2433 24.9004 30.9106 31.6421 5.94787 11.9959 28.2893 3.49447 38.467 29.7295 23.9063 44.0361 22.0602 44.6837 28.5754 9.52823 26.3073 34.6545 30.9426 35.2151 28.8728 20.4003 20.5421 23.5092 12.5417 25.9315 33.2527 3.52547 17.6008 40.0807 16.9226 11.5781 4.19008 30.1285 40.321 25.2799 30.6599 13.0413 19.8262 36.7005 33.1295 47.114 5.70877 11.3013 26.1642 34.7027 29.2427 12.8341 49.3595 25.8632 33.7961 6.10926 19.2718 28.034 18.9531 11.7711 21.9089 7.19365 33.6236 5.99636 40.7917 20.8246 32.9905 35.1404 14.4474 37.277 10.7012 14.437 24.6843 24.7958 24.6188 29.0523 23.372 32.9279 26.8928 36.1043 39.5364 23.9505 13.0775 30.6634 25.6872 29.449 8.06601 29.2693 40.9422 14.2504 11.4209 27.5984 18.7559 28.0054 32.1547 35.1607 18.1036 37.3709 35.546 29.2757 3.49637 15.8039 28.4477 8.80985 5.50505 25.4405 40.1982 21.6181 23.5889 26.3635 10.9845 40.8303 40.404 29.1842 1.96851 22.2794 8.30536 18.5192 25.4465 21.5838 31.7749 12.6421 7.92903 3.37329 39.5603 16.9454 31.5722 37.9862 19.5814 23.9995 31.6779 11.2133 7.18102 25.1333 48.5168 28.739 17.1842 19.9603 40.5936 36.1827 9.23276 27.2727 42.9143 46.3613 40.7489 30.1951 31.167 34.7328 34.2012 5.03518 5.776 9.11861 29.0877 24.9249 44.9496 33.1291 16.6959 38.4859 29.0038 43.5373 39.8169 29.0748 31.065 34.7978 10.0002 36.7575 46.6553 8.14137 9.75328 12.5232 21.3784 
24.62 46.7135 18.5834 13.1144 25.3498 14.1609 37.297 40.8591 40.2156 25.8855 34.517 30.098 22.0235 35.476 32.4098 4.2564 7.99052 30.6936 17.8812 0 30.8435 21.3717 35.8075 36.4973 39.7901 43.6014 36.7859 29.6461 4.82023 36.7445 34.5471 12.0166 30.804 22.4962 30.3849 13.9902 41.3808 14.0142 11.9339 6.0708 27.5477 14.3924 29.7027 30.3913 33.5908 34.0579 14.1973 40.8979 39.9894 26.9054 8.67863 22.053 32.8203 26.6028 37.8242 4.75935 13.2299 27.9491 28.8203 32.0687 21.5435 16.6445 2.99808 44.6019 26.7206 10.2439 21.7821 28.0966 42.1146 37.5872 31.5988 15.5795 23.6211 26.9115 43.5673 38.6065 12.1884 29.1821 36.5511 34.2455 16.0208 6.13587 40.9954 21.6853 39.8671 17.9532 1.67668 13.0123 29.588 29.4056 30.5914 24.8084 25.2963 18.0599 48.5825 2.99171 27.8256 35.9971 6.91622 27.7673 28.0071 11.9455 24.3308 9.62415 25.3886 11.8513 29.6328 43.2508 20.6362 26.3411 41.8113 36.0004 5.91151 15.2937 14.3924 13.2451 25.2885 32.4555 33.3787 14.0026 27.9581 9.94883 23.8152 30.0503 41.1312 31.1285 33.3167 35.3467 27.3562 38.3504 18.7344 4.62364 20.5267 9.54385 13.9503 32.5625 38.369 7.6793 30.5417 8.76993 14.2028 40.2586 42.7043 21.6522 18.6939 11.0781 17.4112 6.16129 7.59245 33.8316 15.52 30.4694 9.96941 15.0069 35.0895 9.79207 30.5897 39.9139 29.2216 19.1684 36.4658 11.4809 22.1614 32.3654 41.3259 29.0139 9.79991 33.7054 31.0181 24.438 9.86749 35.9996 35.4198 37.1124 39.8961 36.8699 13.7568 43.3704 31.5142 15.9219 13.0291 18.2713 14.8195 35.9406 35.4001 41.4296 2.0901 46.3164 17.1434 36.2105 31.0647 34.858 38.1468 27.3735 14.6159 42.6168 40.2934 22.4473 8.49582 14.224 13.1601 
11.3509 16.3264 16.7231 17.7357 21.0082 16.7805 14.7498 17.0794 16.033 33.5358 16.3247 20.2629 15.7123 19.3607 22.2849 28.1775 22.9069 11.2119 28.1745 30.8435 0 22.4548 7.37266 8.24046 17.1725 17.3505 6.86883 35.6323 34.4156 9.67977 9.83738 20.6488 14.8067 24.1933 11.6519 21.5458 16.7703 41.3 27.9081 29.953 5.7314 28.0044 21.1286 3.40599 12.1688 26.4587 18.4201 18.779 17.6332 27.495 33.2907 25.8975 2.83067 19.3827 12.2897 28.1161 18.5747 4.86006 24.7316 5.86355 23.8145 31.122 33.321 13.7621 13.4716 22.1926 30.659 7.71777 12.2295 18.2273 3.39908 16.9137 8.46197 21.9339 18.1496 26.4005 28.1827 32.1136 14.2091 7.61156 25.2503 26.1126 27.9389 11.8319 9.96314 22.0653 30.6027 28.0155 13.9311 29.406 10.4119 32.1619 18.3652 22.1803 19.0153 32.7224 13.1877 7.11287 24.2027 21.7413 35.1758 19.2431 6.98804 27.6083 5.5794 33.1478 6.59199 17.751 14.6064 21.627 11.5753 17.1452 26.1988 29.5318 22.0098 30.7992 33.6755 1.66849 20.7052 17.4867 25.2436 34.0432 9.41949 1.14682 14.2933 12.3251 23.1164 11.161 18.8362 12.7587 24.873 26.2715 16.9388 26.0532 31.1862 7.57144 13.2632 25.9271 7.46249 37.4321 19.2019 13.0323 12.4723 16.344 26.5029 22.4481 19.9691 25.2269 34.1761 16.9728 31.9372 33.9427 27.6254 29.4643 15.5468 21.0884 6.4055 9.88426 12.3287 13.5592 6.10274 21.2468 22.859 7.75339 25.7121 3.97643 21.1104 19.9568 23.6248 25.0347 24.7877 11.1141 21.9076 26.9405 13.0971 8.39917 34.9912 15.4622 9.95937 32.2029 30.4734 19.0739 26.9771 15.1548 26.3991 13.5822 28.8001 17.0297 23.017 22.1051 21.8526 6.06106 9.73968 17.3266 19.673 12.251 23.1906 21.8166 30.052 18.1782 19.1825 
