200
13.5782 17.5422 2.15829 0
16.9837 17.7937 2.03225 0
18.4379 21.512 1.3351 0
11.0159 21.9265 1.70298 0
6.34432 15.8366 1.79966 1
14.4167 23.1811 0.478524 0
12.8689 14.1944 23.7464 0
4.61578 9.65487 1.25818 0
3.19362 5.8438 1.93616 0
3.10406 3.23069 2.88385 0
16.2395 20.7631 1.90346 0
8.37164 15.0639 0.93585 0
13.6683 18.7608 0.888964 1
15.4827 17.1495 0.493334 0
13.1563 17.9456 1.01534 0
7.80987 17.3286 1.00181 0
1.32031 3.32387 0.329182 0
13.6804 15.2369 0.233605 0
18.9689 19.8762 1.0834 0
18.7515 20.7902 2.17617 0
7.03817 23.2472 1.75589 0
7.87703 19.748 1.96066 1
1.9944 12.2712 1.45398 0
13.5141 21.1568 0.758737 0
2.62937 15.7015 25.1596 0
17.586 21.2197 1.65177 0
2.10564 19.2647 0.76727 1
4.17292 6.56051 21.8651 1
15.3976 19.1103 0.597883 0
18.3008 18.3615 27.4259 0
5.45142 8.7279 1.17241 1
4.50265 5.20238 1.2997 0
4.0119 4.88873 27.239 0
10.5717 13.6294 0.201187 0
3.33292 19.4243 2.67957 0
7.46854 13.8336 1.41404 0
0.969089 19.829 0.825641 1
3.32406 12.2898 1.7556 0
0.258541 17.359 23.61 0
8.82221 19.6476 1.30299 0
3.33988 12.4016 0.800129 1
15.065 23.4546 0.951187 0
6.5898 8.35444 0.692902 0
11.9038 15.3143 0.48989 0
6.55972 9.82044 0.451992 0
10.6134 19.4805 2.168 1
18.8599 20.5758 0.919245 0
10.939 20.3937 1.94462 1
7.87143 14.6914 1.1738 1
9.56651 12.2027 7.79487 0
15.4428 19.3981 2.01732 0
13.5409 19.9989 0.29928 1
18.2148 19.6752 0.407299 0
4.04064 8.33374 0.39775 0
8.66803 22.5835 1.86664 0
12.6735 22.2004 0.785688 0
9.61705 21.9303 0.775473 0
12.1341 23.6493 19.8242 0
17.3094 22.3781 2.1857 0
11.6595 23.6034 18.8934 0
10.4331 23.0192 0.274245 0
15.2691 18.7013 0.502973 0
12.596 15.6558 1.14501 0
1.4463 16.1315 27.4927 0
10.3667 11.8603 6.90066 0
17.4231 18.4573 0.539139 0
6.00761 15.3993 0.580682 0
11.6131 16.202 1.89063 1
4.05142 19.6716 0.566074 0
7.12881 13.8387 0.557831 0
2.6819 15.5187 0.513497 0
12.4629 20.0032 2.01995 1
13.7929 22.6497 1.66412 0
13.8816 16.1267 2.05037 0
4.80043 14.619 0.507002 0
14.7062 16.6588 3.46631 0
13.0611 22.2338 0.5255 1
3.52322 12.6063 0.74576 0
12.5136 20.8113 1.55833 0
12.722 21.7347 11.7085 0
11.7747 12.8231 9.39666 0
1.17202 20.2621 2.25246 0
7.0538 7.1553 0.890885 1
14.981 17.2688 1.33344 0
10.8202 19.0514 2.10844 0
3.61172 9.15648 0.328746 0
11.2192 21.5878 0.710444 0
13.5913 14.5173 10.3625 0
5.65057 16.8412 0.229359 0
14.639 22.1587 6.71026 0
3.38788 12.4509 0.693065 0
7.58952 20.6967 1.03215 0
12.9765 13.2304 1.14657 0
0.0472519 3.55902 1.41401 0
4.04852 5.23415 1.97859 0
8.15495 12.5647 1.33403 1
9.2484 17.3816 1.79477 0
17.097 23.106 1.20923 1
4.11223 18.3286 0.307002 0
0.424801 14.6041 1.72676 0
18.5341 20.3382 1.24034 0
16.0873 18.5582 1.42701 0
10.8061 19.9103 0.577783 0
1.9984 5.76123 20.9628 0
3.04475 20.376 1.70188 0
16.1067 17.7034 1.84024 0
8.74978 9.67034 0.633848 0
18.3303 18.8967 0.743895 0
1.00189 16.8236 1.16026 0
8.49002 15.4094 1.98588 0
10.3754 22.5587 2.07442 0
15.8435 20.661 2.00392 0
11.6628 17.5761 0.715841 0
12.1824 20.4001 2.04923 0
14.881 21.7533 1.83493 1
8.05857 17.265 0.616781 0
12.043 18.8271 1.47711 0
6.19031 10.8763 1.20285 0
16.8226 17.5647 1.34248 0
17.4298 19.5852 1.8964 0
6.51048 7.34714 0.699608 0
4.84621 18.0588 1.19294 0
18.4885 23.8692 2.24425 0
16.3954 20.3521 0.461748 0
5.88721 8.69415 0.901247 0
6.09202 23.9408 1.13414 0
7.40591 14.9471 1.88501 0
9.77342 12.9337 0.458855 0
17.2291 19.1322 23.2945 0
16.5451 22.9078 2.00746 0
16.6459 21.3734 1.97045 0
1.92656 6.03911 0.31507 0
8.11161 8.56404 1.68073 0
10.4786 20.5556 1.2843 0
5.11009 8.92159 1.17031 1
16.9421 18.4893 15.8398 0
9.29695 19.0117 14.2138 0
14.41 22.7106 0.37996 1
6.63071 17.6289 7.20097 0
11.2012 21.8777 1.03068 0
18.6446 19.6408 1.77568 0
7.99994 11.1331 0.662612 0
6.85131 14.8668 1.25995 0
0.388611 20.6726 10.9065 0
12.7423 22.1262 1.46945 1
7.63359 22.7948 8.80414 0
10.1775 15.7679 1.60857 1
11.0515 11.9638 10.346 0
14.6973 21.5702 1.87634 0
8.83168 14.7655 2.03669 0
14.0491 20.949 7.02046 0
1.93621 8.65538 1.72145 0
2.67679 11.4297 1.88505 0
10.9062 14.3261 0.383267 0
1.97015 11.6006 1.08445 0
2.88862 22.1878 0.896395 0
8.2354 22.9246 0.681834 0
15.3833 17.8147 2.12038 1
17.581 23.4809 1.77628 0
16.5654 17.8825 1.50876 0
2.77033 12.8355 0.625374 0
16.1494 23.959 0.600443 0
17.7936 17.9989 0.798759 0
18.5535 19.9521 0.760855 0
3.40682 5.6652 0.435002 0
12.649 12.7133 1.35831 0
6.47141 16.1006 1.64494 0
4.12853 13.8803 1.57838 1
12.6917 14.8338 0.397477 0
9.92534 20.781 1.35706 1
18.1539 20.2218 0.39971 0
9.41616 10.1068 2.00437 0
10.8569 19.6411 3.76094 0
17.0822 22.3026 1.70707 0
4.41216 19.7915 0.290597 0
18.7708 19.2954 11.1838 0
2.13263 12.5 2.05562 1
0.597201 16.2684 1.3383 1
0.362954 10.4453 9.47933 1
13.5575 21.1981 0.381633 1
16.9513 22.5132 1.24936 1
6.94881 22.547 1.36977 0
17.6236 18.5541 0.616965 0
17.4521 20.69 0.904259 0
4.35151 21.1402 1.47335 1
2.15007 12.4394 0.670957 0
10.5981 13.6429 15.1534 0
13.1026 14.0386 1.95142 0
8.29902 17.9111 19.8808 0
17.3358 18.6922 1.61443 0
15.1315 19.05 1.046 0
7.94529 17.3453 2.18026 1
13.871 20.5384 1.43052 0
11.4569 23.4998 1.22053 0
0.293057 16.9975 1.02533 0
8.44121 23.7769 1.64423 0
2.24854 19.9715 1.33139 0
8.93531 11.9689 1.21725 0
8.77758 21.8036 1.87595 1
2.60275 23.2272 0.398362 0
400 50 500
0.025 0.0125 10000 3000 15 1e+06 300000 8 12
0 6.41969 4.66928 4.42437 1.62023 5.1046 5.4522 1.86431 4.7075 7.04956 4.88876 5.79814 5.52729 7.76365 4.8251 5.51489 1.68871 3.57956 1.63853 6.95993 4.31239 2.40723 0.66479 5.97582 9.00042 9.25837 4.9282 3.90387 5.99802 6.10177 2.40152 1.36179 7.07809 5.90214 6.1333 1.80026 5.88027 1.76911 1.83724 7.07132 8.00025 2.14729 9.78961 7.89054 5.2179 3.58834 5.17088 2.6391 5.46651 9.05725 3.57903 1.66438 1.35329 6.17541 4.13381 5.92186 7.87574 5.38847 5.05841 4.60466 4.63392 5.91924 3.23897 8.42546 7.81428 4.24629 5.90171 4.38953 2.95407 1.46397 6.7989 2.32066 4.82807 2.8538 6.41785 0.956649 3.16641 5.93888 3.95111 7.22668 8.18117 3.21054 6.04502 5.62177 0.502031 7.0341 0.242388 5.55234 2.97051 3.94332 4.81667 7.11466 6.46789 7.96501 5.38903 8.39607 4.99551 4.10851 7.02981 3.79439 5.59494 1.93382 6.55659 6.29314 5.32406 1.46767 2.73853 4.41315 4.12261 2.94824 5.64888 6.67816 2.52949 6.93944 5.08775 2.22374 3.997 6.2668 1.38279 5.93769 5.90266 7.54737 3.50064 3.85451 4.28142 2.72562 2.86477 5.915 0.712624 4.37588 3.2621 7.71259 2.91281 5.72669 4.86605 3.98214 2.30252 1.86603 9.34416 5.65529 4.29657 5.95785 5.33306 3.72537 4.18364 6.00432 7.40511 8.14263 7.35621 3.59038 6.1327 7.394 5.52354 5.3267 7.207 4.10135 5.46306 6.74255 1.5265 6.53196 2.47781 5.98635 6.79276 1.86162 4.743 3.46296 6.45389 5.56672 6.92424 5.14242 7.33429 6.53694 2.7936 5.30826 2.81583 5.49886 4.57261 6.90408 5.60756 4.84194 5.92855 5.86508 2.53575 7.88085 4.15582 3.23604 1.2898 3.83276 2.06964 3.99523 3.48431 3.85018 3.7204 0.77829 8.13564 7.1589 0.329009 1.98386 4.00519 1.63872 6.51882 
6.41969 0 5.45652 3.00434 5.90979 1.42433 4.19787 6.45032 4.5174 7.52764 2.56336 5.5512 9.81174 7.94647 6.61464 4.23929 4.76159 9.92361 6.71452 3.79805 2.25617 8.79157 6.64784 8.25637 5.52915 5.01824 4.45444 7.82119 4.3366 0.782409 5.38029 5.19294 8.20679 9.44585 4.62065 4.66258 3.99073 6.85815 6.55525 6.86351 3.04307 8.38462 5.81253 9.44926 9.14301 4.9772 3.74788 8.93853 7.184 5.1682 4.67103 8.08275 7.27355 8.0676 4.4657 1.90697 9.74781 5.02952 4.6203 3.38183 4.48599 2.37304 5.85284 10.5794 8.42639 9.42283 0.530869 2.07429 3.59662 6.95485 9.44824 5.83319 9.47338 9.24009 0.0554867 6.88315 3.6668 0.880009 7.08448 9.78743 4.22892 5.26949 8.55513 1.50391 6.7995 6.36929 6.18278 0.871984 4.99251 6.1275 2.81061 9.74602 5.691 9.67957 8.23681 10.2561 3.88063 2.47868 5.60008 4.37991 0.841723 8.18962 9.50133 9.60163 8.19696 7.88445 4.32017 2.01299 2.33111 4.29163 1.29973 5.53775 6.6104 1.85797 6.068 8.52388 2.5691 0.884471 5.03717 8.45682 2.71144 10.2256 7.27371 4.52056 7.78312 4.14495 4.07566 0.518837 6.40285 2.27575 8.97033 3.97018 9.33251 3.47392 1.57031 10.3995 8.25654 4.74267 4.98376 5.93782 2.7747 1.05726 1.58037 4.38291 7.14148 6.61038 9.91884 6.05758 8.72917 9.22295 8.649 4.02094 1.67882 9.57798 8.91148 4.28645 2.41103 2.50906 6.73738 8.4157 8.84977 1.19473 8.78443 4.6327 8.55873 5.90908 6.02217 9.09634 10.259 8.62034 3.29105 0.91905 4.59266 7.5353 4.11727 5.38013 3.41782 1.15148 7.38348 9.60121 6.04202 1.88073 4.3676 9.73004 4.04681 4.95541 7.14379 2.60279 7.72913 10.3988 5.39605 3.41793 7.81141 5.79151 10.8428 8.28432 6.65717 4.66819 4.06898 8.05717 9.66548 
4.66928 5.45652 0 2.51731 5.67546 5.03338 1.6029 6.19703 0.950905 2.64094 5.98329 1.15276 4.68223 3.30456 1.17671 1.61565 3.72635 6.74369 6.13836 3.27272 4.84251 6.00615 4.28202 2.80064 4.8211 5.41124 1.0769 2.95647 1.95833 5.74916 2.27113 4.61418 3.02937 4.09648 1.91254 3.6455 7.75134 3.51648 3.2064 2.44607 4.99222 6.63044 5.71122 4.19816 3.95485 1.15866 7.08948 5.86059 1.7359 5.06535 1.33509 5.81047 6.02244 2.64128 6.75463 3.74 4.41704 0.936049 0.989416 6.36938 0.972948 6.73507 1.55156 5.21533 3.54256 4.90048 5.19086 4.59857 4.54372 6.07722 3.99243 6.20232 4.58354 6.3574 5.4157 5.61746 2.74186 5.66035 2.07255 4.33969 4.45101 6.55156 3.09931 5.8456 4.62086 2.36482 4.49916 4.82034 1.76731 1.11787 6.11669 4.29342 1.83741 4.39084 2.83134 4.95342 1.63984 4.82486 2.4728 1.38852 5.03652 5.25667 4.05197 4.19199 2.80025 5.68627 5.31374 4.17133 4.47039 2.25343 4.15977 2.10197 2.66597 4.58532 0.6639 6.62327 3.4861 5.967 4.04579 3.00233 3.09369 4.77636 2.57437 6.56322 2.69857 5.08134 5.18104 5.20242 5.24776 3.50752 5.04672 4.02693 6.73518 7.32117 4.33149 7.72109 4.86383 4.66709 5.54695 1.00514 2.84777 5.82345 5.59012 6.35256 2.00436 1.51969 4.47746 3.60466 3.49533 5.14829 3.19272 3.62203 3.78983 4.46588 3.57958 6.60281 6.39701 3.92279 3.61496 3.00982 6.00133 5.95508 3.3773 3.53044 3.42663 1.37417 1.78538 3.77535 4.82831 3.34195 4.01164 4.88774 5.65428 2.08645 5.16839 0.880607 2.04544 5.07603 1.93837 4.75477 1.27398 3.73217 2.69403 4.40459 1.50138 1.51166 4.24646 3.86749 4.27216 7.40107 1.18656 2.3509 3.05971 4.73913 5.40031 3.1157 4.61706 4.74027 1.55033 5.78973 4.23033 
4.42437 3.00434 2.51731 0 4.68409 2.53735 1.71458 5.27782 1.63824 4.89675 3.62511 2.91649 6.82684 5.44493 3.64103 1.78205 2.82646 7.54914 5.38231 2.66077 2.49203 6.52957 4.39294 5.30517 4.80035 4.89336 1.65882 4.85901 2.15146 3.23516 2.63 3.64071 5.45322 6.44177 2.41107 2.70846 5.44252 4.24164 3.90556 4.39858 3.5935 6.56959 5.49701 6.66682 6.14739 1.98743 4.84425 6.56324 4.25166 4.75144 1.68934 6.00196 5.62679 5.15842 4.79484 1.62818 6.91553 2.33439 1.85664 4.15517 1.58629 4.27085 2.89672 7.7249 5.82515 6.56895 2.6898 2.2014 2.72546 5.4782 6.49389 4.9735 6.53043 6.95972 2.96935 5.19038 1.2703 3.14348 4.0915 6.85153 3.81701 4.95299 5.59035 3.34608 4.64655 4.03064 4.18792 2.31006 2.11636 3.12376 3.79701 6.80097 3.30343 6.87493 5.2412 7.44474 1.19663 2.53661 3.52781 1.38282 2.52129 5.83103 6.52216 6.60371 5.19966 5.82302 3.65913 1.7314 2.14197 1.59007 1.74959 3.30167 3.7897 2.66021 3.16417 6.64673 1.15422 3.45342 3.20185 5.48836 1.4794 7.28663 4.32634 4.66964 4.7906 3.40569 3.44969 2.70191 4.71361 1.03492 6.28495 3.35651 7.17929 4.97218 1.82417 8.25503 5.72388 3.41642 4.9637 3.18668 0.382931 3.30629 3.1045 4.46108 4.14005 3.8526 6.99215 4.42354 5.9511 6.49694 5.68636 3.09 1.43111 6.59453 6.07505 4.61803 3.96978 2.33068 4.1865 5.52461 6.56433 3.43889 5.89283 2.61672 5.56662 2.9285 3.5369 6.09201 7.26629 5.61662 2.91895 2.60322 4.02927 4.56258 3.45874 2.66727 0.527386 2.88488 4.45473 6.66925 3.35882 1.5869 1.90557 6.90134 1.04793 2.01882 4.71907 1.61425 5.14138 8.1166 2.41234 0.589837 4.86882 4.07101 7.91385 5.53656 4.55195 3.42477 1.06486 5.97676 6.67583 
1.62023 5.90979 5.67546 4.68409 0 4.49461 6.07714 0.595214 5.46209 8.22958 3.87702 6.72134 7.14243 8.92957 6.08086 6.14613 1.99267 4.78608 0.80517 7.34377 3.65746 3.61968 2.28036 7.40081 9.47501 9.55817 5.65385 5.45485 6.61376 5.42254 3.4852 1.08806 8.37409 7.47686 6.80463 2.09457 4.49875 3.34507 3.34554 8.12139 8.03822 2.64384 10.1803 9.28591 6.80973 4.52072 3.83357 3.96701 6.76595 9.43439 4.40776 2.73589 1.50337 7.55021 2.68337 5.91252 9.31385 6.22848 5.82046 3.38939 5.38306 4.8602 4.45403 9.91228 9.05801 5.85661 5.37936 3.8457 2.33496 1.08595 8.30369 0.700573 6.44796 4.02403 5.92175 1.25525 3.46148 5.25715 5.38412 8.73258 8.48825 1.63752 7.50621 4.80912 2.09327 7.98857 1.58174 5.09812 3.90902 5.17489 3.73996 8.62578 7.34763 9.3845 6.86848 9.84649 5.55805 3.43483 7.8204 4.52344 5.07 3.36588 8.08817 7.85504 6.80399 2.55179 1.64673 4.04577 3.6034 3.56434 5.44747 7.49895 3.9941 6.8464 6.19975 2.83043 3.8858 5.54671 1.63961 7.39561 6.11021 9.07356 5.00682 2.40783 5.79667 1.77691 1.86882 5.39114 0.987252 4.26802 4.83067 8.03347 3.89303 4.43708 4.48726 4.84711 3.85455 1.28565 9.61721 6.68017 4.43655 5.22239 4.55609 2.32614 5.60506 7.13263 8.91006 8.87742 8.70423 5.1626 7.5983 7.77397 5.43257 6.93902 8.59935 2.69407 4.42077 6.8358 3.0992 7.92293 3.71159 5.21055 8.21087 2.20839 6.3142 4.67785 7.40713 7.13265 8.49997 6.691 7.54612 6.24968 1.50877 6.68684 1.82209 6.41273 4.99317 6.63229 6.92804 6.46201 6.94645 5.84865 3.08679 9.31606 4.77676 4.16421 2.90815 3.55698 3.683 5.04292 4.55198 4.19893 5.2839 1.02909 9.6758 8.4583 1.93295 1.31065 4.62981 2.71546 8.07024 
5.1046 1.42433 5.03338 2.53735 4.49461 0 4.12615 5.02912 4.17559 7.41674 1.37898 5.42158 9.00335 7.93521 6.11168 4.18438 3.49936 8.65684 5.29977 4.31439 0.837229 7.50273 5.39698 7.78606 6.31391 5.99206 4.18691 6.98707 4.43103 1.00261 4.41019 3.82757 7.99028 8.77413 4.71845 3.41245 3.12402 5.74711 5.47165 6.86812 4.10998 7.00573 6.75259 9.20346 8.38048 4.29261 2.68097 7.68331 6.75532 6.04996 3.98307 6.75662 5.88281 7.66966 3.16226 2.30862 9.44602 4.84808 4.3805 2.15336 4.12278 1.75122 5.05992 10.2487 8.34288 8.4233 0.901421 0.718787 2.20518 5.54925 8.96414 4.40924 8.58072 7.95126 1.4423 5.50318 2.70302 0.844537 6.34308 9.33739 5.062 3.8739 8.054 0.812317 5.51477 6.44703 4.87391 0.739554 4.14532 5.47286 1.6186 9.27905 5.72605 9.40959 7.64461 9.97791 3.67427 1.05978 5.80763 3.75202 0.6088 6.9397 8.9569 8.9853 7.59693 6.55669 2.89604 0.913459 0.985626 3.3796 1.54252 5.65606 5.63958 2.82837 5.68951 7.15331 1.62682 1.18607 3.73389 7.94785 2.9913 9.76802 6.42488 3.17846 7.0269 2.72415 2.65206 0.911796 5.02988 1.52634 7.85286 4.70938 8.009 2.61129 0.720052 9.06501 7.073 3.35896 5.99 5.7193 2.18691 0.91187 0.573378 3.02232 6.44114 6.38805 9.48446 6.49157 8.48827 8.12681 8.15203 4.64163 1.8172 8.76783 8.6063 2.97613 1.51839 3.21522 5.5975 8.04226 7.56706 0.997106 8.40885 3.40265 7.78919 5.16239 6.00221 8.41161 9.663 7.92169 4.05321 1.97689 3.1702 7.02407 2.69409 5.18945 3.05321 2.34011 6.95921 8.6902 5.8806 2.25028 3.32588 9.43252 3.53372 4.17671 5.93897 1.44129 6.58157 9.09944 4.67638 2.72589 6.94379 4.43697 10.401 8.07346 5.36316 3.27636 3.50309 6.7313 9.08572 
5.4522 4.19787 1.6029 1.71458 6.07714 4.12615 0 6.65377 0.836218 3.34096 5.31235 1.35334 6.283 3.816 2.73219 0.0707288 4.09807 8.05419 6.68872 1.72112 4.19308 7.19122 5.22745 4.22181 3.56548 3.97507 0.608702 4.53389 0.546709 4.63995 3.17247 4.99188 4.01026 5.65819 0.73469 3.98963 7.13435 4.71008 4.37088 2.74313 3.38954 7.55991 4.39642 5.25412 5.55358 2.01973 6.55183 7.11698 3.14589 3.69216 1.91425 6.84345 6.76828 3.9639 6.49545 2.33488 5.56509 0.861081 0.617707 5.86784 0.888125 5.87724 2.8559 6.40315 4.2539 6.45392 4.04204 3.89104 4.3703 6.71438 5.39494 6.4689 6.17963 7.58175 4.15017 6.33631 2.65712 4.58528 3.65615 5.69453 2.95021 6.57349 4.54703 4.9065 5.53863 2.33163 5.24029 3.72255 2.55123 2.65846 5.49487 5.66942 1.60542 5.48827 4.37648 6.0651 0.54273 4.2482 1.82846 1.66062 3.9611 6.447 5.51685 5.71517 4.35232 6.69061 5.27619 3.40938 3.85105 2.54711 2.9188 1.58724 3.98121 3.05286 2.04233 7.59356 2.86878 4.84879 4.47057 4.46234 1.58741 6.13242 4.1091 6.35876 4.29864 5.02389 5.08555 4.05142 5.89795 2.71424 6.48409 2.5002 7.89914 6.65286 3.40906 8.93631 6.1613 4.8789 4.09321 1.75963 2.09548 4.77297 4.6992 6.14834 3.60328 2.42307 5.81062 2.80965 4.53485 6.62167 4.63251 2.11192 2.53517 6.06786 4.73492 6.32125 5.61604 2.34554 4.74498 4.28434 7.20301 4.92069 4.64848 3.87892 5.02944 2.75415 1.87804 5.35067 6.3214 4.93182 2.41571 3.49593 5.64419 3.58979 5.08841 1.20201 1.21392 3.6232 3.33037 6.34818 1.84489 2.34465 3.01372 5.54601 1.31285 2.30891 5.36055 3.3275 5.55675 8.68527 2.34424 1.96144 4.61984 5.29718 6.72872 4.08716 5.48955 4.91399 1.46377 6.82016 5.72309 
1.86431 6.45032 6.19703 5.27782 0.595214 5.02912 6.65377 0 6.02265 8.71899 4.32037 7.26217 7.35685 9.42417 6.54168 6.72237 2.55861 4.61652 0.394805 7.93686 4.19421 3.49004 2.52178 7.79812 10.0662 10.1534 6.21868 5.76742 7.19253 5.93503 3.97138 1.66271 8.82753 7.76498 7.37874 2.66482 4.75042 3.63338 3.68349 8.642 8.62833 2.31271 10.7745 9.70024 7.07547 5.04891 4.12756 3.88049 7.21446 10.0286 4.95194 2.60156 1.24725 7.9712 2.92672 6.50327 9.70673 6.7806 6.38154 3.76164 5.94394 5.27105 4.9179 10.2766 9.53018 5.98387 5.92127 4.3981 2.9019 0.767675 8.65467 0.781965 6.63601 3.85966 6.46444 1.17866 4.05016 5.77053 5.77262 9.08303 9.08328 1.78686 7.8842 5.29681 2.27044 8.52739 1.89907 5.65223 4.43033 5.63888 4.16294 8.97237 7.8972 9.78719 7.23475 10.233 6.13845 3.97165 8.38343 5.0821 5.61374 3.36026 8.41855 8.15735 7.16988 2.43999 2.14321 4.6182 4.16217 4.12817 6.02752 8.05736 4.36035 7.43072 6.70065 2.51998 4.47725 6.04927 2.19387 7.77532 6.70542 9.40871 5.35277 2.66653 6.13784 2.30538 2.38057 5.93272 1.15313 4.8583 4.89848 8.62826 3.65533 4.74814 5.05516 4.53845 3.92203 1.87992 10.2124 7.20206 5.03173 5.72433 5.05548 2.6275 5.99993 7.63277 9.2613 9.44872 9.13844 5.23069 7.97385 8.36745 6.02026 7.16323 9.01422 2.97282 4.84412 7.4291 3.39032 8.33741 3.5879 5.70312 8.61286 2.77679 6.60678 5.14349 7.94477 7.43079 8.7865 7.00619 8.14121 6.8186 1.93724 7.10429 2.33688 6.95408 5.58131 7.20154 7.36937 6.63341 7.47061 6.43919 3.65181 9.7105 5.34891 4.69004 3.09752 4.14106 3.84084 4.79867 5.05364 4.78825 5.58471 1.46949 9.99919 8.91067 2.13384 1.90036 5.20083 2.58501 8.38302 
4.7075 4.5174 0.950905 1.63824 5.46209 4.17559 0.836218 6.02265 0 3.28568 5.21757 1.3677 5.58009 3.8723 2.12688 0.880843 3.46944 7.21982 6.0247 2.55193 4.07368 6.36854 4.44111 3.74099 4.36939 4.81035 0.232729 3.75826 1.34255 4.84025 2.37248 4.3748 3.8156 5.03756 1.43342 3.36925 7.01845 3.88091 3.54346 2.87124 4.15228 6.78774 5.21632 5.02916 4.86121 1.19365 6.38658 6.28606 2.66665 4.52025 1.12998 6.0459 6.04239 3.5548 6.17839 2.79016 5.28434 0.800289 0.359028 5.67727 0.079427 5.90527 2.0218 6.10023 4.21376 5.65353 4.27042 3.80431 3.98651 6.02166 4.93251 5.90971 5.42348 6.75466 4.47549 5.61599 2.18148 4.75939 2.89397 5.27027 3.78574 6.12061 4.04525 4.98407 4.76044 2.60091 4.50549 3.90894 1.75775 1.8803 5.37172 5.22872 1.91054 5.23928 3.7793 5.81048 0.698403 4.08506 2.36134 0.94105 4.13183 5.62236 5.00125 5.1417 3.74677 5.89849 4.83878 3.35105 3.7082 1.89815 3.21844 2.03724 3.14504 3.65511 1.55255 6.81181 2.7047 5.0569 3.82884 3.9498 2.16531 5.70829 3.30823 6.01285 3.56154 4.59282 4.67349 4.28158 5.19569 2.66389 5.65179 3.33358 7.08057 6.56519 3.46168 8.1117 5.32659 4.32599 4.92929 1.56106 1.99795 4.9297 4.74209 5.80064 2.86812 2.21862 5.40308 3.44717 4.31297 5.79437 4.13763 2.94769 2.84514 5.35821 4.44359 6.01448 5.5925 3.02358 3.92325 3.911 6.37817 5.06635 4.2801 3.25458 4.31419 1.92831 2.04549 4.71022 5.77922 4.26551 3.20952 3.93684 5.19794 3.03677 4.66891 1.08043 1.13202 4.12749 2.86613 5.58621 1.7569 2.78161 2.3758 5.26942 0.761231 1.50364 4.54356 3.12637 4.72221 7.85308 1.50806 1.61449 3.8299 4.6195 6.327 3.8992 4.72185 4.37752 0.880468 6.02305 5.1812 
7.04956 7.52764 2.64094 4.89675 8.22958 7.41674 3.34096 8.71899 3.28568 0 8.50256 1.9999 4.76748 0.715867 2.24101 3.2943 6.32969 8.31338 8.61539 4.22581 7.35906 7.86117 6.55056 2.07063 4.59113 5.53746 3.23802 4.02156 3.21996 7.97961 4.74848 7.19671 0.855966 3.76156 2.95283 6.25666 10.3037 5.5694 5.33651 0.842153 6.04794 8.79605 5.45795 2.0243 4.10915 3.77695 9.66625 7.59778 1.71585 5.0711 3.97561 7.89361 8.37655 1.62025 9.38812 5.63635 2.42103 2.56866 3.04042 8.95293 3.35082 9.16222 3.81663 3.25695 0.92876 5.78162 7.38284 7.0862 7.17727 8.5051 2.82285 8.79307 5.09165 8.12357 7.47857 8.00499 5.36576 7.92143 3.38051 2.93498 4.95123 9.18594 2.36313 8.21399 6.89356 1.40862 6.91622 7.0585 4.34834 3.10624 8.65729 2.97086 1.89631 2.28706 2.72887 2.84685 3.74518 7.36955 2.30154 4.00957 7.29494 7.15237 3.14017 3.56525 2.75949 7.81009 7.95442 6.62575 6.99389 4.89378 6.25827 2.15467 4.65796 6.17825 2.04083 8.74384 5.99025 8.18922 6.62719 2.35915 4.84494 3.32041 4.00428 9.201 3.54808 7.72228 7.82152 7.39227 7.69252 5.93146 6.41361 4.70552 8.58528 9.85049 6.69688 9.43673 6.59844 7.2876 5.70832 1.72767 5.26956 8.10619 7.98887 8.98992 3.15577 1.12155 2.98096 2.89878 1.35866 6.38208 2.38805 4.34098 5.87506 4.63689 1.70654 9.23329 8.8663 5.39303 5.74118 1.65189 7.82866 8.25171 1.88653 6.14314 3.87561 3.59098 1.5295 3.63417 3.93053 3.48311 5.05996 6.77711 8.2935 2.13366 7.80916 2.22969 4.37154 6.84789 1.66748 5.28353 1.53797 5.6547 5.32749 2.39458 4.01989 4.11204 6.33243 6.4097 6.0905 8.99358 3.68033 4.88938 4.22374 7.24951 3.79897 0.899135 6.92992 7.36608 4.10811 7.87709 3.42402 
4.88876 2.56336 5.98329 3.62511 3.87702 1.37898 5.31235 4.32037 5.21757 8.50256 0 6.53848 9.49496 9.06764 6.96338 5.37588 3.53985 8.4553 4.65378 5.67108 1.14449 7.27324 5.3277 8.62169 7.69111 7.36471 5.27206 7.49672 5.6752 1.84326 4.8715 3.52791 9.00364 9.41253 5.9566 3.49081 1.82228 5.92774 5.709 8.02359 5.46093 6.51242 8.12909 10.1806 8.93416 5.0714 1.30588 7.52779 7.64644 7.42855 4.77946 6.44744 5.36698 8.56354 1.91483 3.67968 10.3816 5.95461 5.47268 0.818487 5.15421 1.03173 5.68945 11.154 9.431 8.68931 2.12803 1.42404 2.0144 4.96263 9.76746 3.59651 8.98228 7.71172 2.60033 5.0491 3.34666 1.70379 6.9726 10.1628 6.44095 2.84285 8.85927 1.09954 5.36008 7.64324 4.68762 2.09673 4.77236 6.21858 0.249017 10.0916 6.91606 10.3678 8.38024 10.9237 4.81691 1.16874 7.06567 4.61667 1.91025 6.81529 9.70929 9.67265 8.32662 6.2485 2.24536 1.90298 1.51409 4.00021 2.91972 6.88268 6.03129 4.18542 6.64707 6.68922 2.51338 1.88029 3.64542 8.74873 4.32854 10.5813 6.9357 2.00332 7.62001 2.18487 2.05829 2.13326 4.62471 2.5996 7.95403 6.08668 7.67787 1.34836 1.98548 8.6845 7.07896 3.02314 7.3587 6.77842 3.24445 1.57673 0.986255 1.89859 7.10831 7.42816 10.3202 7.81223 9.47835 8.25609 8.95886 6.0098 3.1754 9.26193 9.55108 1.74234 0.575374 4.59413 5.73624 8.94731 7.35096 1.49991 9.30605 3.5268 8.34853 5.8342 7.16109 9.04419 10.3583 8.55085 5.43207 3.29355 2.38468 7.84367 2.10823 6.2799 4.15192 3.6321 7.84869 9.06691 6.96839 3.61975 3.78574 10.3713 4.50211 4.87341 5.9428 2.11634 6.66805 8.81272 5.39983 3.63571 7.41607 4.13389 11.2191 9.08911 5.1918 2.90776 4.4354 6.42358 9.80477 
5.79814 5.5512 1.15276 2.91649 6.72134 5.42158 1.35334 7.26217 1.3677 1.9999 6.53848 0 5.36128 2.52916 1.81737 1.31325 4.74029 7.85285 7.22752 2.59917 5.39951 7.14765 5.42961 3.02175 3.79652 4.49785 1.27063 3.87688 1.35532 5.98292 3.39676 5.64286 2.6587 4.59697 1.1549 4.6486 8.35095 4.66445 4.35759 1.50462 4.43656 7.78078 4.70252 3.90343 4.62644 2.22509 7.73322 6.9887 1.99531 4.10764 2.31377 6.96321 7.15097 2.70665 7.5461 3.68032 4.22419 0.584634 1.06884 7.02908 1.44262 7.16971 2.70101 5.0657 2.92258 5.83542 5.38837 5.11623 5.35256 7.18573 4.15336 7.20885 5.39912 7.49108 5.50344 6.73985 3.54251 5.9227 3.00876 4.42012 3.63519 7.46875 3.35952 6.21609 5.76698 1.26785 5.61973 5.05991 2.85011 2.18797 6.70339 4.40709 0.685012 4.14067 3.3173 4.71731 1.74748 5.42527 1.34275 2.23608 5.29572 6.39929 4.32337 4.58556 3.30716 6.8388 6.19455 4.64781 5.04031 3.19243 4.27046 0.971004 3.80038 4.325 1.08309 7.77537 4.0366 6.19357 5.08196 3.28893 2.90996 4.85391 3.58293 7.37986 3.53089 5.9507 6.03475 5.39804 6.35481 3.95038 6.10411 3.2653 7.87821 7.88653 4.70152 8.85349 5.98551 5.63957 4.6477 0.495356 3.29481 6.10673 5.99439 7.16765 2.87762 1.09261 4.52407 2.46665 3.1853 6.17763 3.43557 2.85799 3.88661 5.1662 3.40115 7.38202 6.88331 3.56927 4.76695 2.9949 7.14019 6.25197 3.35063 4.53274 4.17142 2.51489 0.690535 4.32948 5.14466 3.97079 3.42185 4.83669 6.55046 2.50505 6.02887 0.308739 2.38915 4.94275 2.1504 5.58208 0.495517 3.693 3.66295 4.20411 2.12874 2.58475 5.39822 4.47233 5.40071 8.51666 2.32954 2.97624 4.01532 5.82093 5.43222 2.73484 5.75837 5.69953 2.24275 6.94248 4.55488 
5.52729 9.81174 4.68223 6.82684 7.14243 9.00335 6.283 7.35685 5.58009 4.76748 9.49496 5.36128 0 5.27984 3.58187 6.29151 6.0749 4.55147 7.06077 7.89856 8.49998 4.72794 4.86346 2.69688 9.05162 9.84147 5.74591 2.01676 6.58073 9.90671 4.63354 6.53466 4.11591 1.08138 6.46258 6.08961 10.959 3.82831 3.92318 5.43567 9.6679 6.17521 9.95924 3.99683 0.735791 4.83995 10.229 4.29604 3.42695 9.42846 5.14272 5.2676 6.40394 3.14724 9.41727 8.31152 3.68586 5.51878 5.67164 9.54484 5.5755 10.4537 3.96575 3.76989 4.88677 1.66551 9.43731 8.37673 7.55031 6.77059 2.38987 7.84232 0.778896 4.75062 9.78077 6.23518 6.30138 9.78123 2.73783 2.66947 8.99473 8.66851 2.41757 9.76929 5.08733 5.8504 5.56717 9.03921 4.86268 3.73698 9.53144 2.5425 5.85462 3.88505 2.10573 4.00463 6.27602 8.38343 6.52598 5.44417 9.21048 4.31255 1.97222 1.46093 2.09741 5.30839 7.85738 8.09205 8.15688 5.62377 8.57635 6.20403 3.473 9.22951 4.32055 6.01711 7.38883 10.1208 6.12303 2.41006 7.74382 2.73579 2.58017 9.15165 2.04064 7.72772 7.87077 9.45053 6.21642 7.58756 2.82323 8.611 5.28272 10.6666 8.41007 5.74731 3.62671 6.92178 9.99636 4.87717 7.03729 9.89944 9.47408 8.98079 2.71922 4.52837 2.80909 7.46787 3.95172 2.57658 2.41131 8.20157 8.24518 0.235521 3.55474 9.33569 10.0301 8.59848 4.07003 3.18733 4.6466 9.99902 3.11968 6.02709 1.2693 3.90297 5.5401 1.13332 1.75006 1.39235 8.67501 9.40589 8.05279 2.89096 7.83263 5.27961 6.49464 9.64595 3.33028 0.877904 5.01464 8.29163 5.73186 3.71059 5.81885 4.86419 4.25959 7.58612 3.53171 5.16085 4.41735 6.39729 2.07934 6.17592 3.11683 4.14204 5.23094 7.04577 5.76996 5.26584 1.72775 
7.76365 7.94647 3.30456 5.44493 8.92957 7.93521 3.816 9.42417 3.8723 0.715867 9.06764 2.52916 5.27984 0 2.95668 3.76181 7.01616 8.98524 9.32516 4.4589 7.92831 8.5595 7.2664 2.61179 4.48049 5.48166 3.79742 4.69087 3.60987 8.44247 5.4528 7.88993 1.17008 4.23473 3.32673 6.94026 10.8794 6.28319 6.05201 1.08319 6.22312 9.50954 5.29918 1.98934 4.65857 4.45402 10.2569 8.28803 2.41306 5.00235 4.63795 8.60486 9.0919 2.16996 10.0235 6.04111 2.44342 3.11319 3.59612 9.54923 3.94215 9.68596 4.52871 3.22079 0.608294 6.3953 7.83973 7.64529 7.81556 9.21804 3.1505 9.48513 5.66604 8.81429 7.89559 8.71936 5.9996 8.39469 4.08113 3.1702 5.02425 9.85606 2.8638 8.7213 7.60942 1.60359 7.62865 7.53329 5.0371 3.82044 9.23172 3.23229 2.25555 2.26149 3.31698 2.75998 4.26563 7.95117 2.47672 4.64917 7.77343 7.85541 3.51557 3.98361 3.35494 8.52297 8.61277 7.17582 7.56813 5.55559 6.70373 2.43424 5.37231 6.4902 2.73131 9.45573 6.56393 8.64756 7.32014 2.88158 5.23859 3.50265 4.70086 9.84343 4.21093 8.37721 8.4725 7.84841 8.404 6.47789 7.07682 4.83902 9.28132 10.4157 7.21587 10.1189 7.2928 7.96759 5.6555 2.34458 5.82384 8.58498 8.50859 9.63174 3.85318 1.79994 3.17683 2.78999 1.49684 7.03124 2.86904 4.50706 6.32406 5.16922 1.91649 9.865 9.40833 5.69722 6.45627 2.09481 8.52509 8.73398 2.23255 6.82603 4.47983 4.30333 1.93944 4.15363 4.25428 4.05999 5.27096 7.15547 8.95652 2.79604 8.46192 2.79455 4.91754 7.19274 2.34558 5.85642 2.11868 6.06576 5.99843 2.41221 4.6231 4.79552 7.04588 6.99545 6.7927 9.66497 4.37774 5.4864 4.89729 7.95493 3.89074 1.15778 7.64549 8.04305 4.72163 8.58854 3.80609 
4.8251 6.61464 1.17671 3.64103 6.08086 6.11168 2.73219 6.54168 2.12688 2.24101 6.96338 1.81737 3.58187 2.95668 0 2.7332 4.27143 6.24608 6.41413 4.31671 5.83938 5.6855 4.31174 1.67447 5.60138 6.31381 2.24804 2.08987 2.99978 6.87429 2.60717 5.09055 2.29474 2.92915 2.88327 4.21577 8.68202 3.33391 3.09562 2.44594 6.09762 6.56015 6.51007 3.30584 2.84671 1.89977 7.99406 5.45789 0.711719 5.92476 2.1843 5.66585 6.14219 1.60919 7.52981 4.91665 3.44397 1.9388 2.13914 7.27063 2.145 7.77444 1.62688 4.19344 2.99294 4.03687 6.32942 5.62235 5.34731 6.28621 2.85598 6.681 3.58242 5.97852 6.57512 5.77773 3.63131 6.77762 1.26625 3.22586 5.42665 7.17445 1.94966 6.92232 4.65426 2.63426 4.70288 5.95105 2.3358 0.906199 7.07458 3.16802 2.40088 3.45745 1.65608 3.99087 2.81603 5.79488 3.0944 2.36674 6.15983 4.95945 2.88671 3.01529 1.62698 5.57653 6.01265 5.2242 5.46695 3.02811 5.32202 2.73887 2.42101 5.75371 0.74374 6.51325 4.51841 7.09274 4.52859 1.84734 4.26332 3.65654 1.88816 7.31402 1.71666 5.80073 5.91693 6.34135 5.48335 4.5895 4.41143 5.03342 6.41631 8.27956 5.42641 7.31975 4.44749 5.24932 6.46222 1.36737 3.94562 6.93277 6.65503 7.10859 1.0929 1.31727 3.37464 4.15891 2.66008 4.44668 2.04616 4.62393 4.9562 3.37683 2.63745 7.39307 7.41262 5.07426 3.50117 1.99749 5.66113 7.05878 2.34814 4.10842 2.36269 1.40324 2.16339 2.6185 3.65389 2.2083 5.09823 6.06295 6.32476 0.92192 5.89642 1.70222 3.19686 6.25269 0.90296 3.76488 1.57178 4.90849 3.38552 3.43697 2.5972 2.15386 4.09769 4.85743 3.90656 6.92274 1.64067 3.38907 2.24894 5.07646 4.28941 2.37964 4.69422 5.34209 2.61131 5.64863 3.05677 
5.51489 4.23929 1.61565 1.78205 6.14613 4.18438 0.0707288 6.72237 0.880843 3.2943 5.37588 1.31325 6.29151 3.76181 2.7332 0 4.16627 8.10065 6.75619 1.68762 4.25811 7.24308 5.28591 4.20665 3.50778 3.92974 0.650255 4.55552 0.483145 4.68922 3.22838 5.06064 3.97178 5.65629 0.664185 4.05804 7.19801 4.7595 4.42096 2.68699 3.3776 7.62036 4.34278 5.21626 5.56099 2.06958 6.61734 7.1657 3.13286 3.64151 1.97094 6.90056 6.83257 3.94259 6.56477 2.3689 5.53114 0.840744 0.638981 5.93432 0.936281 5.93524 2.89589 6.37028 4.20477 6.48022 4.09017 3.95519 4.44076 6.78058 5.37662 6.53903 6.19675 7.63215 4.19121 6.40089 2.72756 4.63624 3.67607 5.67243 2.91062 6.6442 4.53344 4.96263 5.59814 2.26941 5.30369 3.7738 2.60764 2.68275 5.55933 5.64883 1.54411 5.45198 4.37312 6.02876 0.61335 4.31456 1.75831 1.72192 4.01297 6.49821 5.50359 5.70783 4.34994 6.7485 5.34688 3.47298 3.91706 2.61367 2.96404 1.51963 4.02391 3.06819 2.03534 7.65291 2.93627 4.89735 4.53846 4.44993 1.61197 6.10996 4.13647 6.42856 4.31371 5.09458 5.15614 4.09942 5.96353 2.77854 6.52193 2.46364 7.95219 6.71559 3.46801 8.98763 6.20743 4.94897 4.04963 1.73065 2.16248 4.8248 4.75723 6.21819 3.61884 2.38987 5.78692 2.73949 4.49758 6.65671 4.61813 2.0721 2.58076 6.07748 4.70265 6.39041 5.67654 2.35174 4.79692 4.25939 7.25419 4.97304 4.6226 3.94717 5.04053 2.78989 1.82285 5.35141 6.31027 4.93619 2.39713 3.52813 5.7149 3.58295 5.15904 1.1754 1.28337 3.64886 3.31543 6.3663 1.80681 2.38038 3.0811 5.51175 1.37959 2.36338 5.41379 3.39546 5.60304 8.73331 2.38727 2.03216 4.64438 5.36386 6.70386 4.04808 5.55018 4.98427 1.53029 6.87733 5.71236 
1.68871 4.76159 3.72635 2.82646 1.99267 3.49936 4.09807 2.55861 3.46944 6.32969 3.53985 4.74029 6.0749 7.01616 4.27143 4.16627 0 5.16726 2.59734 5.44965 2.75869 4.03004 1.89815 5.74617 7.55335 7.71524 3.66188 4.14425 4.63905 4.50193 1.69284 0.905756 6.55518 6.1566 4.82095 0.118271 4.88543 2.39001 2.19034 6.16458 6.35448 3.78943 8.29536 7.55816 5.58666 2.56792 4.15496 4.18776 4.97832 7.55309 2.4283 3.34715 2.8029 5.82569 3.39993 4.25484 7.64331 4.2384 3.82779 3.47985 3.3904 4.55711 2.68224 8.31415 7.19078 5.15599 4.25222 2.78098 1.52718 2.65966 6.76805 2.47667 5.5025 4.47851 4.75662 2.36771 1.55772 4.34323 3.81874 7.19077 6.6372 2.90531 5.90627 4.09863 2.03844 6.00813 1.44661 3.89037 1.98156 3.377 3.53035 7.09721 5.35854 7.68667 5.3198 8.18755 3.58883 2.57739 5.82806 2.53123 3.95041 3.44199 6.61916 6.47875 5.25839 3.15291 1.82665 2.74873 2.51524 1.57177 3.96029 5.50639 2.61739 5.26282 4.28893 3.88975 2.30833 4.6811 0.378962 5.79292 4.3 7.57115 3.60998 3.15197 4.36941 1.66541 1.80491 4.26576 1.88764 2.68805 4.42789 6.17317 4.58712 4.61219 3.19684 5.66231 3.59306 0.97899 7.78878 4.72559 2.65142 4.38559 3.79974 2.96235 4.00886 5.21665 7.36302 6.89012 6.93049 4.7235 6.00368 5.88405 3.84167 5.84785 6.87746 3.29648 4.10722 5.10621 2.19648 6.21084 4.08838 4.43311 6.5293 0.219472 5.02426 2.89109 5.42864 5.79156 7.15682 5.3107 5.74338 4.84884 2.09166 4.98822 1.77004 4.43156 3.06277 5.21542 5.15732 5.57204 4.98727 4.19634 1.09437 7.64125 2.79073 2.22093 2.45233 2.16095 3.14149 5.63813 2.66243 2.28643 4.02578 1.24491 8.19856 6.64127 1.90002 1.07799 2.64236 3.32143 6.65582 
3.57956 9.92361 6.74369 7.54914 4.78608 8.65684 8.05419 4.61652 7.21982 8.31338 8.4553 7.85285 4.55147 8.98524 6.24608 8.10065 5.16726 0 4.2228 9.74653 7.88148 1.18368 3.27592 6.51545 11.5447 12.0291 7.45118 4.29445 8.55358 9.65844 4.9763 4.93116 7.9637 5.4749 8.59111 5.26281 9.2839 3.36114 3.70512 8.6814 11.1075 2.45335 12.4174 8.27757 4.75655 6.03877 8.60874 0.99185 6.60727 11.7357 6.19258 2.0508 3.36937 6.89895 7.46883 9.15864 8.06233 7.65796 7.50629 8.10859 7.16609 9.48226 5.23145 8.28445 8.78867 2.90191 9.4183 7.93836 6.53262 3.84936 6.75953 5.36696 3.80815 0.762135 9.91661 3.53121 6.41091 9.49738 4.98798 7.11562 10.9916 6.37978 6.39101 9.19919 3.14314 8.87043 3.7977 9.05164 5.57805 5.66507 8.36949 6.98586 8.52343 8.23205 5.77595 8.46077 7.73586 7.68161 9.19545 6.50188 9.11747 1.73981 6.37465 5.91217 5.72376 2.23958 6.2533 7.91144 7.67128 5.95909 9.02603 8.82339 4.09346 10.1962 6.84325 2.22985 7.40606 9.83015 4.92495 6.32188 8.95407 7.25523 4.35952 7.19386 4.77525 6.27532 6.40849 9.43189 3.87338 7.76052 1.92143 10.5306 1.06149 9.19909 8.35445 1.20024 1.89356 5.43545 12.1449 7.51584 7.52896 9.52559 8.90872 7.10785 5.19121 7.55912 7.27527 10.316 8.00904 2.0422 6.43846 10.1575 8.83774 4.4808 7.69447 7.47856 9.02727 9.85249 3.37385 7.12662 1.10437 9.55928 7.22378 5.29098 4.65245 5.37853 8.36025 5.30143 6.30072 5.13489 10.2967 9.93442 6.23419 6.1892 6.3587 7.61513 7.52794 10.2827 6.64642 3.67679 7.76343 9.11006 5.69541 8.0813 6.93911 5.78439 2.83487 7.3209 2.49763 0.680244 5.71831 6.96179 4.0898 4.32152 7.66798 8.02153 3.29902 5.54836 6.8082 2.07182 6.18845 
1.63853 6.71452 6.13836 5.38231 0.80517 5.29977 6.68872 0.394805 6.0247 8.61539 4.65378 7.22752 7.06077 9.32516 6.41413 6.75619 2.59734 4.2228 0 8.03118 4.46262 3.10101 2.27305 7.61219 10.1464 10.2728 6.22841 5.5293 7.23187 6.22584 3.88401 1.74176 8.68725 7.50646 7.40587 2.71011 5.13826 3.39459 3.47571 8.57591 8.79838 1.92628 10.8752 9.52428 6.80606 5.00403 4.5081 3.49704 7.07324 10.1308 4.93068 2.21435 0.853489 7.80393 3.31329 6.67231 9.51385 6.76534 6.38349 4.12217 5.94687 5.61979 4.8007 10.062 9.407 5.65386 6.184 4.64883 3.13413 0.373441 8.43347 1.16941 6.32943 3.46672 6.72623 0.833464 4.132 6.06057 5.58641 8.86074 9.19828 2.17931 7.68355 5.60576 1.9933 8.48706 1.7181 5.90027 4.38014 5.51797 4.50544 8.74767 7.87506 9.60178 7.02726 10.0346 6.18479 4.24 8.38471 5.08436 5.87444 2.9968 8.18427 7.9063 6.96229 2.05736 2.44218 4.83874 4.4047 4.14547 6.23085 8.05039 4.16597 7.62181 6.61486 2.13059 4.64637 6.34795 2.22066 7.57617 6.83147 9.17582 5.13809 3.05024 5.91659 2.581 2.66962 6.19581 0.937422 5.03189 4.55061 8.7388 3.26086 5.12599 5.28322 4.15156 3.57806 2.04738 10.3379 7.14077 5.15811 6.02338 5.35615 3.00335 5.81765 7.54357 9.03924 9.466 8.98018 4.88192 7.77122 8.46418 6.20199 6.87227 8.83981 3.35404 5.18726 7.58271 3.15603 8.16397 3.19945 6.00893 8.42886 2.81666 6.35374 5.02671 7.90378 7.17882 8.52519 6.76556 8.27333 7.04384 2.27041 6.93628 2.62356 6.92101 5.65476 7.42604 7.22121 6.31958 7.41166 6.60922 3.67511 9.5188 5.37717 4.64403 2.81129 4.33677 3.53264 4.40488 4.97561 4.86928 5.34018 1.40814 9.75803 8.76925 1.87308 2.08977 5.22716 2.19845 8.13783 
6.95993 3.79805 3.27272 2.66077 7.34377 4.31439 1.72112 7.93686 2.55193 4.22581 5.67108 2.59917 7.89856 4.4589 4.31671 1.68762 5.44965 9.74653 8.03118 0 4.69515 8.84667 6.8141 5.61763 2.14805 2.30839 2.32872 6.228 1.32113 4.45691 4.80779 6.29209 5.03748 7.18574 1.44944 5.33331 7.43643 6.38982 6.04732 3.4281 1.84917 9.10027 2.84572 6.24967 7.1634 3.70991 6.97568 8.79676 4.59178 2.10415 3.56049 8.44129 8.22454 5.28404 7.21005 2.0183 6.63264 2.38238 2.32346 6.37464 2.59653 5.95492 4.57368 7.47502 5.0179 8.16254 3.86813 4.36781 5.31665 8.10928 6.72825 7.62621 7.85087 9.24878 3.7429 7.7875 3.89954 4.46425 5.34489 6.96708 1.24664 7.53547 5.9565 4.95603 7.10685 2.86563 6.73373 3.68588 4.18911 4.36386 5.89566 6.96547 2.35264 6.51026 5.90092 7.07264 2.01839 4.82398 1.98311 3.26539 3.9225 8.10956 6.91683 7.18452 5.88642 8.27776 6.261 3.90163 4.4337 4.01256 2.79418 2.07114 5.69227 2.09132 3.58083 9.15372 3.6326 4.62829 5.82843 5.88754 1.36289 7.39281 5.82116 7.13236 5.96278 6.01031 6.03608 3.87235 7.32291 3.32334 8.20362 0.784313 9.54212 6.92013 3.69495 10.5938 7.857 6.07696 2.4093 3.09371 2.94031 4.67003 4.83833 6.93388 5.27229 3.63965 7.05623 2.25955 5.56556 8.34279 6.03073 0.435005 2.49807 7.6922 5.85635 7.0239 5.81431 1.31515 6.40638 5.54222 8.86429 4.82734 5.88217 5.23362 6.66733 4.47524 2.73299 6.90552 7.74007 6.5207 0.839433 2.90435 6.62807 5.09097 6.05161 2.62644 2.39453 2.84339 4.74956 8.0244 3.04408 2.07187 4.43388 6.60798 2.84674 3.96718 7.00833 4.0777 7.25241 10.3678 4.0569 3.16404 6.32402 6.69096 7.94191 5.09846 7.03864 6.08328 2.99068 8.41716 7.15243 
4.31239 2.25617 4.84251 2.49203 3.65746 0.837229 4.19308 4.19421 4.07368 7.35906 1.14449 5.39951 8.49998 7.92831 5.83938 4.25811 2.75869 7.88148 4.46262 4.69515 0 6.71786 4.64333 7.50433 6.78113 6.56307 4.13133 6.48758 4.57901 1.80055 3.8677 3.01052 7.86024 8.35676 4.85571 2.68298 2.95177 5.08207 4.82839 6.88912 4.76018 6.1771 7.29605 9.04058 7.91073 3.95694 2.36086 6.91678 6.51625 6.57236 3.65932 5.95323 5.05039 7.43413 2.54104 2.78245 9.247 4.81517 4.33234 1.69852 4.00999 1.96758 4.62359 10.0249 8.28736 7.80661 1.72779 0.327355 1.37982 4.71277 8.65977 3.58675 8.02873 7.16538 2.27099 4.67526 2.25178 1.6355 5.91303 9.04998 5.57853 3.11119 7.74969 1.3415 4.73914 6.51982 4.08663 1.48812 3.70071 5.11815 1.30507 8.98193 5.79231 9.23004 7.28927 9.78791 3.68765 0.222723 5.97089 3.48295 1.42234 6.17875 8.6158 8.59994 7.23735 5.75283 2.06762 0.806057 0.372979 2.92263 2.09117 5.7726 5.06999 3.48381 5.50641 6.32796 1.3691 1.95616 2.95904 7.6401 3.33344 9.47206 5.9237 2.50487 6.57665 1.88883 1.82136 1.73906 4.20575 1.48176 7.16737 5.18839 7.20485 2.49151 1.04646 8.25432 6.35136 2.53298 6.57778 5.63434 2.10965 1.64547 1.04139 2.32596 6.03588 6.28368 9.20511 6.76564 8.33675 7.45281 7.84905 5.06329 2.25519 8.26525 8.41457 2.35266 1.57685 3.74117 4.91493 7.81638 6.78541 1.67937 8.17688 2.68946 7.32111 4.75462 6.0286 7.98977 9.28405 7.49649 4.56513 2.71483 2.3566 6.72867 1.86214 5.13818 3.01707 3.09233 6.71909 8.1261 5.82581 2.71781 2.76854 9.2362 3.35811 3.77992 5.21099 0.982019 5.88536 8.30604 4.30185 2.49297 6.42339 3.62401 10.1093 7.94561 4.58258 2.44631 3.29329 5.9281 8.72177 
