200
13.7368 18.3572 1.33283 0
0.931433 10.1223 0.388189 0
3.74474 12.4601 0.695512 0
16.7161 22.1188 2.36001 0
5.77252 20.6717 2.14201 0
2.44806 11.4392 0.985786 0
2.98427 16.903 0.674349 0
2.15399 19.1716 1.79294 0
16.4232 23.913 14.6083 0
9.79563 21.2211 1.12074 0
6.05561 11.9954 1.8457 0
7.96093 8.33795 7.17732 0
3.21123 8.36153 15.2024 0
16.6509 20.1839 0.340585 0
17.8153 21.6185 4.70933 1
5.89406 6.14806 0.964854 0
7.72894 23.9065 1.33099 0
2.71461 17.4834 1.84432 1
6.27224 11.5988 0.817226 0
9.57906 18.0772 2.02758 0
16.1871 16.6962 0.785972 0
9.65551 14.1044 1.55444 1
1.38845 10.4335 2.19424 0
17.0027 22.917 1.95064 0
11.1151 14.0467 1.01812 0
7.26172 13.8289 1.45472 0
14.0715 18.4302 2.14081 0
17.2577 21.1995 0.667618 0
5.25736 21.1363 1.67554 0
5.89731 20.7933 2.13884 0
6.69384 15.9455 0.202387 1
17.9728 18.3369 0.629743 0
18.3403 22.136 2.06502 0
17.8401 20.5025 1.3278 0
18.8482 23.7605 1.71619 0
6.43951 11.2918 1.1797 0
13.1272 23.3993 2.17087 0
16.0755 17.1284 0.414919 0
16.2143 18.3445 0.212281 0
3.66618 18.602 0.30458 0
10.7708 12.6172 0.284395 0
18.2921 18.3724 1.837 0
12.237 12.4282 0.768098 0
13.5687 22.7467 1.09506 0
17.5843 23.8616 0.219374 0
8.12698 22.1089 1.09292 0
9.90707 20.2662 0.332976 0
10.907 22.9175 1.18189 0
11.2992 12.953 0.305172 0
9.3864 22.2203 1.75357 0
7.817 21.489 1.12153 0
3.07033 7.799 3.0923 0
9.5474 16.7892 0.584542 0
10.3648 18.0139 1.75246 0
17.0509 17.4096 0.381954 0
8.1397 23.8699 0.695285 1
4.914 16.4891 1.09502 0
7.83521 8.9966 0.905407 0
8.37305 13.1275 1.62268 1
17.041 18.5211 0.225258 0
1.92199 20.4131 1.41126 1
16.8525 21.2664 0.986194 0
4.86963 13.4374 1.76856 0
13.7374 22.6567 1.25993 1
10.2139 23.4989 2.04117 0
8.96326 20.496 1.89884 0
15.9511 22.6649 1.17985 0
18.5439 22.8874 0.455573 0
17.9523 21.2322 1.96124 1
14.2466 16.0722 0.881952 1
18.1504 23.1997 1.25742 0
17.2354 23.605 0.864157 0
5.26456 22.2062 1.69522 1
9.18696 16.8353 2.18425 1
0.950853 6.51588 16.2486 0
0.278347 16.0977 1.97339 0
14.4758 17.2512 0.216467 1
5.85951 14.4283 1.90279 0
7.13274 22.9098 1.82771 0
4.71548 23.9877 0.794836 0
3.40961 18.6361 0.461214 0
5.52445 19.9637 0.496061 0
14.4404 20.9496 1.29236 0
9.05789 9.62773 1.00602 0
2.81739 19.0038 1.07994 0
8.56969 9.91045 2.11137 0
2.64041 3.89579 0.287608 1
5.9195 6.24145 1.21744 0
15.2828 17.9229 1.05663 0
0.733177 20.7652 2.21346 0
18.3129 20.3258 16.7781 0
5.49859 15.3457 25.2033 1
14.4877 19.6473 11.7789 0
16.795 23.2089 0.461696 0
14.7546 23.7928 0.90222 1
17.4982 22.8099 27.7712 1
8.90925 14.081 0.843556 0
13.6308 17.6032 0.623283 0
16.0992 18.4657 11.6797 1
13.4323 19.8859 0.234026 1
6.14361 14.7348 1.91363 0
9.5156 10.929 0.385735 1
17.1219 17.4669 0.325912 1
8.68824 17.081 0.542991 0
17.7012 19.8497 1.01689 0
4.83153 10.8748 1.46155 0
10.7946 22.3657 1.33762 0
0.22781 6.86344 0.354824 0
18.3211 21.2095 17.9298 0
12.3343 15.7464 1.80386 1
1.02031 21.291 1.51972 1
9.63776 15.2457 0.59377 0
5.10893 12.381 0.285585 0
11.9199 18.2985 1.58995 0
14.4407 15.839 1.55944 0
2.03464 18.8711 1.68204 0
16.8966 21.0971 1.0376 0
10.9219 21.5883 15.5539 0
3.82158 16.0379 0.37155 0
2.13116 23.6734 0.584135 0
1.19704 19.9259 1.88853 1
15.719 20.5639 1.26862 0
1.49267 13.3722 1.25968 1
15.5682 17.6841 2.04719 1
1.79474 4.66955 1.42285 0
17.9964 22.239 1.82877 0
15.5748 16.1356 0.862909 0
15.2923 18.9258 1.11765 0
18.3468 22.6703 2.13882 0
14.891 20.7229 1.14049 0
4.13071 20.6611 1.64281 0
9.02264 9.85095 1.1329 0
1.10355 20.3555 0.208368 1
0.442106 8.32702 1.96793 0
4.81897 17.5747 1.02556 1
14.7949 18.6358 1.91285 1
18.2738 20.1312 1.27676 0
15.8471 17.5694 1.74166 0
11.4537 17.6962 1.93803 0
14.9126 23.561 12.416 0
2.63927 9.47063 2.23267 1
0.380991 3.622 0.49121 1
8.05157 22.6934 0.81596 0
8.14754 13.0299 1.56881 0
17.7253 21.6724 1.94827 1
8.63141 21.5092 1.88366 0
9.26248 19.9535 0.61159 0
1.0916 21.4624 1.14765 0
1.72898 21.2211 2.09266 0
12.8123 19.5392 28.1308 0
13.411 20.3772 0.319994 0
18.2307 20.4101 0.643163 0
6.40144 16.365 1.11872 1
6.03975 21.2999 0.378633 0
17.2593 20.592 22.6348 0
8.70898 9.15219 1.72383 0
15.7803 17.3341 0.706061 1
11.2711 20.2741 24.219 0
16.4996 18.8172 1.86213 0
14.1043 20.3372 1.28026 0
8.8916 12.2577 1.36977 0
6.05142 18.2229 0.592187 0
7.99654 19.1244 0.918156 0
10.6531 23.9844 0.452992 0
5.71627 8.31864 1.14456 0
8.3367 12.0731 1.44328 0
12.244 13.3442 1.96925 0
17.0381 23.3111 1.70182 0
0.149741 19.4622 0.94376 1
6.33308 7.78977 0.664379 0
0.640135 16.3615 0.463297 0
13.3239 15.2708 2.01144 0
6.0663 23.1991 1.07994 0
13.0964 14.3345 1.47559 0
3.96929 10.4251 0.253167 0
15.0957 22.5642 0.95384 1
2.86498 20.3235 1.95182 0
17.0962 21.5106 1.3748 0
2.25891 2.80424 22.2301 0
5.27395 13.1439 0.544716 0
14.3858 15.0877 1.76903 0
5.7179 13.7857 26.4707 0
2.56891 13.6827 1.97781 0
12.6415 19.4235 1.42679 0
8.72054 18.4604 0.521843 0
3.44746 21.4856 2.29852 0
14.0123 22.3121 1.03316 0
9.07537 11.9134 12.7778 0
7.76728 23.5169 1.76067 0
15.5747 17.8701 2.24196 0
12.6318 18.256 1.03014 0
7.1645 11.2848 1.84287 0
7.82692 11.3595 0.720039 1
16.7081 17.4328 1.77739 0
10.8821 23.6994 0.4391 1
11.3252 22.5865 1.24846 0
9.76939 14.5707 0.776961 0
14.9469 22.1582 1.92724 0
14.1895 20.9114 0.944161 0
7.79769 22.5671 1.96453 0
400 50 500
0.025 0.0125 10000 3000 15 1e+06 300000 8 12
0 19.1597 5.04633 24.0411 18.9583 24.8806 12.9031 18.9754 14.8425 20.7519 2.2202 14.4977 29.8337 1.04254 7.34926 24.0794 1.1158 18.5236 13.5869 24.2553 4.58075 26.9009 22.4699 4.90051 23.3537 21.5543 19.6996 25.1028 12.0383 13.7678 22.1838 18.2204 29.0295 4.26577 26.1206 11.6677 4.74788 14.503 14.4058 28.6246 6.34444 26.8382 6.83079 27.766 24.6526 26.7346 4.26433 20.3147 24.404 19.7078 26.039 18.236 16.2263 23.78 17.7366 27.0909 17.5156 14.1825 14.9436 13.2213 23.1384 11.5845 6.68573 17.119 19.5076 24.2446 15.3013 23.9287 23.49 9.53227 18.5327 10.7932 9.11722 26.1993 4.94378 20.6404 23.6633 26.2214 11.8881 14.4443 25.9387 21.0698 16.3494 8.80641 20.8562 13.5868 9.27546 17.5303 22.5114 32.1385 18.8529 19.1984 14.5475 15.0571 4.16841 5.34459 14.9125 9.58636 11.5899 4.56813 29.8132 27.1411 17.505 8.79079 19.1952 15.225 15.7367 19.8888 3.81198 3.20761 14.8339 3.98025 19.549 11.0453 25.5862 24.1141 8.23712 23.5415 23.9248 20.8543 18.2246 16.9855 19.5856 11.0789 3.50422 26.7484 25.6724 8.05722 28.8709 17.4185 14.3034 21.5252 25.343 19.5383 25.2016 26.9477 7.6652 4.24893 12.6215 12.6929 14.1811 25.6424 19.9642 7.88698 5.85317 26.8557 11.4627 17.6703 3.29627 26.521 28.4894 14.9822 13.9723 11.5912 32.2448 19.7088 18.9992 19.7755 8.02233 7.76473 4.6499 27.0462 4.62109 28.6379 1.80215 19.6496 23.1944 26.742 21.1053 25.8111 21.4947 15.7182 24.6236 4.35378 19.0664 12.0748 24.7711 4.33445 26.8627 26.2291 12.1386 16.1997 30.2267 26.9495 14.834 18.8902 26.3896 11.7043 13.9518 9.42599 14.7203 18.2902 24.0786 25.1615 15.4604 16.1345 24.8873 9.84408 23.9501 18.4901 3.36688 
19.1597 0 20.7012 18.8898 0.514644 16.3761 6.33589 12.2471 8.33831 1.61954 20.3737 4.66637 21.0711 18.4533 12.6192 10.1966 18.079 9.59584 12.7634 8.14115 21.8806 13.2822 4.98636 15.0966 13.7458 2.46156 19.7273 6.55751 7.16512 23.7554 9.24043 13.8526 17.2841 16.7657 10.931 24.462 16.6755 13.4143 10.1826 18.1364 17.5788 15.3823 20.1373 19.7852 15.8748 16.8973 20.6694 1.24904 16.8806 24.1729 8.85757 16.6565 8.58015 19.9433 19.2845 8.4327 27.613 8.23349 7.64046 6.22199 7.35223 8.19073 13.3561 12.09 3.64954 8.20719 24.011 6.75674 4.99292 22.5263 15.764 11.4003 12.6669 7.27845 15.2091 1.60918 8.86563 8.07536 15.5057 15.1947 7.24337 18.5649 9.64365 20.5304 24.6207 11.2724 20.1433 13.0782 22.4111 19.5401 8.3152 26.7905 5.09211 16.9778 21.2141 16.0007 19.0606 23.4908 24.4408 19.2839 18.0713 11.5624 21.73 15.5526 17.5385 15.6784 17.2824 21.3214 20.6845 16.7904 7.63509 18.4838 6.58824 22.6418 7.61512 18.8947 22.2835 5.11029 4.9782 26.3785 5.31071 5.62905 28.5936 8.33796 19.4234 9.06766 12.4838 16.9224 14.9085 27.2751 19.6074 2.37716 20.0537 6.31789 10.5532 12.9156 21.1545 15.894 7.78624 15.3867 18.5188 11.6504 11.172 21.2833 20.7232 17.122 10.8755 15.9529 21.727 8.29792 14.5066 13.0326 7.70339 11.5821 19.1974 13.3903 0.438848 12.9582 15.675 18.7326 15.7688 20.2116 15.6907 15.345 17.3979 17.0174 17.0685 8.81061 25.6122 7.50521 12.5202 22.3217 20.4787 15.1186 17.8453 11.9213 12.8038 20.1543 8.00697 15.6256 12.028 3.06081 15.3629 10.52 15.8615 10.7775 7.33817 21.538 5.2419 23.5259 5.79728 8.43237 5.7003 9.75834 22.656 23.7773 7.61382 9.63635 20.673 21.4309 19.3471 
5.04633 20.7012 0 21.1848 20.6191 22.7455 14.9757 17.3023 18.2208 22.3189 6.8754 16.2676 27.339 4.52189 10.9145 23.4409 5.60527 17.5667 11.8116 26.9709 8.99431 25.8988 24.7339 5.78279 21.6804 22.9024 16.1439 25.9035 13.6657 8.83907 21.5512 16.0665 27.3433 9.02004 25.6415 6.62472 4.03537 12.4407 13.4737 26.6433 11.317 25.2572 11.842 25.2356 22.6108 24.7476 0.851129 21.9351 22.079 15.2285 28.5459 15.3171 15.6337 20.6457 14.0956 27.8594 12.4799 17.4921 18.1564 15.4984 25.8665 14.3121 7.36679 15.4349 21.8675 26.9781 10.4501 24.2725 24.3683 4.50001 15.8748 10.1873 8.50196 27.1934 9.16072 22.2872 23.3283 28.404 9.19771 11.7885 27.858 17.9362 15.4181 4.12682 16.4176 17.5738 4.76057 15.5671 18.6811 30.4788 18.2526 14.3039 15.6709 11.8534 8.79318 4.70143 11.0964 4.56479 6.54774 1.41928 28.0695 26.6943 13.2731 13.5031 16.1271 12.425 12.478 15.9917 1.36848 4.51638 14.7478 9.01818 22.5198 6.07866 27.8203 21.2662 3.19135 24.3863 25.0347 16.1433 20.9893 17.2214 14.5717 12.3834 1.76159 29.1165 24.6681 12.9604 27.8081 12.3931 10.2919 22.9512 22.3911 22.4559 24.653 26.0583 2.71199 5.0535 15.5342 10.0045 10.4706 24.8634 18.6365 2.92222 0.873437 24.8317 15.245 14.9024 7.31587 28.6781 27.4608 13.0302 14.0659 15.5709 30.704 17.771 20.6432 17.9578 5.96135 3.88497 5.04462 24.3039 5.14788 27.4021 5.96763 16.7557 20.6679 27.1574 16.53 27.9186 19.9329 11.1916 21.4776 6.15495 15.9086 16.1575 23.5361 9.26913 28.6864 24.4847 16.2468 18.0386 29.3411 29.6992 11.9676 17.6166 27.509 6.98774 15.5324 4.41983 15.3919 21.6817 24.8617 28.0892 10.8453 11.386 27.3252 12.5704 20.6726 14.422 8.38889 
24.0411 18.8898 21.1848 0 19.3117 4.00024 19.4796 6.96659 24.7069 19.5696 26.2347 18.6987 6.36721 23.0013 22.8527 10.955 23.5788 9.42881 10.802 26.7464 28.5788 10.4585 23.5153 19.5327 5.92575 18.9389 5.93771 18.0673 18.1828 16.2563 10.5029 6.343 8.62438 25.1853 12.5535 19.1962 19.2963 9.7349 11.4045 7.05781 27.4618 7.65869 29.5071 4.32624 4.38789 5.68467 21.8462 19.6277 2.87952 10.9063 26.8385 5.87717 11.308 1.58296 7.75719 18.9979 17.6996 24.141 24.0733 20.1645 26.1205 21.2939 18.2665 8.10003 22.4771 26.8293 15.0537 15.4129 17.6594 18.9473 5.5185 14.2832 15.5068 19.5652 23.9095 19.8697 12.2143 25.3318 12.2005 9.60395 23.8604 3.43669 10.3471 17.66 10.382 26.7071 16.9081 7.24059 5.93735 11.2273 10.5958 14.8988 16.6511 9.34063 28.0809 18.7079 10.6013 20.0256 19.2463 20.4359 8.97735 13.2367 10.257 27.4405 5.08419 8.8536 8.74419 7.31837 22.265 20.9048 13.1549 26.5052 25.2358 17.6285 25.1873 0.0898206 19.906 17.5298 18.9195 12.7657 23.6492 13.6957 17.1266 17.5006 21.4222 26.6017 9.84295 28.0908 11.3528 17.3083 11.6236 19.2688 1.3688 24.9846 11.8035 11.0216 19.267 19.9627 22.1338 11.3818 11.0024 10.9048 7.72163 19.1885 20.4905 5.59221 24.842 6.37764 27.3056 25.3962 11.2665 9.40051 13.8921 25.6751 11.7888 5.77042 19.2565 6.10024 16.0303 17.3009 19.5196 3.14247 19.5836 10.3933 23.2462 4.43739 1.84912 17.1175 11.4794 24.7038 6.4699 12.7048 1.68564 20.4343 5.35967 26.3437 8.37545 27.7889 23.9645 6.54171 26.4869 19.2362 13.1004 28.695 9.27913 8.25738 20.271 15.8555 18.0479 20.2267 15.2864 26.5115 17.4904 28.4118 13.3266 13.9482 25.7601 21.0393 2.3766 8.91572 26.6558 
18.9583 0.514644 20.6191 19.3117 0 16.8431 6.08535 12.6266 7.85306 1.80453 20.1281 4.46541 21.5608 18.2717 12.3228 10.7069 17.8708 9.98339 12.9594 7.84616 21.5964 13.7961 4.74986 14.9759 14.2142 2.80766 20.042 6.97343 7.01679 23.8648 9.73294 14.1951 17.7936 16.4755 11.4444 24.5035 16.5872 13.6424 10.4011 18.6372 17.2318 15.8855 19.7861 20.2605 16.3433 17.3868 20.5664 1.35656 17.3335 24.4251 8.66926 16.9711 8.87527 20.3466 19.556 8.81913 27.7525 7.76637 7.15876 5.91846 7.01599 7.86373 13.2601 12.4126 3.18545 7.90765 24.1562 7.2564 5.43237 22.5415 16.0961 11.4624 12.677 7.62609 14.9294 1.68759 9.37903 7.99604 15.643 15.4135 7.25798 18.9268 9.94638 20.5511 24.8932 10.797 20.1804 13.4068 22.7539 20.0546 8.72418 26.9876 5.09904 17.2019 20.9301 15.9229 19.2608 23.492 24.4806 19.2003 18.5818 12.0717 21.9642 15.1585 17.8678 15.9177 17.5228 21.6193 20.5689 16.6486 7.83977 18.1882 6.09881 22.6961 7.50396 19.318 22.2671 5.55539 5.34005 26.6228 4.79885 5.94273 28.7676 8.23771 19.311 8.93727 12.9945 16.5401 15.4229 27.4184 19.7854 2.67019 20.486 5.82988 11.0677 13.4302 21.1377 15.7703 7.40159 15.55 18.7047 12.1641 11.5906 21.2709 20.6625 17.6111 10.4548 16.2597 21.4778 8.23307 15.0212 13.2782 7.84971 11.1491 19.712 13.7789 0.077084 13.3532 15.6863 18.7385 15.6589 20.6714 15.5773 15.8594 17.1872 17.3643 17.4958 9.26212 25.8748 7.44508 12.9633 22.5026 20.8919 14.965 18.1678 11.4737 13.3036 19.8556 8.0674 16.12 11.5783 2.7794 15.8726 10.2869 16.0879 11.1678 7.64732 21.6246 5.10484 23.522 5.91123 7.91984 6.14353 9.44239 22.8256 23.9474 7.41527 9.3562 21.0702 21.6935 19.0659 
24.8806 16.3761 22.7455 4.00024 16.8431 0 18.1617 6.06814 23.1051 16.8 26.9959 17.0824 5.22746 23.8422 22.4838 7.34128 24.26 7.71815 11.295 23.8585 29.2766 6.46929 20.6694 20.1021 2.6317 16.0143 9.22498 14.5737 17.1161 19.1147 7.33465 6.71325 5.04748 25.3565 8.69244 21.7939 20.2409 10.4314 10.9528 3.93069 27.4429 3.6988 29.6847 3.49274 0.514609 2.09339 23.3089 16.9332 1.14127 14.5463 23.7291 7.9343 10.0678 5.58061 10.6678 15.3139 21.0714 22.6244 22.4285 18.7672 23.341 20.187 18.5808 7.82355 20.0247 23.9484 18.1242 11.9719 14.3767 21.1913 7.06232 14.3688 15.8759 16.0094 23.9412 17.1293 8.71437 22.1018 13.548 10.9788 20.574 6.61748 9.35657 19.6547 14.1574 25.4126 18.9148 7.35122 9.86214 8.01856 8.49607 18.4847 15.1214 11.3477 28.7226 19.5716 13.1099 22.3167 21.8329 21.8 5.60078 9.30646 13.4863 26.9876 7.6061 10.4276 10.9003 10.8509 23.6724 21.6754 11.9944 26.8322 22.9194 20.075 22.0262 3.93931 21.9691 14.2338 15.6289 16.5342 21.4541 11.791 20.7211 16.7249 22.6836 23.3908 5.93252 27.8235 7.38557 20.6741 14.1562 16.3613 4.46812 22.6553 8.02905 7.04156 21.1825 20.6564 20.8372 12.745 13.3167 7.03669 5.82595 21.1416 22.1506 2.12547 23.8024 8.08287 28.1766 22.1344 7.28044 9.91283 12.8688 24.6497 8.43255 5.18282 16.7794 5.18251 17.1017 18.9437 20.2383 3.87704 20.2777 6.4573 23.832 6.69675 2.74995 13.3816 15.279 21.4845 4.12999 15.7402 5.56613 20.903 8.00481 25.2737 4.55048 28.2585 20.5748 2.57803 25.4147 17.2765 9.15071 25.6035 10.9052 6.75311 16.7294 18.3045 16.5701 22.4968 13.834 24.4639 14.1125 25.5227 16.3509 17.1197 22.7243 20.2643 6.37547 12.2557 27.1391 
12.9031 6.33589 14.9757 19.4796 6.08535 18.1617 0 12.5529 5.35476 7.88913 14.0437 1.74247 23.3328 12.2566 6.33035 13.9941 11.8072 10.4452 10.2279 12.0682 15.556 17.2048 9.76963 9.20845 15.7524 8.78502 18.3531 12.6687 1.68027 19.5902 12.393 13.3468 20.5961 10.453 15.4807 19.6286 10.9637 11.2385 8.35656 20.9473 11.4517 18.4314 14.0148 21.6358 17.733 19.3292 14.8198 7.43913 18.2798 21.7101 13.5738 15.4632 8.21173 20.1019 17.2847 14.6217 23.6918 4.7137 4.81321 0.763675 10.9834 2.21698 7.67077 11.4696 6.89356 12.0845 20.2261 12.1213 11.0437 17.4957 14.9162 7.38233 7.95099 13.5645 8.88397 7.7548 13.0347 13.4748 11.9778 12.7234 13.0688 18.0329 9.13338 15.5851 22.4271 7.26706 15.3545 12.4311 21.3734 23.3394 9.79697 23.5476 3.1097 14.4494 14.8896 10.374 16.1036 18.33 19.5922 13.5648 21.4277 16.347 19.1048 9.80604 16.5205 13.4486 14.9565 19.6175 14.7655 10.7672 6.32644 12.178 7.97001 17.9558 12.8725 19.5133 17 11.1275 11.2587 23.7473 6.27354 6.60336 25.0409 3.04972 13.5315 14.1451 16.1324 11.0396 19.0939 23.4018 16.3489 8.7125 20.8109 7.84035 14.7932 17.0153 15.8853 9.97608 2.67912 12.1813 15.4069 15.6374 12.3382 16.047 15.138 19.5259 5.7389 14.689 15.3948 13.7595 18.6797 11.1446 5.61463 6.58006 23.1747 13.731 6.13174 13.4611 10.7933 13.7001 9.93443 21.6167 9.83639 19.2441 11.121 16.3219 17.8745 14.666 23.2523 13.0187 14.0352 18.9988 20.8119 9.05345 16.698 7.15888 15.87 13.8519 13.9729 18.2995 7.29676 3.30841 19.9849 14.7892 13.4407 11.475 13.6651 17.1925 1.70338 18.3241 4.32887 8.00983 11.705 13.3091 19.1878 20.2838 12.3497 3.32724 20.6798 19.2077 13.0208 
18.9754 12.2471 17.3023 6.96659 12.6266 6.06814 12.5529 0 17.7456 13.1439 21.0487 11.7322 11.2618 17.9456 16.4512 7.15252 18.3009 2.6602 5.51721 20.3103 23.2996 8.84291 17.0836 14.1361 4.40895 12.7141 7.91966 12.9222 11.3303 15.4236 5.64834 2.07296 10.104 19.2928 9.39419 17.5459 14.4338 4.89504 4.88767 9.65979 21.3764 7.96811 23.6186 9.35233 5.76246 7.78228 17.779 13.125 5.89119 13.0705 20.6673 5.02912 4.35025 7.7903 8.1678 14.3483 18.3231 17.1884 17.1086 13.2231 19.586 14.4407 12.5559 1.88044 15.7347 20.3849 14.8964 10.3505 12.0696 16.4871 3.92908 8.32833 9.89083 14.4934 17.8731 13.406 7.76587 19.3692 8.29547 6.06742 18.0289 6.35375 3.443 14.7182 13.203 19.8071 14.0238 1.92709 10.2843 13.2364 4.02384 16.478 9.68566 7.19395 22.7316 13.7336 9.4095 17.6307 17.567 16.2261 10.8664 10.4016 11.0811 20.984 5.63319 5.8764 7.06355 9.67198 18.096 15.7692 6.23159 20.7821 18.397 15.6853 19.1204 6.99337 17.0257 11.9745 13.2755 15.3102 16.7696 6.81354 18.6003 10.789 17.0239 20.5836 7.66209 21.7825 10.6474 17.9325 10.3521 13.0108 8.27399 18.1533 8.38411 9.12246 16.1059 14.7296 15.2214 7.58274 9.28456 8.15799 1.78009 16.1057 16.8039 7.91747 18.0292 4.55228 22.2635 19.485 10.3343 4.28358 7.02427 18.871 13.4192 1.19894 12.5787 0.925833 11.4391 13.6759 14.326 9.12629 14.3551 10.1454 17.8457 4.93174 5.32162 12.7941 14.2998 18.7378 2.63365 12.6484 8.41217 14.901 6.01612 19.5223 6.34521 22.2288 18.3266 7.2699 19.665 12.3088 12.2949 22.4724 6.32003 1.50969 15.1243 14.0135 11.0889 17.7788 8.32332 19.5775 12.11 21.9573 13.178 14.1795 19.5094 14.347 8.4773 10.3072 21.115 
14.8425 8.33831 18.2208 24.7069 7.85306 23.1051 5.35476 17.7456 0 9.2907 15.235 6.0398 28.1809 14.5297 7.51097 18.0483 13.7466 15.4651 15.5426 9.73324 16.0346 21.2482 8.84899 12.6076 20.5915 10.4857 23.6996 14.7044 6.92583 24.1707 16.712 18.6607 24.9962 11.165 19.1127 23.7377 14.4976 16.5731 13.7074 25.5707 10.9535 22.925 13.3173 26.5976 22.6494 24.0786 17.8509 8.83493 23.3287 26.8989 11.7164 20.818 13.3989 25.3934 22.5861 16.4162 28.3316 0.757981 0.713214 4.61252 8.64613 4.31979 11.5842 16.774 6.172 9.70185 24.9928 15.0836 13.2381 21.4937 20.2627 12.4925 12.7101 15.0829 9.96752 8.98307 16.8602 12.4065 17.0464 18.0099 12.6583 23.3744 14.377 19.7321 27.6636 2.98258 19.6403 17.7491 26.7262 27.5122 14.6144 28.4918 8.06489 19.7038 15.4037 14.0839 21.2422 22.1701 23.6893 16.901 25.8148 19.8202 24.2829 8.27811 21.8748 18.7565 20.2361 24.9369 17.6583 13.713 11.5789 12.6489 4.92291 22.2322 11.7244 24.7361 20.7548 13.371 12.9324 28.879 4.14248 11.3181 29.8414 8.1057 16.5559 12.5949 20.3068 9.76176 23.0034 28.0711 21.3965 10.2431 26.0194 4.98814 18.6135 20.9537 19.7017 13.2351 3.05577 17.3364 20.5162 19.6207 17.3396 19.8924 18.5917 24.2877 3.61414 20.0437 16.4486 12.7308 22.5928 16.4949 10.9327 3.94752 27.2435 18.938 7.92889 18.6345 15.2347 17.8535 13.3569 26.6965 13.2323 23.3253 13.0916 21.6663 23.0495 17.0755 28.4508 12.1662 18.9855 23.9776 26.0855 12.0756 22.0527 3.98934 20.315 14.1639 13.6925 22.9453 4.05507 6.04204 23.6058 12.319 18.7248 16.564 14.9206 21.7257 6.65948 22.1208 9.42231 3.47351 13.952 10.4176 24.1093 25.1769 10.7259 5.81504 25.9902 24.4629 13.6905 
20.7519 1.61954 22.3189 19.5696 1.80453 16.8 7.88913 13.1439 9.2907 0 21.9324 6.25429 21.2837 20.0559 14.1207 10.1788 19.6669 10.4856 14.1337 7.18932 23.3969 13.1053 3.95404 16.7155 14.1749 1.21144 20.8079 5.41433 8.77751 25.2387 9.5069 14.8686 17.2324 18.2746 10.575 26.0166 18.2941 14.7226 11.5234 18.2297 18.9954 15.4552 21.5444 20.1307 16.2899 17.1277 22.2889 0.476472 17.3964 25.4068 7.60317 17.7457 9.76826 20.7068 20.4809 7.16175 29.0531 9.29513 8.62365 7.71722 6.56158 9.64979 14.9755 13.1766 3.69873 7.2689 25.4451 6.18794 3.99863 24.1021 16.8044 12.9468 14.2511 5.90168 16.7315 0.365459 8.76863 6.621 16.9606 16.5159 5.67853 19.4963 10.8025 22.103 25.8058 12.269 21.7034 14.1412 23.3986 19.2879 9.13404 28.1358 6.69045 18.2842 22.7306 17.618 20.4091 25.0756 25.9969 20.9018 17.9914 11.0804 23.0072 16.8611 18.5812 16.9568 18.5544 22.4456 22.3038 18.4062 9.01726 19.9852 6.65898 24.1859 6.21803 19.5676 23.8788 4.14392 3.663 27.628 5.74061 6.81491 29.9787 9.95749 21.0428 7.69182 12.4319 18.2606 14.5923 28.7097 20.994 0.95369 20.6763 6.38438 10.3437 12.6814 22.7502 17.5126 9.13376 16.8042 19.8937 11.5002 11.9124 22.8766 22.3363 17.3562 12.1133 17.0668 23.2823 6.8205 14.2039 14.3063 9.17086 12.7748 18.8867 14.2438 1.75747 13.7888 17.2564 20.316 17.3882 20.6697 17.3101 15.1271 18.9841 18.006 17.7285 7.81427 26.8199 6.02686 13.1211 23.7002 21.1953 16.7313 18.9079 13.0554 12.9418 21.6512 6.40646 15.8105 13.1527 4.58393 14.8634 9.35751 17.166 11.6445 5.87547 23.0496 6.85594 25.1138 7.31464 8.79803 4.70641 8.85002 24.0531 25.1725 6.4005 11.159 21.4608 22.6446 20.8673 
2.2202 20.3737 6.8754 26.2347 20.1281 26.9959 14.0437 21.0487 15.235 21.9324 0 15.7169 31.9841 3.24338 7.99661 25.9171 2.75224 20.4739 15.7144 24.8665 2.36087 28.8061 23.3263 6.91379 25.4046 22.8093 21.9192 26.5175 13.3892 15.7082 24.0334 20.3621 31.0623 4.08074 27.9064 13.3843 6.95544 16.6553 16.397 30.7074 5.35999 28.8594 5.09189 29.9237 26.7556 28.8234 6.03622 21.4801 26.545 21.8374 26.7385 20.4424 18.1258 25.9907 19.9535 28.5005 19.3136 14.6373 15.4364 14.2601 23.7559 12.465 8.59508 19.2061 20.3611 24.8466 17.2931 25.5012 24.8932 11.3604 20.7217 12.7906 11.1604 27.5372 5.35409 21.7905 25.4288 27.0749 14.0993 16.6452 26.9131 23.2828 18.3165 10.839 22.9964 13.5769 11.3554 19.6525 24.7242 34.1581 20.7241 21.1674 16.0053 17.2766 1.97559 7.52708 17.1179 11.265 13.3027 6.64532 31.8538 28.9129 19.6751 8.19646 21.4073 17.4314 17.9565 22.0959 5.53141 5.3437 16.638 2.91895 20.0855 12.9529 26.4218 26.307 10.0051 24.9556 25.2417 22.9175 18.897 18.6698 21.4313 12.5816 5.54525 27.5094 27.5841 7.15441 30.7809 19.2438 16.4917 22.7508 27.5418 20.1047 27.0104 28.8276 9.57534 6.34103 13.3617 14.9013 16.3911 27.5037 21.9737 9.79053 7.73165 28.9497 11.6896 19.8691 1.36187 27.3834 30.3934 17.1191 15.7479 11.6565 34.2418 21.8163 20.1752 21.8659 10.2304 9.92179 6.76564 29.2263 6.72065 30.5857 3.28051 21.8523 25.3605 28.27 23.2129 26.7029 23.5359 17.8286 26.8342 6.21509 21.2819 12.034 26.7354 2.45992 27.87 28.2808 12.0733 17.3492 32.0913 27.516 17.0444 20.8976 27.6804 13.7447 15.2601 11.0821 16.3196 18.5974 25.5085 25.649 17.5463 18.176 25.6324 10.8104 26.1663 20.6815 1.90262 
14.4977 4.66637 16.2676 18.6987 4.46541 17.0824 1.74247 11.7322 6.0398 6.25429 15.7169 0 22.1906 13.8063 8.06892 12.4774 13.4143 9.42548 10.1893 11.1022 17.274 15.6984 8.52643 10.563 14.5946 7.09236 18.0954 10.9296 2.60193 20.2589 10.9574 12.7617 19.2216 12.1809 13.8679 20.5515 12.233 11.1071 8.00348 19.6736 13.1902 17.0912 15.754 20.5733 16.6327 18.1212 16.1731 5.82055 17.29 21.8147 12.4307 15.1141 7.40108 19.4377 17.2039 12.8864 24.2933 5.54235 5.38438 1.92913 10.0623 3.87313 8.90286 10.8685 5.81658 11.1317 20.7617 10.4026 9.30375 18.4888 14.4581 7.81697 8.71036 11.8464 10.605 6.15189 11.4518 12.1446 12.3349 12.7242 11.6115 17.5314 8.41258 16.533 22.4526 8.4092 16.2368 11.8639 21.0473 21.8887 8.60834 23.9164 2.05503 14.4994 16.6079 11.5967 16.3187 19.3806 20.521 14.8489 20.0497 14.7084 19.2407 11.4789 16.1362 13.384 14.9481 19.4709 16.1546 12.2048 5.65884 13.908 7.48084 18.8128 11.5745 18.7255 18.0974 9.38636 9.54266 23.9183 5.72863 5.32341 25.521 3.932 14.9035 12.9115 14.6627 12.7431 17.5569 23.9852 16.6696 7.04002 20.0009 7.3017 13.2182 15.4791 16.9718 11.3508 3.98362 12.4249 15.6664 14.1079 11.3022 17.12 16.3635 18.3255 7.20185 14.3479 17.0726 12.4145 17.1423 10.9169 5.15211 8.01996 21.6915 12.9286 4.50405 12.6118 11.6735 14.6722 11.2629 20.6568 11.1752 17.7553 12.7324 15.8432 17.0219 12.9261 23.3348 11.6519 12.957 19.3656 20.1091 10.5118 16.3536 8.53731 14.5012 15.5826 12.4758 17.0323 8.66864 1.77119 18.3848 13.7837 13.4384 10.5263 11.9661 17.9135 0.882088 19.3918 3.42794 8.05098 9.96318 12.4694 19.6059 20.7182 11.1814 5.06494 20.0608 19.2166 14.7381 
29.8337 21.0711 27.339 6.36721 21.5608 5.22746 23.3328 11.2618 28.1809 21.2837 31.9841 22.1906 0 28.7915 27.703 11.2035 29.2687 12.9101 16.2803 28.1062 34.2923 8.94638 25.0079 25.1325 7.59608 20.368 12.254 18.1812 22.3266 22.5995 11.8324 11.6244 5.01383 30.5071 11.7088 25.5626 25.1343 15.3311 16.1484 3.32959 32.6305 5.97288 34.8414 2.10418 5.61658 4.17403 27.9614 21.4789 5.45448 16.8474 27.7149 12.0643 15.2882 7.46305 14.1215 18.4585 23.8072 27.7283 27.4937 23.9195 27.7062 25.3848 23.6777 12.9508 24.7055 28.2024 21.3462 15.7962 18.3445 25.2906 11.4679 19.4969 20.9434 19.4348 29.115 21.6319 12.6546 25.9462 18.2037 15.5852 24.3627 9.8038 14.5834 23.9477 16.1256 30.5626 23.1963 12.3692 11.5415 6.08065 13.5825 20.8281 20.2665 15.5778 33.7559 24.4946 16.958 26.3771 25.6129 26.5013 4.73097 11.9083 16.5281 32.2135 11.3912 14.9154 15.0186 13.4708 28.357 26.6433 17.2126 31.951 27.6589 23.992 25.9702 6.27832 26.2168 18.1874 19.5416 18.4521 26.2816 16.8712 23.0129 21.952 27.4417 27.2408 9.12526 33.0397 8.64405 23.424 17.9852 20.7238 5.50499 27.3889 11.4225 9.53902 25.5381 25.6477 26.0016 17.3832 17.3326 10.2343 11.0254 25.4699 26.6811 3.95021 29.0011 12.4372 33.1264 25.9302 8.7996 14.8686 18.0927 29.8487 6.83339 10.2938 21.4924 10.3562 21.9224 23.4718 25.2189 3.30774 25.2672 7.62649 28.8708 10.6449 6.6833 16.4711 17.1372 25.3561 9.31 19.0222 6.84123 25.9673 11.6973 30.4654 8.34952 33.343 24.1922 5.47366 30.6058 22.2636 9.96129 29.586 15.3713 11.9761 20.1599 22.2174 21.7169 26.5757 19.0047 29.3464 17.9437 29.7479 19.6433 20.2082 26.8191 25.4897 7.90363 15.1544 32.2174 
1.04254 18.4533 4.52189 23.0013 18.2717 23.8422 12.2566 17.9456 14.5297 20.0559 3.24338 13.8063 28.7915 0 7.02162 23.1174 1.08397 17.5278 12.5478 23.8022 5.60246 25.9155 21.9118 3.91239 22.3282 20.8246 18.6936 24.3008 11.3009 13.0466 21.2189 17.1792 28.0074 4.50596 25.1754 11.12 3.71262 13.4611 13.4002 27.5915 6.8092 25.8194 7.59664 26.7235 23.6162 25.7006 3.82756 19.6264 23.3626 18.819 25.5423 17.2009 15.2492 22.7477 16.7407 26.2886 16.8848 13.8455 14.5833 12.6195 22.6853 11.0705 5.73115 16.0867 18.9595 23.7957 14.5356 23.065 22.6949 8.92213 17.4919 9.78961 8.10133 25.4273 4.84375 19.9579 22.727 25.6563 10.8561 13.4065 25.3212 20.0394 15.3498 8.03421 19.9566 13.473 8.45605 16.4915 21.524 31.1193 17.883 18.4421 13.7502 14.0383 5.16253 4.30218 13.9408 9.08438 11.0453 3.80844 28.7891 26.2004 16.5772 9.01709 18.164 14.1898 14.7194 18.9123 3.45231 2.17703 13.8934 4.59776 19.1445 10.3625 25.0301 23.0742 7.68782 22.7418 23.1647 20.0222 17.7635 16.0876 18.9169 10.2787 2.83112 26.2231 24.6853 8.43855 27.8834 16.7692 13.3564 20.8081 24.3047 19.1202 24.2489 25.9704 7.01115 3.2302 12.1639 11.6588 13.2018 24.6716 18.9502 7.23552 5.25997 25.8208 11.2603 16.6319 4.33653 25.9514 27.5038 13.9417 13.0445 11.4636 31.2314 18.6721 18.3098 18.742 6.98781 6.8707 3.62043 26.0043 3.59749 27.639 1.52639 18.6127 22.1519 25.8929 20.2353 25.2299 20.4719 14.8518 23.5912 3.45646 18.0389 11.9912 23.7684 5.20696 26.2294 25.2029 12.0658 15.5317 29.2532 26.5106 13.8014 17.8771 25.6368 10.9098 13.223 8.9417 13.8623 17.9968 23.2717 24.7621 14.6164 15.327 24.3728 9.30917 22.9234 17.5365 4.16306 
7.34926 12.6192 10.9145 22.8527 12.3228 22.4838 6.33035 16.4512 7.51097 14.1207 7.99661 8.06892 27.703 7.02162 0 19.6506 6.245 15.0303 12.1992 16.9407 9.2804 22.7759 15.3301 5.73837 20.388 15.0797 20.1179 18.9983 6.16541 17.9097 17.8828 16.5174 25.7267 4.15536 21.3753 16.9041 7.55299 13.3191 11.5854 25.7693 5.27356 23.5034 7.79778 25.8006 22.1313 23.9937 10.4617 13.656 22.334 22.0267 18.7712 17.736 12.5616 23.0839 18.5335 20.9519 22.0524 6.83749 7.59434 6.40435 15.8253 4.50728 5.51096 14.8755 12.3657 16.9264 19.0267 18.3432 17.3727 14.6152 17.5724 8.64024 7.83148 19.8808 2.65336 13.948 18.8814 19.0783 12.3186 14.1689 18.9369 20.6065 13.142 13.07 22.9888 6.68144 13.1479 15.6388 23.1973 28.6625 14.8292 22.8034 8.86715 15.5184 8.61485 7.34291 16.4255 15.1388 16.8451 9.68206 26.5546 22.3071 19.4664 4.59051 18.822 15.0144 16.1683 20.9307 10.2268 6.41703 10.7168 5.86564 12.2071 15.6224 18.4255 22.9062 13.6942 17.4547 17.5745 23.7242 10.9321 12.0894 23.8113 5.93912 9.19189 19.5236 21.6193 5.34415 24.7283 21.8459 16.2642 14.984 24.2214 12.2034 20.5917 22.6742 12.7216 6.17628 5.36661 12.8891 15.6389 21.2981 16.822 12.9301 11.3886 24.1627 4.33047 17.0042 9.30322 19.387 24.3199 13.5296 9.78483 4.70242 28.6 17.4879 12.3763 17.3677 9.31092 11.2965 6.42059 25.4659 6.28611 24.7343 5.58342 18.9343 21.5367 20.9611 23.5711 18.7085 18.5304 18.5246 23.8857 4.95732 18.8594 5.33858 21.0848 7.53509 19.9048 23.164 5.44469 9.5592 25.7999 19.6212 14.8033 15.7977 19.9569 15.4826 7.80138 15.0576 9.59358 10.9755 18.0301 17.8154 18.5071 19.4685 17.6495 3.00399 23.4927 20.0106 6.7586 
24.0794 10.1966 23.4409 10.955 10.7069 7.34128 13.9941 7.15252 18.0483 10.1788 25.9171 12.4774 11.2035 23.1174 19.6506 0 23.2102 5.90682 11.8758 16.9027 27.9596 3.22204 13.8161 19.2087 5.03047 9.20002 14.4984 7.23647 13.5482 22.5507 1.90435 9.17699 7.08923 23.297 2.27276 24.5338 20.0202 11.6297 9.97164 8.06383 24.9164 5.28879 27.3997 10.3005 6.83888 7.13026 23.7788 10.4208 8.24078 19.8927 16.565 11.9581 7.89787 12.4146 15.1493 8.04286 25.4606 17.7399 17.3362 14.3898 16.515 16.2075 17.3938 8.62582 13.7388 16.9989 22.0488 4.67231 7.171 23.2916 10.8222 13.4413 15.1818 8.67042 21.7251 10.5365 1.45163 14.8588 15.0051 13.0851 13.3035 12.3049 8.0236 21.4174 19.8452 20.7576 20.7701 9.04556 16.1867 9.46456 5.24729 23.4918 10.955 14.3364 27.3299 19.2738 16.5615 24.4257 24.5486 22.2061 7.87487 3.31706 18.1115 23.7112 12.2937 12.9935 14.2154 16.2901 24.0123 20.9982 9.28189 24.9662 16.7273 22.6463 14.8335 10.9206 23.6679 7.01816 8.39605 22.0899 15.5053 7.56506 25.654 13.7641 22.8265 16.1537 2.28843 24.8329 5.10536 25.0684 17.4965 9.55683 11.7274 16.453 1.25185 3.03182 22.6652 19.934 16.4606 14.3966 16.4171 1.65107 5.38937 22.698 23.0779 7.36066 19.675 11.6094 27.2359 14.8711 4.6922 10.9989 10.186 20.4969 9.22346 7.55811 10.6332 7.09136 17.4845 20.1327 19.6043 11.1249 19.5945 5.28929 22.6377 11.4179 9.19448 6.18189 20.9748 14.2524 5.16639 19.7912 12.6342 19.7436 12.7188 21.0096 2.90886 26.5742 13.2547 5.76412 21.1392 12.0108 6.19234 18.4411 13.4192 6.15463 9.38908 21.0314 12.2919 24.5533 10.0608 18.6244 6.83099 18.5455 20.3268 21.3179 15.6334 16.8844 13.2358 17.2071 25.5409 
1.1158 18.079 5.60527 23.5788 17.8708 24.26 11.8072 18.3009 13.7466 19.6669 2.75224 13.4143 29.2687 1.08397 6.245 23.2102 0 17.7299 12.9905 23.141 5.02359 26.0756 21.3566 4.16482 22.6532 20.4818 19.4405 24.0662 10.9759 14.0946 21.3211 17.6444 28.3101 3.43222 25.2229 12.2029 4.41664 13.9496 13.646 27.9604 5.72797 26.1073 6.61476 27.2154 24.0148 26.0779 4.90139 19.2274 23.8239 19.7567 24.9232 17.8263 15.394 23.3858 17.517 26.0537 17.9559 13.0814 13.8387 12.1154 22.0241 10.4695 5.85165 16.4621 18.3936 23.1307 15.5636 22.9385 22.4498 10.0001 18.0607 10.0387 8.41086 25.1451 3.89986 19.5512 22.7543 25.1084 11.5159 14.0176 24.8327 20.6908 15.569 9.0681 20.8822 12.5542 9.46373 16.9226 22.3153 31.4062 18.0026 19.4722 13.5148 14.7508 4.50277 4.9019 14.7729 10.1683 12.1284 4.86394 29.1017 26.2365 17.473 7.95551 18.8134 14.82 15.4357 19.7286 4.50993 2.68873 13.9406 3.56188 18.4388 11.4248 24.4724 23.6495 8.77131 22.504 22.8653 21.0072 17.1096 16.0345 19.9786 10.0537 3.91103 25.633 24.8514 7.3553 28.0493 17.8365 14.2304 20.4477 24.8972 18.4266 24.3161 26.1054 8.08388 3.62508 11.5062 12.3032 14.0208 24.7879 19.2219 8.30844 6.34237 26.2057 10.395 17.2308 4.03012 25.4084 27.6636 14.4002 13.0626 10.5513 31.4917 19.0786 17.9127 19.1221 7.65217 7.8271 4.06237 26.5449 4.00576 27.844 0.688975 19.2226 22.6626 25.7383 21.1897 24.6997 20.7839 15.8139 24.2283 3.47523 18.7077 11.0542 23.9898 4.34272 25.7596 25.5294 11.1231 15.1078 29.3753 25.8364 14.4496 18.1459 25.3258 11.927 12.8834 10.0251 13.733 17.1999 23.0454 24.0525 15.5969 16.3317 23.7716 8.7309 23.5914 18.3944 3.24538 
18.5236 9.59584 17.5667 9.42881 9.98339 7.71815 10.4452 2.6602 15.4651 10.4856 20.4739 9.42548 12.9101 17.5278 15.0303 5.90682 17.7299 0 5.98544 17.6501 22.6247 8.41139 14.4236 13.6231 5.39199 10.0787 10.4543 10.5931 9.42222 16.9835 4.06374 4.47848 10.7449 18.2604 8.15488 18.7555 14.2631 5.84962 4.15729 10.7457 20.1557 8.5166 22.5205 11.191 7.29742 9.00695 17.9323 10.4648 7.86579 15.4226 18.0225 7.45529 2.47091 10.3777 10.4592 12.1665 20.207 14.9543 14.8036 11.0601 16.9287 12.4749 11.8791 3.11977 13.1104 17.7247 16.6751 8.13623 9.60376 17.4257 6.42457 7.74309 9.462 12.1577 16.7545 10.7462 6.05772 16.7562 9.15155 7.46118 15.4453 9.0107 2.1867 15.5304 15.651 17.7026 14.8951 3.90325 12.9252 13.7669 1.40496 18.6301 7.42726 8.94327 22.0209 13.5249 11.2113 18.5544 18.7654 16.3586 11.5649 9.20896 13.2651 19.4386 8.18334 7.54541 8.97809 12.1672 18.1857 15.3702 4.34454 19.849 15.8185 16.856 16.4913 9.44463 17.7687 9.52182 10.7747 17.67 14.221 4.27021 20.6833 9.14333 17.0242 17.959 7.17657 20.3666 10.3679 19.8261 12.0526 10.3694 10.6765 15.5701 7.14405 8.51806 16.7603 14.3055 13.1223 8.59053 10.9345 7.29721 1.89304 16.7952 17.1839 9.18834 16.0913 6.86344 21.7545 16.8808 9.99608 5.23465 5.25945 16.9388 13.7969 3.79554 9.93385 3.37583 11.6055 14.2259 13.9455 11.2314 13.9497 10.1157 17.2044 7.54588 7.67209 10.7883 16.7237 16.1259 3.60015 14.5504 10.9548 14.2588 8.54087 17.5584 6.26333 21.3858 15.7847 8.13361 17.6991 9.82184 11.8113 19.8211 7.91251 1.18607 12.753 15.2965 8.8706 18.6762 6.12018 17.0951 9.715 19.2974 15.0308 16.0891 16.858 12.6336 11.0904 12.6358 20.3045 
13.5869 12.7634 11.8116 10.802 12.9594 11.295 10.2279 5.51721 15.5426 14.1337 15.7144 10.1893 16.2803 12.5478 12.1992 11.8758 12.9905 5.98544 0 20.7311 18.0137 14.1266 17.7085 8.85344 9.9229 14.1792 8.21423 15.8813 8.61681 11.3762 10.0491 4.65764 15.6148 14.3882 14.1347 12.8488 8.96012 1.12258 2.62822 15.0758 16.6629 13.4851 18.716 14.2358 11.0777 13.1784 12.2684 13.9293 10.8334 11.6382 21.6187 5.56328 4.74364 10.9041 7.05824 17.6547 14.984 14.8553 15.0353 10.9899 19.8032 11.5069 7.47552 3.63809 15.5642 20.7823 11.3736 13.6997 14.6061 11.4446 5.38767 3.55942 4.71462 17.3818 13.1102 14.2764 12.0151 20.7534 3.20472 2.53565 19.6999 8.4099 4.06382 9.54535 12.2642 16.9241 8.91117 3.94387 11.2879 18.7496 6.97591 14.0289 8.34165 4.32114 17.4756 8.28022 6.30154 12.5708 12.8535 10.7116 16.3683 15.1873 9.09018 16.7817 6.65427 3.22136 4.76032 9.3944 12.5801 10.3838 5.12865 15.7427 17.6436 10.9437 20.3434 10.8639 11.793 14.5664 15.6054 13.7739 15.8945 7.43489 15.845 7.5228 11.5084 21.8103 12.9034 17.3435 16.0139 14.6287 6.86179 14.3764 12.1601 17.4498 13.1201 14.3207 10.8016 9.37375 12.5977 2.77832 5.76048 13.1873 6.83747 10.8279 11.3486 13.2907 14.778 4.81567 16.8831 20.9452 15.6744 1.41917 5.18844 15.5642 18.9361 6.13526 12.9413 6.24218 5.92198 8.29329 8.95021 13.637 8.99387 15.5909 12.5919 6.73591 9.71435 16.5048 13.1496 20.1534 8.13516 9.56676 11.7175 9.70486 6.73389 16.2667 11.7297 17.085 20.2569 12.7701 16.4083 11.4705 17.5822 23.242 3.24904 5.84426 17.8806 9.46702 9.33445 12.6912 7.15863 18.1544 14.8975 22.2569 9.92496 11.0424 20.3699 10.8066 11.2944 9.02909 15.9555 
24.2553 8.14115 26.9709 26.7464 7.84616 23.8585 12.0682 20.3103 9.73324 7.18932 24.8665 11.1022 28.1062 23.8022 16.9407 16.9027 23.141 17.6501 20.7311 0 25.7623 19.4994 3.2353 21.1883 21.2529 7.84772 27.8681 10.3718 13.5718 31.3322 16.5246 21.9782 23.7292 20.8296 16.7644 31.6355 22.9946 21.4598 18.2136 24.9281 20.6758 22.1671 22.9893 27.105 23.3449 24.0078 26.7497 7.18535 24.5112 32.2597 2.11396 24.7974 16.716 27.8956 27.4014 11.0916 35.3237 10.259 9.44547 11.4882 1.11709 12.7526 19.7308 20.2297 5.29096 0.107755 31.7582 12.3822 9.81404 29.5393 23.8978 18.8591 19.8116 9.67354 19.5307 6.9093 15.4516 3.62047 23.2582 23.2161 4.83808 26.6554 17.7829 27.6043 32.7385 12.148 27.3293 21.2151 30.5312 25.3707 16.3139 34.7333 12.5303 25.0095 25.1273 22.4283 27.0247 30.3926 31.603 25.573 24.4273 16.9856 29.781 17.9191 25.6736 23.7445 25.3496 29.4601 26.6445 22.6174 15.6451 22.361 4.81108 29.9115 3.06367 26.7428 29.0681 9.97639 8.70075 34.4492 6.03878 13.7697 36.4502 14.969 25.4473 3.15495 19.04 19.4025 20.6756 35.0045 27.4979 7.50487 27.834 4.76746 16.7951 18.992 27.9524 21.9261 11.6406 23.2395 26.4389 17.9945 19.1017 28.1126 27.1785 24.2383 13.3471 24.0938 26.1166 3.90549 20.3286 21.1126 15.5594 13.6289 24.853 21.4232 7.87755 20.9722 22.7611 25.7301 21.9303 27.7356 21.8242 21.3845 22.4616 25.1354 24.9022 12.7037 33.7163 3.80992 20.2865 30.2159 28.3787 20.9016 25.9841 13.5282 19.7775 23.8938 5.70787 22.6549 13.5569 9.4652 20.5232 2.72835 23.8999 18.8178 9.10015 29.0063 11.9642 30.3897 13.5875 6.81138 10.309 1.66716 30.5076 31.6283 1.72564 14.5218 28.6501 29.5355 23.3904 
4.58075 21.8806 8.99431 28.5788 21.5964 29.2766 15.556 23.2996 16.0346 23.3969 2.36087 17.274 34.2923 5.60246 9.2804 27.9596 5.02359 22.6247 18.0137 25.7623 0 30.9034 24.4738 9.17448 27.6324 24.337 24.2778 28.175 15.0903 17.8206 26.0904 22.668 33.2698 5.12535 29.8987 15.323 9.31262 18.9717 18.5912 32.9587 5.27878 31.0585 3.88657 32.2386 29.0261 31.0807 8.14346 22.9337 28.8471 24.1058 27.7089 22.7962 20.2413 28.347 22.3085 30.1459 21.2845 15.5099 16.3295 15.6798 24.6666 13.7811 10.7765 21.4702 21.5314 25.7333 19.4443 27.3073 26.5467 13.4097 23.0632 15.0021 13.4108 29.1189 6.67233 23.2277 27.4085 28.1948 16.4566 18.9958 28.1516 25.6406 20.4864 13.0504 25.2739 14.013 13.6007 21.9437 27.0741 36.3518 22.8081 23.288 17.7654 19.6374 0.666493 9.87238 19.4609 13.1975 15.239 8.91742 34.0677 30.8904 21.9831 8.25608 23.7647 19.7855 20.3173 24.4397 7.62695 7.67542 18.6818 3.44506 20.9518 15.0526 27.5282 28.6505 12.0247 26.6191 26.8138 25.1224 19.9098 20.6034 23.4379 14.4177 7.81071 28.5358 29.6888 6.93992 32.8798 21.2396 18.8187 24.2516 29.8897 21.0001 29.0251 30.9023 11.7058 8.6468 14.5309 17.2569 18.7388 29.564 24.1709 11.9139 9.8653 31.2115 12.4224 22.2177 1.72573 28.5104 32.4875 19.4237 17.7736 12.2304 36.4153 24.0941 21.6487 24.1297 12.5867 12.2304 9.08028 31.5595 9.0275 32.7185 5.4546 24.2035 27.6834 30.0263 25.4593 27.8623 25.7574 20.0837 29.1905 8.40631 23.6413 12.4867 28.8873 1.87524 29.1353 30.5068 12.4994 18.8253 34.1476 28.349 19.401 23.0949 29.2174 15.9493 16.9003 12.9992 18.1962 19.2547 27.1841 26.4153 19.78 20.369 26.6551 12.2443 28.5259 23.0096 2.53586 
