20
11.0502 14.7331 0.305715 1
11.6349 23.0675 24.7776 1
5.64898 12.2815 1.04655 0
10.7716 22.4192 0.316572 1
1.2484 1.67001 1.2441 0
15.8073 17.6832 0.253992 0
12.9359 20.7242 1.65255 0
13.5969 20.6268 1.98679 0
7.12609 12.4247 1.13411 0
2.93625 4.58255 2.02575 0
11.2535 14.6373 0.743731 0
8.89615 15.7562 2.03649 0
10.2113 11.3745 1.60778 0
10.5799 22.1782 18.2333 0
15.6222 23.2935 1.68934 0
4.04255 21.1804 1.61271 1
14.1533 21.2076 1.06427 0
15.723 23.4508 0.967434 0
11.952 13.4343 2.21606 0
17.339 17.4207 0.783624 0
400 50 500
0.025 0.0125 10000 3000 15 1e+06 300000 2 2
0 17.7208 5.20489 3.96129 17.8953 18.8274 8.5884 2.43002 1.03514 6.53327 14.3323 17.4405 14.0796 14.8335 16.5765 17.9528 4.94742 13.0359 15.1875 1.97239 17.1902 
17.7208 0 19.8703 14.9928 4.13632 7.30576 17.9611 16.8821 16.7707 11.5951 3.54857 14.5053 4.20518 7.60446 14.2785 4.38531 19.1214 20.5638 23.2925 16.1816 0.536076 
5.20489 19.8703 0 5.05459 18.9482 19.0132 4.78336 3.72319 5.20354 8.39884 16.3223 15.3496 16.9191 15.0093 14.4941 18.9368 0.755752 8.57721 10.329 4.90371 19.3377 
3.96129 14.9928 5.05459 0 14.5296 15.1322 5.86574 2.01751 3.00092 3.40571 11.4646 13.5183 11.8803 11.0944 12.6588 14.5556 4.35595 10.3639 12.8864 2.00357 14.457 
17.8953 4.13632 18.9482 14.5296 0 3.17228 16.1475 16.5379 16.8749 11.3758 4.44795 10.7502 6.92195 4.52434 10.6517 0.24952 18.1948 17.9874 20.5791 16.1033 4.05559 
18.8274 7.30576 19.0132 15.1322 3.17228 0 15.5552 17.1393 17.7923 12.3587 7.04604 8.24476 9.77826 4.04788 8.33647 2.92277 18.2807 16.6134 19.0104 16.9191 7.22309 
8.5884 17.9611 4.78336 5.86574 16.1475 15.5552 0 6.22673 8.03832 7.91471 14.5147 10.7565 15.8763 11.7875 9.92365 16.0817 4.36375 4.53374 7.02706 7.21587 17.4575 
2.43002 16.8821 3.72319 2.01751 16.5379 17.1393 6.22673 0 1.82186 5.3001 13.3763 15.1384 13.5996 13.0974 14.2705 16.5667 3.19001 10.7256 12.9991 1.20189 16.346 
1.03514 16.7707 5.20354 3.00092 16.8749 17.7923 8.03832 1.82186 0 5.50586 13.3573 16.5164 13.1967 13.7993 15.6557 16.93 4.8066 12.5454 14.8148 0.999511 16.2384 
6.53327 11.5951 8.39884 3.40571 11.3758 12.3587 7.91471 5.3001 5.50586 0 8.07832 12.4307 8.52918 8.43587 11.6345 11.4269 7.67155 11.9859 14.7291 4.73453 11.0592 
14.3323 3.54857 16.3223 11.4646 4.44795 7.04604 14.5147 13.3763 13.3573 8.07832 0 12.4762 2.83953 5.40526 12.0757 4.62828 15.5731 17.3657 20.1387 12.721 3.01774 
17.4405 14.5053 15.3496 13.5183 10.7502 8.24476 10.7565 15.1384 16.5164 12.4307 12.4762 0 15.1763 7.09134 0.870016 10.5416 14.7693 9.78408 11.6331 15.517 14.2167 
14.0796 4.20518 16.9191 11.8803 6.92195 9.77826 15.8763 13.5996 13.1967 8.52918 2.83953 15.1763 0 8.17054 14.7224 7.13829 16.1976 19.1941 22.0008 12.7428 3.77568 
14.8335 7.60446 15.0093 11.0944 4.52434 4.04788 11.7875 13.0974 13.7993 8.43587 5.40526 7.09134 8.17054 0 6.75043 4.40915 14.2707 13.4636 16.0691 12.9075 7.25395 
16.5765 14.2785 14.4941 12.6588 10.6517 8.33647 9.92365 14.2705 15.6557 11.6345 12.0757 0.870016 14.7224 6.75043 0 10.4549 13.909 9.14596 11.1242 14.6562 13.9639 
17.9528 4.38531 18.9368 14.5556 0.24952 2.92277 16.0817 16.5667 16.93 11.4269 4.62828 10.5416 7.13829 4.40915 10.4549 0 18.1842 17.8651 20.4445 16.1491 4.30465 
4.94742 19.1214 0.755752 4.35595 18.1948 18.2807 4.36375 3.19001 4.8066 7.67155 15.5731 14.7693 16.1976 14.2707 13.909 18.1842 0 8.41029 10.3326 4.39026 18.5891 
13.0359 20.5638 8.57721 10.3639 17.9874 16.6134 4.53374 10.7256 12.5454 11.9859 17.3657 9.78408 19.1941 13.4636 9.14596 17.8651 8.41029 0 2.8108 11.7444 20.1054 
15.1875 23.2925 10.329 12.8864 20.5791 19.0104 7.02706 12.9991 14.8148 14.7291 20.1387 11.6331 22.0008 16.0691 11.1242 20.4445 10.3326 2.8108 0 14.0919 22.8427 
1.97239 16.1816 4.90371 2.00357 16.1033 16.9191 7.21587 1.20189 0.999511 4.73453 12.721 15.517 12.7428 12.9075 14.6562 16.1491 4.39026 11.7444 14.0919 0 15.6468 
17.1902 0.536076 19.3377 14.457 4.05559 7.22309 17.4575 16.346 16.2384 11.0592 3.01774 14.2167 3.77568 7.25395 13.9639 4.30465 18.5891 20.1054 22.8427 15.6468 0 
