20
0.533723 17.6812 0.581724 0
9.24544 20.322 1.41258 0
7.54613 20.6564 0.300223 0
18.2886 23.1713 1.12632 1
1.18981 23.6396 0.505753 0
16.7872 22.4111 1.74636 0
0.657675 22.1226 1.81233 0
5.17126 12.1788 21.7115 0
9.595 12.11 1.80876 1
9.38678 19.5177 1.48294 0
12.6689 23.7172 0.741562 0
16.9474 18.2633 1.52445 0
8.00044 8.27557 1.41704 0
8.45189 20.7483 2.0947 1
15.2767 15.4741 16.125 0
9.48843 17.8106 0.767404 0
1.94038 7.10753 1.05854 0
9.54397 23.91 0.75862 1
7.74303 20.3697 1.40667 0
9.91635 14.7737 0.490186 0
400 50 500
0.025 0.0125 10000 3000 15 1e+06 300000 2 2
0 1.08963 2.87419 2.85392 2.48347 0.652928 2.83841 2.69636 1.28497 2.00837 1.72791 1.75329 1.98302 2.21333 1.81349 2.39337 2.34094 2.29135 2.56952 1.15709 1.42898 
1.08963 0 2.49571 2.19816 2.18024 0.722833 1.77921 1.69289 2.08894 2.46316 2.11334 0.663664 0.922505 2.2856 2.90214 3.37008 3.32164 1.64727 3.05127 0.789597 2.06933 
2.87419 2.49571 0 0.768646 4.65181 3.04536 3.26687 3.46916 4.15858 1.93028 4.48757 2.48487 2.8161 4.76744 4.16901 3.71838 3.70003 0.967062 5.39619 3.28086 2.25818 
2.85392 2.19816 0.768646 0 4.23819 2.85559 2.59935 2.84294 4.11488 2.45337 4.29805 1.99847 2.28163 4.47095 4.39275 4.16521 4.13867 0.568772 5.23183 2.97815 2.6237 
2.48347 2.18024 4.65181 4.23819 0 1.8903 2.29604 1.92435 2.18996 4.43967 1.40408 2.24452 2.01905 0.798103 3.65454 4.71444 4.65883 3.73985 1.91434 1.45422 3.90134 
0.652928 0.722833 3.04536 2.85559 1.8903 0 2.29097 2.10542 1.36933 2.54957 1.45012 1.31955 1.4622 1.76174 2.33384 3.0409 2.98787 2.29015 2.37796 0.504426 2.01972 
2.83841 1.77921 3.26687 2.59935 2.29604 2.29097 0 0.375568 3.53226 4.04123 3.1589 1.16015 0.858344 2.90777 4.61999 5.14548 5.09779 2.31987 3.99333 1.93014 3.76959 
2.69636 1.69289 3.46916 2.84294 1.92435 2.10542 0.375568 0 3.27525 4.06966 2.84462 1.15762 0.798943 2.55542 4.43743 5.05346 5.00382 2.50611 3.65448 1.69423 3.74436 
1.28497 2.08894 4.15858 4.11488 2.18996 1.36933 3.53226 3.27525 0 3.064 0.85768 2.67778 2.76744 1.55247 1.48165 2.68888 2.63375 3.54731 1.39534 1.60485 2.43217 
2.00837 2.46316 1.93028 2.45337 4.43967 2.54957 4.04123 4.06966 3.064 0 3.70184 2.91299 3.272 4.22158 2.50989 1.79859 1.78481 2.1437 4.45421 3.00715 0.632771 
1.72791 2.11334 4.48757 4.29805 1.40408 1.45012 3.1589 2.84462 0.85768 3.70184 0 2.55292 2.5258 0.698668 2.33487 3.53375 3.47826 3.73563 0.938153 1.39405 3.08724 
1.75329 0.663664 2.48487 1.99847 2.24452 1.31955 1.16015 1.15762 2.67778 2.91299 2.55292 0 0.367881 2.56275 3.56538 3.99498 3.94831 1.53119 3.4789 1.15978 2.61174 
1.98302 0.922505 2.8161 2.28163 2.01905 1.4622 0.858344 0.798943 2.76744 3.272 2.5258 0.367881 0 2.43606 3.77558 4.29202 4.2438 1.85263 3.42616 1.17526 2.94937 
2.21333 2.2856 4.76744 4.47095 0.798103 1.76174 2.90777 2.55542 1.55247 4.22158 0.698668 2.56275 2.43606 0 3.03255 4.20755 4.15184 3.93004 1.13251 1.49657 3.63047 
1.81349 2.90214 4.16901 4.39275 3.65454 2.33384 4.61999 4.43743 1.48165 2.50989 2.33487 3.56538 3.77558 3.03255 0 1.37083 1.32233 3.87626 2.62349 2.76438 1.96033 
2.39337 3.37008 3.71838 4.16521 4.71444 3.0409 5.14548 5.05346 2.68888 1.79859 3.53375 3.99498 4.29202 4.20755 1.37083 0 0.0558019 3.757 3.96119 3.53996 1.55777 
2.34094 3.32164 3.70003 4.13867 4.65883 2.98787 5.09779 5.00382 2.63375 1.78481 3.47826 3.94831 4.2438 4.15184 1.32233 0.0558019 0 3.7257 3.90842 3.48655 1.52621 
2.29135 1.64727 0.967062 0.568772 3.73985 2.29015 2.31987 2.50611 3.54731 2.1437 3.73563 1.53119 1.85263 3.93004 3.87626 3.757 3.7257 0 4.66767 2.43378 2.19951 
2.56952 3.05127 5.39619 5.23183 1.91434 2.37796 3.99333 3.65448 1.39534 4.45421 0.938153 3.4789 3.42616 1.13251 2.62349 3.96119 3.90842 4.66767 0 2.32466 3.82385 
1.15709 0.789597 3.28086 2.97815 1.45422 0.504426 1.93014 1.69423 1.60485 3.00715 1.39405 1.15978 1.17526 1.49657 2.76438 3.53996 3.48655 2.43378 2.32466 0 2.50335 
1.42898 2.06933 2.25818 2.6237 3.90134 2.01972 3.76959 3.74436 2.43217 0.632771 3.08724 2.61174 2.94937 3.63047 1.96033 1.55777 1.52621 2.19951 3.82385 2.50335 0 
