50
9.551 17.0004 1.14326 0
4.55168 9.42809 2.06374 1
10.1504 17.3383 3.76896 0
15.6098 18.4967 0.215491 0
5.0557 13.5146 1.79238 0
18.8665 21.2601 2.04341 0
8.17153 13.5883 1.12414 0
16.8951 23.0154 0.794497 0
16.1837 17.3875 0.40479 1
14.4557 23.893 10.6474 0
8.04053 14.6384 2.16567 0
5.39485 13.8907 1.36791 0
14.1089 19.2084 1.76623 0
16.0677 19.6359 0.761625 0
14.519 21.64 24.6793 0
3.37235 11.8167 1.2833 0
3.86022 20.0009 2.05521 0
16.9901 20.8183 25.7656 0
5.50942 14.3796 1.57612 0
8.34427 21.0262 1.07906 0
9.5267 9.71622 0.673556 0
8.43929 9.87138 1.63862 1
5.79037 5.82349 2.07979 0
8.96317 19.6541 0.459939 0
7.55186 23.8545 0.787373 0
18.5162 20.885 1.69674 0
1.10515 1.59949 17.3855 1
6.87186 16.9644 1.57105 1
7.41977 8.97322 2.24911 1
3.22029 9.35958 1.06075 0
3.84992 13.7256 20.1102 0
2.982 13.4169 1.33439 0
15.9295 17.5202 1.10532 0
5.79814 18.287 2.26022 0
7.99357 19.6698 0.409097 0
4.31938 8.60153 1.37237 0
17.1271 21.3351 0.474713 0
3.29751 5.06393 1.35907 0
15.8547 21.3208 0.978595 0
10.4916 11.3597 0.910726 0
1.38092 2.00484 2.25274 0
13.6458 17.8888 1.31938 0
13.3926 14.0843 7.1377 0
3.15085 15.2191 2.25233 0
5.00162 20.3953 0.406551 0
6.15642 16.132 0.25556 0
3.14254 23.2252 1.06774 1
13.0955 21.078 28.6277 0
13.6679 18.3576 0.3155 0
15.0378 17.7957 0.798807 0
400 50 500
0.025 0.0125 10000 3000 15 1e+06 300000 4 6
0 6.48616 2.75595 3.95478 4.35967 1.0565 4.2111 5.26887 1.62087 4.75817 5.39117 1.57063 2.35885 6.34225 2.98555 5.55879 4.58463 4.5966 3.10118 2.87592 0.482522 6.28188 4.05535 5.50183 5.93513 4.20354 3.74061 4.60564 6.48197 0.793359 2.38569 1.54549 3.84044 3.92345 3.1517 1.15926 4.76467 4.47925 6.68792 4.79027 3.483 3.38623 1.67102 3.2376 2.44802 0.742483 4.60376 5.08331 3.38413 3.85594 5.18621 
6.48616 0 9.2332 2.66479 4.95402 6.16345 9.99669 9.38075 8.10668 1.76187 9.33565 7.93184 8.80971 8.3272 9.031 6.79055 7.5807 5.98248 6.30463 8.93253 6.57803 8.29993 3.03065 11.7726 2.99081 5.43205 4.12127 10.7124 0.467731 6.94357 4.69992 7.69526 3.50243 7.27574 3.53507 5.90137 2.86679 8.89578 6.36328 3.31474 4.08204 6.58419 8.07439 8.1278 5.72944 7.19727 7.72144 11.2281 8.56852 9.27165 8.12201 
2.75595 9.2332 0 6.7069 6.61902 3.38027 3.14081 5.50952 1.16249 7.49239 5.20704 1.62724 0.855068 7.52362 1.61537 7.25117 5.77946 6.51706 4.88119 2.08405 2.67715 7.46203 6.64541 3.30513 8.55408 6.31657 6.07814 2.87605 9.21061 2.35351 4.84161 1.78591 6.34662 4.77909 5.81455 3.61578 7.4318 4.76764 8.65422 7.22105 6.05201 4.65081 1.21733 3.73934 4.6007 2.09356 5.28247 3.17839 3.49647 2.92048 6.20459 
3.95478 2.66479 6.7069 0 2.89124 3.5161 7.33546 6.90987 5.55547 1.26755 7.81928 5.31805 6.2146 6.3212 6.73195 4.86826 5.23096 3.87205 3.77341 6.27187 4.13193 6.28135 2.05903 9.1165 2.49269 3.25453 3.00027 8.04877 2.79582 4.52262 2.75982 5.31613 2.41225 5.7771 1.69179 3.25353 1.35447 6.35446 5.0186 3.02581 1.63726 5.02486 5.60476 5.50228 3.1121 4.62831 6.37165 8.56494 5.92884 7.21362 5.83254 
4.35967 4.95402 6.61902 2.89124 0 3.37036 5.92861 4.56608 5.52403 4.10566 9.48449 4.99386 5.86812 3.45263 7.30707 1.97702 2.68453 1.03145 1.93108 5.32102 4.77834 3.41677 4.83824 8.0268 2.52401 0.514819 5.54895 6.8561 5.26465 5.14674 4.7348 5.89625 5.08427 7.6449 4.1456 3.20745 2.08723 4.23605 2.44656 5.85177 1.3916 6.92637 5.8722 3.86663 2.02189 4.6954 8.31886 7.35903 4.36128 8.20851 3.18071 
1.0565 6.16345 3.38027 3.5161 3.37036 0 3.96772 4.47983 2.22929 4.53056 6.43667 1.84183 2.75797 5.3193 3.9372 4.50232 3.58669 3.54547 2.05083 2.7847 1.52998 5.25965 4.15554 5.61071 5.17474 3.17466 4.12672 4.57566 6.23412 1.84282 2.79757 2.54199 4.05868 4.88573 3.19295 0.262575 4.07008 3.72236 5.65033 5.03501 2.67178 4.28878 2.5094 2.53758 1.40299 1.33973 5.57403 5.08583 2.81069 4.89055 4.20691 
4.2111 9.99669 3.14081 7.33546 5.92861 3.96772 0 2.79366 3.18169 8.45214 8.31538 2.74948 2.50879 5.32401 4.7472 5.65372 3.91827 5.34859 4.01525 1.3673 4.49766 5.2691 8.10909 2.17119 8.36347 5.46186 7.93948 1.0168 10.1202 4.42281 6.57893 4.36584 7.97197 7.59059 7.15161 4.21132 7.51149 2.28312 7.22702 8.94266 6.05735 7.2719 3.75998 2.06272 4.32661 3.55267 8.18074 1.46447 1.56786 6.05834 4.05644 
5.26887 9.38075 5.50952 6.90987 4.56608 4.47983 2.79366 0 5.0471 8.16663 10.3285 4.40111 4.69484 2.67511 6.97775 3.47185 1.90486 3.6521 3.14191 3.42596 5.71207 2.6287 8.31679 4.79001 7.0705 4.05218 8.52751 3.75574 9.62455 5.83141 7.24775 6.13103 8.342 9.15592 7.38016 4.61429 6.56837 0.801162 5.00346 9.29583 5.32028 8.65383 5.66097 2.04555 3.90183 4.90363 9.81954 4.08736 2.06706 8.26223 1.63489 
1.62087 8.10668 1.16249 5.55547 5.52403 2.22929 3.18169 5.0471 0 6.37812 5.29891 0.672842 0.816829 6.75451 2.00942 6.31312 4.97117 5.50465 3.87402 1.84663 1.629 6.6924 5.61265 4.0241 7.39776 5.25271 5.15232 3.28729 8.10126 1.38881 3.85113 1.18581 5.35107 4.40921 4.74241 2.45889 6.27024 4.2575 7.6489 6.26477 4.89829 4.10881 0.61848 3.08339 3.5025 0.931975 5.00725 3.7094 2.98081 3.23677 5.46716 
4.75817 1.76187 7.49239 1.26755 4.10566 4.53056 8.45214 8.16663 6.37812 0 7.76814 6.24194 7.10152 7.55441 7.27058 6.07557 6.49847 5.10925 5.02591 7.31525 4.82708 7.51659 1.46187 10.1304 3.07069 4.49822 2.59127 9.10587 1.72473 5.18768 2.95808 5.93452 1.93825 5.69366 1.7803 4.27277 2.25092 7.59433 6.06575 2.15269 2.90308 4.97089 6.32291 6.69465 4.32919 5.48131 6.20168 9.61638 7.1019 7.54394 7.09868 
5.39117 9.33565 5.20704 7.81928 9.48449 6.43667 8.31538 10.3285 5.29891 7.76814 0 5.92888 5.82172 11.7257 3.59489 10.919 9.95274 9.91249 8.4875 7.08942 4.91017 11.6648 6.33382 8.25781 10.2945 9.44498 5.21743 8.06337 9.06332 4.64901 5.06565 4.2029 5.85297 2.07464 6.1647 6.48319 9.09464 9.53136 11.9151 6.12058 8.28783 2.81038 4.68048 8.31564 7.77827 5.49808 1.65034 8.30517 8.26982 2.33377 10.5314 
1.57063 7.93184 1.62724 5.31805 4.99386 1.84183 2.74948 4.40111 0.672842 6.24194 5.92888 0 0.917308 6.08472 2.68111 5.6776 4.30375 4.9035 3.26719 1.38231 1.77062 6.02262 5.62121 3.93592 6.99394 4.68979 5.2917 3.0438 7.96454 1.67357 3.94623 1.74674 5.4109 4.91429 4.70418 2.09655 5.90871 3.60653 7.04536 6.35798 4.4908 4.54162 1.26645 2.41661 2.9789 0.841576 5.53993 3.51491 2.34126 3.90587 4.79486 
2.35885 8.80971 0.855068 6.2146 5.86812 2.75797 2.50879 4.69484 0.816829 7.10152 5.82172 0.917308 0 6.6686 2.30661 6.41458 4.92573 5.70886 4.07798 1.29263 2.42979 6.60699 6.39684 3.20814 7.90908 5.53997 5.96481 2.49458 8.82621 2.20541 4.65446 1.9198 6.14928 5.12563 5.50826 3.01102 6.82595 3.93875 7.83794 7.07115 5.40677 4.87642 1.28878 2.88612 3.86663 1.62239 5.69295 2.90077 2.65904 3.61474 5.34997 
6.34225 8.3272 7.52362 6.3212 3.45263 5.3193 5.32401 2.67511 6.75451 7.55441 11.7257 6.08472 6.6686 0 8.76352 1.53911 1.79057 2.44919 3.30263 5.55984 6.82477 0.0621042 8.16838 7.42079 5.54141 3.06903 8.71662 6.3301 8.67082 7.0777 7.65849 7.61497 8.34529 10.1918 7.36475 5.32217 5.48983 3.04165 2.64207 9.19215 4.7218 9.5595 7.30763 3.79283 4.11909 6.27465 10.882 6.7088 4.11735 9.94475 1.32648 
2.98555 9.031 1.61537 6.73195 7.30707 3.9372 4.7472 6.97775 2.00942 7.27058 3.59489 2.68111 2.30661 8.76352 0 8.27534 6.97876 7.41376 5.80718 3.59918 2.65472 8.70142 6.17434 4.75451 8.88762 7.09866 5.38313 4.47108 8.92709 2.2548 4.36475 1.45094 5.79249 3.41018 5.49809 4.10682 7.69498 6.20465 9.54973 6.54375 6.46454 3.46535 1.48131 5.0717 5.32119 2.63695 3.81977 4.73281 4.91849 1.31329 7.47592 
5.55879 6.79055 7.25117 4.86826 1.97702 4.50232 5.65372 3.47185 6.31312 6.07557 10.919 5.6776 6.41458 1.53911 8.27534 0 1.74176 1.07743 2.48014 5.50953 6.02996 1.5156 6.79216 7.82387 4.015 1.68074 7.4363 6.66469 7.13901 6.34046 6.49174 6.98517 7.01143 9.22868 6.04928 4.43666 3.96401 3.49257 1.57939 7.81121 3.32393 8.54992 6.79403 3.75037 3.14143 5.66225 9.9168 7.11253 4.19284 9.35067 1.83935 
4.58463 7.5807 5.77946 5.23096 2.68453 3.58669 3.91827 1.90486 4.97117 6.49847 9.95274 4.30375 4.92573 1.79057 6.97876 1.74176 0 1.74725 1.67498 3.89111 5.06635 1.72863 6.85766 6.08625 5.17106 2.17604 7.25552 4.93216 7.85469 5.30393 6.0956 5.82598 6.96271 8.47241 5.97651 3.61968 4.7321 1.76643 3.32081 7.87121 3.59825 7.86592 5.51875 2.10251 2.52736 4.4867 9.16055 5.37371 2.50293 8.1543 0.649224 
4.5966 5.98248 6.51706 3.87205 1.03145 3.54547 5.34859 3.6521 5.50465 5.10925 9.91249 4.9035 5.70886 2.44919 7.41376 1.07743 1.74725 0 1.63652 4.95759 5.05657 2.4094 5.74511 7.50196 3.43283 0.62316 6.36371 6.32597 6.296 5.38736 5.41616 6.07168 5.94952 8.18249 4.98167 3.45043 3.11639 3.42934 2.14425 6.76721 2.28156 7.49471 5.93913 3.31404 2.14994 4.77849 8.86867 6.80846 3.79919 8.43158 2.17897 
3.10118 6.30463 4.88119 3.77341 1.93108 2.05083 4.01525 3.14191 3.87402 5.02591 8.4875 3.26719 4.07798 3.30263 5.80718 2.48014 1.67498 1.63652 0 3.40726 3.57925 3.2448 5.23518 6.0969 4.35469 1.50894 5.58563 4.92787 6.51923 3.87259 4.42234 4.50508 5.31264 6.89308 4.33018 2.02636 3.59272 2.59308 3.77853 6.23804 2.22279 6.25688 4.32727 1.96448 0.852396 3.18418 7.58365 5.43329 2.45478 6.87055 2.3241 
2.87592 8.93253 2.08405 6.27187 5.32102 2.7847 1.3673 3.42596 1.84663 7.31525 7.08942 1.38231 1.29263 5.55984 3.59918 5.50953 3.89111 4.95759 3.40726 0 3.13823 5.49947 6.85252 2.85102 7.60082 4.91618 6.61596 1.79177 9.01611 3.05551 5.25855 3.03115 6.68446 6.24887 5.90733 3.04304 6.63159 2.69431 7.01682 7.64747 5.16678 5.91049 2.4478 1.7888 3.46583 2.19437 6.85328 2.30119 1.45161 4.90609 4.23349 
0.482522 6.57803 2.67715 4.13193 4.77834 1.52998 4.49766 5.71207 1.629 4.82708 4.91017 1.77062 2.42979 6.82477 2.65472 6.02996 5.06635 5.05657 3.57925 3.13823 0 6.7644 3.98783 5.62953 6.23292 4.64604 3.544 4.8044 6.53969 0.40016 2.2247 1.20595 3.72229 3.45722 3.13794 1.60711 5.04165 4.91781 7.13343 4.64161 3.82674 2.94549 1.49637 3.67184 2.90666 0.944985 4.13377 5.26197 3.78583 3.43121 5.66604 
6.28188 8.29993 7.46203 6.28135 3.41677 5.25965 5.2691 2.6287 6.6924 7.51659 11.6648 6.02262 6.60699 0.0621042 8.70142 1.5156 1.72863 2.4094 3.2448 5.49947 6.7644 0 8.12278 7.36868 5.52352 3.02804 8.66638 6.27593 8.64147 7.01673 7.60471 7.55324 8.29746 10.133 7.31637 5.26346 5.45932 2.98638 2.65275 9.14659 4.67903 9.50165 7.24556 3.73169 4.06288 6.21298 10.8232 6.65637 4.05752 9.88276 1.26599 
4.05535 3.03065 6.64541 2.05903 4.83824 4.15554 8.10909 8.31679 5.61265 1.46187 6.33382 5.62121 6.39684 8.16838 6.17434 6.79216 6.85766 5.74511 5.23518 6.85252 3.98783 8.12278 0 9.55638 4.39258 5.12314 1.13096 8.62695 2.82386 4.2919 1.82539 4.95377 0.481451 4.26318 0.964568 3.92886 3.37747 7.65147 7.06814 1.02383 3.46842 3.55814 5.43394 6.59433 4.42233 4.79714 4.74945 9.11782 6.93273 6.28359 7.49541 
5.50183 11.7726 3.30513 9.1165 8.0268 5.61071 2.17119 4.79001 4.0241 10.1304 8.25781 3.93592 3.20814 7.42079 4.75451 7.82387 6.08625 7.50196 6.0969 2.85102 5.62953 7.36868 9.55638 0 10.399 7.57846 9.17093 1.17638 11.8422 5.41285 7.85033 5.03164 9.33447 8.07571 8.63896 5.87221 9.46775 4.40708 9.39803 10.2685 8.00183 7.95196 4.40693 4.19196 6.28274 4.76164 8.55189 0.715433 3.70312 5.92721 6.19125 
5.93513 2.99081 8.55408 2.49269 2.52401 5.17474 8.36347 7.0705 7.39776 3.07069 10.2945 6.99394 7.90908 5.54141 8.88762 4.015 5.17106 3.43283 4.35469 7.60082 6.23292 5.52352 4.39258 10.399 0 3.03673 5.43969 9.24533 3.41548 6.63282 5.22894 7.43765 4.8139 8.26401 4.1832 4.939 1.21744 6.75996 3.38161 5.21646 2.50429 7.51107 7.59607 6.31917 4.13591 6.48112 8.86384 9.75818 6.80875 9.53053 5.60151 
4.20354 5.43205 6.31657 3.25453 0.514819 3.17466 5.46186 4.05218 5.25271 4.49822 9.44498 4.68979 5.53997 3.06903 7.09866 1.68074 2.17604 0.62316 1.50894 4.91618 4.64604 3.02804 5.12314 7.57846 3.03673 0 5.75644 6.40445 5.72889 4.99673 4.84337 5.71664 5.33249 7.66672 4.36859 3.0446 2.56904 3.72477 2.48782 6.14487 1.65842 6.96586 5.64095 3.39958 1.77768 4.46606 8.349 6.90259 3.89427 8.05849 2.69048 
3.74061 4.12127 6.07814 3.00027 5.54895 4.12672 7.93948 8.52751 5.15232 2.59127 5.21743 5.2917 5.96481 8.71662 5.38313 7.4363 7.25552 6.36371 5.58563 6.61596 3.544 8.66638 1.13096 9.17093 5.43969 5.75644 0 8.33549 3.87105 3.76975 1.36073 4.31224 0.65348 3.15447 1.40661 3.94567 4.35382 7.80696 7.89288 1.16216 4.15774 2.47367 4.86407 6.65917 4.73654 4.45018 3.62129 8.80164 6.93285 5.33032 7.90409 
4.60564 10.7124 2.87605 8.04877 6.8561 4.57566 1.0168 3.75574 3.28729 9.10587 8.06337 3.0438 2.49458 6.3301 4.47108 6.66469 4.93216 6.32597 4.92787 1.79177 4.8044 6.27593 8.62695 1.17638 9.24533 6.40445 8.33549 0 10.8037 4.64771 6.9885 4.41178 8.44116 7.59276 7.68817 4.83313 8.33789 3.29313 8.23534 9.39561 6.87332 7.36976 3.77805 3.0156 5.14601 3.88535 8.13173 0.518639 2.5269 5.74542 5.07099 
6.48197 0.467731 9.21061 2.79582 5.26465 6.23412 10.1202 9.62455 8.10126 1.72473 9.06332 7.96454 8.82621 8.67082 8.92709 7.13901 7.85469 6.296 6.51923 9.01611 6.53969 8.64147 2.82386 11.8422 3.41548 5.72889 3.87105 10.8037 0 6.8931 4.56872 7.62478 3.2789 7.01747 3.43691 5.97404 3.18503 9.11198 6.77292 2.98281 4.30605 6.34445 8.03332 8.29625 5.9016 7.20603 7.43532 11.3166 8.72466 9.10386 8.41215 
0.793359 6.94357 2.35351 4.52262 5.14674 1.84282 4.42281 5.83141 1.38881 5.18768 4.64901 1.67357 2.20541 7.0777 2.2548 6.34046 5.30393 5.38736 3.87259 3.05551 0.40016 7.01673 4.2919 5.41285 6.63282 4.99673 3.76975 4.64771 6.8931 0 2.49363 0.80583 3.99938 3.32921 3.47337 1.9522 5.4418 5.03168 7.48128 4.89346 4.2211 2.88966 1.14602 3.78597 3.24012 0.938372 3.98825 5.08608 3.84962 3.06402 5.88765 
2.38569 4.69992 4.84161 2.75982 4.7348 2.79757 6.57893 7.24775 3.85113 2.95808 5.06565 3.94623 4.65446 7.65849 4.36475 6.49174 6.0956 5.41616 4.42234 5.25855 2.2247 7.60471 1.82539 7.85033 5.22894 4.84337 1.36073 6.9885 4.56872 2.49363 0 3.12981 1.5058 3.04808 1.18686 2.63644 4.03249 6.50811 7.16662 2.4182 3.39623 2.2964 3.62554 5.33514 3.57191 3.10529 3.67832 7.4606 5.5904 4.58781 6.74376 
1.54549 7.69526 1.78591 5.31613 5.89625 2.54199 4.36584 6.13103 1.18581 5.93452 4.2029 1.74674 1.9198 7.61497 1.45094 6.98517 5.82598 6.07168 4.50508 3.03115 1.20595 7.55324 4.95377 5.03164 7.43765 5.71664 4.31224 4.41178 7.62478 0.80583 3.12981 0 4.62129 3.22495 4.18971 2.68881 6.24759 5.3321 8.18971 5.46454 5.01593 2.95809 0.63457 4.11274 3.94302 1.34175 3.82213 4.79994 4.08191 2.36553 6.37581 
3.84044 3.50243 6.34662 2.41225 5.08427 4.05868 7.97197 8.342 5.35107 1.93825 5.85297 5.4109 6.14928 8.34529 5.79249 7.01143 6.96271 5.94952 5.31264 6.68446 3.72229 8.29746 0.481451 9.33447 4.8139 5.33249 0.65348 8.44116 3.2789 3.99938 1.5058 4.62129 0 3.78318 0.987149 3.84925 3.75692 7.65099 7.37549 0.976329 3.69687 3.08221 5.13 6.55144 4.47851 4.57534 4.26835 8.92297 6.86336 5.84734 7.607 
3.92345 7.27574 4.77909 5.7771 7.6449 4.88573 7.59059 9.15592 4.40921 5.69366 2.07464 4.91429 5.12563 10.1918 3.41018 9.22868 8.47241 8.18249 6.89308 6.24887 3.45722 10.133 4.26318 8.07571 8.26401 7.66672 3.15447 7.59276 7.01747 3.32921 3.04808 3.22495 3.78318 0 4.10602 4.86961 7.07664 8.35755 10.0912 4.11559 6.37616 0.753103 3.84097 7.1107 6.11176 4.26573 0.690649 7.94273 7.17588 2.69793 9.08971 
3.1517 3.53507 5.81455 1.69179 4.1456 3.19295 7.15161 7.38016 4.74241 1.7803 6.1647 4.70418 5.50826 7.36475 5.49809 6.04928 5.97651 4.98167 4.33018 5.90733 3.13794 7.31637 0.964568 8.63896 4.1832 4.36859 1.40661 7.68817 3.43691 3.47337 1.18686 4.18971 0.987149 4.10602 0 2.96464 3.03335 6.70299 6.48817 1.91605 2.754 3.35741 4.61874 5.63319 3.50106 3.89351 4.68614 8.18345 5.9685 5.77353 6.62035 
1.15926 5.90137 3.61578 3.25353 3.20745 0.262575 4.21132 4.61429 2.45889 4.27277 6.48319 2.09655 3.01102 5.32217 4.10682 4.43666 3.61968 3.45043 2.02636 3.04304 1.60711 5.26346 3.92886 5.87221 4.939 3.0446 3.94567 4.83313 5.97404 1.9522 2.63644 2.68881 3.84925 4.86961 2.96464 0 3.82291 3.87176 5.53006 4.82492 2.44015 4.24738 2.70442 2.7148 1.30138 1.55049 5.5599 5.3442 3.01423 5.01515 4.25129 
4.76467 2.86679 7.4318 1.35447 2.08723 4.07008 7.51149 6.56837 6.27024 2.25092 9.09464 5.90871 6.82595 5.48983 7.69498 3.96401 4.7321 3.11639 3.59272 6.63159 5.04165 5.45932 3.37747 9.46775 1.21744 2.56904 4.35382 8.33789 3.18503 5.4418 4.03249 6.24759 3.75692 7.07664 3.03335 3.82291 0 6.14194 3.81568 4.29331 1.46593 6.32364 6.43336 5.52057 3.193 5.344 7.68871 8.85562 5.99407 8.3159 5.25936 
4.47925 8.89578 4.76764 6.35446 4.23605 3.72236 2.28312 0.801162 4.2575 7.59433 9.53136 3.60653 3.93875 3.04165 6.20465 3.49257 1.76643 3.42934 2.59308 2.69431 4.91781 2.98638 7.65147 4.40708 6.75996 3.72477 7.80696 3.29313 9.11198 5.03168 6.50811 5.3321 7.65099 8.35755 6.70299 3.87176 6.14194 0 5.06955 8.61386 4.81396 7.86166 4.86919 1.24708 3.27652 4.10288 9.01993 3.69185 1.28617 7.48126 1.78418 
6.68792 6.36328 8.65422 5.0186 2.44656 5.65033 7.22702 5.00346 7.6489 6.06575 11.9151 7.04536 7.83794 2.64207 9.54973 1.57939 3.32081 2.14425 3.77853 7.01682 7.13343 2.65275 7.06814 9.39803 3.38161 2.48782 7.89288 8.23534 6.77292 7.48128 7.16662 8.18971 7.37549 10.0912 6.48817 5.53006 3.81568 5.06955 0 8.04399 3.7781 9.37271 8.07851 5.28868 4.24746 6.91285 10.7654 8.68788 5.74544 10.54 3.372 
4.79027 3.31474 7.22105 3.02581 5.85177 5.03501 8.94266 9.29583 6.26477 2.15269 6.12058 6.35798 7.07115 9.19215 6.54375 7.81121 7.87121 6.76721 6.23804 7.64747 4.64161 9.14659 1.02383 10.2685 5.21646 6.14487 1.16216 9.39561 2.98281 4.89346 2.4182 5.46454 0.976329 4.11559 1.91605 4.82492 4.29331 8.61386 8.04399 0 4.48858 3.5048 6.00455 7.52407 5.41486 5.51875 4.47812 9.87275 7.83913 6.44906 8.51102 
3.483 4.08204 6.05201 1.63726 1.3916 2.67178 6.05735 5.32028 4.89829 2.90308 8.28783 4.4908 5.40677 4.7218 6.46454 3.32393 3.59825 2.28156 2.22279 5.16678 3.82674 4.67903 3.46842 8.00183 2.50429 1.65842 4.15774 6.87332 4.30605 4.2211 3.39623 5.01593 3.69687 6.37616 2.754 2.44015 1.46593 4.81396 3.7781 4.48858 0 5.64128 5.12255 4.09334 1.7319 3.98822 7.0367 7.39129 4.55691 7.21968 4.19563 
3.38623 6.58419 4.65081 5.02486 6.92637 4.28878 7.2719 8.65383 4.10881 4.97089 2.81038 4.54162 4.87642 9.5595 3.46535 8.54992 7.86592 7.49471 6.25688 5.91049 2.94549 9.50165 3.55814 7.95196 7.51107 6.96586 2.47367 7.36976 6.34445 2.88966 2.2964 2.95809 3.08221 0.753103 3.35741 4.24738 6.32364 7.86166 9.37271 3.5048 5.64128 0 3.59231 6.61661 5.45572 3.82239 1.39551 7.75432 6.72312 3.02651 8.49309 
1.67102 8.07439 1.21733 5.60476 5.8722 2.5094 3.75998 5.66097 0.61848 6.32291 4.68048 1.26645 1.28878 7.30763 1.48131 6.79403 5.51875 5.93913 4.32727 2.4478 1.49637 7.24556 5.43394 4.40693 7.59607 5.64095 4.86407 3.77805 8.03332 1.14602 3.62554 0.63457 5.13 3.84097 4.61874 2.70442 6.43336 4.86919 8.07851 6.00455 5.12255 3.59231 0 3.6825 3.86718 1.17723 4.42094 4.16564 3.59591 2.6474 6.03453 
3.2376 8.1278 3.73934 5.50228 3.86663 2.53758 2.06272 2.04555 3.08339 6.69465 8.31564 2.41661 2.88612 3.79283 5.0717 3.75037 2.10251 3.31404 1.96448 1.7888 3.67184 3.73169 6.59433 4.19196 6.31917 3.39958 6.65917 3.0156 8.29625 3.78597 5.33514 4.11274 6.55144 7.1107 5.63319 2.7148 5.52057 1.24708 5.28868 7.52407 4.09334 6.61661 3.6825 0 2.39842 2.86019 7.77401 3.50661 0.494864 6.32015 2.46879 
2.44802 5.72944 4.6007 3.1121 2.02189 1.40299 4.32661 3.90183 3.5025 4.32919 7.77827 2.9789 3.86663 4.11909 5.32119 3.14143 2.52736 2.14994 0.852396 3.46583 2.90666 4.06288 4.42233 6.28274 4.13591 1.77768 4.73654 5.14601 5.9016 3.24012 3.57191 3.94302 4.47851 6.11176 3.50106 1.30138 3.193 3.27652 4.24746 5.41486 1.7319 5.45572 3.86718 2.39842 0 2.69076 6.80199 5.66336 2.84426 6.29343 3.17649 
0.742483 7.19727 2.09356 4.62831 4.6954 1.33973 3.55267 4.90363 0.931975 5.48131 5.49808 0.841576 1.62239 6.27465 2.63695 5.66225 4.4867 4.77849 3.18418 2.19437 0.944985 6.21298 4.79714 4.76164 6.48112 4.46606 4.45018 3.88535 7.20603 0.938372 3.10529 1.34175 4.57534 4.26573 3.89351 1.55049 5.344 4.10288 6.91285 5.51875 3.98822 3.82239 1.17723 2.86019 2.69076 0 4.92041 4.35532 2.91137 3.69671 5.04429 
4.60376 7.72144 5.28247 6.37165 8.31886 5.57403 8.18074 9.81954 5.00725 6.20168 1.65034 5.53993 5.69295 10.882 3.81977 9.9168 9.16055 8.86867 7.58365 6.85328 4.13377 10.8232 4.74945 8.55189 8.86384 8.349 3.62129 8.13173 7.43532 3.98825 3.67832 3.82213 4.26835 0.690649 4.68614 5.5599 7.68871 9.01993 10.7654 4.47812 7.0367 1.39551 4.42094 7.77401 6.80199 4.92041 0 8.45995 7.8251 2.90838 9.77636 
5.08331 11.2281 3.17839 8.56494 7.35903 5.08583 1.46447 4.08736 3.7094 9.61638 8.30517 3.51491 2.90077 6.7088 4.73281 7.11253 5.37371 6.80846 5.43329 2.30119 5.26197 6.65637 9.11782 0.715433 9.75818 6.90259 8.80164 0.518639 11.3166 5.08608 7.4606 4.79994 8.92297 7.94273 8.18345 5.3442 8.85562 3.69185 8.68788 9.87275 7.39129 7.75432 4.16564 3.50661 5.66336 4.35532 8.45995 0 3.01424 5.97429 5.47597 
3.38413 8.56852 3.49647 5.92884 4.36128 2.81069 1.56786 2.06706 2.98081 7.1019 8.26982 2.34126 2.65904 4.11735 4.91849 4.19284 2.50293 3.79919 2.45478 1.45161 3.78583 4.05752 6.93273 3.70312 6.80875 3.89427 6.93285 2.5269 8.72466 3.84962 5.5904 4.08191 6.86336 7.17588 5.9685 3.01423 5.99407 1.28617 5.74544 7.83913 4.55691 6.72312 3.59591 0.494864 2.84426 2.91137 7.8251 3.01424 0 6.19705 2.79292 
3.85594 9.27165 2.92048 7.21362 8.20851 4.89055 6.05834 8.26223 3.23677 7.54394 2.33377 3.90587 3.61474 9.94475 1.31329 9.35067 8.1543 8.43158 6.87055 4.90609 3.43121 9.88276 6.28359 5.92721 9.53053 8.05849 5.33032 5.74542 9.10386 3.06402 4.58781 2.36553 5.84734 2.69793 5.77353 5.01515 8.3159 7.48126 10.54 6.44906 7.21968 3.02651 2.6474 6.32015 6.29343 3.69671 2.90838 5.97429 6.19705 0 8.67992 
5.18621 8.12201 6.20459 5.83254 3.18071 4.20691 4.05644 1.63489 5.46716 7.09868 10.5314 4.79486 5.34997 1.32648 7.47592 1.83935 0.649224 2.17897 2.3241 4.23349 5.66604 1.26599 7.49541 6.19125 5.60151 2.69048 7.90409 5.07099 8.41215 5.88765 6.74376 6.37581 7.607 9.08971 6.62035 4.25129 5.25936 1.78418 3.372 8.51102 4.19563 8.49309 6.03453 2.46879 3.17649 5.04429 9.77636 5.47597 2.79292 8.67992 0 
