50
2.4252 15.4792 1.38959 0
9.53013 18.3406 10.4381 0
3.76323 7.96397 28.1543 0
7.80977 19.1809 1.23842 0
14.8388 22.2482 0.268441 0
1.29171 8.48538 25.1402 0
2.74941 21.6376 0.61989 0
11.0054 21.25 1.15309 0
5.99673 21.8525 2.10166 0
11.7498 23.6693 14.2107 0
3.71483 15.0385 0.372673 0
9.15002 19.8011 2.23665 0
2.00457 6.08028 1.82877 0
11.9934 17.0647 0.261931 1
7.46325 8.93245 2.03211 0
7.64052 9.17219 1.74144 0
13.128 15.8671 0.208359 1
17.9554 18.1749 0.690179 0
4.73018 7.41602 1.19534 0
3.17783 19.5285 1.27488 0
7.2924 17.7144 1.60899 0
13.358 22.6195 8.15687 0
17.457 23.2207 1.08079 0
6.90047 21.6697 2.29543 1
8.39907 18.6859 1.6612 0
2.08189 12.7231 3.78219 1
13.614 23.3517 2.23472 0
10.6181 13.0732 1.82964 0
14.3763 20.5416 1.49846 0
6.49281 9.24778 0.421887 0
15.9039 16.3713 1.83752 1
12.2674 18.7193 3.57475 0
1.23126 16.1385 23.0301 0
6.4814 21.8443 1.09869 0
9.12005 10.2296 0.516084 0
9.07613 16.3786 0.330163 0
11.0865 21.9582 1.93789 0
5.67155 21.3353 1.86183 0
1.59321 12.9909 0.828448 0
14.5152 17.1162 1.39426 0
1.19127 4.66276 2.3599 0
12.0951 12.3977 1.03299 0
7.15417 19.7968 3.14805 0
6.20498 13.68 2.13555 0
8.20366 10.0348 1.79091 0
0.205578 18.1137 21.9913 0
0.0868218 4.46203 14.9239 1
8.07667 15.802 0.665292 0
3.0486 17.1113 2.15703 0
16.9627 17.5537 2.16456 0
400 50 500
0.025 0.0125 10000 3000 15 1e+06 300000 2 2
0 15.3117 3.3176 15.8061 10.3701 14.1667 15.2386 5.76285 21.0959 18.4734 15.5771 19.9347 8.38353 12.5111 8.41138 11.6365 9.28077 5.1748 12.6457 9.83269 2.83747 2.76035 16.7466 17.4948 15.0141 9.69917 16.8593 8.52982 14.2649 13.738 4.68783 4.28808 13.188 17.9004 14.7791 10.3296 15.3989 5.18257 3.3172 23.8311 16.1471 16.8758 17.1204 18.1384 6.98967 10.9704 12.445 18.5762 17.7086 11.8868 5.15862 
15.3117 0 13.3631 8.10485 17.9678 1.55906 3.87029 9.85823 14.8937 15.7961 10.1166 14.6209 15.3645 2.8317 15.2174 11.7035 17.0599 12.1962 3.15449 13.3287 12.6058 13.0777 5.12025 6.25991 18.4072 7.34593 13.8758 13.801 11.3311 1.64265 10.6955 11.6081 2.16079 2.60244 5.22217 9.36431 18.3833 10.1394 14.2579 15.5779 16.82 11.0518 17.955 15.5123 17.1055 4.74379 8.8802 3.43932 9.46314 11.1067 12.7151 
3.3176 13.3631 0 12.7079 8.00716 12.4523 12.636 5.22919 17.7876 15.1776 12.3313 16.6196 5.58112 10.5367 5.56746 8.31896 6.84271 1.88011 10.4139 6.59883 3.31686 3.99551 14.0137 14.6544 12.1169 6.8875 13.5442 5.38527 10.9576 11.916 3.05275 4.68164 11.3663 15.9592 11.9839 7.11936 12.4625 3.73318 5.57401 20.56 12.9854 13.6093 14.0057 14.8404 5.12932 8.7119 9.24943 16.7648 14.5592 8.57442 1.84777 
15.8061 8.10485 12.7079 0 13.2654 8.96554 4.24715 12.4303 7.06863 7.76654 2.22367 6.58981 11.4277 7.64781 11.2653 6.12644 12.77 10.8782 6.50362 8.67307 13.9838 14.7572 3.66095 3.22832 11.7166 6.33007 5.95469 9.86165 4.14885 8.38284 11.5843 13.877 8.32047 9.24904 2.91848 5.67115 11.5435 11.4454 16.4651 8.68046 9.46458 2.94833 10.4734 7.50659 14.005 6.922 3.60316 10.3459 2.00235 5.46369 11.1387 
10.3701 17.9678 8.00716 13.2654 0 17.6528 15.5575 12.8313 15.0215 11.0914 11.6341 13.6794 2.7896 15.5115 2.90064 7.14826 1.17105 7.36614 14.8355 4.77703 11.3229 11.9677 16.2136 16.2914 5.30621 10.6678 10.387 4.19029 9.48716 16.9805 10.4693 12.6465 16.5115 20.2871 14.3007 8.71439 5.78629 11.0658 13.3903 18.3304 7.59493 12.3501 8.1304 10.8525 3.49388 13.4501 10.016 21.3099 14.3746 7.82295 6.86149 
14.1667 1.55906 12.4523 8.96554 17.6528 0 4.88575 8.57635 15.9271 16.4814 10.822 15.5508 14.9681 2.14138 14.8287 11.7942 16.6835 11.4494 2.99543 13.1511 11.4029 11.8199 6.36446 7.52794 18.5439 6.99443 14.5099 13.4626 11.7899 0.696822 9.64285 10.3097 1.14741 3.83771 6.04864 9.27721 18.5618 9.04551 12.9092 16.8291 17.1815 11.8743 18.3441 16.1807 16.5025 4.20425 9.15116 4.41126 10.5079 11.2474 11.9894 
15.2386 3.87029 12.636 4.24715 15.5575 4.88575 0 10.6124 11.0616 11.9861 6.32888 10.7533 13.2094 4.11691 13.0502 8.70823 14.8054 11.0782 3.18037 10.7827 12.8713 13.5224 1.73846 2.84706 15.1692 5.7854 10.1087 11.5793 7.77408 4.39497 10.5902 12.2968 4.4817 5.18383 1.46984 6.88679 15.0837 10.216 15.0238 11.9942 13.296 7.19523 14.3881 11.7134 15.38 4.48394 5.72234 6.28998 5.63216 8.04911 11.5056 
5.76285 9.85823 5.22919 12.4303 12.8313 8.57635 10.6124 0 18.8742 17.3456 12.9746 17.9417 10.1296 7.18565 10.0607 10.4977 11.6669 5.4736 7.61079 9.96537 2.926 3.24693 12.2936 13.2439 16.0561 6.2042 15.4216 9.28814 12.4162 8.2305 2.36209 1.75347 7.698 12.3897 10.5775 8.13531 16.3025 1.79779 4.45975 21.053 16.1319 14.3465 17.2825 16.9954 10.3082 6.1287 9.83495 12.9745 14.4327 10.4057 5.96991 
21.0959 14.8937 17.7876 7.06863 15.0215 15.9271 11.0616 18.8742 0 4.29785 5.90792 1.34291 14.4135 14.7149 14.2792 9.53214 15.082 15.9211 13.5721 11.8325 19.8634 20.6848 9.86197 8.83532 10.9996 12.6865 4.66427 13.2901 6.83093 15.3831 17.5524 20.1001 15.3602 15.4627 9.91744 10.9685 10.5819 17.5874 22.4668 3.35633 8.01922 4.54213 8.29019 4.40523 17.1761 13.8919 9.05295 16.4777 5.43219 9.21514 15.9761 
18.4734 15.7961 15.1776 7.76654 11.0914 16.4814 11.9861 17.3456 4.29785 0 5.68077 3.05307 10.9514 14.8316 10.8388 6.98517 11.3231 13.4075 13.6962 8.70724 17.7352 18.5639 11.3327 10.5988 6.72672 11.5172 2.02378 10.1229 5.0569 15.8413 15.6161 18.2789 15.6686 17.0034 10.5765 9.22383 6.29662 15.8075 20.3479 7.62755 3.75512 4.87751 4.00688 0.350323 13.6306 13.4804 7.89231 18.0941 7.10137 6.95821 13.3303 
15.5771 10.1166 12.3313 2.22367 11.6341 10.822 6.32888 12.9746 5.90792 5.68077 0 5.08881 10.1162 9.26417 9.95873 4.70645 11.2801 10.4529 8.11478 7.32116 14.1002 14.9105 5.88422 5.39591 9.59801 6.77976 3.78054 8.66116 2.17182 10.1941 11.7461 14.2411 10.0523 11.4276 4.90089 5.2577 9.39722 11.7359 16.6772 8.27368 7.25337 1.3722 8.25092 5.39596 12.8189 8.14284 3.20393 12.5295 2.74059 4.13714 10.6082 
19.9347 14.6209 16.6196 6.58981 13.6794 15.5508 10.7533 17.9417 1.34291 3.05307 5.08881 0 13.1058 14.1949 12.9736 8.32296 13.7482 14.7641 13.0433 10.5574 18.7991 19.6247 9.72443 8.78795 9.69922 11.7971 3.33658 12.0156 5.69717 14.9726 16.5206 19.1044 14.9034 15.4118 9.50247 9.92719 9.29135 16.5906 21.4122 4.68805 6.72065 3.78861 7.05958 3.11917 15.8636 13.2125 8.10951 16.4603 5.23845 8.04987 14.795 
8.38353 15.3645 5.58112 11.4277 2.7896 14.9681 13.2094 10.1296 14.4135 10.9514 10.1162 13.1058 0 12.8307 0.163192 5.41199 1.72048 4.65809 12.2145 2.79566 8.86589 9.57433 14.0396 14.2569 6.63076 8.02328 9.77793 1.63246 8.11305 14.3055 7.77495 10.0837 13.8225 17.7515 12.0484 6.3258 7.01791 8.34625 11.1298 17.5831 8.01949 11.065 8.87727 10.6553 2.77124 10.7654 7.94287 18.7479 12.8043 6.01923 4.19021 
12.5111 2.8317 10.5367 7.64781 15.5115 2.14138 4.11691 7.18565 14.7149 14.8316 9.26417 14.1949 12.8307 0 12.6906 9.75074 14.545 9.41735 1.15262 11.0213 9.84327 10.3564 5.83292 6.96325 16.4968 4.8545 12.8264 11.3214 9.97995 1.47661 7.8732 8.93791 1.00878 5.43379 4.85334 7.17996 16.5335 7.33042 11.6351 15.993 15.2602 10.4326 16.4365 14.5163 14.4117 2.06527 7.23774 6.23344 9.40828 9.2315 9.94671 
8.41138 15.2174 5.56746 11.2653 2.90064 14.8287 13.0502 10.0607 14.2792 10.8388 9.95873 12.9736 0.163192 12.6906 0 5.25378 1.85527 4.5938 12.0683 2.63767 8.84074 9.55667 13.8773 14.0938 6.608 7.87801 9.64797 1.47184 7.96031 14.1649 7.70954 10.0414 13.6835 17.6001 11.887 6.16581 6.9876 8.27392 11.1259 17.4426 7.94027 10.9123 8.81239 10.5407 2.91437 10.6254 7.77968 18.5983 12.6449 5.85906 4.137 
11.6365 11.7035 8.31896 6.12644 7.14826 11.7942 8.70823 10.4977 9.53214 6.98517 4.70645 8.32296 5.41199 9.75074 5.25378 0 6.65357 6.48918 8.80083 2.61634 10.7508 11.5799 9.14727 9.15437 6.75008 5.2858 5.23806 3.97114 2.80156 11.0976 8.65076 11.3218 10.7395 13.7368 7.34133 2.71177 6.78434 8.88179 13.3653 12.4881 5.8152 5.72059 7.00598 6.638 8.11606 7.89201 2.99115 14.8164 7.39576 0.681254 6.48253 
9.28077 17.0599 6.84271 12.77 1.17105 16.6835 14.8054 11.6669 15.082 11.3231 11.2801 13.7482 1.72048 14.545 1.85527 6.65357 0 6.20728 13.9137 4.11981 10.1594 10.8117 15.5572 15.7073 6.04422 9.72637 10.4186 3.26613 9.18143 16.019 9.30477 11.4763 15.5385 19.4258 13.5991 7.92261 6.49721 9.90576 12.2554 18.343 8.01622 12.1047 8.68693 11.0589 2.58055 12.4799 9.39188 20.4315 14.0091 7.30728 5.69717 
5.1748 12.1962 1.88011 10.8782 7.36614 11.4494 11.0782 5.4736 15.9211 13.4075 10.4529 14.7641 4.65809 9.41735 4.5938 6.48918 6.20728 0 9.12843 4.99701 4.51911 5.3162 12.3682 12.9463 10.8428 5.29298 11.7259 3.98777 9.09016 10.858 3.11687 5.52379 10.3226 14.7591 10.3178 5.25553 11.1439 3.69976 7.04771 18.6801 11.4135 11.7292 12.4823 13.0664 5.19171 7.45985 7.38661 15.6321 12.7061 6.71446 0.56187 
12.6457 3.15449 10.4139 6.50362 14.8355 2.99543 3.18037 7.61079 13.5721 13.6962 8.11478 13.0433 12.2145 1.15262 12.0683 8.80083 13.9137 9.12843 0 10.2418 10.0896 10.6708 4.91881 6.009 15.5497 4.19273 11.6957 10.6594 8.8793 2.30002 7.96013 9.33951 2.00087 5.64608 3.74733 6.318 15.5664 7.48472 12.0657 14.9064 14.2131 9.27995 15.3824 13.3832 13.9652 1.70393 6.17935 6.57474 8.28842 8.25197 9.63222 
9.83269 13.3287 6.59883 8.67307 4.77703 13.1511 10.7827 9.96537 11.8325 8.70724 7.32116 10.5574 2.79566 11.0213 2.63767 2.61634 4.11981 4.99701 10.2418 0 9.51171 10.313 11.4561 11.5876 6.11722 6.18767 7.28309 1.45818 5.3434 12.4632 7.78704 10.3995 12.03 15.5755 9.52605 3.98175 6.34132 8.19678 12.0393 14.9218 6.418 8.29262 7.48818 8.38348 5.51649 8.99761 5.2749 16.6166 10.0101 3.23168 4.78752 
2.83747 12.6058 3.31686 13.9838 11.3229 11.4029 12.8713 2.926 19.8634 17.7352 14.1002 18.7991 8.86589 9.84327 8.84074 10.7508 10.1594 4.51911 10.0896 9.51171 0 0.829834 14.4653 15.3068 15.3077 7.67508 15.9494 8.47433 13.1127 11.0059 2.4002 1.57524 10.4609 15.1761 12.5851 8.89587 15.6277 2.6575 2.61994 22.3579 15.9225 15.4523 16.9994 17.3885 8.32937 8.46523 10.8976 15.8136 15.9547 10.8452 4.81185 
2.76035 13.0777 3.99551 14.7572 11.9677 11.8199 13.5224 3.24693 20.6848 18.5639 14.9105 19.6247 9.57433 10.3564 9.55667 11.5799 10.8117 5.3162 10.6708 10.313 0.829834 0 15.1402 16.0059 16.0635 8.4359 16.7792 9.24765 13.94 11.4591 3.18038 1.5825 10.9211 15.6249 13.2891 9.7164 16.3915 3.35487 1.79052 23.1624 16.7278 16.2652 17.7982 18.2173 8.87553 9.08037 11.7069 16.2209 16.7345 11.6749 5.58293 
16.7466 5.12025 14.0137 3.66095 16.2136 6.36446 1.73846 12.2936 9.86197 11.3327 5.88422 9.72443 14.0396 5.83292 13.8773 9.14727 15.5572 12.3682 4.91881 11.4561 14.4653 15.1402 0 1.16595 15.2505 7.12682 9.59224 12.4107 7.68649 5.95723 12.144 13.9577 6.11486 5.70815 2.06055 7.75965 15.1092 11.8082 16.6784 10.4738 13.1075 6.4554 14.1306 11.0934 16.3723 6.17138 6.19986 6.78135 4.48732 8.4672 12.7572 
17.4948 6.25991 14.6544 3.22832 16.2914 7.52794 2.84706 13.2439 8.83532 10.5988 5.39591 8.78795 14.2569 6.96325 14.0938 9.15437 15.7073 12.9463 6.009 11.5876 15.3068 16.0059 1.16595 0 14.9447 7.8061 8.96279 12.6434 7.37569 7.12297 12.9529 14.8776 7.27502 6.6367 2.72413 8.09421 14.7682 12.657 17.585 9.32046 12.6451 5.74691 13.6163 10.382 16.6942 7.15685 6.32001 7.674 3.57261 8.47495 13.3019 
15.0141 18.4072 12.1169 11.7166 5.30621 18.5439 15.1692 16.0561 10.9996 6.72672 9.59801 9.69922 6.63076 16.4968 6.608 6.75008 6.04422 10.8428 15.5497 6.11722 15.3077 16.0635 15.2505 14.9447 0 11.8926 6.84534 6.85531 7.57719 17.8474 13.8199 16.3603 17.4882 20.3156 13.7239 9.36231 0.499087 14.2725 17.6909 14.3469 2.98038 9.73822 3.02683 6.59455 8.62476 14.6024 9.54297 21.4121 12.1119 7.3093 10.4985 
9.69917 7.34593 6.8875 6.33007 10.6678 6.99443 5.7854 6.2042 12.6865 11.5172 6.77976 11.7971 8.02328 4.8545 7.87801 5.2858 9.72637 5.29298 4.19273 6.18767 7.67508 8.4359 7.12682 7.8061 11.8926 0 9.51959 6.4814 6.46725 6.3163 5.27638 7.56267 5.86055 9.78262 5.1076 2.57431 11.9863 5.11531 10.1352 14.8693 11.0722 8.15009 12.266 11.1723 9.83344 2.81163 3.70786 10.7498 8.31977 4.91927 5.72862 
16.8593 13.8758 13.5442 5.95469 10.387 14.5099 10.1087 15.4216 4.66427 2.02378 3.78054 3.33658 9.77793 12.8264 9.64797 5.23806 10.4186 11.7259 11.6957 7.28309 15.9494 16.7792 9.59224 8.96279 6.84534 9.51959 0 8.73732 3.05234 13.862 13.7698 16.4168 13.6756 15.1979 8.67324 7.28643 6.51192 13.9261 18.5687 7.94416 4.01527 3.24304 4.77665 1.69478 12.5311 11.457 5.87415 16.2973 5.63264 5.10728 11.7007 
8.52982 13.801 5.38527 9.86165 4.19029 13.4626 11.5793 9.28814 13.2901 10.1229 8.66116 12.0156 1.63246 11.3214 1.47184 3.97114 3.26613 3.98777 10.6594 1.45818 8.47433 9.24765 12.4107 12.6434 6.85531 6.4814 8.73732 0 6.75042 12.7911 6.99798 9.5062 12.3212 16.1596 10.4164 4.69414 7.15841 7.49131 10.9234 16.369 7.62081 9.6882 8.62239 9.80426 4.16624 9.25977 6.33967 17.1664 11.3084 4.52718 3.66486 
14.2649 11.3311 10.9576 4.14885 9.48716 11.7899 7.77408 12.4162 6.83093 5.0569 2.17182 5.69717 8.11305 9.97995 7.96031 2.80156 9.18143 9.09016 8.8793 5.3434 13.1127 13.94 7.68649 7.37569 7.57719 6.46725 3.05234 6.75042 0 11.1183 10.862 13.4787 10.8788 12.9577 6.30468 4.29519 7.42345 10.9722 15.7294 9.69825 5.52305 2.95197 6.632 4.71506 10.8583 8.484 2.84817 14.064 4.90186 2.39437 9.15248 
13.738 1.64265 11.916 8.38284 16.9805 0.696822 4.39497 8.2305 15.3831 15.8413 10.1941 14.9726 14.3055 1.47661 14.1649 11.0976 16.019 10.858 2.30002 12.4632 11.0059 11.4591 5.95723 7.12297 17.8474 6.3163 13.862 12.7911 11.1183 0 9.1624 9.97755 0.553288 4.17027 5.47567 8.58237 17.8662 8.58441 12.6188 16.3825 16.4962 11.2721 17.6608 15.5375 15.8793 3.54081 8.46382 4.86464 9.9805 10.5519 11.3928 
4.68783 10.6955 3.05275 11.5843 10.4693 9.64285 10.5902 2.36209 17.5524 15.6161 11.7461 16.5206 7.77495 7.8732 7.70954 8.65076 9.30477 3.11687 7.96013 7.78704 2.4002 3.18038 12.144 12.9529 13.8199 5.27638 13.7698 6.99798 10.862 9.1624 0 2.6739 8.60918 13.2955 10.2288 6.59374 14.0889 0.68057 4.93165 19.9879 14.0901 13.1058 15.2138 15.2668 8.00803 6.28263 8.54245 14.0256 13.5573 8.66874 3.60787 
4.28808 11.6081 4.68164 13.877 12.6465 10.3097 12.2968 1.75347 20.1001 18.2789 14.2411 19.1044 10.0837 8.93791 10.0414 11.3218 11.4763 5.52379 9.33951 10.3995 1.57524 1.5825 13.9577 14.8776 16.3603 7.56267 16.4168 9.5062 13.4787 9.97755 2.6739 0 9.44741 14.1313 12.1853 9.18905 16.651 2.51415 2.72986 22.4214 16.7441 15.6104 17.8584 17.9292 9.78661 7.81704 11.0521 14.6976 15.8741 11.3248 5.91692 
13.188 2.16079 11.3663 8.32047 16.5115 1.14741 4.4817 7.698 15.3602 15.6686 10.0523 14.9034 13.8225 1.00878 13.6835 10.7395 15.5385 10.3226 2.00087 12.03 10.4609 10.9211 6.11486 7.27502 17.4882 5.86055 13.6756 12.3212 10.8788 0.553288 8.60918 9.44741 0 4.71599 5.44392 8.18373 17.519 8.03204 12.0993 16.4703 16.2075 11.1719 17.379 15.3591 15.3604 3.06148 8.17525 5.41787 9.98821 10.2106 10.8596 
17.9004 2.60244 15.9592 9.24904 20.2871 3.83771 5.18383 12.3897 15.4627 17.0034 11.4276 15.4118 17.7515 5.43379 17.6001 13.7368 19.4258 14.7591 5.64608 15.5755 15.1761 15.6249 5.70815 6.6367 20.3156 9.78262 15.1979 16.1596 12.9577 4.17027 13.2955 14.1313 4.71599 0 6.65298 11.5942 20.2456 12.7343 16.7451 15.5867 18.4787 12.136 19.5653 16.7514 19.6005 7.29951 10.7964 1.10675 10.1757 13.1016 15.2702 
14.7791 5.22217 11.9839 2.91848 14.3007 6.04864 1.46984 10.5775 9.91744 10.5765 4.90089 9.50247 12.0484 4.85334 11.887 7.34133 13.5991 10.3178 3.74733 9.52605 12.5851 13.2891 2.06055 2.72413 13.7239 5.1076 8.67324 10.4164 6.30468 5.47567 10.2288 12.1853 5.44392 6.65298 0 5.73833 13.6301 9.93768 14.8828 11.1609 11.8262 5.84761 12.9188 10.296 14.3355 4.57508 4.35114 7.75934 4.55826 6.67193 10.7009 
10.3296 9.36431 7.11936 5.67115 8.71439 9.27721 6.88679 8.13531 10.9685 9.22383 5.2577 9.92719 6.3258 7.17996 6.16581 2.71177 7.92261 5.25553 6.318 3.98175 8.89587 9.7164 7.75965 8.09421 9.36231 2.57431 7.28643 4.69414 4.29519 8.58237 6.59374 9.18905 8.18373 11.5942 5.73833 0 9.43678 6.67935 11.4986 13.5294 8.51029 6.58357 9.70348 8.87416 8.61761 5.24194 2.1311 12.6351 7.45412 2.38557 5.47945 
15.3989 18.3833 12.4625 11.5435 5.78629 18.5618 15.0837 16.3025 10.5819 6.29662 9.39722 9.29135 7.01791 16.5335 6.9876 6.78434 6.49721 11.1439 15.5664 6.34132 15.6277 16.3915 15.1092 14.7682 0.499087 11.9863 6.51192 7.15841 7.42345 17.8662 14.0889 16.651 17.519 20.2456 13.6301 9.43678 0 14.526 18.0347 13.923 2.57439 9.47422 2.53637 6.17785 9.07651 14.6663 9.5053 21.3453 11.8634 7.31459 10.8159 
5.18257 10.1394 3.73318 11.4454 11.0658 9.04551 10.216 1.79779 17.5874 15.8075 11.7359 16.5906 8.34625 7.33042 8.27392 8.88179 9.90576 3.69976 7.48472 8.19678 2.6575 3.35487 11.8082 12.657 14.2725 5.11531 13.9261 7.49131 10.9722 8.58441 0.68057 2.51415 8.03204 12.7343 9.93768 6.67935 14.526 0 5.02058 19.9374 14.4265 13.1037 15.5653 15.4574 8.66967 5.83351 8.5424 13.4412 13.4339 8.84933 4.21354 
3.3172 14.2579 5.57401 16.4651 13.3903 12.9092 15.0238 4.45975 22.4668 20.3479 16.6772 21.4122 11.1298 11.6351 11.1259 13.3653 12.2554 7.04771 12.0657 12.0393 2.61994 1.79052 16.6784 17.585 17.6909 10.1352 18.5687 10.9234 15.7294 12.6188 4.93165 2.72986 12.0993 16.7451 14.8828 11.4986 18.0347 5.02058 0 24.918 18.4573 18.0354 19.513 20.0018 10.1412 10.5459 13.4733 17.2579 18.4514 13.465 7.27192 
23.8311 15.5779 20.56 8.68046 18.3304 16.8291 11.9942 21.053 3.35633 7.62755 8.27368 4.68805 17.5831 15.993 17.4426 12.4881 18.343 18.6801 14.9064 14.9218 22.3579 23.1624 10.4738 9.32046 14.3469 14.8693 7.94416 16.369 9.69825 16.3825 19.9879 22.4214 16.4703 15.5867 11.1609 13.5294 13.923 19.9374 24.918 0 11.3675 6.95551 11.586 7.75359 20.354 15.5646 11.4652 16.4872 6.70688 12.0815 18.7951 
16.1471 16.82 12.9854 9.46458 7.59493 17.1815 13.296 16.1319 8.01922 3.75512 7.25337 6.72065 8.01949 15.2602 7.94027 5.8152 8.01622 11.4135 14.2131 6.418 15.9225 16.7278 13.1075 12.6451 2.98038 11.0722 4.01527 7.62081 5.52305 16.4962 14.0901 16.7441 16.2075 18.4787 11.8262 8.51029 2.57439 14.4265 18.4573 11.3675 0 7.12351 1.19388 3.61438 10.4936 13.5489 8.03391 19.5853 9.53587 6.15896 11.198 
16.8758 11.0518 13.6093 2.94833 12.3501 11.8743 7.19523 14.3465 4.54213 4.87751 1.3722 3.78861 11.065 10.4326 10.9123 5.72059 12.1047 11.7292 9.27995 8.29262 15.4523 16.2652 6.4554 5.74691 9.73822 8.15009 3.24304 9.6882 2.95197 11.2721 13.1058 15.6104 11.1719 12.136 5.84761 6.58357 9.47422 13.1037 18.0354 6.95551 7.12351 0 7.98914 4.64425 13.8087 9.42659 4.5648 13.2229 2.41319 5.22716 11.8584 
17.1204 17.955 14.0057 10.4734 8.1304 18.3441 14.3881 17.2825 8.29019 4.00688 8.25092 7.05958 8.87727 16.4365 8.81239 7.00598 8.68693 12.4823 15.3824 7.48818 16.9994 17.7982 14.1306 13.6163 3.02683 12.266 4.77665 8.62239 6.632 17.6608 15.2138 17.8584 17.379 19.5653 12.9188 9.70348 2.53637 15.5653 19.513 11.586 1.19388 7.98914 0 3.96808 11.2248 14.7374 9.20372 20.6721 10.3966 7.35265 12.2427 
18.1384 15.5123 14.8404 7.50659 10.8525 16.1807 11.7134 16.9954 4.40523 0.350323 5.39596 3.11917 10.6553 14.5163 10.5407 6.638 11.0589 13.0664 13.3832 8.38348 17.3885 18.2173 11.0934 10.382 6.59455 11.1723 1.69478 9.80426 4.71506 15.5375 15.2668 17.9292 15.3591 16.7514 10.296 8.87416 6.17785 15.4574 20.0018 7.75359 3.61438 4.64425 3.96808 0 13.3456 13.1501 7.55386 17.8446 6.9107 6.60809 12.9929 
6.98967 17.1055 5.12932 14.005 3.49388 16.5025 15.38 10.3082 17.1761 13.6306 12.8189 15.8636 2.77124 14.4117 2.91437 8.11606 2.58055 5.19171 13.9652 5.51649 8.32937 8.87553 16.3723 16.6942 8.62476 9.83344 12.5311 4.16624 10.8583 15.8793 8.00803 9.78661 15.3604 19.6005 14.3355 8.61761 9.07651 8.66967 10.1412 20.354 10.4936 13.8087 11.2248 13.3456 0 12.3794 10.4445 20.5385 15.4745 8.69049 4.62986 
10.9704 4.74379 8.7119 6.922 13.4501 4.20425 4.48394 6.1287 13.8919 13.4804 8.14284 13.2125 10.7654 2.06527 10.6254 7.89201 12.4799 7.45985 1.70393 8.99761 8.46523 9.08037 6.17138 7.15685 14.6024 2.81163 11.457 9.25977 8.484 3.54081 6.28263 7.81704 3.06148 7.29951 4.57508 5.24194 14.6663 5.83351 10.5459 15.5646 13.5489 9.42659 14.7374 13.1501 12.3794 0 5.64854 8.18306 8.85959 7.42514 7.97394 
12.445 8.8802 9.24943 3.60316 10.016 9.15116 5.72234 9.83495 9.05295 7.89231 3.20393 8.10951 7.94287 7.23774 7.77968 2.99115 9.39188 7.38661 6.17935 5.2749 10.8976 11.7069 6.19986 6.32001 9.54297 3.70786 5.87415 6.33967 2.84817 8.46382 8.54245 11.0521 8.17525 10.7964 4.35114 2.1311 9.5053 8.5424 13.4733 11.4652 8.03391 4.5648 9.20372 7.55386 10.4445 5.64854 0 11.8859 5.32724 2.32698 7.60273 
18.5762 3.43932 16.7648 10.3459 21.3099 4.41126 6.28998 12.9745 16.4777 18.0941 12.5295 16.4603 18.7479 6.23344 18.5983 14.8164 20.4315 15.6321 6.57474 16.6166 15.8136 16.2209 6.78135 7.674 21.4121 10.7498 16.2973 17.1664 14.064 4.86464 14.0256 14.6976 5.41787 1.10675 7.75934 12.6351 21.3453 13.4412 17.2579 16.4872 19.5853 13.2229 20.6721 17.8446 20.5385 8.18306 11.8859 0 11.2302 14.1854 16.1529 
17.7086 9.46314 14.5592 2.00235 14.3746 10.5079 5.63216 14.4327 5.43219 7.10137 2.74059 5.23845 12.8043 9.40828 12.6449 7.39576 14.0091 12.7061 8.28842 10.0101 15.9547 16.7345 4.48732 3.57261 12.1119 8.31977 5.63264 11.3084 4.90186 9.9805 13.5573 15.8741 9.98821 10.1757 4.55826 7.45412 11.8634 13.4339 18.4514 6.70688 9.53587 2.41319 10.3966 6.9107 15.4745 8.85959 5.32724 11.2302 0 6.7891 12.93 
11.8868 11.1067 8.57442 5.46369 7.82295 11.2474 8.04911 10.4057 9.21514 6.95821 4.13714 8.04987 6.01923 9.2315 5.85906 0.681254 7.30728 6.71446 8.25197 3.23168 10.8452 11.6749 8.4672 8.47495 7.3093 4.91927 5.10728 4.52718 2.39437 10.5519 8.66874 11.3248 10.2106 13.1016 6.67193 2.38557 7.31459 8.84933 13.465 12.0815 6.15896 5.22716 7.35265 6.60809 8.69049 7.42514 2.32698 14.1854 6.7891 0 6.76155 
5.15862 12.7151 1.84777 11.1387 6.86149 11.9894 11.5056 5.96991 15.9761 13.3303 10.6082 14.795 4.19021 9.94671 4.137 6.48253 5.69717 0.56187 9.63222 4.78752 4.81185 5.58293 12.7572 13.3019 10.4985 5.72862 11.7007 3.66486 9.15248 11.3928 3.60787 5.91692 10.8596 15.2702 10.7009 5.47945 10.8159 4.21354 7.27192 18.7951 11.198 11.8584 12.2427 12.9929 4.62986 7.97394 7.60273 16.1529 12.93 6.76155 0 
