50
2.36497 8.21943 1.89043 0
7.81457 22.7334 1.32652 1
18.479 19.2853 0.799489 0
11.6116 19.9685 29.1008 0
10.7525 20.5832 1.69556 0
8.55842 12.5386 0.304208 1
16.698 20.3727 0.462642 0
1.98463 8.23083 0.32246 0
5.08057 19.1614 1.95071 0
6.72918 11.7551 0.465287 0
13.6946 15.4525 0.709612 1
17.5056 19.7941 1.09598 0
6.95372 17.098 2.01831 1
6.25074 6.71613 0.887028 0
6.32812 22.9096 1.75176 0
11.8421 17.0762 1.45948 0
5.92636 14.2237 1.07456 0
15.6533 16.5134 1.61703 0
7.50715 18.5269 1.68782 0
7.68119 12.5553 1.21967 0
5.87531 17.7198 18.8809 1
12.2455 22.1226 2.1466 0
4.57909 15.4064 2.18707 0
11.9908 12.8637 2.1064 0
16.3672 20.4388 0.657034 0
18.7326 19.0751 0.354582 0
4.88305 10.5541 1.08083 0
15.4155 23.0406 24.948 0
9.35853 19.704 2.09158 0
15.3671 15.6596 0.676967 0
10.0018 16.4598 2.18308 0
3.09283 8.19175 1.39483 1
18.8344 22.6901 1.78278 0
0.503203 23.4805 1.17412 0
2.33337 6.34679 1.02108 0
11.5501 19.2714 0.866468 0
18.3949 19.3821 1.76988 0
16.1228 21.48 4.34004 1
17.5868 23.4493 1.91462 0
1.25617 1.62953 0.229833 0
17.3422 18.0429 0.583962 0
14.4225 22.783 1.38126 0
8.47568 17.4687 1.06288 1
3.46593 19.8529 1.78246 0
10.7137 10.7517 1.97296 0
5.95404 7.99194 1.06139 0
4.30505 9.20569 0.351226 0
16.6592 22.9776 1.87364 0
3.73165 6.43754 0.971228 1
10.0737 17.2404 0.935779 0
400 50 500
0.025 0.0125 10000 3000 15 1e+06 300000 2 2
0 12.6959 16.7307 8.77735 9.74509 28.6541 12.7267 25.0456 25.0916 20.225 21.3685 16.4273 12.7411 14.8331 21.1483 15.7914 11.1273 25.2711 15.806 22.4294 13.838 28.1389 5.96126 17.0062 17.912 22.6104 24.049 1.5173 9.80161 18.6813 13.7115 15.5434 14.7087 17.236 22.6841 20.8367 21.133 14.0888 29.0428 14.8178 6.27569 8.54853 18.7399 8.00429 27.5343 30.7956 17.3327 11.6716 10.8317 23.6851 27.1482 
12.6959 0 5.66946 19.5467 20.4247 35.8508 21.2973 31.843 29.6913 24.9144 14.954 27.3491 10.2369 21.5964 31.7682 26.1616 20.0902 34.7102 28.486 32.0052 26.3162 30.3353 12.9415 23.4705 27.5509 27.1748 35.0314 14.1887 12.4068 31.3131 26.2412 17.9357 16.583 25.6514 31.8362 22.3657 27.8782 25.8282 32.7095 9.20018 18.7875 19.9979 29.8781 14.1046 30.1795 42.6344 30.0008 17.2184 19.1549 36.2268 28.9824 
16.7307 5.66946 0 24.4984 22.63 35.3473 22.4021 31.3233 28.2793 23.8894 10.1716 32.3817 8.92947 21.8435 33.288 27.7893 21.5109 35.4223 32.0641 32.8992 29.5084 27.8484 18.2028 29.093 32.8767 25.9131 36.6851 18.0999 12.8114 35.3206 30.433 16.7584 15.4295 26.2954 32.5048 20.1924 27.5641 30.556 30.7264 6.40534 23.0053 22.6517 31.8052 19.5576 27.8898 44.8141 33.9149 17.5848 24.5417 39.35 26.4202 
8.77735 19.5467 24.4984 0 14.1203 33.3496 18.3562 30.2938 31.609 27.0821 30.1071 7.89125 21.5141 21.2788 23.1128 18.9435 16.8331 28.2456 12.7455 25.5435 12.8055 35.5016 6.87009 9.98233 9.15337 29.3252 25.1373 8.14363 18.4061 13.5514 8.52261 23.6388 22.9954 22.1505 26.2156 28.7838 26.7757 6.4613 35.7676 23.4802 4.88274 12.2588 20.2369 6.81375 34.7586 29.7421 12.7116 19.2403 4.17002 20.873 34.6811 
9.74509 20.4247 22.63 14.1203 0 19.4714 4.41221 16.2185 17.6537 13.451 23.0465 19.094 15.0869 7.65532 11.5642 6.07019 3.17439 15.5312 11.3605 12.6893 8.04507 22.0708 15.2207 24.0577 22.0835 15.5179 14.6811 8.60931 10.5206 15.6504 12.5961 12.3265 12.3778 8.08185 12.9961 16.532 12.6569 15.7019 21.8572 18.087 9.23928 1.88434 9.46139 17.0188 21.2108 22.2786 14.0979 7.67658 17.8868 17.1413 21.4647 
28.6541 35.8508 35.3473 33.3496 19.4714 0 15.9298 4.03137 8.44635 11.5762 29.7177 36.7346 26.4553 14.4293 12.5784 14.5621 17.5269 7.59586 25.2802 8.95877 22.5847 13.3836 34.4793 43.3308 40.2695 9.99978 13.6701 27.7997 23.4452 29.2285 29.1409 18.6102 19.9223 11.4606 7.79776 16.6352 7.97974 33.2563 9.79758 29.0289 28.508 21.2274 15.0986 36.3784 12.3592 20.5723 28.0716 18.7102 37.2785 24.2937 14.2629 
12.7267 21.2973 22.4021 18.3562 4.41221 15.9298 0 12.3552 13.2832 9.04797 20.8825 23.5016 13.9342 3.3222 10.9216 5.65091 1.61332 13.4258 15.0014 10.7086 11.5829 17.6747 18.5889 28.2084 26.4871 11.1091 14.3509 11.9278 9.60109 19.4208 16.8467 9.06172 9.50872 4.5917 10.5823 12.5411 8.54716 20.0971 17.4743 16.9833 13.5053 6.27529 9.84958 20.531 16.8039 22.7961 17.8936 5.17331 21.9636 19.4479 17.1048 
25.0456 31.843 31.3233 30.2938 16.2185 4.03137 12.3552 0 5.49129 7.63802 25.9207 34.2877 22.4261 10.535 11.6159 12.0361 13.9683 8.03228 23.3926 8.0354 20.4088 11.2008 30.9389 40.2599 37.6788 6.3524 13.6593 24.2829 19.4422 27.5838 26.8506 14.5995 15.9036 8.1452 6.70807 12.9611 4.02629 30.7929 8.37913 25.0164 25.4151 18.0485 13.5996 32.8861 10.0933 21.6451 26.3007 14.7484 34.1053 23.7129 11.7502 
25.0916 29.6913 28.2793 31.609 17.6537 8.44635 13.2832 5.49129 0 4.96883 21.6297 36.6151 19.678 10.3891 16.2729 15.1301 14.7768 13.4344 26.7176 12.9643 23.4709 5.86466 31.0465 41.3767 39.7243 2.56734 18.7517 24.6365 17.6592 31.09 29.5592 11.7662 13.1259 10.4228 11.6777 8.51109 5.69744 33.157 4.21548 21.874 26.7789 19.5349 17.7273 33.0953 4.75112 27.0129 29.6904 13.6507 35.0926 28.2549 6.27353 
20.225 24.9144 23.8894 27.0821 13.451 11.5762 9.04797 7.63802 4.96883 0 18.3386 32.545 15.0912 5.84047 15.0641 12.298 10.3803 13.9705 23.5238 12.498 20.1474 8.62932 26.1651 36.7193 35.4732 2.41241 18.1209 19.8458 12.7422 27.9645 25.8239 7.14249 8.49249 7.58237 11.4495 5.747 4.68356 29.1451 8.8211 17.5215 22.324 15.2908 15.7266 28.2264 7.76141 26.8459 26.4874 8.6947 30.4206 26.3522 8.14118 
21.3685 14.954 10.1716 30.1071 23.0465 29.7177 20.8825 25.9207 21.6297 18.3386 0 37.7842 8.70595 18.8805 31.3135 26.4978 20.7089 31.8549 34.1299 29.8261 30.9922 19.5662 25.0633 36.8023 39.1585 19.7228 34.7297 22.2874 12.8244 38.1043 33.902 12.3414 11.4983 23.3987 29.0619 13.1337 22.8352 35.2506 23.0275 6.75524 27.1327 23.8747 30.6935 26.8626 19.8935 43.4422 36.5715 15.7771 31.3569 40.0705 18.1104 
16.4273 27.3491 32.3817 7.89125 19.094 36.7346 23.5016 34.2877 36.6151 32.545 37.7842 0 29.1162 26.7347 24.9749 22.2784 22.1988 30.4803 12.1948 28.1093 14.2212 41.1615 14.4639 10.3444 3.86028 34.5818 26.0376 15.5276 25.6511 10.2291 7.6761 30.2671 29.818 26.4228 29.0655 35.1479 31.2768 3.49487 40.8305 31.2379 10.9659 17.2648 22.0836 13.7935 40.3046 28.3029 10.3436 25.6185 9.01025 18.6488 40.5209 
12.7411 10.2369 8.92947 21.5141 15.0869 26.4553 13.9342 22.4261 19.678 15.0912 8.70595 29.1162 0 12.9953 24.8442 19.5185 13.3044 26.6025 25.7663 24.1544 22.77 20.103 16.9662 28.8142 30.6246 17.2242 28.2806 13.5981 4.56909 29.5971 25.2585 7.95599 6.59966 17.5207 23.6877 12.1288 18.6381 26.5461 22.5148 3.05748 18.4268 15.6232 23.6668 18.9096 19.9436 36.6867 28.0818 8.8759 23.0699 32.2234 18.7601 
14.8331 21.5964 21.8435 21.2788 7.65532 14.4293 3.3222 10.535 10.3891 5.84047 18.8805 26.7347 12.9953 0 12.4341 7.98208 4.54407 13.6076 18.2567 11.2145 14.8389 14.4288 20.792 30.994 29.6338 8.04698 15.85 14.2836 9.25878 22.6894 20.1647 6.59324 7.39968 4.59716 10.6941 9.32843 6.51142 23.3557 14.5016 15.927 16.4957 9.47024 12.0521 22.8123 13.5942 24.572 21.1709 4.38407 24.706 22.2159 13.8105 
21.1483 31.7682 33.288 23.1128 11.5642 12.5784 10.9216 11.6159 16.2729 15.0641 31.3135 24.9749 24.8442 12.4341 0 5.60697 11.8025 5.52928 13.0126 3.67094 10.8321 22.101 26.1495 32.8202 28.6984 15.623 3.44465 19.8603 20.5124 16.7271 17.3004 19.0114 19.822 8.01768 4.96276 20.5589 10.8975 21.5962 19.8809 27.8854 18.6756 12.6045 2.92662 27.7032 20.9981 12.1467 15.6559 16.0024 27.2658 12.0993 22.2519 
15.7914 26.1616 27.7893 18.9435 6.07019 14.5621 5.65091 12.0361 15.1301 12.298 26.4978 22.2784 19.5185 7.98208 5.60697 0 6.28082 9.57917 11.5965 6.75839 8.43179 20.508 21.0871 28.892 25.74 13.652 8.91799 14.5911 15.0841 15.9602 14.8154 14.4555 15.0522 4.79456 7.28843 17.0745 9.46022 18.7856 19.2382 22.5748 14.1975 7.36759 4.20113 22.7789 19.4845 17.1703 14.565 10.8239 22.9825 14.282 20.2943 
11.1273 20.0902 21.5109 16.8331 3.17439 17.5269 1.61332 13.9683 14.7768 10.3803 20.7089 22.1988 13.3044 4.54407 11.8025 6.28082 0 14.7479 14.3123 11.9751 10.9231 18.9709 16.978 26.6484 25.0933 12.533 15.1783 10.3148 8.82021 18.6748 15.7687 9.38049 9.60254 6.13458 11.9572 13.3781 10.152 18.8345 18.9466 16.361 12.0066 4.93594 10.3725 18.9178 18.1377 23.4052 17.1296 4.9638 20.3911 19.3841 18.3268 
25.2711 34.7102 35.4223 28.2456 15.5312 7.59586 13.4258 8.03228 13.4344 13.9705 31.8549 30.4803 26.6025 13.6076 5.52928 9.57917 14.7479 0 18.5403 2.84196 16.293 19.2238 30.6628 38.0796 34.1818 13.6504 6.07435 24.1276 22.6919 22.1779 22.8042 19.6399 20.7194 9.13993 2.91747 19.716 9.2886 27.0817 16.3098 29.526 23.6313 16.942 8.39673 32.3562 18.113 13.613 21.1534 17.8454 32.3578 16.727 19.7047 
15.806 28.486 32.0641 12.7455 11.3605 25.2802 15.0014 23.3926 26.7176 23.5238 34.1299 12.1948 25.7663 18.2567 13.0126 11.5965 14.3123 18.5403 0 16.3922 3.41906 31.9773 18.279 21.1992 16.0238 25.1249 13.8444 14.3014 21.3376 4.44399 4.76818 23.6604 23.7376 16.3159 17.4858 27.5425 21.0566 9.04352 30.8347 28.5968 10.1886 10.2664 10.2297 19.0646 30.9842 17.0536 2.97653 19.037 16.708 8.24717 31.6493 
22.4294 32.0052 32.8992 25.5435 12.6893 8.95877 10.7086 8.0354 12.9643 12.498 29.8261 28.1093 24.1544 11.2145 3.67094 6.75839 11.9751 2.84196 16.3922 0 13.8882 18.8281 27.8309 35.4248 31.7527 12.6454 5.80331 21.287 20.1158 20.2741 20.4492 17.5087 18.5035 6.6364 1.32733 18.1964 7.97104 24.6705 16.3783 27.1229 20.8797 14.1115 6.16775 29.5363 17.7152 14.371 19.1383 15.3199 29.6337 15.7068 19.1039 
13.838 26.3162 29.5084 12.8055 8.04507 22.5847 11.5829 20.4088 23.4709 20.1474 30.9922 14.2212 22.77 14.8389 10.8321 8.43179 10.9231 16.293 3.41906 13.8882 0 28.6418 17.29 22.1579 17.8904 21.8014 12.4114 12.3244 18.2718 7.85258 6.56763 20.2909 20.4103 13.0486 14.8616 24.1239 17.8504 10.7937 27.622 25.6713 9.11508 7.14988 7.91167 18.4135 27.6623 17.365 6.34778 15.7072 16.961 9.9136 28.2821 
28.1389 30.3353 27.8484 35.5016 22.0708 13.3836 17.6747 11.2008 5.86466 8.62932 19.5662 41.1615 20.103 14.4288 22.101 20.508 18.9709 19.2238 31.9773 18.8281 28.6418 0 33.9585 44.956 44.0389 6.85955 24.6163 27.9603 19.3925 36.3997 34.4389 13.0373 14.2336 15.7154 17.5423 7.99869 11.3269 37.7703 3.9452 21.618 30.8177 23.8985 23.4199 36.0471 1.11515 32.8295 34.9521 16.4854 38.6618 34.0141 1.45821 
5.96126 12.9415 18.2028 6.87009 15.2207 34.4793 18.5889 30.9389 31.0465 26.1651 25.0633 14.4639 16.9662 20.792 26.1495 21.0871 16.978 30.6628 18.279 27.8309 17.29 33.9585 0 11.8483 14.674 28.5569 28.7653 6.68078 15.0514 19.9703 14.7848 21.1595 20.1998 23.0247 28.2078 26.4736 27.0569 13.3277 34.9764 18.3081 8.20355 13.7208 23.5151 2.09113 33.3912 34.6546 18.9226 17.5559 6.3949 26.5195 32.9199 
17.0062 23.4705 29.093 9.98233 24.0577 43.3308 28.2084 40.2599 41.3767 36.7193 36.8023 10.3444 28.8142 30.994 32.8202 28.892 26.6484 38.0796 21.1992 35.4248 22.1579 44.956 11.8483 0 7.33453 39.0233 34.5599 17.0068 26.6917 20.2825 16.4432 32.5464 31.7075 32.1148 36.1427 37.8293 36.6924 12.3916 45.4896 30.0577 14.8477 22.2126 29.9065 9.94663 44.2803 38.0654 20.076 28.4923 6.30049 28.579 44.0365 
17.912 27.5509 32.8767 9.15337 22.0835 40.2695 26.4871 37.6788 39.7243 35.4732 39.1585 3.86028 30.6246 29.6338 28.6984 25.74 25.0933 34.1818 16.0238 31.7527 17.8904 44.0389 14.674 7.33453 0 37.5959 29.8559 17.2859 27.5509 14.0262 11.4182 32.6239 32.0491 29.6989 32.6675 37.6713 34.5195 7.10219 43.934 32.4747 13.3106 20.2119 25.7908 13.4915 43.2267 32.1218 14.1985 28.0978 8.41318 22.4479 43.3184 
22.6104 27.1748 25.9131 29.3252 15.5179 9.99978 11.1091 6.3524 2.56734 2.41241 19.7228 34.5818 17.2242 8.04698 15.623 13.652 12.533 13.6504 25.1249 12.6454 21.8014 6.85955 28.5569 39.0233 37.5959 0 18.4245 22.2006 15.097 29.5434 27.6935 9.28028 10.6419 8.85799 11.4553 6.6445 4.72908 31.1513 6.46878 19.5145 24.5304 17.3843 16.6911 30.6141 5.86097 26.9768 28.1006 11.1067 32.7291 27.3295 6.71077 
24.049 35.0314 36.6851 25.1373 14.6811 13.6701 14.3509 13.6593 18.7517 18.1209 34.7297 26.0376 28.2806 15.85 3.44465 8.91799 15.1783 6.07435 13.8444 5.80331 12.4114 24.6163 28.7653 34.5599 29.8559 18.4245 0 22.696 23.9289 16.9138 18.4763 22.4111 23.2458 11.3721 7.07401 23.7288 13.7189 22.8123 22.0384 31.3242 20.9827 15.5218 5.30909 30.1992 23.5022 8.79699 16.1015 19.4453 29.3068 10.7149 24.9071 
1.5173 14.1887 18.0999 8.14363 8.60931 27.7997 11.9278 24.2829 24.6365 19.8458 22.2874 15.5276 13.5981 14.2836 19.8603 14.5911 10.3148 24.1276 14.3014 21.287 12.3244 27.9603 6.68078 17.0068 17.2859 22.2006 22.696 0 10.2651 17.248 12.3384 15.6419 14.9181 16.344 21.6025 20.8771 20.4328 12.9947 28.6618 15.8544 4.98566 7.26395 17.3891 8.60359 27.3059 29.3269 15.8791 11.486 10.7309 22.1678 27.0298 
9.80161 12.4068 12.8114 18.4061 10.5206 23.4452 9.60109 19.4422 17.6592 12.7422 12.8244 25.6511 4.56909 9.25878 20.5124 15.0841 8.82021 22.6919 21.3376 20.1158 18.2718 19.3925 15.0514 26.6917 27.5509 15.097 23.9289 10.2651 0 25.2799 21.1507 6.3554 5.22669 13.5521 19.7796 11.5847 15.4714 22.8385 21.0844 7.59564 14.7309 11.1232 19.1916 17.1246 18.986 32.2252 23.7477 4.8834 20.6071 27.6603 18.221 
18.6813 31.3131 35.3206 13.5514 15.6504 29.2285 19.4208 27.5838 31.09 27.9645 38.1043 10.2291 29.5971 22.6894 16.7271 15.9602 18.6748 22.1779 4.44399 20.2741 7.85258 36.3997 19.9703 20.2825 14.0262 29.5434 16.9138 17.248 25.2799 0 5.19462 27.9767 27.9919 20.714 21.4445 31.9592 25.411 8.00086 35.1801 32.3254 12.5352 14.3939 14.1392 20.3211 35.3995 18.0991 1.5546 23.3068 16.9584 8.42286 36.0861 
13.7115 26.2412 30.433 8.52261 12.5961 29.1409 16.8467 26.8506 29.5592 25.8239 33.902 7.6761 25.2585 20.1647 17.3004 14.8154 15.7687 22.8042 4.76818 20.4492 6.56763 34.4389 14.7848 16.4432 11.4182 27.6935 18.4763 12.3384 21.1507 5.19462 0 24.6562 24.4689 19.1966 21.4291 29.1132 24.0579 4.33721 33.7575 27.8422 7.46553 10.9742 14.4075 15.208 33.5163 21.6942 4.195 19.9132 12.2307 12.4658 33.9357 
15.5434 17.9357 16.7584 23.6388 12.3265 18.6102 9.06172 14.5995 11.7662 7.14249 12.3414 30.2671 7.95599 6.59324 19.0114 14.4555 9.38049 19.6399 23.6604 17.5087 20.2909 13.0373 21.1595 32.5464 32.6239 9.28028 22.4111 15.6419 6.3554 27.9767 24.6562 0 1.36166 11.0603 16.797 5.31427 10.9888 27.1409 14.8786 10.4187 19.3673 13.7214 18.5964 23.2489 12.6476 31.1561 26.4244 4.74318 26.3289 28.5066 11.8736 
14.7087 16.583 15.4295 22.9954 12.3778 19.9223 9.50872 15.9036 13.1259 8.49249 11.4983 29.818 6.59966 7.39968 19.822 15.0522 9.60254 20.7194 23.7376 18.5035 20.4103 14.2336 20.1998 31.7075 32.0491 10.6419 23.2458 14.9181 5.22669 27.9919 24.4689 1.36166 0 11.9636 17.8497 6.36031 12.2315 26.7663 16.1946 9.11786 18.8696 13.6326 19.2336 22.2836 13.8912 31.9446 26.4373 4.70319 25.5329 28.9198 13.025 
17.236 25.6514 26.2954 22.1505 8.08185 11.4606 4.5917 8.1452 10.4228 7.58237 23.3987 26.4228 17.5207 4.59716 8.01768 4.79456 6.13458 9.13993 16.3159 6.6364 13.0486 15.7154 23.0247 32.1148 29.6989 8.85799 11.3721 16.344 13.5521 20.714 19.1966 11.0603 11.9636 0 6.22801 12.7075 4.86479 22.9373 14.5881 20.4865 17.2707 9.90357 8.19691 24.9178 14.697 20.151 19.2919 8.71133 25.9663 18.7839 15.5063 
22.6841 31.8362 32.5048 26.2156 12.9961 7.79776 10.5823 6.70807 11.6777 11.4495 29.0619 29.0655 23.6877 10.6941 4.96276 7.28843 11.9572 2.91747 17.4858 1.32733 14.8616 17.5423 28.2078 36.1427 32.6675 11.4553 7.07401 21.6025 19.7796 21.4445 21.4291 16.797 17.8497 6.22801 0 17.1813 6.84065 25.6071 15.0541 26.617 21.4857 14.5282 7.30652 29.9645 16.4283 15.5222 20.275 14.9291 30.2686 17.0271 17.8478 
20.8367 22.3657 20.1924 28.7838 16.532 16.6352 12.5411 12.9611 8.51109 5.747 13.1337 35.1479 12.1288 9.32843 20.5589 17.0745 13.3781 19.716 27.5425 18.1964 24.1239 7.99869 26.4736 37.8293 37.6713 6.6445 23.7288 20.8771 11.5847 31.9592 29.1132 5.31427 6.36031 12.7075 17.1813 0 10.4275 31.918 10.5349 13.8417 24.3656 18.1568 20.8785 28.5629 7.8183 32.4966 30.4282 9.57354 31.5921 31.3497 6.71319 
21.133 27.8782 27.5641 26.7757 12.6569 7.97974 8.54716 4.02629 5.69744 4.68356 22.8352 31.2768 18.6381 6.51142 10.8975 9.46022 10.152 9.2886 21.0566 7.97104 17.8504 11.3269 27.0569 36.6924 34.5195 4.72908 13.7189 20.4328 15.4714 25.411 24.0579 10.9888 12.2315 4.86479 6.84065 10.4275 0 27.7943 9.77872 21.3341 21.8959 14.5289 12.0944 29.0312 10.2494 22.3385 24.0248 10.7351 30.4768 22.693 11.3733 
14.0888 25.8282 30.556 6.4613 15.7019 33.2563 20.0971 30.7929 33.157 29.1451 35.2506 3.49487 26.5461 23.3557 21.5962 18.7856 18.8345 27.0817 9.04352 24.6705 10.7937 37.7703 13.3277 12.3916 7.10219 31.1513 22.8123 12.9947 22.8385 8.00086 4.33721 27.1409 26.7663 22.9373 25.6071 31.918 27.7943 0 37.3718 28.8474 8.13195 13.9001 18.6892 13.1636 36.8987 25.687 7.68524 22.4457 9.14946 16.1932 37.1601 
29.0428 32.7095 30.7264 35.7676 21.8572 9.79758 17.4743 8.37913 4.21548 8.8211 23.0275 40.8305 22.5148 14.5016 19.8809 19.2382 18.9466 16.3098 30.8347 16.3783 27.622 3.9452 34.9764 45.4896 43.934 6.46878 22.0384 28.6618 21.0844 35.1801 33.7575 14.8786 16.1946 14.5881 15.0541 10.5349 9.77872 37.3718 0 24.3731 30.9532 23.7365 21.5896 37.0418 3.22322 29.8798 33.8016 17.4531 39.1966 31.9654 5.21248 
14.8178 9.20018 6.40534 23.4802 18.087 29.0289 16.9833 25.0164 21.874 17.5215 6.75524 31.2379 3.05748 15.927 27.8854 22.5748 16.361 29.526 28.5968 27.1229 25.6713 21.618 18.3081 30.0577 32.4747 19.5145 31.3242 15.8544 7.59564 32.3254 27.8422 10.4187 9.11786 20.4865 26.617 13.8417 21.3341 28.8474 24.3731 0 20.7956 18.5418 26.7243 20.1142 21.5982 39.7437 30.8272 11.8967 24.6095 35.2064 20.2116 
6.27569 18.7875 23.0053 4.88274 9.23928 28.508 13.5053 25.4151 26.7789 22.324 27.1327 10.9659 18.4268 16.4957 18.6756 14.1975 12.0066 23.6313 10.1886 20.8797 9.11508 30.8177 8.20355 14.8477 13.3106 24.5304 20.9827 4.98566 14.7309 12.5352 7.46553 19.3673 18.8696 17.2707 21.4857 24.3656 21.8959 8.13195 30.9532 20.7956 0 7.37606 15.8765 9.31616 30.0417 26.4742 11.2696 14.7936 8.79269 18.3857 30.0521 
8.54853 19.9979 22.6517 12.2588 1.88434 21.2274 6.27529 18.0485 19.5349 15.2908 23.8747 17.2648 15.6232 9.47024 12.6045 7.36759 4.93594 16.942 10.2664 14.1115 7.14988 23.8985 13.7208 22.2126 20.2119 17.3843 15.5218 7.26395 11.1232 14.3939 10.9742 13.7214 13.6326 9.90357 14.5282 18.1568 14.5289 13.9001 23.7365 18.5418 7.37606 0 10.2177 15.4389 23.0522 22.6552 12.841 8.99073 16.0718 16.7485 23.2627 
18.7399 29.8781 31.8052 20.2369 9.46139 15.0986 9.84958 13.5996 17.7273 15.7266 30.6935 22.0836 23.6668 12.0521 2.92662 4.20113 10.3725 8.39673 10.2297 6.16775 7.91167 23.4199 23.5151 29.9065 25.7908 16.6911 5.30909 17.3891 19.1916 14.1392 14.4075 18.5964 19.2336 8.19691 7.30652 20.8785 12.0944 18.6892 21.5896 26.7243 15.8765 10.2177 0 25.0014 22.3437 13.0347 12.9753 15.021 24.3977 10.6476 23.4011 
8.00429 14.1046 19.5576 6.81375 17.0188 36.3784 20.531 32.8861 33.0953 28.2264 26.8626 13.7935 18.9096 22.8123 27.7032 22.7789 18.9178 32.3562 19.0646 29.5363 18.4135 36.0471 2.09113 9.94663 13.4915 30.6141 30.1992 8.60359 17.1246 20.3211 15.208 23.2489 22.2836 24.9178 29.9645 28.5629 29.0312 13.1636 37.0418 20.1142 9.31616 15.4389 25.0014 0 35.4761 35.7434 19.3988 19.6339 5.07859 27.303 35.0107 
27.5343 30.1795 27.8898 34.7586 21.2108 12.3592 16.8039 10.0933 4.75112 7.76141 19.8935 40.3046 19.9436 13.5942 20.9981 19.4845 18.1377 18.113 30.9842 17.7152 27.6623 1.11515 33.3912 44.2803 43.2267 5.86097 23.5022 27.3059 18.986 35.3995 33.5163 12.6476 13.8912 14.697 16.4283 7.8183 10.2494 36.8987 3.22322 21.5982 30.0417 23.0522 22.3437 35.4761 0 31.717 33.9602 15.8635 37.9815 32.927 2.01587 
30.7956 42.6344 44.8141 29.7421 22.2786 20.5723 22.7961 21.6451 27.0129 26.8459 43.4422 28.3029 36.6867 24.572 12.1467 17.1703 23.4052 13.613 17.0536 14.371 17.365 32.8295 34.6546 38.0654 32.1218 26.9768 8.79699 29.3269 32.2252 18.0991 21.6942 31.1561 31.9446 20.151 15.5222 32.4966 22.3385 25.687 29.8798 39.7437 26.4742 22.6552 13.0347 35.7434 31.717 0 18.0322 27.9598 33.7562 9.69681 33.2658 
17.3327 30.0008 33.9149 12.7116 14.0979 28.0716 17.8936 26.3007 29.6904 26.4874 36.5715 10.3436 28.0818 21.1709 15.6559 14.565 17.1296 21.1534 2.97653 19.1383 6.34778 34.9521 18.9226 20.076 14.1985 28.1006 16.1015 15.8791 23.7477 1.5546 4.195 26.4244 26.4373 19.2919 20.275 30.4282 24.0248 7.68524 33.8016 30.8272 11.2696 12.841 12.9753 19.3988 33.9602 18.0322 0 21.7525 16.3264 8.51163 34.617 
11.6716 17.2184 17.5848 19.2403 7.67658 18.7102 5.17331 14.7484 13.6507 8.6947 15.7771 25.6185 8.8759 4.38407 16.0024 10.8239 4.9638 17.8454 19.037 15.3199 15.7072 16.4854 17.5559 28.4923 28.0978 11.1067 19.4453 11.486 4.8834 23.3068 19.9132 4.74318 4.70319 8.71133 14.9291 9.57354 10.7351 22.4457 17.4531 11.8967 14.7936 8.99073 15.021 19.6339 15.8635 27.9598 21.7525 0 22.209 24.3459 15.5443 
10.8317 19.1549 24.5417 4.17002 17.8868 37.2785 21.9636 34.1053 35.0926 30.4206 31.3569 9.01025 23.0699 24.706 27.2658 22.9825 20.3911 32.3578 16.708 29.6337 16.961 38.6618 6.3949 6.30049 8.41318 32.7291 29.3068 10.7309 20.6071 16.9584 12.2307 26.3289 25.5329 25.9663 30.2686 31.5921 30.4768 9.14946 39.1966 24.6095 8.79269 16.0718 24.3977 5.07859 37.9815 33.7562 16.3264 22.209 0 24.6943 37.7524 
23.6851 36.2268 39.35 20.873 17.1413 24.2937 19.4479 23.7129 28.2549 26.3522 40.0705 18.6488 32.2234 22.2159 12.0993 14.282 19.3841 16.727 8.24717 15.7068 9.9136 34.0141 26.5195 28.579 22.4479 27.3295 10.7149 22.1678 27.6603 8.42286 12.4658 28.5066 28.9198 18.7839 17.0271 31.3497 22.693 16.1932 31.9654 35.2064 18.3857 16.7485 10.6476 27.303 32.927 9.69681 8.51163 24.3459 24.6943 0 34.0362 
27.1482 28.9824 26.4202 34.6811 21.4647 14.2629 17.1048 11.7502 6.27353 8.14118 18.1104 40.5209 18.7601 13.8105 22.2519 20.2943 18.3268 19.7047 31.6493 19.1039 28.2821 1.45821 32.9199 44.0365 43.3184 6.71077 24.9071 27.0298 18.221 36.0861 33.9357 11.8736 13.025 15.5063 17.8478 6.71319 11.3733 37.1601 5.21248 20.2116 30.0521 23.2627 23.4011 35.0107 2.01587 33.2658 34.617 15.5443 37.7524 34.0362 0 
