100
9.39421 11.3573 0.787046 0
16.7627 19.4279 2.15195 0
16.4472 23.7337 1.49615 0
12.9878 14.8455 1.83196 0
13.8219 15.7272 0.719822 0
0.560379 10.8448 8.26555 0
12.0732 19.3497 1.7543 0
6.54078 16.1986 8.09431 0
5.17785 6.98614 27.1298 0
8.87936 14.9183 2.72649 0
4.85875 15.3225 0.636796 0
9.46437 18.3699 1.44575 0
7.56508 19.4137 1.86084 1
9.93545 17.3732 0.441363 0
15.8242 23.3944 1.73456 0
3.34832 13.7947 0.858746 0
6.44244 10.0157 1.66001 0
6.10635 11.3689 1.29533 0
11.3536 13.1079 1.55668 0
13.0758 23.5192 1.0712 0
9.86751 17.8154 0.349005 0
2.04307 9.23595 6.5269 1
7.77894 22.446 1.73735 0
18.3074 18.7101 0.805428 1
12.9928 14.8806 0.432907 0
7.65136 22.1713 22.865 0
8.05796 22.4053 2.0512 1
9.76768 18.2579 22.9398 1
7.76337 16.7904 0.337962 0
3.45398 10.0619 0.834749 0
15.99 22.1086 0.619026 0
11.0735 23.1208 0.822238 1
4.39928 16.9846 0.603374 1
1.0019 5.24745 2.11631 1
11.2724 12.7413 1.93661 0
10.664 13.7552 2.08027 0
5.09596 14.6495 1.83379 0
15.8755 20.8027 0.601479 0
2.66924 15.4479 0.300497 0
0.438289 11.5151 0.656523 0
16.5658 18.1011 1.07315 0
5.27367 21.5584 1.74293 1
12.8266 14.2544 6.87234 0
14.6345 17.6425 0.727926 0
1.43131 15.2748 1.38566 0
10.6703 11.8532 10.9401 1
4.70603 5.73847 1.93739 0
2.46213 3.65588 1.36118 0
8.74689 18.1671 1.4948 0
8.65853 19.7445 1.19544 1
6.9387 19.8754 0.796755 0
7.25673 11.0091 1.16684 0
18.1234 20.2748 1.35749 0
9.11681 15.3062 1.54162 1
14.9503 23.6904 1.73163 0
5.50066 8.25521 0.371936 0
18.9974 22.9411 0.515755 0
8.5148 15.0588 20.2143 1
4.93566 13.4739 1.19107 0
10.2182 13.9997 1.3718 0
14.3557 14.4603 1.21359 1
3.70977 7.69927 0.985175 0
4.3447 21.4789 1.1439 0
15.9212 19.3697 18.9499 1
4.24938 9.12219 1.31661 0
14.7607 16.2541 2.20449 0
10.3645 18.6125 1.56244 0
18.7986 22.9995 2.12511 0
12.8381 16.9922 1.85728 0
8.18489 17.9955 0.554812 0
4.1237 14.2116 2.1279 0
8.50329 16.3413 1.08763 1
8.68343 14.6762 1.24634 0
1.00128 2.29965 9.9929 1
1.63313 19.3879 1.42335 0
13.845 20.4904 1.44368 0
13.0524 16.1038 1.70303 0
2.38249 21.6444 0.309086 1
3.889 23.9063 1.71538 1
16.4095 17.7256 1.08781 0
12.4259 15.1896 2.18178 0
12.7478 17.4238 2.16692 0
2.3269 11.9578 1.76656 0
3.81129 18.7943 3.25546 0
16.7829 17.9026 0.728512 1
16.0286 22.4976 0.627076 0
8.50281 9.82089 11.1381 0
11.8542 23.0805 1.05351 0
14.5697 22.7452 0.321557 0
5.83879 15.9948 1.69515 0
4.55152 15.4471 2.03697 0
12.0027 12.0819 3.72765 1
16.1005 18.795 1.62426 0
3.22913 10.1369 11.9659 1
15.1139 19.3708 26.2787 0
5.12993 5.9714 1.69471 0
8.11766 20.5956 1.58722 0
6.10278 15.9708 9.12651 0
10.479 11.6571 1.22419 0
5.49713 18.4147 0.456258 1
400 50 500
0.025 0.0125 10000 3000 15 1e+06 300000 6 9
0 3.57496 7.52906 4.16564 4.08687 3.97768 6.31887 0.925598 5.34077 6.72349 4.21666 5.73988 4.29235 1.70133 1.17274 2.61817 5.731 5.4787 1.39949 6.00714 2.39263 7.51872 2.16487 4.75114 6.37194 5.93518 2.69514 7.6499 4.83815 7.67171 5.74448 4.7024 4.9685 4.6295 1.79222 3.74737 4.49305 5.80225 4.15473 3.36773 4.30465 8.28063 5.98778 6.34913 4.7955 6.05879 7.56622 5.42513 5.69807 2.5625 2.10305 7.13629 6.44909 5.78795 1.01122 7.65862 6.90499 4.24749 1.90543 5.41822 3.20227 6.31025 8.50282 4.0568 7.45384 2.92892 4.7468 5.37043 3.6049 6.85414 5.21678 2.19328 3.81182 4.11703 7.58256 0.75008 6.93462 4.41713 4.80561 3.23531 5.08081 7.57698 6.76348 4.89341 2.67298 3.82761 6.07659 5.33537 2.09143 2.82281 3.73972 7.3814 3.98386 7.67201 5.80743 4.23934 1.46326 4.15875 3.96276 5.86758 2.32243 
3.57496 0 8.27316 7.39019 7.6589 7.55257 6.05665 4.473 6.66632 4.39619 7.29058 9.30069 2.0761 2.02231 2.91995 6.10529 8.53796 7.74249 4.51599 9.57998 1.30106 7.44858 3.77798 1.23367 7.86304 7.56701 2.82879 7.3614 8.13604 9.41948 8.53056 8.27132 8.49647 4.19855 5.04047 6.07347 1.41063 9.29465 6.62912 4.67588 1.02752 5.76845 6.11555 6.53763 7.19715 4.6541 4.92371 6.24531 3.59409 3.87521 3.25131 7.16036 7.85254 8.93503 3.50431 6.30951 8.79969 6.36925 2.35521 6.24575 5.98157 7.54176 5.91599 5.34233 8.47559 0.879234 8.32153 8.76326 6.98169 6.35953 8.12836 2.85068 3.40343 6.7732 9.59442 4.00782 5.28675 7.86241 2.61493 2.14325 7.1162 5.62266 7.4864 2.46114 0.909455 1.94324 7.67151 5.58739 1.52912 5.49925 2.24682 9.09832 2.74038 9.02378 9.33124 4.92697 4.57165 0.759731 1.31956 6.49367 4.29779 
7.52906 8.27316 0 6.26904 8.43479 8.61226 2.65081 7.84678 2.28036 6.33882 5.77347 9.02705 6.55023 8.18097 8.42153 8.8002 5.12101 3.63724 6.44122 9.5161 7.42159 1.81045 5.41795 8.45301 1.83208 2.25312 9.75433 2.26543 6.71222 2.54447 5.05726 9.25181 8.18343 4.13967 8.86463 4.34106 7.59746 8.2679 4.38485 4.17839 7.88077 7.11105 2.25865 1.87451 4.06116 4.73039 7.1714 2.14309 5.97186 5.05897 5.69459 1.70779 1.64223 6.36593 6.53954 4.46617 2.72495 3.81472 6.52482 2.14748 5.23433 1.44976 7.37595 3.47237 0.638203 7.50664 8.91617 7.38232 6.7803 2.83824 5.36504 5.89832 10.8378 4.73865 3.24175 8.19092 5.03866 7.33319 6.31957 9.75769 3.28888 5.69764 0.799513 6.62933 7.84559 6.4352 2.13125 2.69271 7.49738 5.24696 10.1316 2.36052 10.5786 1.51213 8.5656 3.47119 6.40219 8.9823 7.18408 1.79303 5.20892 
4.16564 7.39019 6.26904 0 2.24407 2.47008 6.67815 3.64648 4.19736 8.97908 0.496076 2.85703 7.19203 5.81418 5.31448 3.38694 1.94449 2.75159 2.90112 3.33169 6.08944 7.25647 3.87911 8.38425 4.48953 4.02901 6.79218 7.60179 0.773536 5.02488 1.98876 3.01293 1.95021 5.97158 4.16142 2.29732 7.84632 2.30767 1.96903 3.8663 7.81727 10.4419 6.04571 6.1844 2.21067 7.66057 9.9665 4.91985 8.02098 4.03132 4.37861 6.88125 4.66318 1.62508 3.89143 8.75395 4.24351 2.64042 5.09249 4.90727 1.66671 4.8237 10.7118 3.90323 5.85435 6.56489 2.65366 1.51106 0.766391 7.27625 1.37602 4.78857 7.85602 1.5825 4.58716 4.28693 8.50689 1.07015 7.48774 7.4003 2.98106 9.29894 5.78121 7.71347 6.50477 6.74733 4.16304 5.56761 5.88011 2.09971 7.90508 4.84794 8.1327 5.56948 2.51852 4.67743 2.84076 8.08606 7.24281 5.38244 3.38292 
4.08687 7.6589 8.43479 2.24407 0 0.280971 8.49979 3.22507 6.26386 10.209 2.72592 1.67664 8.05533 5.74941 4.98972 1.9545 4.05956 4.99119 3.41803 1.92119 6.43559 9.25897 4.90664 8.81466 6.69537 6.2244 6.2181 9.56363 2.18373 7.26271 4.11481 0.846335 1.13071 7.43305 3.11769 4.20532 8.46819 2.01623 4.05358 5.39469 8.33115 11.7454 7.9222 8.12582 4.41484 9.11441 11.1528 6.88097 9.19257 5.20411 5.27641 8.87069 6.86193 3.21999 4.36066 10.4222 6.48597 4.66874 5.67564 6.86903 3.3474 6.98516 11.9991 5.66737 8.05623 6.96671 0.683464 2.10248 1.65528 9.10363 3.53049 5.6146 7.11295 3.6964 6.79667 3.8018 10.0009 1.34211 8.47204 7.02345 5.1572 10.7581 7.88776 8.63639 6.75285 7.58165 6.36365 7.36767 6.15306 3.56462 7.51436 7.09106 7.6102 7.8083 1.88793 6.3397 3.38757 8.24046 7.89543 7.36521 4.55031 
3.97768 7.55257 8.61226 2.47008 0.280971 0 8.60188 3.09404 6.42093 10.2136 2.94297 1.85621 8.01956 5.61872 4.83737 1.72911 4.3153 5.20585 3.40132 2.04547 6.34688 9.39402 4.92035 8.72161 6.88942 6.41541 6.02802 9.68957 2.45185 7.49466 4.36953 0.782714 1.39547 7.48238 2.91121 4.34855 8.39992 2.27053 4.22744 5.46899 8.25036 11.7565 8.03601 8.25116 4.61396 9.15517 11.1486 7.01435 9.19256 5.2325 5.26834 9.00379 7.05299 3.49658 4.31366 10.4928 6.71314 4.82707 5.62318 7.00258 3.47602 7.16374 12.0073 5.77395 8.2469 6.88055 0.776072 2.3833 1.83758 9.20498 3.77962 5.59326 6.90164 3.87917 7.04074 3.64877 10.0449 1.6098 8.44991 6.84911 5.34502 10.7946 8.04959 8.60545 6.64999 7.54488 6.55627 7.47021 6.05808 3.66086 7.33611 7.31697 7.41818 8.01982 2.12163 6.42569 3.37567 8.11792 7.83395 7.50104 4.58772 
6.31887 6.05665 2.65081 6.67815 8.49979 8.60188 0 6.90947 2.74308 3.69805 6.2354 9.52718 4.13022 6.45669 6.93135 8.25829 6.27137 4.74277 5.63828 9.99153 5.4668 1.39193 4.19318 6.01872 3.44074 3.53738 8.03144 1.36638 7.32846 4.83347 6.21987 9.34558 8.60174 1.90314 7.96303 4.38678 5.16081 8.95108 4.74583 3.19942 5.49088 4.60943 0.682663 0.839533 4.78259 2.07959 4.56625 1.86142 3.34044 3.78935 4.22977 1.13064 3.2934 7.37809 5.32122 2.20874 4.65136 4.06763 4.81271 1.87388 5.17089 2.86425 4.88537 2.83323 3.12962 5.40822 9.10443 8.08485 6.92783 0.604053 6.27808 4.25924 9.02125 5.13078 5.3877 7.05937 2.47079 7.70887 3.80236 7.82985 4.08119 3.20842 2.0752 4.10085 5.82327 4.12358 3.52078 1.13212 5.62774 4.94103 8.12866 4.55793 8.60757 3.96579 9.18902 2.21454 5.62393 6.70171 4.83694 1.53854 4.25095 
0.925598 4.473 7.84678 3.64648 3.22507 3.09404 6.90947 0 5.59173 7.5961 3.79552 4.89546 5.19814 2.5256 1.7887 1.6958 5.38964 5.39147 1.40876 5.13601 3.31562 8.02977 2.72054 5.66366 6.51863 6.05646 3.17286 8.20273 4.24174 7.68808 5.41288 3.79905 4.17303 5.33207 1.05495 3.75929 5.41863 5.03516 4.06128 3.80026 5.22719 9.1559 6.51204 6.8445 4.6889 6.84319 8.4579 5.81368 6.56664 3.12256 2.80691 7.63889 6.61986 5.26236 1.65964 8.39807 6.89603 4.29949 2.78774 5.80524 3.04444 6.53902 9.38366 4.4183 7.69895 3.85169 3.86869 4.69168 2.99125 7.47048 4.84176 2.98375 4.21257 3.93805 7.51035 0.646088 7.72981 3.71412 5.69873 3.87481 5.10609 8.39934 7.11375 5.79885 3.57938 4.72947 6.20323 5.86539 3.01087 2.77629 4.37738 7.417 4.5452 7.81416 5.0094 4.74544 1.45252 5.02411 4.8869 6.28186 2.70933 
5.34077 6.66632 2.28036 4.19736 6.26386 6.42093 2.74308 5.59173 0 5.9941 3.71599 7.03957 5.31372 6.19371 6.31206 6.52272 3.53392 1.99983 4.18306 7.521 5.62159 3.06683 3.32449 7.11926 1.19699 0.975992 7.72424 3.43435 4.75662 2.7711 3.48102 7.09805 6.14682 3.05612 6.59737 2.08819 6.31225 6.37247 2.23475 2.10935 6.50773 7.179 2.06066 2.07274 2.10264 4.38369 6.96318 0.891262 5.29612 3.01909 3.69698 2.70148 1.19595 4.67375 4.38289 4.94972 2.25726 1.59512 4.60952 0.879499 2.98233 0.972308 7.45966 1.37585 2.11565 5.82285 6.79198 5.48776 4.61383 3.28846 3.58184 3.98481 8.83878 2.6166 3.07019 5.9695 5.0446 5.26533 5.2752 7.85153 1.3539 5.83395 1.63304 5.58209 6.07787 5.05817 1.04323 1.84934 5.63071 2.96799 8.27028 2.44928 8.68387 2.41278 6.63895 1.78974 4.14104 7.4168 5.79407 1.24907 3.02683 
6.72349 4.39619 6.33882 8.97908 10.209 10.2136 3.69805 7.5961 5.9941 0 8.65089 11.6032 2.53514 5.89272 6.70916 9.25984 9.22552 7.86067 6.81831 12.0043 4.68691 4.76946 5.30386 3.63093 6.96667 6.93759 7.14655 4.4467 9.73437 8.46437 9.188 10.9961 10.6783 3.08738 8.50728 6.83455 3.005 11.2588 7.35862 5.13161 3.41455 1.56027 4.22934 4.52238 7.65165 1.64716 0.997224 5.15484 1.03122 5.03216 4.95094 4.69101 6.85035 10.1182 6.00199 2.46115 8.16913 6.77005 4.81823 5.16403 7.31244 6.42555 1.79747 5.30972 6.82677 4.284 10.8853 10.4893 8.93669 3.55286 9.05776 4.6609 7.79943 7.68512 8.95196 7.41945 1.43488 9.84088 1.96151 6.53841 7.13627 1.32356 5.76318 1.98551 4.76037 2.94867 6.96312 4.16671 4.99102 6.90082 6.61668 8.17097 7.10204 7.65081 11.4182 4.50335 6.84039 4.69773 3.16203 5.04501 5.6999 
4.21666 7.29058 5.77347 0.496076 2.72592 2.94297 6.2354 3.79552 3.71599 8.65089 0 3.32569 6.95905 5.81475 5.38376 3.73353 1.62299 2.26528 2.87976 3.80544 5.9912 6.77948 3.66886 8.23783 3.99387 3.53294 6.88749 7.13088 1.10626 4.56295 1.65628 3.50547 2.43265 5.61226 4.41158 1.87981 7.66178 2.71862 1.50006 3.52051 7.65746 10.092 5.59434 5.72005 1.7146 7.29081 9.64312 4.45603 7.71118 3.77738 4.18627 6.40695 4.16722 1.64479 3.8247 8.33497 3.77445 2.17776 4.95909 4.44338 1.3836 4.32875 10.3644 3.49375 5.35865 6.44608 3.14939 1.8716 1.15755 6.83042 1.05703 4.60326 7.97468 1.11159 4.15332 4.42146 8.12447 1.562 7.22425 7.4444 2.48609 8.92072 5.29111 7.46192 6.42208 6.52603 3.66708 5.13445 5.80262 1.8566 7.94631 4.37652 8.20041 5.08259 2.95451 4.2837 2.81628 8.00439 7.05758 4.91275 3.15345 
5.73988 9.30069 9.02705 2.85703 1.67664 1.85621 9.52718 4.89546 7.03957 11.6032 3.32569 0 9.57022 7.41592 6.66565 3.57765 4.0902 5.40438 4.938 0.489609 8.05708 10.1047 6.32274 10.4371 7.20722 6.77418 7.88371 10.456 2.31486 7.42089 4.15504 1.43285 0.936123 8.69671 4.76651 5.14045 10.0502 0.925042 4.82294 6.59818 9.93549 13.1122 8.90042 9.04118 4.98779 10.3932 12.5698 7.77662 10.606 6.57159 6.74523 9.73264 7.39161 2.91877 5.92573 11.5729 6.71748 5.49692 7.23981 7.76403 4.40629 7.60148 13.3744 6.7268 8.55982 8.58294 1.11767 1.69693 2.67891 10.1272 3.70403 7.11224 8.75259 4.43492 6.8325 5.47812 11.2613 1.82189 9.9511 8.69807 5.77239 12.0411 8.59498 10.137 8.39208 9.10125 6.89676 8.40977 7.78389 4.74715 9.18751 7.31573 9.27423 8.14784 0.59121 7.47483 4.89802 9.89843 9.46632 8.23723 5.90345 
4.29235 2.0761 6.55023 7.19203 8.05533 8.01956 4.13022 5.19814 5.31372 2.53514 6.95905 9.57022 0 3.35774 4.17977 6.88939 7.89146 6.7908 4.64313 9.92869 2.15181 5.50973 3.31519 1.90468 6.48213 6.27953 4.66035 5.37529 7.96557 8.06944 7.86871 8.79241 8.67801 2.41619 6.0473 5.35667 1.04725 9.36154 5.92714 3.67755 1.36096 4.05254 4.30853 4.72015 6.38325 2.57888 3.29115 4.70341 1.59264 3.18409 2.83964 5.25779 6.4306 8.55686 3.70899 4.23652 7.55978 5.48485 2.42268 4.70709 5.57552 6.06361 4.25372 4.16849 6.84862 1.76634 8.73879 8.68127 6.98724 4.3623 7.59267 2.45856 5.41117 6.17468 8.3736 4.95196 3.22977 7.90689 0.584294 4.14439 6.09017 3.63947 5.79895 0.601069 2.2491 0.475085 6.35667 3.87964 2.45754 5.1068 4.31052 7.74961 4.80531 7.50771 9.4713 3.5291 4.67867 2.61652 0.758831 4.84351 3.81153 
1.70133 2.02231 8.18097 5.81418 5.74941 5.61872 6.45669 2.5256 6.19371 5.89272 5.81475 7.41592 3.35774 0 0.903646 4.10303 7.24828 6.76714 2.93499 7.66158 1.20752 7.79073 2.88641 3.25249 7.33624 6.95157 1.58662 7.82295 6.51154 8.77834 7.25392 6.31067 6.66386 4.57894 3.01858 5.01019 3.20563 7.50272 5.50156 4.08551 2.92097 7.39519 6.29691 6.70285 6.12796 5.63984 6.6009 6.04001 4.93012 3.17521 2.50392 7.44079 7.37542 7.42413 2.06217 7.32817 8.06192 5.43384 1.67154 6.0363 4.65676 7.15335 7.58262 4.82118 8.23136 1.6433 6.39389 7.06492 5.29124 6.90323 6.76741 2.28686 2.65828 5.54383 8.8014 2.00476 6.43763 6.11674 3.9362 1.70939 6.25634 6.9527 7.38402 3.92215 1.21973 2.97 7.08014 5.67068 0.920171 4.21308 2.18479 8.46942 2.53247 8.60366 7.50287 4.71461 2.99854 2.50538 2.79919 6.40951 3.29119 
1.17274 2.91995 8.42153 5.31448 4.98972 4.83737 6.93135 1.7887 6.31206 6.70916 5.38376 6.66565 4.17977 0.903646 0 3.25445 6.90372 6.61293 2.56639 6.88227 2.04109 8.21523 3.00677 4.15242 7.39738 6.97913 1.52626 8.29203 5.96457 8.75592 6.91705 5.49917 5.96091 5.11069 2.1324 4.86535 4.09981 6.82369 5.29919 4.24827 3.82308 8.2315 6.69315 7.08186 5.93891 6.32664 7.45282 6.2848 5.72271 3.36397 2.76013 7.84816 7.4593 6.93934 1.94444 7.99579 8.00398 5.34376 2.14751 6.27941 4.3659 7.28398 8.42754 4.97284 8.40438 2.52078 5.61301 6.4582 4.7194 7.41958 6.38883 2.67229 2.65143 5.27875 8.70272 1.18877 7.15736 5.48766 4.74767 2.09963 6.17859 7.71601 7.63645 4.76027 2.11868 3.76325 7.11624 6.04823 1.72563 3.97046 2.6049 8.4582 2.81946 8.68981 6.79639 5.01194 2.63069 3.35619 3.66942 6.6947 3.29708 
2.61817 6.10529 8.8002 3.38694 1.9545 1.72911 8.25829 1.6958 6.52272 9.25984 3.73353 3.57765 6.88939 4.10303 3.25445 0 5.32703 5.80269 2.63338 3.71297 4.9957 9.25567 4.1784 7.31621 7.25295 6.77127 4.329 9.48271 3.71141 8.16669 5.36825 2.28005 3.0687 6.83783 1.19946 4.47671 7.10677 3.96265 4.57806 5.06286 6.90284 10.82 7.78396 8.07137 5.12129 8.4207 10.1373 6.9267 8.22875 4.55785 4.37759 8.85985 7.38765 4.81023 3.26515 9.91435 7.3611 5.02223 4.47195 6.91651 3.60254 7.39824 11.0528 5.5591 8.54641 5.5301 2.46851 3.89876 2.62057 8.84348 4.75547 4.61112 5.17498 4.32403 7.84186 2.09935 9.31409 2.95605 7.3818 5.18086 5.72364 10.0107 8.13335 7.48956 5.23026 6.41903 6.91965 7.15999 4.68501 3.55512 5.65714 7.93738 5.71277 8.49666 3.84191 6.04624 2.64109 6.60223 6.58092 7.41444 4.01426 
5.731 8.53796 5.12101 1.94449 4.05956 4.3153 6.27137 5.38964 3.53392 9.22552 1.62299 4.0902 7.89146 7.24828 6.90372 5.32703 0 1.55715 4.34654 4.57309 7.26107 6.47894 4.77678 9.37268 3.29703 2.94052 8.42355 6.88946 1.90891 3.33205 0.0656805 4.72136 3.39242 6.13986 6.03442 2.5376 8.71233 3.23837 1.96546 4.23232 8.76883 10.5527 5.59066 5.59612 1.57391 7.71515 10.2209 4.41008 8.37543 4.76757 5.31009 6.15082 3.49001 1.25035 5.19952 8.47085 2.635 2.46442 6.18311 4.39766 2.59675 3.78947 10.8321 3.91813 4.58768 7.66738 4.30776 2.39327 2.70921 6.82237 0.572106 5.72649 9.52818 1.76592 2.77514 6.00298 8.46734 2.72788 8.05845 8.92085 2.19126 9.26851 4.8426 8.32851 7.71396 7.50112 3.03187 5.2889 7.11388 3.06166 9.41617 3.22821 9.70113 4.0844 3.56138 4.72219 4.28184 9.27846 8.11674 4.77704 4.24934 
5.4787 7.74249 3.63724 2.75159 4.99119 5.20585 4.74277 5.39147 1.99983 7.86067 2.26528 5.40438 6.7908 6.76714 6.61293 5.80269 1.55715 0 4.09956 5.89398 6.53173 4.92434 3.99719 8.43003 1.80731 1.40387 8.12945 5.33268 3.09469 2.36407 1.49983 5.76264 4.5903 4.80688 6.23625 1.7586 7.69843 4.63086 1.33381 3.13718 7.81396 9.12279 4.06022 4.04625 0.703898 6.29708 8.84762 2.88765 7.07247 3.86755 4.50497 4.5939 1.99527 2.76216 4.7246 6.94947 1.55843 1.37388 5.44144 2.87555 2.34769 2.2538 9.40336 2.64344 3.15551 6.86376 5.39208 3.74625 3.38908 5.28186 1.72845 4.89373 9.26106 1.48993 2.11943 5.92646 7.00758 3.77792 6.87602 8.47628 0.726074 7.80394 3.29867 7.16495 6.99882 6.44785 1.51076 3.80754 6.44554 2.65977 8.94789 2.14178 9.29374 2.81793 4.93069 3.39632 4.03933 8.50051 7.12496 3.23131 3.51211 
1.39949 4.51599 6.44122 2.90112 3.41803 3.40132 5.63828 1.40876 4.18306 6.81831 2.87976 4.938 4.64313 2.93499 2.56639 2.63338 4.34654 4.09956 0 5.28654 3.22205 6.69124 1.56862 5.57021 5.12185 4.66504 4.09209 6.89113 3.62891 6.34031 4.35749 4.18227 4.06693 4.22006 2.42807 2.39903 5.1237 4.8134 2.76881 2.46123 5.03558 8.3668 5.19189 5.50325 3.40891 5.83976 7.74792 4.42904 5.79429 1.9322 1.86829 6.29725 5.21843 4.49584 1.01756 7.29198 5.55964 2.9248 2.31042 4.42012 1.80291 5.13088 8.61424 3.03409 6.2905 3.72163 4.10088 4.24774 2.46879 6.21819 3.84588 2.19657 5.21121 2.71796 6.213 1.84723 6.73475 3.36408 5.05409 4.57939 3.74698 7.4579 5.71443 5.22026 3.61891 4.17109 4.81071 4.55596 2.99294 1.44028 5.07805 6.05969 5.35463 6.4204 4.88334 3.43522 0.0646927 5.19507 4.53386 4.90426 1.38734 
6.00714 9.57998 9.5161 3.33169 1.92119 2.04547 9.99153 5.13601 7.521 12.0043 3.80544 0.489609 9.92869 7.66158 6.88227 3.71297 4.57309 5.89398 5.28654 0 8.35481 10.5849 6.71026 10.7345 7.69671 7.26314 8.0414 10.9333 2.8039 7.902 4.63812 1.4536 1.3898 9.12507 4.91216 5.60533 10.3757 1.37014 5.29999 7.03326 10.2466 13.5216 9.3691 9.51554 5.47462 10.8207 12.965 8.25107 11.0008 6.97278 7.11733 10.2115 7.881 3.38934 6.25686 12.0235 7.20281 5.97202 7.57323 8.23852 4.85348 8.08958 13.7817 7.18303 9.04943 8.88493 1.26944 2.1807 3.10944 10.5925 4.19267 7.4747 8.86811 4.91249 7.30721 5.69389 11.6931 2.28278 10.3239 8.88076 6.25904 12.4691 9.08095 10.5017 8.67403 9.45734 7.38599 8.87113 8.07371 5.17844 9.36319 7.80009 9.42567 8.63539 1.0321 7.92265 5.25008 10.1575 9.79793 8.71403 6.30619 
2.39263 1.30106 7.42159 6.08944 6.43559 6.34688 5.4668 3.31562 5.62159 4.68691 5.9912 8.05708 2.15181 1.20752 2.04109 4.9957 7.26107 6.53173 3.22205 8.35481 0 6.83607 2.53707 2.38041 6.8075 6.47402 2.63235 6.82373 6.83665 8.32902 7.25578 7.08565 7.23338 3.5643 4.02545 4.82852 2.11758 8.01732 5.3743 3.55176 1.91202 6.19659 5.39239 5.81026 5.95895 4.4746 5.41227 5.31635 3.72294 2.69086 2.02869 6.50761 6.81747 7.63531 2.20708 6.16825 7.67027 5.1592 1.09205 5.31478 4.69129 6.54225 6.38898 4.25862 7.55009 0.536304 7.10732 7.4696 5.69034 5.86742 6.84034 1.66223 3.5587 5.49992 8.44991 2.94075 5.25108 6.57794 2.72898 2.36957 5.93478 5.74943 6.62297 2.72301 0.467938 1.76461 6.58869 4.80016 0.321525 4.21109 2.7121 8.01078 3.17045 8.02152 8.06447 3.97149 3.27655 2.02006 1.6372 5.62889 3.04294 
7.51872 7.44858 1.81045 7.25647 9.25897 9.39402 1.39193 8.02977 3.06683 4.76946 6.77948 10.1047 5.50973 7.79073 8.21523 9.25567 6.47894 4.92434 6.69124 10.5849 6.83607 0 5.35802 7.38713 3.27331 3.54872 9.37307 0.45887 7.8228 4.32477 6.41986 10.1019 9.20665 3.28186 9.08328 5.05494 6.53197 9.43607 5.28795 4.23429 6.87058 5.37169 1.53136 1.18799 5.15635 3.27261 5.51752 2.37974 4.59609 4.95713 5.47162 0.395898 3.08747 7.67846 6.50884 2.6872 4.37885 4.62476 6.12996 2.39147 5.91802 2.71708 5.62861 3.69837 2.42932 6.79414 9.81757 8.54968 7.62781 1.23391 6.60675 5.55055 10.3822 5.67398 4.99051 8.24376 3.38449 8.32088 5.15541 9.20363 4.38283 3.97056 1.66785 5.44601 7.20281 5.5147 3.47612 2.18366 6.9842 5.78252 9.51141 4.10953 9.98791 3.31548 9.70519 3.28914 6.66765 8.09138 6.22423 1.89377 5.32382 
2.16487 3.77798 5.41795 3.87911 4.90664 4.92035 4.19318 2.72054 3.32449 5.30386 3.66886 6.32274 3.31519 2.88641 3.00677 4.1784 4.77678 3.99719 1.56862 6.71026 2.53707 5.35802 0 4.60614 4.45155 4.06564 4.39999 5.50336 4.65251 5.89861 4.76594 5.70291 5.40994 2.6595 3.77178 2.2964 3.99529 6.05848 2.85144 1.24153 4.01092 6.83903 3.82855 4.18508 3.42396 4.27163 6.25617 3.28826 4.29257 0.404163 0.533429 4.97372 4.49558 5.29408 1.15366 5.73599 5.19777 2.62727 1.4453 3.28226 2.29409 4.2927 7.09253 1.96856 5.40116 2.90099 5.58173 5.36616 3.69075 4.75027 4.39956 0.951671 5.5173 3.01162 5.95689 2.88582 5.16654 4.60926 3.64241 4.57477 3.42037 5.89401 4.63739 3.84996 3.00315 2.86822 4.19376 3.17666 2.45179 1.81316 5.02005 5.58749 5.40618 5.7261 6.18298 2.0746 1.57716 4.52915 3.3915 3.71578 0.529048 
4.75114 1.23367 8.45301 8.38425 8.81466 8.72161 6.01872 5.66366 7.11926 3.63093 8.23783 10.4371 1.90468 3.25249 4.15242 7.31621 9.37268 8.43003 5.57021 10.7345 2.38041 7.38713 4.60614 0 8.3057 8.06724 3.96262 7.22611 9.14516 9.88938 9.35868 9.45333 9.60831 4.315 6.26801 6.85265 0.859501 10.381 7.4222 5.29636 0.617402 4.83406 6.21321 6.62449 7.94615 4.2974 3.97055 6.56682 3.04568 4.61243 4.07427 7.14882 8.26771 9.8783 4.55333 5.83174 9.33602 7.07564 3.29223 6.56962 6.88586 7.91642 4.94509 5.88478 8.73972 1.85578 9.48474 9.80418 8.03533 6.21172 9.00569 3.65479 4.3539 7.61198 10.1459 5.22397 4.75863 8.93423 2.24328 3.1608 7.76023 4.93593 7.69713 1.97663 2.08662 2.06508 8.15547 5.77526 2.66354 6.40084 3.11193 9.56784 3.57078 9.3764 10.4369 5.33116 5.6212 1.12857 1.32601 6.73315 5.13509 
6.37194 7.86304 1.83208 4.48953 6.69537 6.88942 3.44074 6.51863 1.19699 6.96667 3.99387 7.20722 6.48213 7.33624 7.39738 7.25295 3.29703 1.80731 5.12185 7.69671 6.8075 3.27331 4.45155 8.3057 0 0.482548 8.84272 3.7128 4.89392 1.58732 3.23402 7.49514 6.37799 4.16419 7.47867 2.7977 7.49155 6.4379 2.70005 3.27125 7.69603 8.0329 2.79452 2.63013 2.28263 5.32517 7.90618 1.84055 6.35083 4.17339 4.85586 2.99408 0.193345 4.53774 5.45416 5.60429 1.21359 2.24604 5.78131 1.83341 3.65101 0.583132 8.3112 2.54972 1.36487 7.01787 7.14318 5.55355 5.05201 3.88292 3.53372 5.16131 9.96564 3.0178 1.9856 6.95425 5.88455 5.54299 6.41195 9.01064 1.55207 6.64365 1.60546 6.72207 7.26613 6.24201 0.335755 2.8135 6.80658 3.77329 9.43837 1.26787 9.84336 1.301 6.73789 2.97503 5.07243 8.61377 6.98185 1.93606 4.10099 
5.93518 7.56701 2.25312 4.02901 6.2244 6.41541 3.53738 6.05646 0.975992 6.93759 3.53294 6.77418 6.27953 6.95157 6.97913 6.77127 2.94052 1.40387 4.66504 7.26314 6.47402 3.54872 4.06564 8.06724 0.482548 0 8.43947 3.97085 4.45932 1.85582 2.87983 7.0287 5.93215 4.03092 7.00834 2.32216 7.26933 6.02324 2.21825 2.92284 7.45327 8.07503 2.86536 2.76941 1.81848 5.31206 7.89686 1.78508 6.26357 3.80983 4.49272 3.23667 0.637631 4.16343 5.03469 5.7357 1.28253 1.77087 5.42865 1.77541 3.16986 0.85065 8.35501 2.22554 1.83188 6.71043 6.68166 5.13583 4.57784 4.02771 3.12857 4.81702 9.56632 2.53999 2.09631 6.50336 5.92944 5.08796 6.25028 8.63773 1.07262 6.7062 1.90215 6.55666 6.93679 6.01172 0.148782 2.77259 6.45659 3.30147 9.0745 1.5368 9.46992 1.7581 6.31707 2.75062 4.61433 8.32242 6.74123 1.99945 3.68946 
2.69514 2.82879 9.75433 6.79218 6.2181 6.02802 8.03144 3.17286 7.72424 7.14655 6.88749 7.88371 4.66035 1.58662 1.52626 4.329 8.42355 8.12945 4.09209 8.0414 2.63235 9.37307 4.39999 3.96262 8.84272 8.43947 0 9.39679 7.41202 10.2395 8.43801 6.60636 7.26106 6.1435 3.12954 6.37674 4.22662 8.14509 6.82102 5.62593 3.85574 8.57457 7.88286 8.28933 7.45992 7.09943 7.73956 7.61157 6.25223 4.71896 4.0626 9.02534 8.89309 8.41595 3.42475 8.79374 9.49873 6.8429 3.258 7.60747 5.89217 8.69101 8.73241 6.36079 9.78621 2.89931 6.78857 7.85761 6.16147 8.46472 7.9032 3.8697 1.13306 6.80491 10.2098 2.52729 7.85275 6.87622 5.24313 0.944259 7.67623 8.29982 8.95908 5.16447 2.41549 4.34401 8.573 7.2573 2.41822 5.4943 1.35546 9.93718 1.39276 10.1243 8.08198 6.29381 4.1563 2.90852 3.98467 7.98938 4.75068 
7.6499 7.3614 2.26543 7.60179 9.56363 9.68957 1.36638 8.20273 3.43435 4.4467 7.13088 10.456 5.37529 7.82295 8.29203 9.48271 6.88946 5.33268 6.89113 10.9333 6.82373 0.45887 5.50336 7.22611 3.7128 3.97085 9.39679 0 8.18756 4.78363 6.83129 10.4087 9.55032 3.26028 9.25768 5.36954 6.37805 9.80589 5.63336 4.43026 6.73133 4.96704 1.69991 1.43841 5.53461 3.02079 5.15304 2.69037 4.35454 5.09959 5.57459 0.739196 3.52911 8.07796 6.64521 2.26894 4.83109 4.96255 6.17827 2.70267 6.21668 3.14929 5.21923 3.94663 2.88721 6.74592 10.1356 8.9219 7.94483 1.01464 6.99884 5.61983 10.3809 6.02116 5.44852 8.38443 3.03582 8.66116 4.98393 9.18167 4.7689 3.5778 2.1094 5.26412 7.17069 5.41889 3.90435 2.33841 6.99049 6.05346 9.46944 4.56787 9.95167 3.77286 10.0691 3.46042 6.87125 7.97961 6.10716 2.21943 5.51087 
4.83815 8.13604 6.71222 0.773536 2.18373 2.45185 7.32846 4.24174 4.75662 9.73437 1.10626 2.31486 7.96557 6.51154 5.96457 3.71141 1.90891 3.09469 3.62891 2.8039 6.83665 7.8228 4.65251 9.14516 4.89392 4.45932 7.41202 8.18756 0 5.20612 1.96854 2.81284 1.5099 6.70981 4.62841 2.98599 8.61588 1.62401 2.58299 4.6107 8.58194 11.1868 6.68076 6.79043 2.68037 8.39239 10.7239 5.52974 8.78287 4.80308 5.15071 7.45748 5.07758 1.09894 4.63237 9.43866 4.46572 3.26203 5.85295 5.51701 2.42764 5.2879 11.4581 4.59992 6.2495 7.31884 2.39931 0.76542 1.25063 7.92064 1.43285 5.55966 8.44914 2.19777 4.68054 4.88773 9.22918 0.842107 8.2595 8.06131 3.46484 10.0247 6.28841 8.48636 7.24489 7.5207 4.58216 6.23404 6.6192 2.87034 8.56688 5.07089 8.7722 5.86804 1.88239 5.38943 3.57062 8.82339 8.01268 5.97585 4.15617 
7.67171 9.41948 2.54447 5.02488 7.26271 7.49466 4.83347 7.68808 2.7711 8.46437 4.56295 7.42089 8.06944 8.77834 8.75592 8.16669 3.33205 2.36407 6.34031 7.902 8.32902 4.32477 5.89861 9.88938 1.58732 1.85582 10.2395 4.78363 5.20612 0 3.2677 7.98983 6.71042 5.74143 8.57324 3.94133 9.07787 6.55488 3.64556 4.77732 9.27848 9.43938 4.24025 3.99485 3.05371 6.81722 9.37868 3.40696 7.89885 5.65812 6.33991 4.14617 1.65179 4.53077 6.81787 6.89204 0.805978 3.42467 7.27923 3.40092 4.6692 2.05603 9.71362 4.0804 1.90724 8.56513 7.59294 5.72429 5.71342 5.18739 3.77481 6.67063 11.3705 3.84962 0.741084 8.18686 7.30422 5.98055 7.99399 10.4733 2.59425 8.03115 2.78892 8.3048 8.79221 7.82678 1.74798 4.35595 8.30739 4.91498 10.9164 0.321946 11.3043 1.05369 6.88344 4.55829 6.2842 10.1737 8.56462 3.4245 5.49505 
5.74448 8.53056 5.05726 1.98876 4.11481 4.36953 6.21987 5.41288 3.48102 9.188 1.65628 4.15504 7.86871 7.25392 6.91705 5.36825 0.0656805 1.49983 4.35749 4.63812 7.25578 6.41986 4.76594 9.35868 3.23402 2.87983 8.43801 6.83129 1.96854 3.2677 0 4.78044 3.45464 6.10316 6.06633 2.51778 8.69445 3.30392 1.94528 4.20589 8.75393 10.5108 5.53882 5.54137 1.53681 7.67356 10.183 4.35881 8.34159 4.75129 5.29908 6.09279 3.42707 1.31544 5.20278 8.42046 2.56946 2.43142 6.17617 4.34641 2.59959 3.72835 10.7904 3.88226 4.52296 7.65902 4.36773 2.45812 2.75224 6.76935 0.613221 5.71483 9.5444 1.75737 2.71379 6.02398 8.42276 2.78489 8.03142 8.92931 2.14108 9.22367 4.78198 8.30264 7.70969 7.48056 2.97022 5.24167 7.11121 3.06115 9.42389 3.16291 9.7116 4.01872 3.62679 4.68472 4.29281 9.27229 8.09965 4.72295 4.23915 
4.7024 8.27132 9.25181 3.01293 0.846335 0.782714 9.34558 3.79905 7.09805 10.9961 3.50547 1.43285 8.79241 6.31067 5.49917 2.28005 4.72136 5.76264 4.18227 1.4536 7.08565 10.1019 5.70291 9.45333 7.49514 7.0287 6.60636 10.4087 2.81284 7.98983 4.78044 0 1.42136 8.25828 3.47812 5.04721 9.15362 2.12826 4.87877 6.23265 8.99406 12.5392 8.76852 8.97108 5.21254 9.93394 11.9301 7.72473 9.97467 6.01346 6.0499 9.71419 7.6653 3.75015 5.08416 11.2594 7.22695 5.5035 6.38939 7.71275 4.19307 7.80219 12.7899 6.51342 8.85884 7.62091 0.437836 2.52743 2.48428 9.94936 4.22311 6.37203 7.41696 4.51475 7.48872 4.3174 10.8228 2.00941 9.22761 7.46037 5.96697 11.5746 8.71804 9.38007 7.37405 8.31749 7.16574 8.21346 6.79135 4.4087 7.93717 7.83361 7.98594 8.57943 1.88084 7.182 4.15735 8.81557 8.59283 8.20819 5.36655 
4.9685 8.49647 8.18343 1.95021 1.13071 1.39547 8.60174 4.17303 6.14682 10.6783 2.43265 0.936123 8.67801 6.66386 5.96091 3.0687 3.39242 4.5903 4.06693 1.3898 7.23338 9.20665 5.40994 9.60831 6.37799 5.93215 7.26106 9.55032 1.5099 6.71042 3.45464 1.42136 0 7.76164 4.20243 4.21559 9.19021 0.895246 3.91893 5.66225 9.09164 12.1829 7.9799 8.1296 4.12588 9.45824 11.648 6.86545 9.68509 5.64891 5.84455 8.83103 6.55837 2.34448 5.06984 10.6389 5.97505 4.58783 6.37677 6.85292 3.47081 6.74643 12.446 5.79506 7.73906 7.75257 0.983584 1.10726 1.74573 9.20272 2.9415 6.21972 8.19219 3.5327 6.16679 4.78647 10.3255 0.893059 9.04626 8.0317 4.90726 11.1059 7.72189 9.23868 7.5871 8.21175 6.05994 7.48164 6.97096 3.81208 8.52944 6.57982 8.65326 7.37639 0.839032 6.53979 4.02322 9.11878 8.60071 7.3309 4.98044 
4.6295 4.19855 4.13967 5.97158 7.43305 7.48238 1.90314 5.33207 3.05612 3.08738 5.61226 8.69671 2.41619 4.57894 5.11069 6.83783 6.13986 4.80688 4.22006 9.12507 3.5643 3.28186 2.6595 4.315 4.16419 4.03092 6.1435 3.26028 6.70981 5.74143 6.10316 8.25828 7.76164 0 6.36362 3.76512 3.46201 8.27402 4.27722 2.10765 3.74139 4.48109 1.92308 2.3436 4.56638 1.69662 4.08408 2.3367 2.26735 2.28864 2.53534 2.9718 4.08996 7.03975 3.68045 3.07707 5.3075 3.68267 2.96667 2.34214 4.31724 3.70023 4.75485 2.22257 4.43412 3.5138 8.08761 7.47208 6.01852 2.3244 5.97288 2.46757 7.12064 4.61239 6.11687 5.37956 2.57095 6.89485 2.2579 5.92676 4.08084 3.34447 3.38296 2.57038 3.92165 2.30452 4.08557 1.46409 3.73187 3.94959 6.22956 5.42678 6.7066 5.11415 8.45841 1.42007 4.2226 4.87661 3.04857 2.43186 2.90036 
1.79222 5.04047 8.86463 4.16142 3.11769 2.91121 7.96303 1.05495 6.59737 8.50728 4.41158 4.76651 6.0473 3.01858 2.1324 1.19946 6.03442 6.23625 2.42807 4.91216 4.02545 9.08328 3.77178 6.26801 7.47867 7.00834 3.12954 9.25768 4.62841 8.57324 6.06633 3.47812 4.20243 6.36362 0 4.6898 6.14021 5.09683 4.92771 4.85171 5.89974 10.0618 7.56665 7.89743 5.53341 7.83977 9.33397 6.85375 7.48458 4.1747 3.82982 8.69196 7.5897 5.70903 2.68318 9.41905 7.77221 5.23899 3.69322 6.84504 3.90417 7.53208 10.28 5.45796 8.69322 4.54747 3.66333 4.93344 3.42438 8.52199 5.46763 3.97002 3.99542 4.75259 8.34108 1.09585 8.71985 3.95743 6.57634 3.98708 6.02058 9.36842 8.14224 6.64682 4.19944 5.59067 7.15644 6.92026 3.70548 3.70702 4.45991 8.3151 4.5141 8.76496 5.00132 5.80009 2.46406 5.48623 5.6523 7.3255 3.76076 
3.74737 6.07347 4.34106 2.29732 4.20532 4.34855 4.38678 3.75929 2.08819 6.83455 1.87981 5.14045 5.35667 5.01019 4.86535 4.47671 2.5376 1.7586 2.39903 5.60533 4.82852 5.05494 2.2964 6.85265 2.7977 2.32216 6.37674 5.36954 2.98599 3.94133 2.51778 5.04721 4.21559 3.76512 4.6898 0 6.17755 4.59321 0.572518 1.72755 6.24454 8.24428 3.76641 3.93584 1.13239 5.42739 7.83098 2.6804 5.9294 2.24029 2.82256 4.66823 2.92083 3.28649 2.96623 6.45917 3.16236 0.551661 3.73696 2.66826 0.894934 2.92306 8.51903 1.61394 4.06984 5.19547 4.76618 3.75116 2.57538 4.98726 2.25409 3.22996 7.50924 0.851195 3.83815 4.24559 6.25092 3.32256 5.54278 6.71891 1.34917 7.04917 3.72107 5.80555 5.29228 4.96354 2.47076 3.27126 4.72081 0.985151 7.19252 3.6625 7.5354 4.07607 4.81518 2.40811 2.3429 6.82549 5.58409 3.16155 1.78624 
4.49305 1.41063 7.59746 7.84632 8.46819 8.39992 5.16081 5.41863 6.31225 3.005 7.66178 10.0502 1.04725 3.20563 4.09981 7.10677 8.71233 7.69843 5.1237 10.3757 2.11758 6.53197 3.99529 0.859501 7.49155 7.26933 4.22662 6.37805 8.61588 9.07787 8.69445 9.15362 9.19021 3.46201 6.14021 6.17755 0 9.92644 6.74991 4.56216 0.412049 4.35792 5.35499 5.76562 7.24652 3.48136 3.51507 5.73276 2.28508 3.94732 3.47575 6.29059 7.44718 9.2893 4.12457 5.06316 8.54452 6.36132 2.81345 5.73598 6.28937 7.0882 4.50779 5.11354 7.89197 1.59314 9.1475 9.3021 7.55817 5.36341 8.37415 3.06038 4.8027 6.96513 9.35684 5.05812 4.00493 8.47062 1.40594 3.54967 7.01378 4.26446 6.84496 1.16608 1.98676 1.26065 7.35261 4.92446 2.43562 5.80798 3.61168 8.75697 4.0975 8.54082 10.0063 4.52258 5.16879 1.72569 0.60425 5.88592 4.5183 
5.80225 9.29465 8.2679 2.30767 2.01623 2.27053 8.95108 5.03516 6.37247 11.2588 2.71862 0.925042 9.36154 7.50272 6.82369 3.96265 3.23837 4.63086 4.8134 1.37014 8.01732 9.43607 6.05848 10.381 6.4379 6.02324 8.14509 9.80589 1.62401 6.55488 3.30392 2.12826 0.895246 8.27402 5.09683 4.59321 9.92644 0 4.20648 6.16673 9.84876 12.7363 8.30463 8.41307 4.28229 9.9655 12.2406 7.15319 10.2855 6.26058 6.52211 9.07394 6.62613 2.02824 5.8284 11.052 5.87337 4.88568 7.11835 7.14046 3.95821 6.86383 13.0045 6.20511 7.77516 8.52819 1.71539 0.889032 2.37526 9.54404 2.90555 6.91275 9.08458 3.82045 5.94704 5.65728 10.8142 1.45708 9.69965 8.90396 5.06309 11.6055 7.88135 9.90741 8.38693 8.90223 6.13841 7.853 7.76578 4.35802 9.40358 6.46497 9.53641 7.31921 0.33856 6.98435 4.76458 9.93474 9.33047 7.59715 5.59628 
4.15473 6.62912 4.38485 1.96903 4.05358 4.22744 4.74583 4.06128 2.23475 7.35862 1.50006 4.82294 5.92714 5.50156 5.29919 4.57806 1.96546 1.33381 2.76881 5.29999 5.3743 5.28795 2.85144 7.4222 2.70005 2.21825 6.82102 5.63336 2.58299 3.64556 1.94528 4.87877 3.91893 4.27722 4.92771 0.572518 6.74991 4.20648 0 2.28269 6.81495 8.74574 4.0984 4.22006 0.640781 5.917 8.35579 2.95597 6.46959 2.81053 3.38116 4.91223 2.85052 2.76304 3.4429 6.87068 2.84501 0.679308 4.28473 2.94332 1.02416 2.93687 9.02218 2.07786 4.03769 5.75243 4.5618 3.33937 2.39831 5.33766 1.70341 3.7919 7.95026 0.388475 3.45268 4.59265 6.72142 3.03328 6.1059 7.20588 1.15147 7.52269 3.84115 6.37136 5.83573 5.53571 2.36432 3.65805 5.25529 1.33195 7.68635 3.39116 8.01482 3.91974 4.45191 2.8889 2.70799 7.37868 6.15612 3.41432 2.33294 
3.36773 4.67588 4.17839 3.8663 5.39469 5.46899 3.19942 3.80026 2.10935 5.13161 3.52051 6.59818 3.67755 4.08551 4.24827 5.06286 4.23232 3.13718 2.46123 7.03326 3.55176 4.23429 1.24153 5.29636 3.27125 2.92284 5.62593 4.43026 4.6107 4.77732 4.20589 6.23265 5.66225 2.10765 4.85171 1.72755 4.56216 6.16673 2.28269 0 4.67955 6.57669 2.73074 3.04703 2.70611 3.80201 6.12532 2.05795 4.20757 0.910296 1.58802 3.84167 3.29764 5.00888 2.36658 5.02753 4.12795 1.80761 2.5105 2.05125 2.20959 3.06829 6.84754 0.735856 4.16341 3.8075 6.03255 5.37059 3.92384 3.79116 3.98066 1.89446 6.73486 2.57558 4.91896 4.05951 4.66357 4.79044 3.82633 5.74374 2.46516 5.44709 3.40184 4.09689 4.01554 3.31583 3.03967 2.09817 3.537 1.8558 6.16747 4.45938 6.57632 4.52162 6.35121 0.984881 2.44099 5.4351 3.98793 2.50263 1.09102 
4.30465 1.02752 7.88077 7.81727 8.33115 8.25036 5.49088 5.22719 6.50773 3.41455 7.65746 9.93549 1.36096 2.92097 3.82308 6.90284 8.76883 7.81396 5.03558 10.2466 1.91202 6.87058 4.01092 0.617402 7.69603 7.45327 3.85574 6.73133 8.58194 9.27848 8.75393 8.99406 9.09164 3.74139 5.89974 6.24454 0.412049 9.84876 6.81495 4.67955 0 4.74928 5.65263 6.06765 7.33404 3.86773 3.90045 5.968 2.69237 4.00444 3.48122 6.61779 7.66053 9.29465 4.02336 5.46515 8.72072 6.46118 2.73569 5.9705 6.29788 7.31317 4.89194 5.26787 8.15283 1.37573 9.00645 9.25189 7.49168 5.71731 8.40899 3.06159 4.40075 7.01061 9.53016 4.8305 4.41092 8.39707 1.78704 3.15313 7.14311 4.67651 7.11774 1.56579 1.70605 1.46251 7.54255 5.19509 2.21811 5.81348 3.2029 8.9568 3.68749 8.77734 9.91519 4.72102 5.0842 1.31805 0.714373 6.14677 4.53918 
8.28063 5.76845 7.11105 10.4419 11.7454 11.7565 4.60943 9.1559 7.179 1.56027 10.092 13.1122 4.05254 7.39519 8.2315 10.82 10.5527 9.12279 8.3668 13.5216 6.19659 5.37169 6.83903 4.83406 8.0329 8.07503 8.57457 4.96704 11.1868 9.43938 10.5108 12.5392 12.1829 4.48109 10.0618 8.24428 4.35792 12.7363 8.74574 6.57669 4.74928 0 5.23843 5.44562 8.9842 2.83794 0.864596 6.30111 2.59126 6.55161 6.50178 5.40399 7.89412 11.5078 7.5612 2.70304 9.24648 8.1273 6.37595 6.31178 8.77932 7.46404 0.280737 6.67166 7.66849 5.76489 12.4191 11.9473 10.4379 4.28102 10.4291 6.21886 9.14402 9.08898 9.99495 8.97194 2.14864 11.3339 3.495 7.90227 8.40851 1.41464 6.66019 3.47376 6.23071 4.48589 8.07923 5.33054 6.50716 8.38521 7.92441 9.16694 8.39548 8.53626 12.9076 5.8588 8.38728 5.95339 4.61738 6.09985 7.2163 
5.98778 6.11555 2.25865 6.04571 7.9222 8.03601 0.682663 6.51204 2.06066 4.22934 5.59434 8.90042 4.30853 6.29691 6.69315 7.78396 5.59066 4.06022 5.19189 9.3691 5.39239 1.53136 3.82855 6.21321 2.79452 2.86536 7.88286 1.69991 6.68076 4.24025 5.53882 8.76852 7.9799 1.92308 7.56665 3.76641 5.35499 8.30463 4.0984 2.73074 5.65263 5.23843 0 0.422352 4.11068 2.58349 5.13878 1.18229 3.74784 3.42691 3.9434 1.15542 2.65728 6.70466 4.97828 2.89108 4.00807 3.4191 4.62851 1.19487 4.5789 2.22732 5.51668 2.26673 2.64556 5.4012 8.51311 7.4335 6.32771 1.24479 5.60551 4.03677 8.91329 4.48541 4.76196 6.71432 3.09029 7.08694 4.06136 7.76088 3.40148 3.85155 1.56627 4.37081 5.78291 4.2266 2.85509 0.65241 5.51795 4.38262 8.09347 3.95307 8.56064 3.43237 8.54876 1.7666 5.17161 6.7994 4.96739 0.867417 3.81368 
6.34913 6.53763 1.87451 6.1844 8.12582 8.25116 0.839533 6.8445 2.07274 4.52238 5.72005 9.04118 4.72015 6.70285 7.08186 8.07137 5.59612 4.04625 5.50325 9.51554 5.81026 1.18799 4.18508 6.62449 2.63013 2.76941 8.28933 1.43841 6.79043 3.99485 5.54137 8.97108 8.1296 2.3436 7.89743 3.93584 5.76562 8.41307 4.22006 3.04703 6.06765 5.44562 0.422352 0 4.16864 2.88833 5.40282 1.26456 4.10121 3.78679 4.32582 0.794647 2.47452 6.7465 5.3381 2.97619 3.83387 3.54429 5.03264 1.27715 4.77862 2.04858 5.72073 2.51872 2.30823 5.82303 8.70066 7.53393 6.51025 1.25929 5.65385 4.43482 9.32538 4.60852 4.55772 7.06883 3.30993 7.23857 4.45867 8.17796 3.42637 4.04068 1.2411 4.76638 6.20308 4.64586 2.7377 1.03512 5.93203 4.61793 8.5132 3.72151 8.97938 3.13098 8.66817 2.11117 5.4797 7.2202 5.38506 0.823957 4.13717 
4.7955 7.19715 4.06116 2.21067 4.41484 4.61396 4.78259 4.6889 2.10264 7.65165 1.7146 4.98779 6.38325 6.12796 5.93891 5.12129 1.57391 0.703898 3.40891 5.47462 5.95895 5.15635 3.42396 7.94615 2.28263 1.81848 7.45992 5.53461 2.68037 3.05371 1.53681 5.21254 4.12588 4.56638 5.53341 1.13239 7.24652 4.28229 0.640781 2.70611 7.33404 8.9842 4.11068 4.16864 0 6.14626 8.64697 2.93178 6.80667 3.34121 3.94618 4.79911 2.45362 2.5959 4.07327 6.9612 2.24819 0.904186 4.86703 2.91905 1.64458 2.62062 9.26327 2.34563 3.64647 6.31831 4.86321 3.39454 2.77927 5.35434 1.49554 4.34867 8.58969 0.797492 2.82145 5.22844 6.91006 3.27216 6.51953 7.83453 0.784743 7.71224 3.60829 6.79671 6.42336 6.01271 1.95367 3.75476 5.8532 1.97273 8.31228 2.81642 8.6463 3.42203 4.55887 3.1483 3.34787 7.95109 6.66047 3.34537 2.91796 
6.05879 4.6541 4.73039 7.66057 9.11441 9.15517 2.07959 6.84319 4.38369 1.64716 7.29081 10.3932 2.57888 5.63984 6.32664 8.4207 7.71515 6.29708 5.83976 10.8207 4.4746 3.27261 4.27163 4.2974 5.32517 5.31206 7.09943 3.02079 8.39239 6.81722 7.67356 9.93394 9.45824 1.69662 7.83977 5.42739 3.48136 9.9655 5.917 3.80201 3.86773 2.83794 2.58349 2.88833 6.14626 0 2.5852 3.52698 1.33411 3.92923 4.04763 3.13416 5.20591 8.67642 5.18589 1.69431 6.53112 5.29171 4.22309 3.53668 6.01107 4.78016 3.11709 3.83984 5.19644 4.22887 9.77357 9.15624 7.71487 2.03957 7.59416 3.86975 7.93895 6.26649 7.30948 6.79971 0.895037 8.59111 2.08079 6.68088 5.57886 1.64846 4.1265 2.32232 4.70391 2.78038 5.33163 2.54027 4.72503 5.64617 6.87816 6.52422 7.37261 6.01022 10.1532 3.02811 5.84871 5.17189 3.33756 3.39916 4.56749 
