100
7.02687 23.3487 0.870546 0
12.3098 18.554 1.00431 0
17.9305 21.4223 3.95633 0
17.9379 23.3328 0.409842 0
10.44 15.6253 2.18591 0
12.3926 20.8729 1.81964 1
8.8289 10.6178 21.3719 0
16.9683 18.3641 0.955471 0
3.62846 12.4666 0.914349 0
10.7761 15.864 1.38474 0
4.54355 12.1921 2.53445 0
6.72659 16.7567 1.70007 1
7.8903 17.1544 1.50249 0
2.09582 7.78251 4.09206 0
2.24565 17.9297 1.17362 0
12.8864 18.4316 2.19181 1
17.008 18.0986 0.700333 0
9.28212 18.8029 1.81569 0
12.493 21.4617 0.558573 1
6.48642 12.7595 1.9742 0
1.99885 20.485 1.70036 0
8.47674 8.66119 2.25697 0
9.61438 13.2897 0.731582 1
17.6816 18.632 2.01232 0
1.10593 20.9797 1.34505 0
2.03327 13.6282 1.38094 0
12.2819 22.8299 1.84645 1
0.138833 9.94798 0.868683 0
10.7841 13.0543 2.00218 0
10.451 16.1113 1.86548 0
0.66019 10.5317 1.10297 0
15.5819 16.3326 0.725163 0
1.23541 4.51511 1.77681 0
12.0586 17.2936 2.03154 0
7.60979 23.0037 1.84871 0
6.89528 13.9808 0.811902 0
3.80245 6.11771 0.548229 1
18.997 19.2551 18.6711 0
5.45362 17.8234 19.4929 1
15.1213 16.4546 2.26317 0
7.69955 21.2328 1.62089 0
1.70641 3.76348 0.96756 0
1.31583 21.4132 0.30362 1
14.6246 23.4093 1.17156 0
9.08846 12.1543 2.02493 1
3.30932 14.0517 10.4032 0
14.4862 15.6482 1.14551 0
12.3712 22.4262 0.706776 0
4.6813 18.1903 0.913692 0
0.668104 3.84333 1.00084 0
2.80849 16.9888 0.310428 1
7.92574 8.19618 1.95804 0
6.90012 15.3238 2.89325 0
7.93507 8.51075 0.849006 0
16.2359 17.6643 18.1201 0
9.49581 12.8786 2.08355 0
13.054 13.9044 1.92009 0
12.9375 14.1995 17.8224 0
9.79388 11.1822 1.15006 0
17.6853 20.8896 1.1671 0
3.06995 11.891 1.949 0
10.8019 13.6993 0.272633 1
0.962162 21.9895 0.71037 0
1.5307 12.7316 1.81911 0
17.8492 22.8535 1.56637 0
6.6663 13.8568 1.37971 0
2.23855 15.8575 0.206915 0
15.7131 22.4815 5.8955 0
11.7753 15.1661 1.87854 0
0.820439 7.26555 0.480117 0
12.0239 22.5812 23.9392 0
2.77583 15.8826 25.3025 0
11.5158 17.0375 21.4087 0
14.9214 18.9354 1.59867 0
14.8145 15.0996 1.95532 0
2.21425 6.6274 1.96759 0
10.0673 23.0989 0.782273 0
6.88805 9.26933 1.07984 0
15.893 16.7386 13.011 0
18.3445 23.4395 0.633036 0
5.2607 7.03039 1.03472 0
15.3108 16.5099 2.20589 0
12.3251 23.6281 22.7249 0
11.0428 20.6574 0.941188 0
15.0725 22.1981 0.342848 1
12.425 18.106 1.88015 0
0.729422 1.72722 2.24657 0
5.03738 23.725 0.655048 0
5.53721 12.92 0.974813 0
7.19017 7.26327 0.741302 1
4.69677 4.89891 0.79008 1
13.4697 14.3882 2.10476 0
8.2101 15.1107 0.809505 0
15.0881 17.2467 1.21287 0
1.38746 9.71975 2.00726 0
8.13883 13.9472 1.83341 0
2.26085 7.98325 15.9759 0
15.4179 16.3828 1.15346 0
0.700369 15.5172 0.607363 0
0.260106 13.3423 0.433636 1
400 50 500
0.025 0.0125 10000 3000 15 1e+06 300000 2 2
0 11.0919 7.20987 3.48023 16.8207 13.7085 10.6942 15.3446 9.17569 10.4493 15.6162 10.5181 19.117 3.58051 9.50508 6.82565 19.0833 10.107 5.53976 14.0765 20.0531 1.79879 13.0626 16.6084 8.2095 16.5727 14.5623 5.31527 17.1163 8.60588 12.8295 21.1421 16.151 11.2574 11.5103 5.83945 13.421 13.245 12.688 12.2336 17.8618 17.3618 11.96 8.52249 7.51559 17.8109 18.9901 13.02 9.85544 9.62396 11.2936 11.8356 8.6392 16.2894 19.8297 6.06381 15.8554 18.5256 15.7554 2.64151 19.7445 18.1964 15.9691 16.4017 6.25197 19.4851 16.5604 18.0714 7.15165 17.4344 18.0141 16.445 4.10804 14.9081 18.1754 5.9534 13.4311 18.1423 17.0235 3.37539 16.0538 12.5626 11.4632 15.8887 6.41914 8.88625 11.3141 5.98021 4.67039 18.928 1.61392 9.01564 19.1937 15.3742 16.6142 2.91707 16.7504 8.75245 12.0607 11.938 10.9973 
11.0919 0 13.1844 10.2261 5.88406 11.21 11.1918 6.30012 6.48375 1.82895 6.80229 7.44517 8.02634 10.5191 5.70377 9.52871 13.5064 7.73603 11.7975 3.18747 9.22451 11.7251 2.75291 11.7774 12.8966 5.55975 3.73342 9.0338 6.0473 5.80579 11.6296 10.1159 5.10781 11.7534 10.8432 6.95373 6.03228 11.9149 1.60233 5.31245 8.38687 12.6476 0.970087 8.97842 5.37672 6.7209 8.95684 8.57913 3.78615 7.16354 12.2204 12.1137 8.54289 11.8671 8.7659 5.11941 7.01683 7.72934 6.58358 8.78074 8.93164 11.2165 7.69131 11.2431 5.81425 9.0552 7.18396 7.14387 14.4423 10.5405 6.92557 6.06682 7.28144 5.24425 8.03378 5.42449 10.3929 10.0009 5.97091 11.7813 5.0025 5.75077 3.08829 4.93559 11.5448 13.5351 4.17806 5.17509 6.43578 8.05823 10.0246 2.73076 13.1691 7.31124 10.8786 8.40454 6.06551 3.03409 3.44987 9.46177 5.35166 
7.20987 13.1844 0 4.22682 17.5873 9.07047 17.3694 19.0651 14.584 13.5631 19.4828 16.1133 20.4474 3.96481 14.558 13.4991 14.9569 15.8674 1.81173 15.1814 20.2403 5.51173 15.8499 12.5297 1.38851 17.5621 16.8881 4.25054 18.2674 13.764 7.72015 22.7952 17.2878 17.9828 17.9853 11.4579 12.0369 8.06342 14.4715 16.6452 16.735 13.0447 14.1503 14.8854 7.82651 19.0886 18.2157 9.89974 14.0015 7.43134 5.4847 6.20644 5.60485 12.0426 21.3682 8.82412 19.7216 18.8116 19.4231 6.50615 21.96 15.1285 20.1433 12.5738 11.1656 19.1078 15.6109 20.1157 1.62038 14.4695 19.2513 19.2496 7.11142 14.6002 21.2083 8.27944 9.23248 15.899 18.7666 3.84823 17.2328 17.0741 11.7339 17.9662 1.64074 1.81856 10.9166 9.77999 8.32437 19.3113 6.15619 12.4613 15.3235 19.6176 13.093 8.62639 17.0942 10.1511 12.1217 8.06462 15.6979 
3.48023 10.2261 4.22682 0 15.4388 10.3701 13.1446 15.5676 10.4906 10.1713 15.9356 11.9995 18.0577 0.313834 10.5466 9.28213 15.93 11.7199 2.41572 12.7895 18.461 2.38881 12.6685 13.4336 4.95008 15.2942 13.9406 2.07372 15.9299 9.71227 9.40849 20.2768 14.9361 13.7601 13.7612 7.27777 11.0001 9.82094 11.7116 12.859 15.6666 14.1429 11.1843 10.6619 5.41103 16.702 16.9606 10.0078 10.2427 6.71184 7.81362 8.36205 5.41507 13.0712 18.8873 5.26725 16.178 16.9519 15.9516 2.29305 19.1569 15.3222 16.4913 13.2848 7.10115 17.6328 14.4073 17.3661 4.78641 14.5784 16.8887 16.1349 3.20519 12.9805 18.0245 4.84052 10.1698 15.5359 16.139 1.58483 14.8579 13.2628 9.66209 15.1599 3.06991 5.67484 9.20005 5.93793 4.39335 17.4068 2.06138 8.89482 16.1066 15.9342 13.5815 4.39958 15.1663 7.35817 10.1908 8.70346 11.8042 
16.8207 5.88406 17.5873 15.4388 0 12.4627 16.0996 7.41969 11.6427 7.22434 7.90344 12.1249 3.0049 15.7006 10.7938 15.1598 11.9749 12.5747 16.5382 2.74748 3.35293 17.2449 5.35654 11.2828 16.9432 0.551182 3.94092 13.8519 1.06261 11.1862 13.4822 5.41843 1.00844 16.5676 15.4675 12.7809 6.38603 13.6073 4.32107 9.01124 4.53272 11.9794 5.22858 14.2926 10.0739 1.80086 4.08152 9.69411 8.96784 10.3564 14.9523 14.5722 12.1543 11.64 4.01453 10.7586 7.97068 1.91564 7.3688 14.3637 5.37598 9.14195 8.92617 10.6787 11.6713 3.59419 4.12204 3.7974 19.0509 8.77167 1.87541 5.1512 12.8293 3.45939 6.5081 10.929 11.6158 7.18384 2.51294 17.0235 1.13233 9.26362 5.87801 3.17514 16.0227 17.4445 6.68988 11.0195 12.1552 2.18061 15.6141 8.50849 11.3689 8.94617 9.9878 14.2404 1.0441 8.15539 5.46586 11.4168 9.79723 
13.7085 11.21 9.07047 10.3701 12.4627 0 20.5603 17.3285 16.2571 12.68 17.8583 17.6613 15.431 10.3898 15.7592 17.374 5.88642 17.7197 9.38483 11.1575 13.9595 12.7307 13.7235 3.49047 7.76281 12.712 13.8705 8.39554 13.4523 15.3536 1.48387 17.8119 12.6841 21.2023 20.6668 14.4587 6.13206 1.34171 11.5618 16.4005 9.62244 3.97651 11.878 17.9149 7.8044 14.2555 11.2192 2.82126 14.2237 4.81998 3.82706 3.11764 5.10225 2.97826 16.4509 10.4236 18.0502 12.8726 17.5431 11.418 17.7682 6.45417 18.8155 3.63772 13.4901 12.3903 8.94182 16.0182 10.6394 5.94253 14.3381 16.2769 10.6034 9.00616 18.166 9.9331 0.861884 7.80602 14.5644 11.3734 12.6945 16.8574 8.23312 14.3592 8.34283 7.77332 7.07345 11.7112 11.217 13.3943 12.1085 12.4739 6.27498 18.4831 4.30299 13.1151 11.5805 9.16514 8.11652 1.99491 16.0965 
10.6942 11.1918 17.3694 13.1446 16.0996 20.5603 0 10.1557 4.71381 9.38191 10.0323 3.97776 16.8237 13.4052 5.49264 3.89712 24.2749 3.53495 15.5598 13.9465 19.2678 12.4599 10.7436 22.2102 18.0041 15.6001 12.2629 13.8451 15.7076 5.4827 20.3408 17.8402 15.1051 0.646851 1.1923 6.25469 16.889 20.7307 12.245 7.24512 19.5079 23.0894 11.3183 2.66444 12.7662 15.9803 19.8544 18.5513 7.41968 15.7444 19.7606 20.0345 15.9949 22.1486 17.0195 10.1805 10.1817 17.9929 10.5065 10.892 15.8517 22.2567 9.64109 21.7617 7.08841 19.6631 18.3514 14.923 17.6855 21.5398 16.1846 12.5341 10.7237 16.4201 13.2994 10.7171 19.9199 21.1793 14.7071 13.8298 14.9794 7.13312 13.8694 13.4388 16.1108 18.748 14.6271 8.87716 9.70948 18.1397 11.2768 8.71265 24.05 9.12328 21.5726 8.74847 16.6794 11.678 14.3976 18.5681 6.30398 
15.3446 6.30012 19.0651 15.5676 7.41969 17.3285 10.1557 0 6.92454 5.50378 0.540445 6.49113 7.03443 15.8796 6.23806 10.8268 18.635 7.06747 17.5071 6.64823 9.95048 16.4861 3.61482 17.3425 18.9519 6.86951 3.80618 14.8182 6.62345 7.06687 17.8666 7.7085 6.47229 10.4511 9.22006 9.72152 11.5794 18.1314 5.78189 3.35121 11.8078 18.1656 5.49174 9.28799 11.4676 6.55735 11.4994 14.5833 5.492 13.4636 18.52 18.4099 14.8035 17.5431 7.02105 10.3339 0.722823 9.02072 0.417556 13.6422 5.69784 15.9712 1.57583 16.7603 9.09779 10.8722 11.0542 4.97503 20.1567 15.4399 6.72507 2.57121 12.3732 9.50896 3.20837 10.8318 16.4853 14.2426 5.24094 16.9934 6.36594 3.22273 9.09923 4.2477 17.4349 19.6276 10.2655 9.68581 11.2366 8.98 14.7597 6.67503 18.1432 1.52906 16.2365 12.4279 8.34118 9.14976 9.23293 15.6808 4.66881 
9.17569 6.48375 14.584 10.4906 11.6427 16.2571 4.71381 6.92454 0 4.68711 7.0287 1.54309 12.7658 10.7939 0.85022 3.92079 19.6415 1.46506 12.8106 9.33024 14.912 10.6521 6.36195 17.6491 14.922 11.1739 7.98557 10.5667 11.3777 0.913603 16.2077 14.1486 10.6753 5.29181 4.49544 3.35624 12.2123 16.5764 7.6068 3.57434 14.8325 18.5309 6.66547 2.65901 8.61074 11.7633 15.2521 14.0637 2.74055 11.5054 15.9548 16.1222 12.0615 17.6241 13.1293 6.23688 7.24471 13.5563 7.33627 8.23598 12.316 17.5614 7.10953 17.1777 3.41963 15.1466 13.6573 11.0625 15.2742 16.8513 11.975 8.83912 7.48521 11.7215 10.0968 6.82494 15.5605 16.4656 10.5688 11.6042 10.5504 3.74339 9.18185 9.27514 13.1075 15.6651 9.98946 4.99845 6.28901 13.7556 9.06861 4.03018 19.3901 6.50485 16.9476 6.4222 12.1331 7.16061 9.69759 14.2895 2.26863 
10.4493 1.82895 13.5631 10.1713 7.22434 12.68 9.38191 5.50378 4.68711 0 5.93542 5.61647 8.92084 10.4795 3.88935 7.94666 15.2891 5.91035 12.0242 4.71327 10.5694 11.339 2.61327 13.4909 13.4583 6.81665 4.1605 9.31895 7.1691 4.06531 12.9596 10.7654 6.32878 9.93623 9.01515 5.62161 7.80557 13.274 2.98105 3.72221 10.1467 14.3671 2.03197 7.23863 6.02239 7.72006 10.6152 10.1582 1.96402 8.32525 13.2965 13.2734 9.46506 13.5498 9.51765 4.90423 6.17138 9.12882 5.86005 8.40938 9.29612 13.0375 6.67391 12.9714 4.58938 10.6003 8.97182 7.65496 14.6788 12.3555 7.93349 6.03513 7.02511 7.03837 7.86934 5.3658 11.8918 11.827 6.73405 11.6541 6.21 4.18126 4.79926 5.51713 11.9316 14.1414 5.80066 4.49425 5.97668 9.39639 9.60278 1.44475 14.9695 6.20224 12.6405 7.60141 7.57867 3.78473 5.22537 10.8412 3.56518 
15.6162 6.80229 19.4828 15.9356 7.90344 17.8583 10.0323 0.540445 7.0287 5.93542 0 6.47821 7.3851 16.2484 6.38408 10.9003 19.1717 7.05949 17.9074 7.18616 10.3578 16.7967 4.13857 17.883 19.3933 7.35463 4.33888 15.2332 7.08211 7.23737 18.3866 7.91557 6.96755 10.2979 9.05791 9.93583 12.1192 18.6539 6.31734 3.48534 12.3156 18.706 6.00973 9.3057 11.9264 6.97767 11.9786 15.117 5.7871 13.9649 19.0179 18.9156 15.2851 18.0833 7.31 10.7221 0.242665 9.46971 0.566613 13.9763 5.87418 16.5032 1.04466 17.3007 9.36428 11.3255 11.5769 5.30305 20.5528 15.9749 7.13847 2.94548 12.7351 10.0438 3.2673 11.2307 17.0162 14.7657 5.6716 17.3441 6.8634 3.28789 9.62719 4.72831 17.8563 20.0739 10.7924 10.0304 11.5843 9.4112 15.0764 7.05691 18.6777 1.10187 16.7764 12.7026 8.83829 9.61955 9.76722 16.2024 4.80456 
10.5181 7.44517 16.1133 11.9995 12.1249 17.6613 3.97776 6.49113 1.54309 5.61647 6.47821 0 12.899 12.3003 1.9042 4.58282 20.8292 0.582568 14.3343 10.0297 15.292 12.0592 6.76839 18.9127 16.4634 11.6233 8.28769 12.1093 11.7319 2.43058 17.6625 14.0461 11.1289 4.44849 3.41987 4.78397 13.3581 18.025 8.35533 3.33097 15.6326 19.7944 7.45161 2.8481 10.0894 12.0185 15.9147 15.3898 3.6814 12.9471 17.4671 17.62 13.5657 18.9151 13.1471 7.76403 6.66641 14.0159 6.87863 9.7316 12.1141 18.645 6.3427 18.423 4.9555 15.6945 14.5133 11.0519 16.7774 17.9543 12.2244 8.70601 9.0219 12.6001 9.69781 8.35389 16.945 17.434 10.7574 13.0745 11.0032 3.30249 10.3233 9.48074 14.6452 17.2069 11.2096 6.53706 7.82927 14.1622 10.5177 5.26289 20.542 5.75698 18.1519 7.8511 12.7215 8.51402 10.7994 15.7081 2.32771 
19.117 8.02634 20.4474 18.0577 3.0049 15.431 16.8237 7.03443 12.7658 8.92084 7.3851 12.899 0 18.3336 11.9293 16.5536 14.4679 13.4207 19.3171 5.29725 3.2039 19.7145 6.50156 14.0473 19.8584 2.90381 4.84243 16.5903 2.18078 12.501 16.477 2.41456 3.16207 17.2064 16.0185 14.5226 9.38408 16.5944 6.43793 9.58172 6.79411 14.6889 7.1693 15.4039 12.7903 1.36344 5.7314 12.6812 10.3258 13.3101 17.9553 17.5771 15.0885 14.4434 1.02032 13.1248 7.35907 3.02161 6.81976 16.7833 2.79023 11.605 8.264 13.4483 13.5101 4.66382 6.78756 2.09772 21.8748 11.3479 1.19649 4.46364 15.2662 6.44858 4.88679 13.378 14.5899 9.53804 2.21447 19.6381 3.2241 9.70056 8.71523 3.50134 18.859 20.3798 9.61522 13.1715 14.4614 2.65927 18.0322 10.3383 13.8048 8.48625 12.7169 16.3902 3.85422 10.701 8.36576 14.4205 10.6471 
3.58051 10.5191 3.96481 0.313834 15.7006 10.3898 13.4052 15.8796 10.7939 10.4795 16.2484 12.3003 18.3336 0 10.8554 9.5349 15.9948 12.0166 2.1595 13.06 18.7069 2.34097 12.972 13.4963 4.742 15.5617 14.2368 2.19449 16.2015 10.019 9.39279 20.5596 15.2074 14.0181 14.0342 7.57064 11.1871 9.80286 11.998 13.1726 15.868 14.1936 11.4788 10.936 5.65563 16.9766 17.1753 10.1119 10.5565 6.84755 7.73583 8.3026 5.48918 13.1234 19.1677 5.57527 16.4908 17.2005 16.2633 2.58206 19.4506 15.4407 16.8051 13.3609 7.40828 17.8611 14.6144 17.6569 4.48084 14.7007 17.1623 16.438 3.51887 13.2093 18.3302 5.14288 10.2151 15.6923 16.4239 1.33345 15.1302 13.5762 9.90833 15.4515 2.88182 5.45786 9.42298 6.25176 4.70699 17.6582 2.24656 9.20642 16.1856 16.248 13.6745 4.66769 15.4162 7.63703 10.4305 8.75993 12.1166 
9.50508 5.70377 14.558 10.5466 10.7938 15.7592 5.49264 6.23806 0.85022 3.88935 6.38408 1.9042 11.9293 10.8554 0 4.69397 18.9734 2.06114 12.8111 8.49822 14.0617 10.8948 5.51292 17.0276 14.818 10.3241 7.13984 10.4552 10.528 0.899778 15.7758 13.3446 9.82544 6.04965 5.17343 3.67435 11.5181 16.1352 6.7795 2.8993 14.0227 17.9096 5.8425 3.50881 8.22544 10.9175 14.4196 13.4892 1.92749 11.0565 15.6356 15.7676 11.7252 17.0223 12.3068 5.98972 6.60844 12.7071 6.65382 8.33914 11.5356 16.8412 6.55724 16.5438 3.45409 14.3023 12.8593 10.2473 15.3305 16.1394 11.1295 8.05368 7.44833 10.9274 9.37607 6.58182 15.0411 15.7013 9.72896 11.7429 9.70054 3.13813 8.48219 8.43524 13.0404 15.5553 9.33559 4.82678 6.23378 12.9055 9.25764 3.37306 18.7028 5.95285 16.2882 6.66757 11.291 6.60983 8.97933 13.8089 1.57985 
6.82565 9.52871 13.4991 9.28213 15.1598 17.374 3.89712 10.8268 3.92079 7.94666 10.9003 4.58282 16.5536 9.5349 4.69397 0 21.6218 4.02563 11.6935 12.6405 18.4919 8.57544 10.0668 19.3949 14.1813 14.7324 11.7223 10.1244 15.0209 4.05264 16.9903 18.0346 14.2382 4.49269 4.68914 2.98013 14.5162 17.394 10.917 7.48477 17.8503 20.2581 9.97297 1.88174 9.61279 15.4799 18.4855 15.6508 6.2488 12.5768 16.19 16.5244 12.5601 19.2601 16.9742 6.9889 11.1077 17.0699 11.235 7.06084 16.2278 19.8973 10.8801 19.004 4.11238 18.5376 16.5972 14.9283 13.7888 19.147 15.6938 12.7469 7.07637 14.6687 14.0117 7.44641 16.8096 19.1128 14.3417 9.93277 14.1164 7.61654 11.6419 13.0523 12.2845 14.921 12.1667 5.75859 6.2053 17.3214 7.38457 6.80034 21.4915 10.2836 18.9256 4.90889 15.5193 9.06086 12.2344 15.3845 6.18858 
19.0833 13.5064 14.9569 15.93 11.9749 5.88642 24.2749 18.635 19.6415 15.2891 19.1717 20.8292 14.4679 15.9948 18.9734 21.6218 0 21.0325 15.2033 11.9886 11.9784 18.3184 15.3471 2.49963 13.6441 12.4225 14.8379 13.8757 13.0329 18.8091 7.27983 16.5512 12.6236 24.8878 24.1325 18.6424 7.48372 6.98699 13.1351 18.7546 7.67821 1.91994 13.8101 21.7586 12.1947 13.6617 8.95787 6.12855 17.1579 9.51331 9.62675 8.89237 10.5155 2.92458 15.4257 14.7191 19.3091 11.4717 18.7259 16.5992 17.1941 2.86297 20.2101 2.69421 17.5269 10.209 7.85591 15.764 16.5226 3.22405 13.6561 16.8643 15.5114 9.13422 18.4463 14.3609 5.82653 4.94607 14.4649 17.08 12.6895 19.1678 10.5093 14.7826 14.1797 13.6212 9.65358 15.8778 15.8281 11.9094 17.4699 15.6146 0.766091 20.0393 2.70559 17.9822 10.9326 12.6358 10.0647 7.23834 18.8501 
10.107 7.73603 15.8674 11.7199 12.5747 17.7197 3.53495 7.06747 1.46506 5.91035 7.05949 0.582568 13.4207 12.0166 2.06114 4.02563 21.0325 0 14.0775 10.4168 15.7688 11.6829 7.2225 19.0722 16.262 12.0802 8.77017 11.922 12.2104 2.37666 17.6721 14.6014 11.584 4.04788 3.11464 4.45686 13.5793 18.0412 8.72315 3.87551 15.9954 19.9542 7.8043 2.26759 10.0726 12.5175 16.3206 15.5078 3.95024 12.9704 17.3988 17.5755 13.5124 19.0574 13.6866 7.67177 7.24841 14.4734 7.4567 9.43843 12.6784 18.8991 6.923 18.5932 4.75598 16.1316 14.856 11.5932 16.4844 18.199 12.7247 9.25965 8.80701 12.9327 10.275 8.25638 17.0198 17.7368 11.2669 12.7472 11.4582 3.86916 10.5433 9.98495 14.4258 17.0077 11.3901 6.41297 7.63277 14.6321 10.1759 5.42333 20.7639 6.33836 18.3453 7.50173 13.1448 8.60929 11.0389 15.7536 2.79755 
5.53976 11.7975 1.81173 2.41572 16.5382 9.38483 15.5598 17.5071 12.8106 12.0242 17.9074 14.3343 19.3171 2.1595 12.8111 11.6935 15.2033 14.0775 0 14.0217 19.3527 3.94895 14.3977 12.719 2.67146 16.466 15.5275 2.76549 17.1478 12.0031 8.18966 21.6222 16.1574 16.1745 16.1737 9.65659 11.3792 8.57581 13.1673 14.9782 16.1161 13.3285 12.7676 13.0739 6.54264 17.9537 17.5304 9.68766 12.3378 6.78307 6.21293 6.86812 5.07713 12.2822 20.2054 7.19375 18.148 17.8843 17.8755 4.6954 20.6729 15.0312 18.5306 12.6767 9.39704 18.3379 14.927 18.8436 2.65695 14.3287 18.1266 17.835 5.36644 13.7382 19.7728 6.67678 9.38041 15.569 17.5365 2.29545 16.093 15.3991 10.6609 16.6639 1.0642 3.3504 9.9675 8.07262 6.58314 18.3687 4.37808 10.8565 15.488 17.9926 13.1032 6.81518 16.1294 8.78939 11.1083 8.04213 13.9921 
14.0765 3.18747 15.1814 12.7895 2.74748 11.1575 13.9465 6.64823 9.33024 4.71327 7.18616 10.0297 5.29725 13.06 8.49822 12.6405 11.9886 10.4168 14.0217 0 6.05354 14.533 3.52279 10.7483 14.6486 2.51616 2.87085 11.2931 3.14264 8.76955 11.9519 7.61477 2.14804 14.4623 13.4414 10.1362 5.10616 12.1465 1.73316 7.22362 5.63449 11.5529 2.683 11.9327 7.49325 3.93398 5.92191 8.33858 6.59447 8.22059 13.1039 12.8226 9.93272 10.9867 6.19028 8.01685 7.32978 4.54744 6.75469 11.6358 6.92679 9.35899 8.22246 10.1572 9.0015 5.89775 4.62063 5.08171 16.5891 8.80307 4.11171 5.14535 10.1034 2.88602 7.00865 8.20285 10.2959 7.74915 3.65134 14.3731 2.07535 7.56704 3.49678 3.20705 13.5812 15.2012 4.52582 8.27894 9.40931 4.89563 12.8872 5.88375 11.5085 8.05723 9.6042 11.496 2.88667 5.45437 3.26747 9.78318 7.74158 
20.0531 9.22451 20.2403 18.461 3.35293 13.9595 19.2678 9.95048 14.912 10.5694 10.3578 15.292 3.2039 18.7069 14.0617 18.4919 11.9784 15.7688 19.3527 6.05354 0 20.3784 8.56273 11.9856 19.4589 3.7595 7.00503 16.7512 3.56019 14.4953 15.1855 4.69135 4.25467 19.7064 18.5678 16.1338 8.37711 15.2275 7.67264 12.0726 4.47749 12.5077 8.58107 17.5696 13.0514 3.4015 3.02436 11.4117 12.2742 12.8368 16.9699 16.4868 14.6717 12.4537 3.87209 13.993 10.3638 1.52756 9.79277 17.5447 5.89044 9.16001 11.2985 11.4138 15.0221 1.76979 5.0252 5.22295 21.7674 9.06078 3.22633 7.41524 16.0105 5.64015 8.08022 14.1189 13.1729 7.06464 4.72657 20.0391 4.3773 12.2703 8.79896 5.89711 18.7402 19.8885 9.38537 14.3272 15.4059 1.17334 18.7888 11.8614 11.264 11.4549 10.6264 17.5356 3.31193 11.3196 8.28473 13.3224 12.9731 
1.79879 11.7251 5.51173 2.38881 17.2449 12.7307 12.4599 16.4861 10.6521 11.339 16.7967 12.0592 19.7145 2.34097 10.8948 8.57544 18.3184 11.6829 3.94895 14.533 20.3784 0 13.9313 15.8216 6.60564 17.0489 15.3416 4.45608 17.6418 10.0056 11.7202 21.8407 16.6571 13.0315 13.2458 7.29656 13.2264 12.1282 13.2861 13.5047 17.8287 16.5271 12.6456 10.2206 7.4465 18.3783 19.062 12.386 11.0099 9.06265 9.98633 10.5824 7.80383 15.456 20.4868 6.60599 17.0385 18.8556 16.8889 2.95004 20.5667 17.6848 17.2277 15.6734 7.50751 19.6628 16.549 18.8329 5.35813 16.9367 18.5743 17.3741 4.44881 15.0237 19.1807 6.33933 12.551 17.8353 17.6959 1.67192 16.5689 13.8636 11.6249 16.6278 4.92118 7.24679 11.2957 6.85986 5.36675 19.2877 1.7375 9.94917 18.4947 16.6433 15.9652 4.23365 17.0671 9.08958 12.1896 11.0894 12.3221 
13.0626 2.75291 15.8499 12.6685 5.35654 13.7235 10.7436 3.61482 6.36195 2.61327 4.13857 6.76839 6.50156 12.972 5.51292 10.0668 15.3471 7.2225 14.3977 3.52279 8.56273 13.9313 0 13.8888 15.6154 4.85779 1.65934 11.6495 5.01739 6.01829 14.2522 8.20106 4.36196 11.212 10.1221 8.06688 8.08603 14.5166 2.24076 3.73745 9.12123 14.7318 1.88374 9.02081 8.08833 5.41811 9.2168 10.9956 3.82578 9.88622 14.9477 14.8168 11.2954 14.054 7.00528 7.41852 4.33761 7.25098 3.86436 10.9918 6.68383 12.8074 5.09545 13.3197 7.11805 8.93181 8.14301 5.07265 17.0532 12.2131 5.63145 3.46695 9.57293 6.37082 5.37598 7.82948 12.8838 11.2636 4.28719 14.1819 4.23622 4.0567 5.49059 3.01181 14.2093 16.2643 6.65442 7.10265 8.56457 7.41624 12.1976 4.05152 14.9125 4.79957 12.8475 10.2093 5.98794 5.73894 5.65496 12.066 4.44069 
16.6084 11.7774 12.5297 13.4336 11.2828 3.49047 22.2102 17.3425 17.6491 13.4909 17.883 18.9127 14.0473 13.4963 17.0276 19.3949 2.49963 19.0722 12.719 10.7483 11.9856 15.8216 13.8888 0 11.2408 11.6566 13.6157 11.3827 12.3395 16.7886 4.94571 16.3002 11.7651 22.8345 22.1427 16.4169 5.80824 4.70528 11.6482 17.0869 7.50899 0.882012 12.2118 19.6441 9.86192 13.0596 9.01636 3.75966 15.2813 7.08561 7.30517 6.58314 8.0205 0.578467 15.0503 12.4359 18.0426 11.1836 17.4815 14.148 16.6459 3.28967 18.9021 0.604558 15.3323 10.2692 7.25999 15.0557 14.1121 3.03347 13.0929 15.8266 13.1035 8.06101 17.5546 12.0441 3.33874 5.10475 13.6666 14.5809 11.8094 17.5194 8.69965 13.7744 11.7023 11.2637 7.71381 13.6364 13.4823 11.6734 14.9945 13.6546 2.7938 18.6694 1.35923 15.593 10.2783 10.5323 8.34472 4.73874 17.0497 
8.2095 12.8966 1.38851 4.95008 16.9432 7.76281 18.0041 18.9519 14.922 13.4583 19.3933 16.4634 19.8584 4.742 14.818 14.1813 13.6441 16.262 2.67146 14.6486 19.4589 6.60564 15.6154 11.2408 0 16.9576 16.5417 4.36296 17.6793 14.0677 6.38105 22.2355 16.7146 18.6301 18.5474 11.9352 11.1533 6.71253 14.0834 16.72 15.7916 11.7272 13.8485 15.4538 7.52715 18.5097 17.3061 8.79032 14.0872 6.62821 4.11097 4.83847 4.80019 10.7407 20.8044 8.91722 19.6284 18.0655 19.2935 7.121 21.5123 13.9306 20.1089 11.3127 11.5124 18.2492 14.7144 19.6604 2.87957 13.2926 18.6628 18.9513 7.45611 13.8318 20.9262 8.34226 7.97746 14.8019 18.2767 4.93749 16.6682 17.1617 11.1605 17.5519 1.89692 0.747779 10.2541 9.99318 8.63481 18.5745 6.98847 12.4626 14.0329 19.6054 11.8625 9.27277 16.3858 9.87677 11.4938 6.89261 15.8546 
16.5727 5.55975 17.5621 15.2942 0.551182 12.712 15.6001 6.86951 11.1739 6.81665 7.35463 11.6233 2.90381 15.5617 10.3241 14.7324 12.4225 12.0802 16.466 2.51616 3.7595 17.0489 4.85779 11.6566 16.9576 0 3.40637 13.7576 0.749924 10.7393 13.6894 5.30462 0.498659 16.0618 14.954 12.4036 6.59912 13.8292 3.97145 8.48705 5.0489 12.371 4.84987 13.8282 9.9647 1.58332 4.6326 9.92189 8.51854 10.4071 15.0908 14.7335 12.1849 11.9975 3.87773 10.5202 7.42368 2.39319 6.82149 14.1485 5.06449 9.60289 8.37885 11.052 11.3091 4.1261 4.56766 3.39929 19.0042 9.20942 1.71367 4.6198 12.6171 3.71616 6.03144 10.7169 11.8593 7.67119 2.04244 16.8785 0.623741 8.73244 5.82885 2.62676 15.9822 17.4764 6.71154 10.7235 11.9026 2.59048 15.4 8.1327 11.8291 8.39564 10.3777 13.951 1.53523 7.96947 5.46386 11.5953 9.29613 
14.5623 3.73342 16.8881 13.9406 3.94092 13.8705 12.2629 3.80618 7.98557 4.1605 4.33888 8.28769 4.84243 14.2368 7.13984 11.7223 14.8379 8.77017 15.5275 2.87085 7.00503 15.3416 1.65934 13.6157 16.5417 3.40637 0 12.7626 3.4449 7.6716 14.557 6.60553 2.93352 12.7039 11.5757 9.70563 7.92346 14.7834 2.48689 5.09053 8.08749 14.4232 2.76473 10.6409 9.06274 3.77771 7.96022 11.0708 5.48483 10.4665 15.4924 15.2866 12.0261 13.8453 5.36873 8.75825 4.47132 5.77235 3.88929 12.392 5.22967 12.165 5.3815 13.026 8.72938 7.53216 7.26744 3.50918 18.1687 11.637 3.98966 2.47053 10.9287 5.70618 4.4456 9.11374 13.0132 10.4521 2.62826 15.4848 2.81137 5.32657 5.79287 1.36361 15.2513 17.1568 6.94574 8.5825 9.98802 5.8837 13.6186 5.60306 14.3392 5.26454 12.4747 11.7462 4.72291 6.74544 5.77851 12.3666 5.97275 
5.31527 9.0338 4.25054 2.07372 13.8519 8.39554 13.8451 14.8182 10.5667 9.31895 15.2332 12.1093 16.5903 2.19449 10.4552 10.1244 13.8757 11.922 2.76549 11.2931 16.7512 4.45608 11.6495 11.3827 4.36296 13.7576 12.7626 0 14.4284 9.70717 7.53468 18.8795 13.4355 14.4825 14.3091 7.6647 9.04037 7.95178 10.404 12.4196 13.7476 12.106 10.0038 11.2386 3.8003 15.2271 15.0912 7.93408 9.77775 4.65311 6.20768 6.66275 3.36378 11.0331 17.4668 4.59368 15.4723 15.2627 15.1787 3.24182 17.9092 13.2517 15.8941 11.2216 7.16659 15.8248 12.511 16.0818 5.4097 12.5097 15.4035 15.078 3.14616 11.1853 17.0216 4.03694 8.14618 13.5038 14.7824 3.46203 13.3676 12.8541 7.98947 13.8997 2.63761 5.10211 7.39025 5.6315 4.28946 15.7359 3.72607 8.21304 14.0408 15.3708 11.5094 5.28883 13.4913 6.02402 8.47065 6.66569 11.5132 
17.1163 6.0473 18.2674 15.9299 1.06261 13.4523 15.7076 6.62345 11.3777 7.1691 7.08211 11.7319 2.18078 16.2015 10.528 15.0209 13.0329 12.2104 17.1478 3.14264 3.56019 17.6418 5.01739 12.3395 17.6793 0.749924 3.4449 14.4284 0 10.9958 14.437 4.56674 0.994612 16.1476 15.0135 12.7859 7.34482 14.5749 4.44516 8.52044 5.54172 13.04 5.26895 14.0367 10.6303 0.837223 4.9349 10.6661 8.77821 11.1423 15.8398 15.4834 12.9136 12.6917 3.13704 11.0819 7.12858 2.40719 6.53245 14.7268 4.33822 10.1957 8.08368 11.7352 11.7174 4.24979 5.18284 2.73512 19.6987 9.83251 0.984289 4.23651 13.2001 4.44994 5.47843 11.3032 12.6008 8.22217 1.50439 17.5129 1.07393 8.73078 6.53462 2.40898 16.6809 18.2039 7.44157 11.2223 12.4473 2.44905 15.9781 8.53105 12.4224 8.15168 11.048 14.4517 2.10052 8.5846 6.18862 12.345 9.414 
8.60588 5.80579 13.764 9.71227 11.1862 15.3536 5.4827 7.06687 0.913603 4.06531 7.23737 2.43058 12.501 10.019 0.899778 4.05264 18.8091 2.37666 12.0031 8.76955 14.4953 10.0056 6.01829 16.7886 14.0677 10.7393 7.6716 9.70717 10.9958 0 15.2955 14.013 10.2421 6.08406 5.35861 2.7748 11.4067 15.6648 7.03666 3.75502 14.1893 17.67 6.08723 3.17619 7.69722 11.4351 14.6797 13.1834 2.22105 10.5954 15.0453 15.2097 11.1499 16.7538 12.9294 5.33395 7.46529 13.1015 7.48406 7.48462 12.2509 16.7752 7.44348 16.3244 2.61146 14.6363 12.989 10.8948 14.4986 16.0573 11.6488 8.7692 6.65407 11.0486 10.169 5.92349 14.6619 15.7345 10.2893 10.8794 10.1188 4.01984 8.38727 8.99969 12.2678 14.8088 9.15595 4.11047 5.44713 13.3294 8.37857 3.23257 18.5726 6.84001 16.1105 5.77516 11.6144 6.27911 8.92017 13.3833 2.44909 
12.8295 11.6296 7.72015 9.40849 13.4822 1.48387 20.3408 17.8666 16.2077 12.9596 18.3866 17.6625 16.477 9.39279 15.7758 16.9903 7.27983 17.6721 8.18966 11.9519 15.1855 11.7202 14.2522 4.94571 6.38105 13.6894 14.557 7.53468 14.437 15.2955 0 18.878 13.6188 20.9868 20.5322 14.1441 7.0967 0.417756 12.1655 16.6728 10.9273 5.35993 12.377 17.6788 7.61222 15.256 12.525 3.80784 14.3627 4.72297 2.36007 1.63894 4.45343 4.41217 17.4931 10.1607 18.5893 14.0331 18.1084 10.6864 18.7111 7.93532 19.3097 5.11901 13.2534 13.6662 10.161 16.9242 9.26007 7.41122 15.353 17.0022 10.0405 10.0284 18.9302 9.62736 2.06118 9.23631 15.4655 10.2798 13.6182 17.1344 8.79905 15.1566 7.13068 6.34192 7.63098 11.4647 10.7864 14.558 11.2575 12.5892 7.71085 18.9407 5.78562 12.5202 12.6501 9.28758 8.78083 2.19268 16.2546 
21.1421 10.1159 22.7952 20.2768 5.41843 17.8119 17.8402 7.7085 14.1486 10.7654 7.91557 14.0461 2.41456 20.5596 13.3446 18.0346 16.5512 14.6014 21.6222 7.61477 4.69135 21.8407 8.20106 16.3002 22.2355 5.30462 6.60553 18.8795 4.56674 14.013 18.878 0 5.521 18.1543 16.9269 16.2562 11.79 18.9889 8.57372 10.7291 8.89521 16.9049 9.20152 16.7171 15.0817 3.73103 7.62813 15.0774 11.931 15.7091 20.3698 19.9897 17.4779 16.7187 1.43144 15.2347 7.81682 5.1234 7.39097 18.8948 2.06826 13.6993 8.59064 15.707 15.3184 6.42201 9.05764 3.13555 24.2013 13.5092 3.59109 5.34217 17.397 8.85171 4.79626 15.5297 16.9756 11.6058 4.14671 21.8496 5.56831 10.7513 11.0781 5.2583 21.1958 22.7668 12.0074 15.1643 16.5259 4.65369 20.1359 12.2085 15.8588 8.9592 14.9553 18.3469 6.23355 12.9255 10.752 16.8308 11.926 
16.151 5.10781 17.2878 14.9361 1.00844 12.6841 15.1051 6.47229 10.6753 6.32878 6.96755 11.1289 3.16207 15.2074 9.82544 14.2382 12.6236 11.584 16.1574 2.14804 4.25467 16.6571 4.36196 11.7651 16.7146 0.498659 2.93352 13.4355 0.994612 10.2421 13.6188 5.521 0 15.5688 14.4642 11.9235 6.55391 13.7726 3.51157 8.00358 5.37201 12.4997 4.37429 13.3296 9.63681 1.80089 5.05646 9.87819 8.02125 10.202 14.9547 14.6185 11.96 12.0866 4.08977 10.1075 7.04689 2.88969 6.4439 13.7467 5.0929 9.82658 7.99945 11.161 10.8349 4.60252 4.78995 3.34204 18.7128 9.40208 1.96926 4.30637 12.2182 3.74312 5.82816 10.3198 11.827 7.93809 1.90846 16.5193 0.125741 8.2552 5.5597 2.25914 15.6974 17.247 6.49457 10.2794 11.4807 3.0873 14.9982 7.65482 12.0485 7.99338 10.5076 13.5085 1.87116 7.59314 5.23516 11.5008 8.80142 
11.2574 11.7534 17.9828 13.7601 16.5676 21.2023 0.646851 10.4511 5.29181 9.93623 10.2979 4.44849 17.2064 14.0181 6.04965 4.49269 24.8878 4.04788 16.1745 14.4623 19.7064 13.0315 11.212 22.8345 18.6301 16.0618 12.7039 14.4825 16.1476 6.08406 20.9868 18.1543 15.5688 0 1.24739 6.90046 17.4893 21.3764 12.771 7.64905 20.0426 23.7142 11.8512 3.31125 13.41 16.3963 20.359 19.1823 7.97223 16.3873 20.4063 20.6811 16.6417 22.777 17.3709 10.8263 10.436 18.4527 10.7888 11.5143 16.1478 22.8497 9.84887 22.3829 7.73395 20.1415 18.8977 15.2774 18.2782 22.1361 16.5985 12.8747 11.3644 16.9705 13.559 11.3636 20.5594 21.7493 15.1118 14.4213 15.4432 7.50586 14.465 13.8534 16.7358 19.3734 15.237 9.52275 10.3545 18.5867 11.8773 9.30771 24.6565 9.35223 22.1869 9.36772 17.1699 12.3025 14.9873 19.2105 6.77339 
11.5103 10.8432 17.9853 13.7612 15.4675 20.6668 1.1923 9.22006 4.49544 9.01515 9.05791 3.41987 16.0185 14.0342 5.17343 4.68914 24.1325 3.11464 16.1737 13.4414 18.5678 13.2458 10.1221 22.1427 18.5474 14.954 11.5757 14.3091 15.0135 5.35861 20.5322 16.9269 14.4642 1.24739 0 6.64633 16.6887 20.9129 11.7741 6.4956 19.051 23.0244 10.8714 3.10011 12.9227 15.2371 19.3102 18.5409 7.06028 15.8744 20.0849 20.319 16.258 22.1121 16.1622 10.3984 9.19349 17.3399 9.55316 11.4806 14.9143 22.0137 8.60153 21.6729 7.32583 19.0522 17.9329 14.0714 18.3893 21.3128 15.4371 11.6625 11.1651 16.0182 12.3167 10.9595 19.9937 20.8414 13.9436 14.5468 14.3388 6.325 13.6536 12.6955 16.6649 19.2945 14.4828 9.09791 10.0844 17.4583 11.9689 8.51787 23.8719 8.10628 21.4408 9.3677 16.1015 11.6371 14.1527 18.6846 5.70716 
5.83945 6.95373 11.4579 7.27777 12.7809 14.4587 6.25469 9.72152 3.35624 5.62161 9.93583 4.78397 14.5226 7.57064 3.67435 2.98013 18.6424 4.45686 9.65659 10.1362 16.1338 7.29656 8.06688 16.4169 11.9352 12.4036 9.70563 7.6647 12.7859 2.7748 14.1441 16.2562 11.9235 6.90046 6.64633 0 11.5798 14.5412 8.46326 6.48062 15.1008 17.2814 7.55546 3.60277 6.66729 13.3403 15.8449 12.6762 4.37745 9.64559 13.506 13.785 9.75842 16.2873 15.0707 4.03957 10.1693 14.6598 10.1385 4.98908 14.6216 16.947 10.1994 16.0241 1.18842 16.0052 13.824 13.1212 12.0305 16.1931 13.5539 11.1779 4.51933 11.9189 12.7302 4.53029 13.8713 16.2256 12.3202 8.29445 11.8075 6.776 8.76511 11.0687 10.0677 12.6829 9.22532 2.78359 3.45711 14.9614 5.73376 4.27265 18.5167 9.59813 15.9473 3.07117 13.0188 6.11178 9.37024 12.4648 5.2023 
13.421 6.03228 12.0369 11.0001 6.38603 6.13206 16.889 11.5794 12.2123 7.80557 12.1192 13.3581 9.38408 11.1871 11.5181 14.5162 7.48372 13.5793 11.3792 5.10616 8.37711 13.2264 8.08603 5.80824 11.1533 6.59912 7.92346 9.04037 7.34482 11.4067 7.0967 11.79 6.55391 17.4893 16.6887 11.5798 0 7.23012 5.8456 11.3163 4.73706 6.66144 6.40954 14.4441 5.90781 8.16052 6.18001 3.3252 9.68101 4.62102 8.64755 8.22095 6.43282 5.97043 10.3986 7.97448 12.2878 7.0786 11.7402 10.7799 11.6428 5.3946 13.1271 5.249 10.411 7.09637 3.57406 9.88614 13.6145 4.65968 8.25627 10.2514 9.3825 2.93925 12.0926 7.78263 5.27372 4.77378 8.43256 12.4939 6.56286 11.7411 3.03626 8.27485 10.6343 11.5444 2.35547 8.93445 9.30061 7.60243 11.9069 8.18359 7.18523 12.876 4.84719 11.5912 5.57903 5.46971 2.58362 5.04907 11.3679 
13.245 11.9149 8.06342 9.82094 13.6073 1.34171 20.7307 18.1314 16.5764 13.274 18.6539 18.025 16.5944 9.80286 16.1352 17.394 6.98699 18.0412 8.57581 12.1465 15.2275 12.1282 14.5166 4.70528 6.71253 13.8292 14.7834 7.95178 14.5749 15.6648 0.417756 18.9889 13.7726 21.3764 20.9129 14.5412 7.23012 0 12.4102 16.9913 10.9268 5.06873 12.6462 18.0697 7.99051 15.3889 12.5247 3.91349 14.7026 5.07873 2.64161 1.90585 4.86528 4.15668 17.6124 10.5503 18.8542 14.1039 18.367 11.104 18.8653 7.77096 19.585 4.91989 13.6425 13.6826 10.203 17.0895 9.58817 7.27646 15.4809 17.2201 10.453 10.1488 19.1385 10.0207 2.05542 9.14761 15.6314 10.6799 13.7756 17.4523 9.04712 15.3533 7.51488 6.64218 7.87785 11.8537 11.1912 14.6278 11.6741 12.9315 7.44434 19.2238 5.61725 12.9348 12.7562 9.62446 9.00488 2.45386 16.5926 
12.688 1.60233 14.4715 11.7116 4.32107 11.5618 12.245 5.78189 7.6068 2.98105 6.31734 8.35533 6.43793 11.998 6.7795 10.917 13.1351 8.72315 13.1673 1.73316 7.67264 13.2861 2.24076 11.6482 14.0834 3.97145 2.48689 10.404 4.44516 7.03666 12.1655 8.57372 3.51157 12.771 11.7741 8.46326 5.8456 12.4102 0 5.71221 7.27726 12.492 0.949863 10.2015 6.6503 5.12294 7.64872 8.80299 4.86792 7.98585 13.0231 12.8352 9.54012 11.8145 7.20328 6.6884 6.5005 6.19772 5.98268 10.349 7.5058 10.6459 7.30479 11.0797 7.35026 7.62178 6.1767 5.67964 15.7913 10.0289 5.32641 4.9514 8.83754 4.30154 6.93073 6.95962 10.7139 9.20134 4.42946 13.2801 3.40422 6.0939 3.36686 3.4986 12.8407 14.689 4.53458 6.77718 8.02592 6.5014 11.5966 4.19332 12.7191 7.03355 10.6143 10.0065 4.60221 4.38812 3.45237 9.97296 6.09876 
12.2336 5.31245 16.6452 12.859 9.01124 16.4005 7.24512 3.35121 3.57434 3.72221 3.48534 3.33097 9.58172 13.1726 2.8993 7.48477 18.7546 3.87551 14.9782 7.22362 12.0726 13.5047 3.73745 17.0869 16.72 8.48705 5.09053 12.4196 8.52044 3.75502 16.6728 10.7291 8.00358 7.64905 6.4956 6.48062 11.3163 16.9913 5.71221 0 12.8482 17.955 4.95089 6.01161 9.52705 8.74747 12.9445 13.8514 2.64363 12.0116 16.9226 16.9364 13.043 17.1794 9.81614 7.82627 3.71128 10.8625 3.76434 10.7768 8.82576 16.3409 3.73557 16.5479 6.00446 12.6049 11.8344 7.72098 17.5829 15.7051 8.94942 5.38695 9.66316 10.0028 6.52708 8.38691 15.6084 14.9077 7.46453 14.1845 7.8791 0.462975 8.39983 6.20462 15.0559 17.4335 9.46472 6.9264 8.46565 10.9673 11.8107 4.29404 18.3769 3.14281 16.1606 9.33737 9.7067 7.43053 8.74612 14.5621 1.32126 
17.8618 8.38687 16.735 15.6666 4.53272 9.62244 19.5079 11.8078 14.8325 10.1467 12.3156 15.6326 6.79411 15.868 14.0227 17.8503 7.67821 15.9954 16.1161 5.63449 4.47749 17.8287 9.12123 7.50899 15.7916 5.0489 8.08749 13.7476 5.54172 14.1893 10.9273 8.89521 5.37201 20.0426 19.051 15.1008 4.73706 10.9268 7.27726 12.8482 0 8.049 8.19146 17.3641 10.3983 6.0729 1.5981 7.26336 12.0968 9.34917 12.8789 12.3325 11.1428 7.9767 7.74752 12.05 12.4057 3.79409 11.8032 15.233 9.54154 4.81657 13.3541 6.93635 13.9154 2.79233 1.30881 8.21582 18.3251 4.62114 6.04198 9.66511 13.7596 3.18418 11.0199 11.9945 8.87757 2.74465 7.03611 17.1863 5.46755 13.1779 6.50215 7.63093 15.3618 16.1306 6.55445 12.7552 13.4602 4.24228 16.415 11.0738 7.01073 13.3136 6.14998 15.7397 3.51571 9.31842 5.88212 9.2365 13.3646 
17.3618 12.6476 13.0447 14.1429 11.9794 3.97651 23.0894 18.1656 18.5309 14.3671 18.706 19.7944 14.6889 14.1936 17.9096 20.2581 1.91994 19.9542 13.3285 11.5529 12.5077 16.5271 14.7318 0.882012 11.7272 12.371 14.4232 12.106 13.04 17.67 5.35993 16.9049 12.4997 23.7142 23.0244 17.2814 6.66144 5.06873 12.492 17.955 8.049 0 13.0698 20.5205 10.7075 13.7415 9.50626 4.61108 16.1616 7.89523 7.70747 6.97356 8.74293 1.07309 15.6835 13.2916 18.8623 11.7816 18.2973 14.929 17.3238 3.52394 19.7287 1.41283 16.2016 10.7673 7.9095 15.7665 14.6063 3.4529 13.7659 16.6052 13.9152 8.82428 18.3077 12.8919 3.98191 5.50771 14.3937 15.2472 12.5487 18.386 9.57332 14.544 12.297 11.7013 8.59401 14.4996 14.3201 12.26 15.7483 14.5365 2.4161 19.5047 1.99334 16.4122 10.9621 11.4118 9.21013 5.44094 17.9271 
11.96 0.970087 14.1503 11.1843 5.22858 11.878 11.3183 5.49174 6.66547 2.03197 6.00973 7.45161 7.1693 11.4788 5.8425 9.97297 13.8101 7.8043 12.7676 2.683 8.58107 12.6456 1.88374 12.2118 13.8485 4.84987 2.76473 10.0038 5.26895 6.08723 12.377 9.20152 4.37429 11.8512 10.8714 7.55546 6.40954 12.6462 0.949863 4.95089 8.19146 13.0698 0 9.25352 6.33613 5.89442 8.59565 9.18027 3.92516 8.00715 13.0687 12.9334 9.44601 12.3418 7.8711 6.04193 6.21388 7.12062 5.74795 9.69709 7.97304 11.3969 6.94265 11.6579 6.46059 8.5688 7.06198 6.19757 15.4122 10.7552 6.10352 5.10566 8.21043 5.15717 7.07775 6.36971 11.045 10.0316 5.06645 12.735 4.26069 5.35818 3.65301 3.98863 12.5111 14.4812 4.80478 6.00247 7.32563 7.40802 10.9356 3.28329 13.4262 6.60652 11.2373 9.2218 5.54776 3.99922 3.88569 10.1938 5.2265 
8.52249 8.97842 14.8854 10.6619 14.2926 17.9149 2.66444 9.28799 2.65901 7.23863 9.3057 2.8481 15.4039 10.936 3.50881 1.88174 21.7586 2.26759 13.0739 11.9327 17.5696 10.2206 9.02081 19.6441 15.4538 13.8282 10.6409 11.2386 14.0367 3.17619 17.6788 16.7171 13.3296 3.31125 3.10011 3.60277 14.4441 18.0697 10.2015 6.01161 17.3641 20.5205 9.25352 0 10.1145 14.4181 17.849 15.9572 5.34535 13.0962 17.1047 17.3725 13.3307 19.5637 15.7391 7.51981 9.4999 16.2074 9.6847 8.3805 14.836 19.8343 9.19051 19.2105 4.43014 17.7795 16.1587 13.6596 15.3067 19.1038 14.6295 11.382 8.10204 14.2179 12.4953 8.05356 17.2856 18.8658 13.2141 11.4738 13.205 6.06816 11.4584 11.9211 13.5688 16.2004 12.1417 6.21783 7.05981 16.412 8.88941 6.35032 21.5633 8.60502 19.0532 6.27138 14.761 9.12683 12.014 15.9213 4.79303 
7.51559 5.37672 7.82651 5.41103 10.0739 7.8044 12.7662 11.4676 8.61074 6.02239 11.9264 10.0894 12.7903 5.65563 8.22544 9.61279 12.1947 10.0726 6.54264 7.49325 13.0514 7.4465 8.08833 9.86192 7.52715 9.9647 9.06274 3.8003 10.6303 7.69722 7.61222 15.0817 9.63681 13.41 12.9227 6.66729 5.90781 7.99051 6.6503 9.52705 10.3983 10.7075 6.33613 10.1145 0 11.4272 11.6156 6.10244 7.0046 2.98455 7.44686 7.54518 3.53558 9.6849 13.6674 2.62792 12.1574 11.5452 11.7968 4.87408 14.1508 10.8801 12.6951 9.52051 5.68662 12.2395 9.11041 12.3138 9.14722 10.1112 11.6042 11.4416 3.49134 7.59009 13.4105 2.18582 7.20401 10.6513 10.995 6.98774 9.5681 9.98618 4.25271 10.1482 6.1922 8.1797 3.85105 3.90706 3.63384 12.0048 6.02421 5.24861 12.1633 12.2231 9.55411 5.83724 9.76178 2.3497 4.78138 5.80961 8.88587 
17.8109 6.7209 19.0886 16.702 1.80086 14.2555 15.9803 6.55735 11.7633 7.72006 6.97767 12.0185 1.36344 16.9766 10.9175 15.4799 13.6617 12.5175 17.9537 3.93398 3.4015 18.3783 5.41811 13.0596 18.5097 1.58332 3.77771 15.2271 0.837223 11.4351 15.256 3.73103 1.80089 16.3963 15.2371 13.3403 8.16052 15.3889 5.12294 8.74747 6.0729 13.7415 5.89442 14.4181 11.4272 0 5.27835 11.4777 9.23184 11.9785 16.6738 16.3139 13.7475 13.4264 2.30054 11.7986 6.99585 2.57711 6.41528 15.453 3.58659 10.8096 7.94043 12.4563 12.2986 4.42426 5.84562 2.15105 20.5128 10.4829 0.214336 4.04941 13.9316 5.24929 5.01983 12.0395 13.4064 8.7954 1.3252 18.2832 1.86076 8.91861 7.35905 2.5429 17.4981 19.0371 8.27639 11.8856 13.1478 2.44226 16.7031 9.11468 13.0318 8.06988 11.7535 15.1112 2.78136 9.34741 7.02181 13.1714 9.72248 
18.9901 8.95684 18.2157 16.9606 4.08152 11.2192 19.8544 11.4994 15.2521 10.6152 11.9786 15.9147 5.7314 17.1753 14.4196 18.4855 8.95787 16.3206 17.5304 5.92191 3.02436 19.062 9.2168 9.01636 17.3061 4.6326 7.96022 15.0912 4.9349 14.6797 12.525 7.62813 5.05646 20.359 19.3102 15.8449 6.18001 12.5247 7.64872 12.9445 1.5981 9.50626 8.59565 17.849 11.6156 5.27835 0 8.84839 12.5156 10.7989 14.4638 13.9239 12.6125 9.50342 6.60778 13.0611 12.0392 2.74303 11.4389 16.384 8.52136 6.1357 12.9953 8.45737 14.6728 1.26274 2.60747 7.41348 19.7944 6.05407 5.19707 9.17077 14.8826 4.08646 10.2979 13.0629 10.4757 4.04112 6.42571 18.5023 5.17184 13.2321 7.53225 7.25215 16.8093 17.6642 7.77058 13.6537 14.4856 3.07468 17.5908 11.6864 8.24901 13.0267 7.659 16.735 3.24388 10.3116 6.92979 10.8163 13.6035 
