200
10.5217 21.8373 1.07978 1
16.7472 19.474 0.371351 0
14.5548 18.0829 1.58654 0
5.5249 20.3548 0.817471 0
13.1092 18.638 0.261924 0
0.305549 7.36142 1.20569 0
4.88557 8.19348 1.28062 0
15.9725 23.7785 1.13938 1
8.90655 12.5766 2.19201 0
7.50729 13.5835 1.55184 0
13.4756 18.2144 0.373046 0
2.25975 7.0112 1.53659 1
14.6175 21.0185 1.58428 0
10.9646 14.7466 1.17798 0
12.3923 13.7082 1.58565 0
3.67105 16.2746 0.2397 0
13.467 15.4788 1.58224 1
3.56382 14.6316 1.36085 0
9.08601 16.3224 1.31936 0
16.4458 18.0544 1.94971 0
13.6984 16.9976 0.574905 0
17.5431 21.6437 1.2337 1
18.0191 19.1293 2.1864 0
6.46928 13.3157 1.88167 1
1.8597 6.23545 0.817433 0
17.366 20.3912 0.810494 0
18.2746 20.3908 0.985256 0
17.3682 22.2058 1.92634 0
14.1213 17.6736 0.840254 1
18.4951 18.9423 2.25613 0
0.0886462 23.004 0.759318 0
9.65474 11.3438 1.47286 0
14.7902 22.306 0.274036 0
3.82569 6.5794 2.90476 1
11.5247 20.2613 21.0494 0
2.83659 13.1308 8.02715 0
6.23193 8.11284 1.65939 0
1.00716 8.48411 0.691218 0
6.7484 21.3733 1.44908 0
9.69716 14.957 1.54269 1
2.25406 16.7246 1.53874 1
18.2838 19.3677 1.14952 0
10.751 21.0166 1.40016 0
15.541 16.6782 21.5412 0
1.28551 6.10382 22.5873 0
2.43206 18.5524 0.797918 0
17.8632 19.0064 14.9003 0
10.6402 21.52 27.5206 0
2.80327 15.4856 23.5572 0
10.3804 19.2356 23.9637 1
0.524571 10.167 4.57825 0
13.779 19.3631 0.329136 0
7.83772 14.4779 0.661115 0
2.02012 18.1391 28.3093 0
14.1777 23.6555 27.2264 0
3.61551 6.46282 2.24378 1
12.9167 23.8386 0.58712 0
2.45012 3.54913 1.79952 1
14.6313 18.1516 1.44219 0
3.14553 10.5708 13.0932 0
2.61487 4.24882 0.488151 0
8.38604 12.7582 1.06277 0
7.15066 21.7011 4.23058 0
2.7568 11.3545 2.05695 1
15.0004 17.1159 1.43701 0
1.37972 23.7958 2.09508 0
7.88665 8.83627 1.82504 0
2.25749 21.1804 1.91987 0
17.7319 19.7669 2.1855 1
17.0518 21.9957 1.23549 0
8.65879 10.5712 1.93263 0
15.5115 18.5834 1.68827 0
1.9435 12.0984 0.663273 0
0.849693 8.41357 2.03149 0
3.8364 6.99783 2.10674 0
17.8097 22.7788 2.26722 0
10.3048 11.6985 1.26004 0
15.573 22.0963 1.22233 0
2.55653 2.86168 0.852163 1
6.26587 14.2771 1.16794 1
9.55649 22.7803 6.43253 0
7.36339 11.3732 1.35304 0
8.04094 16.4003 1.42002 0
9.61513 20.4905 1.08771 0
5.88194 8.26773 0.470192 0
3.69619 20.8551 1.01341 0
3.83789 22.9944 2.02845 0
16.2058 16.9301 1.39311 0
0.460428 23.1003 22.9582 0
11.7188 13.2997 0.2027 0
12.5102 19.9809 0.945921 0
17.7222 19.9391 1.93941 1
17.5059 19.031 1.25385 0
16.1899 23.0676 0.276268 0
1.63683 14.0514 0.855455 0
1.32422 6.97106 1.90485 0
11.2933 23.3796 2.01943 0
12.7571 13.2569 1.25418 1
12.2007 21.4011 0.470588 0
13.037 14.4885 0.649376 0
15.1947 21.0377 1.06069 0
18.6744 23.7466 1.51187 1
2.55966 4.41164 6.87183 0
10.3778 11.2782 0.56397 0
1.46693 18.0236 0.295309 0
5.25552 8.00673 1.56289 0
16.315 21.655 2.03194 1
10.7798 15.349 1.68807 0
18.9314 22.0023 1.86048 1
15.7578 20.1454 1.2913 0
13.0466 19.1958 0.951257 0
15.1668 20.5393 0.408923 0
10.5618 16.1733 20.6298 0
6.80777 8.55865 14.2012 0
7.71049 17.5868 14.2794 0
17.3637 20.632 4.58503 0
0.370467 9.025 16.5542 0
4.02744 10.4223 1.07535 0
4.75795 22.4071 16.1078 0
9.60439 11.3493 29.5873 0
15.8334 21.1133 0.442851 0
0.853323 14.5247 0.979689 0
12.8461 18.6409 0.536501 0
10.2163 20.8936 0.785434 1
0.608661 10.7139 0.576955 0
16.3088 23.8002 2.12435 0
11.4994 21.7347 2.12628 1
7.80705 17.6959 2.17558 0
6.79457 13.3126 2.21683 0
4.36152 10.2798 1.67318 0
17.6087 22.4245 0.920264 0
0.863556 16.7369 2.00841 0
9.42221 14.9888 7.14646 0
5.24535 8.27761 1.71479 0
5.22015 21.7532 0.930385 0
16.2139 17.3107 1.14263 0
7.93733 14.4607 1.10079 1
12.7187 16.3818 1.1282 0
17.7342 17.7504 0.696141 0
5.42104 16.7565 1.63715 0
3.61978 10.558 1.65694 0
18.8136 21.565 1.07763 0
3.98278 16.2453 1.54539 1
5.684 18.828 0.698501 0
2.3158 17.9567 1.40257 0
11.8636 21.2257 1.75126 0
5.03646 13.4928 0.247522 0
1.65199 6.28996 12.5757 0
16.4377 20.9437 0.448572 0
2.80953 18.5592 14.0396 0
16.4726 17.5735 2.1091 0
4.91245 20.6256 0.782594 1
5.95709 13.1535 0.338069 0
11.6131 13.3587 0.424488 0
12.938 17.8515 1.00035 1
8.7372 9.37575 9.3157 0
2.60034 12.8213 1.79318 0
13.5096 21.5536 1.03287 0
14.5623 20.2842 8.29708 0
6.82543 21.4024 0.492872 0
1.75572 16.0674 2.11798 0
0.143525 19.1175 1.21317 0
14.4439 16.87 1.67343 0
4.60096 11.6572 21.8878 0
9.6913 15.7083 1.4376 1
17.5586 19.218 12.17 0
7.3188 22.269 0.724311 0
4.01752 9.54873 2.2102 0
6.54476 9.66374 0.360794 0
11.952 15.6661 0.834898 0
5.75408 17.1736 0.232949 0
12.9437 18.1538 2.11641 0
10.2559 10.6342 8.35079 0
12.1567 22.5448 0.765651 1
0.483389 14.4444 0.468762 0
0.141644 3.69431 0.894141 1
13.086 22.1654 1.83197 1
16.0855 21.5715 1.55581 0
0.982081 14.1915 15.8189 1
17.9141 22.1891 0.717734 0
2.10098 2.99875 0.932668 0
14.1029 23.1131 1.84444 0
16.5911 18.4785 0.628087 0
15.0456 18.7392 2.10324 0
17.8827 23.3195 0.415404 0
7.03026 9.35532 1.0988 1
9.46761 20.3243 0.90731 0
0.729879 2.9732 1.24811 0
11.7327 14.4173 8.9503 0
13.3954 18.8097 1.99726 0
11.1794 18.6454 1.15231 0
6.49129 8.66106 1.32676 0
18.7234 19.4605 1.28612 0
4.41246 17.8261 7.85274 1
16.7963 19.3117 0.552487 1
4.8287 14.476 0.719263 1
5.05666 10.3137 5.29454 1
14.9396 22.8219 1.44872 0
12.0856 21.2223 1.22647 0
4.1003 11.9481 0.30383 0
400 50 500
0.025 0.0125 10000 3000 15 1e+06 300000 8 12
0 78.8731 21.9942 61.5543 21.3939 68.1739 77.4798 47.7804 43.1238 20.813 39.8673 55.7277 24.7021 54.8131 27.0481 30.9444 52.6796 62.7432 5.1401 55.5505 47.8614 62.6631 56.5186 18.0884 28.7302 39.1894 45.17 59.8822 54.194 63.7487 46.9308 59.2538 36.3354 52.6095 40.4665 16.8185 37.734 60.8025 20.1871 59.9542 59.7258 35.075 11.0346 27.3878 22.6381 40.8234 46.0911 56.4014 53.3721 18.6996 44.5512 66.9644 46.821 78.3936 53.1226 10.5265 12.736 49.4577 25.9823 53.3158 17.8573 34.9664 10.0342 19.7734 52.1879 1.86935 19.03 13.3487 23.836 40.9962 54.769 28.3663 57.1012 5.76019 13.4376 74.5799 42.2043 67.4699 44.4497 27.3887 35.7951 83.1122 18.7518 32.9484 27.6368 50.1886 23.1248 9.21119 69.4006 52.0908 26.9455 36.8645 54.3965 36.884 45.8119 15.5995 42.9496 81.8212 8.97604 5.46132 23.299 64.5104 21.8672 71.2836 52.7247 36.9554 76.6853 64.3255 59.3372 75.4381 34.2683 41.4046 53.3047 27.8817 68.6575 70.4346 40.511 78.2779 27.575 51.781 66.6427 52.0191 17.5901 28.3668 11.6057 44.2959 29.3635 48.0253 60.8094 30.2161 46.345 59.7138 62.7812 52.6939 45.6387 16.595 58.2612 58.5165 5.68414 38.6291 55.2728 55.7448 41.6129 32.7702 33.5408 35.5555 45.3157 66.5508 4.81332 76.6757 15.1573 51.192 76.4256 42.7331 12.5888 32.5107 53.3737 39.7775 47.0061 28.4909 45.4513 35.8301 47.9764 6.57923 58.268 52.4091 47.4851 39.1464 41.2678 24.0008 39.2212 52.7789 64.7739 25.8457 28.6898 15.5663 50.8784 63.9647 49.8585 39.816 20.2665 24.5881 33.7921 60.062 35.9711 64.47 61.9104 10.7375 64.4549 51.3725 39.161 48.3998 26.3797 9.39088 34.549 45.9498 31.3237 63.3381 30.4698 38.5658 59.3792 
78.8731 0 64.9766 40.6936 67.0422 26.4733 7.30219 37.6626 44.0329 76.4089 39.4155 24.6627 79.5824 35.6234 64.362 50.4429 29.7484 22.4465 81.1661 29.1433 68.8879 16.2174 56.5561 90.9353 73.2063 67.5519 70.6103 26.0715 48.3143 39.4252 47.6061 54.0321 45.6236 26.2728 68.6739 75.3486 47.2041 18.2839 85.2599 18.9304 19.6958 68.1576 89.6421 65.8122 56.3379 52.522 58.1229 30.0052 45.6444 63.4162 41.6584 18.4508 46.2896 5.52578 62.1996 68.459 88.7545 51.8721 57.153 54.5366 90.5029 43.9074 72.0893 61.3702 30.8974 79.8813 76.8702 83.3012 55.0823 49.5008 24.1738 51.1307 34.9572 73.2326 87.1669 4.95688 49.1727 16.7614 51.9821 74.5564 43.1314 4.25517 76.2382 46.5926 67.3448 46.2136 64.6364 86.4203 18.1007 35.4733 72.9714 44.8758 51.3635 61.4203 39.3945 66.8522 66.3188 3.0107 81.859 83.7836 74.1156 14.9526 77.5007 7.78727 27.6986 63.2579 8.655 25.79 19.6032 11.6828 61.9706 63.3039 67.2636 59.9168 13.6305 12.5068 39.8828 4.90641 61.4822 68.2738 16.5948 29.2476 79.2227 63.6804 88.53 51.7586 67.9667 36.4697 63.9207 56.1462 45.9604 20.8499 21.2206 40.7124 34.4164 64.1663 21.5192 49.993 77.4647 57.8065 33.9351 62.5312 53.1263 59.6868 58.8396 74.4381 40.0154 24.4806 83.6816 4.73849 72.5152 28.0518 9.87274 37.2804 78.7978 54.4809 31.4587 54.6446 41.4288 53.6584 35.8326 51.7383 65.1462 78.0854 59.134 45.1248 67.6992 40.1253 47.1173 62.8218 55.9805 66.744 16.3194 70.4128 70.7344 80.9915 60.9178 56.9803 53.7034 69.8758 76.6249 60.1803 72.6473 20.7785 58.5673 35.3051 19.2481 71.5911 22.8883 63.7342 45.1267 50.7848 69.4511 82.5019 51.5385 37.437 49.2825 52.4462 59.2529 54.4813 19.5179 
21.9942 64.9766 0 59.7472 31.7299 61.5201 61.969 43.0516 23.4121 37.0619 30.7946 45.4879 41.8019 50.5955 5.40435 28.5555 44.6355 45.4853 20.8516 48.2559 27.356 49.5111 60.6826 39.971 12.3757 49.1258 25.2562 52.1778 55.3373 61.4617 47.5214 62.3051 32.4718 40.1624 50.7596 33.057 36.1592 48.4092 40.3327 46.9976 47.9427 15.0077 29.4028 37.0574 15.1643 19.1915 24.1402 38.1773 31.9848 5.96749 25.3596 57.4183 25.7776 65.8501 59.6425 17.6121 34.7234 52.0973 28.3797 56.9318 39.707 24.5047 24.019 23.5732 44.7141 21.6751 35.7935 34.1486 16.2761 41.8849 41.3892 23.5448 52.8788 17.4504 35.269 60.2122 43.0897 50.935 22.6851 12.5185 24.3883 69.0187 11.2619 26.4613 7.50184 28.8843 1.16624 31.1505 60.0437 33.0797 10.9919 32.5579 56.7362 44.0549 27.1731 6.95641 52.0214 67.986 19.4782 27.2523 38.0103 50.0263 12.8631 58.0758 43.007 45.0495 64.9448 57.1967 46.6974 59.0783 41.7364 19.9457 61.6318 6.2874 57.5403 59.2637 33.3547 63.2684 34.336 30.9668 56.2867 43.2096 35.7863 36.7091 33.5192 22.5624 9.50278 42.5975 67.0891 33.3565 46.0416 49.0186 53.5218 50.5523 36.8025 8.4647 47.0629 60.1679 25.1646 43.9376 36.0718 62.1216 19.8488 38.8526 11.5696 48.8341 41.2893 59.1424 25.7879 61.8523 8.47798 40.1189 65.007 27.841 31.5218 11.8 46.7024 17.9315 44.3449 28.3036 29.1984 15.2215 56.1039 17.1522 63.1962 31.1385 26.744 25.8519 20.9156 2.37067 17.2822 60.9832 49.2493 8.18463 41.0667 34.9745 29.1137 67.59 27.89 50.6799 36.7099 4.81262 15.9364 44.4968 13.9779 60.7484 51.2981 11.2567 46.7165 58.6305 20.5173 26.6197 7.8343 19.9848 14.5017 40.317 16.2388 65.5151 8.62245 42.0475 46.5457 
61.5543 40.6936 59.7472 0 41.9139 14.7081 45.448 17.0921 51.8488 49.0846 30.4096 24.3402 50.2746 10.2312 62.5373 32.0125 19.9784 45.9564 65.8538 16.8501 78.4468 32.4252 16.3416 66.0787 71.7963 32.786 78.4039 16.679 9.78371 2.40145 14.9067 13.4178 27.3725 30.809 33.261 50.1405 24.3746 29.9616 58.1883 31.5841 28.1526 70.9385 72.1691 37.4982 45.0088 59.6722 68.4859 48.0099 61.7727 54.9329 50.2044 22.4255 57.6494 36.1597 22.6876 52.014 66.4843 15.0782 35.6321 15.3386 65.6382 36.3162 51.8786 41.9661 18.9411 63.2215 50.3472 59.3299 43.7352 20.6257 32.9529 36.5118 8.61326 57.3969 63.8505 40.0897 19.462 44.7964 61.7106 72.2143 37.0506 43.7895 69.0448 33.2922 65.8991 60.087 60.1625 65.6335 22.6171 50.1489 70.6303 27.2184 12.109 29.0229 48.4934 57.1464 30.0845 42.1744 68.3961 64.6565 45.8994 36.9506 71.7367 34.903 23.9356 30.3135 32.8188 14.996 30.6347 47.507 30.926 70.2975 27.703 58.1692 27.5356 28.2964 27.0357 44.1101 35.0483 79.998 24.7205 22.0752 53.1844 35.6076 67.015 61.3818 67.5072 17.9509 23.2605 31.4043 15.2167 25.0437 20.9443 9.24539 25.8066 53.8651 26.5534 9.52741 57.528 25.6369 51.4575 22.4353 60.8688 30.5626 61.1182 40.6817 18.5044 16.2287 65.6322 42.6425 63.5815 27.78 31.7311 39.5787 55.1906 55.2985 16.4644 61.1246 15.4471 33.5995 42.0088 54.7738 27.104 64.2465 18.6323 60.6143 77.3038 38.0214 53.9457 58.6713 62.0973 27.2991 40.4461 67.7404 40.4347 55.8561 73.6192 16.4583 66.8456 34.6404 49.5372 55.785 74.042 39.6159 62.5054 5.76015 24.8074 59.6844 48.2619 24.6707 49.1229 63.2401 67.1555 69.0374 53.3345 20.0649 45.5303 11.9556 59.3607 24.0143 31.2016 
21.3939 67.0422 31.7299 41.9139 0 50.9537 67.4975 31.0718 42.9429 9.48953 28.5922 42.4247 13.466 36.9535 36.8776 16.8697 37.8861 56.1353 26.383 39.809 58.6554 51.3327 35.2036 24.8269 43.0902 18.3946 56.8472 44.0232 33.6447 44.2395 27.0073 38.072 21.4187 41.8361 19.8656 8.61248 20.5031 48.9145 18.2391 48.7175 47.3692 46.7073 30.9889 6.09861 20.1197 45.0466 52.9918 51.8535 55.2412 25.8245 43.2892 51.9707 48.5415 65.2606 31.755 15.2678 24.5861 28.5946 10.0976 32.121 24.3804 26.7903 11.4302 9.22172 36.9943 23.2455 9.82913 17.6009 20.167 21.4948 44.6236 18.2424 39.0545 19.2658 22.0564 63.517 22.5631 59.4764 48.68 42.4763 28.2096 71.2484 35.5949 21.83 39.2083 52.1559 32.7669 23.7996 54.0815 49.2962 41.3695 22.1685 33.4674 15.4926 43.5025 25.4697 21.9225 69.7606 29.8208 23.284 8.02183 54.3936 38.8978 59.2592 39.3603 15.6051 62.9147 47.6824 47.8548 66.6101 12.8799 50.6126 32.2285 34.8087 54.8689 56.5627 27.2791 67.6754 6.86684 61.9526 52.3487 37.9621 12.2933 6.99407 25.1043 48.4128 41.2135 31.8086 39.457 11.3994 26.9305 46.3553 47.8927 33.7529 32.7049 23.2671 45.5232 37.6724 16.3638 17.4556 52.3553 34.3786 46.213 11.6975 40.5453 17.109 28.4587 49.9542 24.6342 65.9679 30.1121 39.3072 62.3848 36.5275 13.3096 36.5096 37.3998 45.0092 28.9478 13.6132 40.1544 38.7525 26.7863 26.144 36.8844 54.0323 57.9019 32.2686 42.5235 32.3831 45.0973 31.6662 55.8046 39.1059 9.3419 14.4756 58.5923 42.6538 54.907 19.5015 9.6356 30.8538 47.4134 51.6373 43.0005 45.6647 48.2542 24.6033 58.3347 30.0687 38.3528 52.251 39.1129 30.3603 36.9528 30.2268 29.411 42.2703 37.3749 18.0113 48.0847 
68.1739 26.4733 61.5201 14.7081 50.9537 0 31.9335 20.4145 48.0788 59.3203 30.7435 17.6414 61.344 14.0385 63.14 37.2336 16.8969 36.1874 71.8301 13.2787 75.5164 21.842 31.0251 75.7673 72.6526 45.6462 76.1092 9.45392 23.6319 13.1138 25.7155 28.1025 31.8581 24.6687 46.4004 59.5439 30.825 20.1027 68.5619 22.0933 18.8287 70.196 79.1637 47.7251 48.2928 56.7361 64.8657 40.2404 55.7654 57.7247 46.0107 9.36278 53.0494 21.6435 37.2237 57.8842 75.1858 28.2483 42.6688 29.6787 75.3207 37.0182 59.293 48.5135 16.8326 69.6382 60.2948 68.514 46.921 29.8996 25.6424 40.4479 12.1111 63.2661 72.8939 26.5986 29.0672 33.5883 57.9604 73.4369 37.1814 29.2911 71.991 36.2121 66.5206 54.7603 61.6631 73.7384 8.53604 43.7448 71.7918 31.3673 26.4077 40.7087 43.9208 60.5484 43.4919 27.6986 73.7363 72.0866 56.4026 25.9632 74.236 21.6444 19.1825 42.3024 18.2677 4.38208 21.4206 34.6291 42.0764 67.9785 42.2817 58.5003 14.2835 14.5513 28.6024 30.3111 44.3041 76.3441 12.0051 18.4727 63.0203 45.637 75.4374 57.6499 67.8286 20.1652 37.8802 39.6131 24.8584 15.9235 10.3336 18.1026 24.7233 57.3268 18.0806 24.2318 65.0496 37.0444 44.2063 37.1146 57.7899 40.7991 60.0848 53.3109 22.9404 3.07221 72.6701 28.9907 66.9817 22.8764 17.1381 36.49 64.1091 54.4532 15.0673 58.5248 22.0094 39.7717 37.732 53.041 41.1759 69.5911 33.3358 54.7575 74.3168 36.5504 50.7201 59.9648 59.6884 41.8447 29.639 68.9092 51.6324 65.4065 69.3866 30.6123 62.1565 47.7372 59.6901 57.0038 73.936 30.2866 60.9279 9.02533 14.4901 64.0838 38.2005 39.0802 46.5442 58.6031 68.156 74.3988 51.9678 22.3085 45.688 26.0926 59.0492 34.4645 21.9604 
77.4798 7.30219 61.969 45.448 67.4975 31.9335 0 39.8284 39.8965 76.9702 39.1054 26.1117 80.4618 39.1047 60.8028 50.6525 31.7254 17.3207 79.3502 31.9712 63.4113 16.3332 60.7557 90.6568 69.2792 69.9378 65.345 29.6622 52.2353 44.45 50.5228 58.5316 46.2565 25.7165 71.1809 75.5277 48.4821 18.9746 85.546 18.8357 20.7831 63.7156 88.0032 66.9228 54.8437 47.9803 52.8293 25.1351 39.938 61.0389 37.5737 23.0637 41.3566 12.6253 66.0063 67.2676 88.0216 55.2664 57.4372 58.4047 90.2348 42.7528 71.4405 61.0361 33.0064 78.3409 77.2599 83.0218 53.6717 51.6174 23.0878 50.5983 38.8271 71.7538 86.6694 5.36688 51.4586 11.4488 47.033 70.7404 41.7722 8.97891 73.1695 46.2263 63.6109 40.8522 61.514 85.4617 23.3977 30.7237 69.2013 45.4842 55.3408 63.5088 35.4057 64.5386 69.0859 9.01898 79.7002 82.5836 74.9219 13.1828 74.159 10.5515 28.8891 65.3871 15.3691 30.4704 19.7578 4.54793 63.7684 58.3576 71.01 56.5361 17.9303 17.3913 40.2483 2.44929 62.4258 62.5119 20.7321 30.7656 79.4516 64.8322 87.6593 46.8373 64.0499 38.4944 68.4132 57.0711 48.6947 22.8493 24.8691 44.1659 34.9012 62.0729 22.8045 54.4332 76.5889 60.0084 28.7412 66.5852 48.455 61.2195 54.8234 76.413 41.9454 29.5525 82.2883 3.01745 69.8578 28.2233 16.5459 34.9538 78.5684 50.9326 34.0712 50.1137 43.9088 53.9109 32.8686 47.9561 68.4188 76.0984 63.4782 39.5477 62.2441 38.3372 42.9444 59.7214 51.4495 70.4513 12.8128 66.7766 72.0656 80.9966 55.1954 61.8956 48.1392 72.3097 77.1331 57.2446 68.2921 17.5956 54.2855 40.3801 21.8598 69.4786 17.1589 67.3528 41.6277 45.4431 65.7848 80.3263 47.9895 39.06 46.9049 57.3727 55.5857 56.5403 19.4718 
47.7804 37.6626 43.0516 17.0921 31.0718 20.4145 39.8284 0 35.3439 39.9329 13.3448 13.8141 42.5599 7.56146 45.5794 16.871 8.10376 34.247 51.5298 8.87304 61.4867 23.7974 24.8379 55.8584 54.9219 30.1119 61.3604 12.9713 16.438 18.5514 11.4017 24.3393 11.5576 17.5041 31.3561 39.6792 10.5992 21.0368 49.1025 21.7506 19.1329 53.8559 58.7574 28.6927 28.7708 42.8143 51.7248 34.1208 46.0831 38.5702 33.9064 21.0596 41.3576 34.9954 28.2269 37.5543 54.9424 17.02 22.3112 21.4349 55.4125 19.2373 38.8981 28.099 6.83334 49.267 40.706 48.4584 27.4343 11.8546 20.3535 20.5041 9.87484 42.9574 52.759 35.0335 11.6312 35.0562 45.0495 55.4271 19.9593 41.6744 52.8403 16.6975 48.9572 44.0777 43.3915 53.3845 23.0543 35.0824 53.8217 11.1504 19.2217 23.7853 32.4197 41.0815 29.3658 40.0914 53.5871 51.6759 37.28 27.9589 55.3592 30.1391 11.4519 25.6411 32.3411 16.7566 20.7126 40.2854 24.323 53.2762 32.8299 41.1534 24.5278 26.1041 9.95317 39.3692 24.7374 63.1755 21.7751 9.3254 43.3231 26.5467 55.1319 44.7188 50.5211 1.48355 32.9541 19.679 9.30828 17.0338 17.1274 8.5892 9.51137 37.8043 17.0973 20.7533 44.6516 20.2173 36.9464 29.5664 44.0338 22.1934 44.0269 36.7868 2.61357 19.0244 52.2582 37.6688 47.5591 14.0477 31.6882 23.1664 43.9971 38.2072 6.43579 44.1869 4.3481 19.3577 26.0493 37.7416 29.3017 49.4246 27.867 44.868 60.3572 21.1241 37.2259 41.8386 45.1214 32.193 30.6673 50.9218 33.3091 45.5336 56.9945 29.3719 50.448 32.4815 40.2402 38.9177 57.0152 28.1002 45.4341 17.7325 18.4197 44.1957 36.697 28.9943 32.2963 46.8705 50.2951 54.2462 36.2717 3.00445 28.4524 25.8065 42.2858 16.8281 21.1606 
43.1238 44.0329 23.4121 51.8488 42.9429 48.0788 39.8965 35.3439 0 51.3588 22.5784 30.4393 55.9701 41.6216 21.1979 29.8387 32.4915 22.7559 43.3729 36.1902 27.4416 30.3828 59.0555 59.7616 29.3837 55.3479 28.2055 38.8893 51.3702 52.7923 44.5995 59.2643 29.917 23.4967 57.0282 48.2414 34.4952 30.2739 57.5914 28.4103 30.5855 24.1633 52.173 45.9417 23.3988 8.88683 16.8517 15.0831 12.4539 24.5374 2.38069 41.3134 6.25318 46.0345 60.6391 34.8049 55.4542 50.3446 34.5056 55.3185 59.4142 18.794 40.828 33.8559 33.2488 43.3786 50.7615 52.7527 22.9941 40.8327 23.2265 25.7534 43.4499 37.5661 55.1562 39.0908 41.6709 28.5083 9.95668 30.8663 17.387 47.7649 34.1169 24.4538 23.802 9.59673 22.6974 52.1853 43.8524 9.72666 29.3491 29.4427 53.8038 48.7219 4.67806 27.9203 56.8608 46.9715 42.6384 48.5838 50.8525 29.4457 34.6624 38.1214 29.1803 50.3614 45.927 43.7893 28.5234 36.5234 47.2915 20.2074 64.2269 17.3523 39.7377 41.243 26.3357 41.5161 41.6185 28.3968 39.4313 30.4769 51.8958 44.5506 54.5764 9.63553 24.1585 34.1922 66.8457 37.7258 42.523 32.7699 38.2411 43.9319 26.0723 26.5314 30.5455 55.947 44.3801 46.8174 12.6607 62.6151 9.80647 43.9538 14.927 58.3176 34.9497 45.1683 47.5962 40.2922 31.8381 25.2972 46.2927 12.2703 48.9813 11.6499 35.7234 10.8986 38.6606 32.0112 10.3469 8.32921 59.3027 39.7461 62.0197 11.2041 26.2399 14.5716 3.08491 21.0444 12.1962 63.5385 27.7326 27.0249 51.2349 52.2143 21.7796 64.4721 15.1109 57.5201 51.2353 19.2037 28.6178 23.3154 14.5374 50.6109 34.7965 33.1479 23.6605 60.544 4.59006 11.5571 26.0144 43.1899 8.93229 32.3826 13.5791 61.1113 15.9279 43.6301 28.1671 
20.813 76.4089 37.0619 49.0846 9.48953 59.3203 76.9702 39.9329 51.3588 0 38.0793 51.7594 4.78494 45.285 42.4403 26.3584 47.0592 65.5347 25.8846 48.7681 64.4166 60.7795 39.8301 17.0733 47.1499 20.165 62.2589 52.8995 40.0802 51.4691 34.3699 43.1473 30.813 51.3217 21.0817 4.17896 29.513 58.3365 9.24187 58.1757 56.7637 51.9459 27.7376 11.6624 28.0309 52.5241 59.9083 61.0508 63.4403 31.5461 51.912 60.9645 56.6728 74.4898 35.0865 19.4547 18.7105 34.7204 19.5865 37.3318 16.6409 36.0703 13.2458 17.6378 46.1069 22.6011 1.84913 11.2491 28.3647 29.4469 54.113 27.5083 47.2606 21.2912 15.6516 72.9485 30.3595 68.9484 56.2323 46.199 37.4542 80.6005 38.2836 31.2693 44.2513 60.2917 38.1918 19.2745 62.9857 58.2482 45.3551 31.5723 39.2917 20.4854 52.3056 30.2307 24.1098 79.0982 29.7852 20.3496 3.34838 63.8767 41.5892 68.6336 48.711 19.719 72.0609 56.2906 57.3039 76.0996 18.2619 56.7784 34.1703 41.2023 64.0577 65.7284 36.7336 77.1235 15.1955 67.9761 61.4728 47.2443 4.43499 13.6995 19.7553 55.9882 46.2215 40.7836 42.4501 20.3801 34.7003 55.6569 56.944 41.611 42.1396 28.8404 54.8945 43.5345 15.1334 23.5302 61.3552 37.6179 53.6207 18.6587 47.1369 15.0055 37.3378 58.55 22.2985 75.4138 33.3841 48.7657 71.4888 45.7549 8.64715 43.7956 46.3382 52.2237 37.3921 23.1025 49.3256 46.3854 29.3046 26.9693 40.9152 62.2668 63.7853 41.5075 50.6371 38.1999 52.139 33.7412 65.2922 43.5015 9.48524 7.39265 65.3589 47.1188 62.3591 20.1477 0.591248 37.2354 51.8873 61.1096 49.6586 53.35 57.5053 27.7809 67.7092 32.9914 46.7903 59.9597 43.7157 30.1769 44.6537 39.3409 37.7852 47.5583 43.8838 25.1988 57.542 
39.8673 39.4155 30.7946 30.4096 28.5922 30.7435 39.1054 13.3448 22.5784 38.0793 0 15.913 41.8573 20.4944 32.7372 11.7607 13.9069 27.9785 42.7157 17.4683 48.1679 23.2764 36.4878 51.6328 42.2021 35.3431 48.0156 21.4759 28.8461 31.7527 22.0419 36.7144 8.6627 13.3966 36.9207 36.4421 12.7834 21.1488 46.4755 20.5791 19.9271 40.6457 50.825 28.9389 18.0711 29.5879 38.5605 25.0799 34.1261 27.0737 21.4569 27.5204 28.7664 38.5655 38.3801 29.3497 49.3404 27.824 18.4956 32.7681 51.2057 6.29901 32.6746 22.0043 13.9214 41.0413 38.2529 43.9915 16.7061 18.7399 16.0742 11.7223 22.6499 34.4023 47.7744 35.4659 19.4278 30.9261 32.0057 42.8675 6.71717 43.6703 41.2864 7.18279 36.1313 31.781 30.9763 47.058 30.0714 24.3388 41.2334 7.96121 31.2297 28.4595 20.3492 30.0495 36.0427 42.2923 44.047 44.5653 36.294 25.9331 43.4931 31.6892 12.9919 30.2927 36.8197 26.4458 19.8304 38.0316 27.7164 39.9348 42.2788 28.1901 28.8123 30.5911 3.75739 39.4744 24.2824 49.9426 26.9182 12.6862 40.3734 27.0096 49.1372 31.6748 37.5879 12.4808 44.332 19.1426 19.9502 19.8676 23.409 21.8127 6.12446 26.9104 18.4 33.4947 38.0898 25.8186 26.8398 40.233 30.8247 24.5734 30.7352 40.0931 12.5022 28.4499 44.6344 37.7924 36.4055 11.4032 36.5787 11.0355 39.5127 24.9185 15.9402 30.8932 16.1852 14.9942 14.5658 24.3994 37.695 40.0129 39.4626 32.8695 47.046 8.02727 24.1691 29.312 31.8019 41.5962 27.213 38.3353 34.353 41.8922 43.9358 41.9535 37.6423 37.6935 38.201 26.3513 43.9664 23.0941 32.0964 30.4224 22.0906 34.0024 30.2997 38.5022 19.1509 34.1243 37.6312 44.7095 22.9291 10.3504 15.3398 38.7378 29.1271 22.3257 19.9654 
55.7277 24.6627 45.4879 24.3402 42.4247 17.6414 26.1117 13.8141 30.4393 51.7594 15.913 0 54.9262 15.1072 46.4643 26.0197 5.77943 21.8033 58.6284 7.57567 57.8794 9.98375 36.9443 66.5779 55.9442 43.8653 58.5142 8.68356 28.1888 24.4909 24.9265 35.542 21.0253 7.09475 45.1429 50.8036 22.5912 7.22318 60.6593 8.06832 5.33693 52.9316 66.7106 41.1839 33.9102 39.127 47.227 23.81 38.5287 42.4685 28.3719 11.9311 35.4612 22.9936 41.2899 45.2017 64.7545 30.1605 32.6327 33.9968 66.1404 21.5798 48.1377 37.2406 7.1281 56.9335 52.2533 58.9725 32.5579 25.52 8.68952 27.4077 15.9061 50.3032 62.977 21.5111 25.4062 21.6206 40.3207 56.8845 21.31 28.842 56.4214 22.8061 49.7964 37.3139 45.4729 62.6593 14.5558 26.5687 55.2342 20.292 31.2672 37.398 26.2975 45.6224 43.1786 27.3403 59.9087 60.3241 49.4535 14.2234 58.3473 16.9112 3.08762 39.2778 21.0017 13.3845 7.02353 26.4743 37.6831 50.4008 46.1077 41.7911 12.9349 14.7097 15.5243 25.8151 36.8239 58.7155 11.0321 4.66626 54.6501 39.0598 64.663 40.0097 50.9582 12.4301 45.015 31.4844 22.9529 4.01714 8.12942 19.6349 10.1426 42.5779 3.30755 31.5157 53.6939 33.9118 27.4658 42.2966 40.1665 35.2161 42.8316 50.3084 15.8398 14.7385 60.474 24.1 51.8424 5.46276 20.7007 19.0467 54.4562 37.3417 8.83816 40.9458 18.0375 29.1784 20.0933 35.6733 42.9385 55.899 39.8946 37.463 56.6788 19.7479 33.1049 43.7035 42.1301 45.4993 17.1747 52.3999 46.1824 56.508 51.7973 39.9189 44.6121 46.2462 51.9833 40.7821 56.8393 15.4411 43.5201 21.4041 6.18351 49.7956 24.1804 42.321 29.0536 41.0389 51.5787 60.5699 34.7218 12.9689 29.2852 35.7025 42.0588 30.4306 7.52345 
24.7021 79.5824 41.8019 50.2746 13.466 61.344 80.4618 42.5599 55.9701 4.78494 41.8573 54.9262 0 47.38 47.1876 30.0969 49.9948 69.5604 29.6448 51.4329 69.1578 64.1874 39.6326 17.3005 51.7173 19.34 66.9706 55.4502 40.9208 52.6751 35.9099 43.1361 34.2053 54.9373 19.9013 8.76897 32.4142 61.6757 8.62717 61.6292 60.0379 56.6523 30.42 13.8684 32.7039 57.2812 64.6924 65.3132 68.1085 36.3181 56.4639 63.6116 61.35 77.4173 34.317 24.1898 20.372 35.4873 23.4236 37.5118 16.9162 40.256 17.8869 22.1487 48.9688 26.4116 6.05961 13.3332 32.9878 31.4968 57.7862 31.7045 49.2337 25.7464 17.1795 76.2886 32.2801 72.7828 60.9852 50.716 41.6723 83.7368 42.654 35.2432 48.9512 64.9703 42.9363 21.6992 65.5214 62.669 49.9172 34.9779 39.781 21.2611 56.7917 34.9451 23.208 82.2072 33.5962 23.454 5.5643 67.4502 45.938 71.8368 51.9187 20.1141 74.8708 58.5524 60.7265 79.7726 19.4247 61.5493 32.7282 45.9859 66.9493 68.5819 40.2385 80.5118 18.1028 72.7341 64.2821 50.3388 7.15234 16.0152 21.6856 60.7389 50.9139 43.5222 41.3416 23.4512 36.5096 58.7515 59.6764 43.376 45.5615 33.6108 58.123 43.9707 19.109 24.6751 65.7514 36.7362 58.3835 20.5859 51.9217 12.7442 40.0087 60.788 25.5528 78.7964 37.8948 52.2419 74.2423 49.9896 12.1361 48.5609 48.9956 56.9971 39.6694 26.8783 53.6065 51.1245 28.3139 31.0642 40.3748 66.9272 68.536 45.7314 55.3131 42.9675 56.9192 32.3771 69.0221 48.1281 9.84353 9.70602 70.1438 46.7062 67.1222 18.7571 5.09419 42.0198 56.5024 64.9483 54.4435 54.8657 60.5109 32.3249 71.7755 32.0744 51.3918 64.6993 48.3679 33.937 49.384 42.2506 42.391 47.5997 48.6682 26.8949 60.9935 
54.8131 35.6234 50.5955 10.2312 36.9535 14.0385 39.1047 7.56146 41.6216 45.285 20.4944 15.1072 47.38 0 53.0339 24.1096 10.051 36.8993 58.7272 7.6154 68.3162 24.3185 22.0148 61.7501 62.4127 32.5265 68.3507 9.56019 13.2939 11.2978 12.2986 20.4408 18.937 21.0032 33.4783 45.5299 17.1178 21.6316 54.5262 22.9489 19.6995 61.1386 65.7188 33.7042 36.3171 49.5037 58.2842 38.2413 51.613 46.13 39.9738 17.4906 47.4202 32.0309 26.9128 44.7427 61.2929 16.2587 28.9917 19.3575 61.3036 26.5941 45.6387 35.0457 8.88659 56.3568 46.2568 54.5364 34.9852 15.8917 23.3888 27.9994 2.33316 50.1608 58.9422 33.921 15.1148 36.5098 51.4943 62.9464 27.2008 39.2992 60.3957 24.2584 56.4189 49.8804 50.921 59.9644 18.8316 40.0878 61.3358 18.5988 16.4109 27.0652 38.2726 48.62 30.8868 37.6686 60.91 58.4832 42.3848 28.8256 62.9206 28.7369 14.1173 28.7561 28.9893 11.2804 21.9301 40.4064 28.2405 60.2223 31.9056 48.5656 21.9964 23.263 17.3541 38.1946 30.273 69.8073 19.0358 12.1085 48.986 31.6085 61.5984 51.1659 57.9514 8.06267 30.0059 25.6597 11.0664 16.8285 14.4253 5.09463 15.6052 45.3397 17.8413 16.4087 51.3931 23.3703 41.5346 27.6177 50.6914 26.8052 51.2187 39.926 9.66168 13.4632 59.1883 36.5752 55.097 17.81 28.1253 29.3523 50.1571 45.4059 6.50406 50.9918 8.01838 26.3254 31.7904 44.7268 29.5244 56.7426 24.9094 50.444 67.1655 27.9055 43.7435 49.3525 51.9886 31.3471 32.0668 58.4343 37.7302 51.3892 63.3954 24.8551 56.6147 34.7532 45.6527 46.4223 64.402 30.5412 52.515 10.171 17.3159 51.6486 39.285 28.2584 38.9539 53.0094 57.794 61.5661 43.3371 10.3137 35.7847 20.7366 49.6048 20.5694 22.4717 
27.0481 64.362 5.40435 62.5373 36.8776 63.14 60.8028 45.5794 21.1979 42.4403 32.7372 46.4643 47.1876 53.0339 0 32.2243 46.2722 43.8712 25.3978 49.9906 21.9802 49.4317 64.5832 45.1088 9.51336 53.9636 19.9801 53.7053 58.7908 64.1204 51.0315 65.9958 35.6234 40.5982 55.617 38.4497 39.6105 48.6165 45.7032 47.0484 48.3643 9.87731 33.6351 42.0479 19.1306 15.3251 19.0788 36.2733 28.1035 11.0672 23.392 58.3182 22.3707 65.6831 63.9218 23.0005 39.7221 55.8752 32.8363 60.794 44.8592 26.4861 29.4217 28.4517 46.5026 26.5702 41.187 39.4583 20.0433 45.595 41.454 27.0859 55.2638 22.7529 40.422 59.4975 46.7653 49.5297 18.5019 10.4444 26.0726 68.2841 13.1843 29.3853 3.39427 25.1428 4.25461 36.11 60.9503 30.8972 8.79958 35.6085 60.3827 48.6492 25.4528 12.3541 56.7275 67.3542 23.4908 32.177 43.3289 49.4539 13.4647 57.8051 44.2176 49.7375 65.0504 58.7713 46.8653 57.6159 46.4101 14.5669 66.1424 4.67337 57.9638 59.6394 35.6798 62.2744 39.1013 25.5647 56.968 44.6777 41.1903 41.5811 38.4499 18.4327 5.01791 44.9738 71.254 37.7033 49.4202 49.7587 54.5848 53.4515 38.5055 13.7044 47.6965 63.6374 30.4779 48.2901 33.6906 66.3519 15.7405 43.422 7.2255 53.9845 44.0366 60.6061 30.5781 60.9467 12.5395 41.0121 65.2133 27.9431 36.9076 9.89146 48.6427 13.721 47.2945 32.3774 28.6153 12.9071 60.6455 21.7452 67.1903 27.3864 21.3493 26.7381 18.3509 4.5642 12.8402 65.4836 48.2917 6.07143 46.2191 40.3589 23.8574 71.3169 23.1951 55.5975 42.0942 6.95777 11.6871 43.6336 9.3052 63.0976 52.0082 16.3641 44.855 63.0265 19.2478 22.3397 5.15958 23.9176 12.8398 42.7226 17.4696 69.0084 5.27 46.178 46.6511 
30.9444 50.4429 28.5555 32.0125 16.8697 37.2336 50.6525 16.871 29.8387 26.3584 11.7607 26.0197 30.0969 24.1096 32.2243 0 22.1102 39.5954 34.6633 24.7112 51.5013 34.557 32.3806 40.5605 40.9048 25.5201 50.5782 29.0492 26.7968 33.977 18.9733 33.7955 5.40213 24.9696 27.1955 24.9354 7.72456 32.2103 34.916 31.9148 30.7491 41.6028 41.9496 17.3998 13.4067 34.5538 43.4351 35.9936 42.2312 23.2568 29.5073 36.4694 35.9935 49.0088 32.2439 20.684 38.8676 23.6509 6.78536 28.5808 40.1237 11.3657 22.4053 11.4533 21.4638 32.4064 26.6074 32.953 12.2874 13.3751 27.7553 5.1633 26.4331 26.0907 36.987 46.7661 14.5588 42.686 37.7352 41.0496 12.8688 54.6765 37.1278 5.64092 35.4079 39.4345 29.162 36.9863 38.7974 34.2579 39.5455 5.98449 28.202 18.8952 29.1216 25.2078 27.0901 53.2265 36.8018 35.0122 24.5338 37.5304 39.9294 42.6575 22.932 20.5228 46.8876 33.3925 31.0776 49.7447 17.4846 43.039 35.1559 28.43 38.7873 40.5307 10.5606 50.883 12.7472 54.0374 36.4729 21.7941 28.8379 15.5963 38.8799 37.4221 37.2262 17.0812 39.2925 8.0329 17.5742 30.0197 32.2929 22.7901 16.0275 21.9442 28.9809 31.6192 28.1023 17.2665 37.1062 34.54 35.8242 14.1537 32.8483 29.1371 14.4785 35.627 35.4817 49.1816 31.6037 22.5168 46.4703 20.8508 28.4366 27.4239 22.4738 35.2336 16.6856 3.25941 24.5933 28.3822 29.9331 32.634 35.0417 40.9662 50.514 16.7063 30.3804 27.914 35.7735 34.4715 38.9528 36.73 22.8588 30.5487 49.1063 39.1054 43.8932 27.7226 26.4996 25.2666 43.9055 34.8522 34.8672 34.0728 32.0535 27.71 41.8674 31.6923 25.488 40.6911 36.2932 37.4574 26.5806 15.0295 17.8411 36.9609 30.2994 14.4648 31.285 
52.6796 29.7484 44.6355 19.9784 37.8861 16.8969 31.7254 8.10376 32.4915 47.0592 13.9069 5.77943 49.9948 10.051 46.2722 22.1102 0 27.1173 55.9504 3.78397 59.6745 15.743 31.4403 62.4001 55.7814 38.2129 59.9934 7.5693 22.7081 20.5579 19.1485 30.2559 16.8128 10.9525 39.4597 46.4013 17.588 12.974 56.1011 13.8276 11.0521 53.5621 63.7131 36.1601 31.7627 40.7875 49.321 28.1906 41.8542 40.9715 30.6628 14.3617 38.0313 27.4401 35.5894 42.1984 60.9621 24.4279 28.4165 28.3794 61.9579 20.1466 44.5062 33.548 1.35753 54.0093 47.6756 54.8609 30.3874 19.9166 13.4051 24.392 11.3656 47.4675 59.0053 26.9605 19.7332 27.3248 42.4447 56.5465 20.2845 33.83 55.1932 19.9151 49.6578 40.2844 44.7684 59.0878 16.7328 30.1717 54.9025 16.1526 25.7467 31.8375 28.8079 43.8983 37.437 32.2727 57.5619 57.0069 44.5949 20.0007 57.3801 22.1323 4.079 33.7044 25.0286 12.5612 12.7825 32.2334 32.256 51.8336 40.373 41.6453 16.9987 18.6789 12.2274 31.2923 31.95 60.8737 14.4742 2.0985 50.1752 34.0184 60.99 42.1215 50.9992 6.7855 39.551 26.6813 17.1748 8.97059 10.1827 14.1442 7.83315 40.7214 9.01954 26.308 50.1785 28.2994 31.518 36.6659 41.9178 29.9394 43.4745 44.8084 10.297 14.543 57.3389 29.5877 50.2858 7.80427 24.5134 20.374 50.3508 37.7653 3.55189 42.4379 12.2699 25.0953 22.3409 36.5839 37.1598 53.4639 34.4219 40.7134 58.4963 19.8383 34.8616 43.068 43.5296 39.7595 22.8903 52.0175 41.0019 52.1909 54.223 34.8444 47.254 40.5843 47.3201 40.1071 57.1854 20.804 44.4767 18.1245 10.535 47.6758 29.5377 36.5758 30.3395 43.6456 51.2704 58.226 35.3922 7.74425 28.8081 30.7799 42.2815 24.8686 13.2653 
62.7432 22.4465 45.4853 45.9564 56.1353 36.1874 17.3207 34.247 22.7559 65.5347 27.9785 21.8033 69.5604 36.8993 43.8712 39.5954 27.1173 0 64.0178 29.3703 46.4468 14.3471 58.5538 77.4504 52.1065 62.6357 48.2229 29.4588 49.8254 45.8471 45.6393 57.3109 36.4257 16.7725 64.1155 63.4084 39.8843 16.2879 73.4073 14.4652 17.9237 46.4043 72.8086 56.908 40.459 30.6677 35.716 7.81774 23.2462 45.2564 20.4913 27.1381 24.0611 25.7376 62.4532 53.015 74.1207 51.2395 46.1472 55.4279 77.0517 29.5786 57.9659 48.4129 28.4399 63.3866 65.4905 69.935 39.4632 44.6993 13.8954 38.0828 37.6708 56.9851 73.1618 17.5674 44.9554 5.87986 29.749 53.6155 28.2906 25.7155 56.5411 34.3172 46.554 23.7776 44.9277 71.25 29.0093 13.4083 52.1043 35.6691 52.8589 55.7972 18.4308 48.7784 62.7307 25.1844 63.9441 68.0536 64.0205 10.5739 57.3109 18.477 23.1135 57.6812 26.7184 32.853 15.36 13.7678 55.3817 41.0839 67.074 39.7727 23.2988 24.1624 30.4482 19.1668 52.2477 45.8554 24.5595 25.2839 67.3325 54.9881 73.5515 29.5458 46.8956 32.7635 66.6682 47.1176 43.5154 21.0673 26.1214 41.2603 26.1407 46.6322 19.4071 53.3052 62.6422 52.7418 11.5218 63.6796 31.1343 52.3649 37.6544 67.9366 35.5239 33.1549 67.4869 18.1705 53.645 20.2211 27.4655 20.2875 65.6514 34.0885 30.5158 32.8006 38.5838 42.7424 17.295 30.9663 63.3539 60.587 61.5389 22.6884 45.2606 24.3432 25.7604 43.1733 34.1354 66.4341 7.13346 49.7644 62.3302 68.4414 38.4954 61.7214 31.2587 65.0287 65.5916 40.8882 50.9905 6.36336 37.0172 42.3548 21.8803 53.8947 2.45191 63.2351 24.9689 28.3575 48.7585 64.545 31.179 32.2905 31.4671 57.4859 38.6138 49.1441 14.7896 
5.1401 81.1661 20.8516 65.8538 26.383 71.8301 79.3502 51.5298 43.3729 25.8846 42.7157 58.6284 29.6448 58.7272 25.3978 34.6633 55.9504 64.0178 0 58.9865 45.0912 65.0208 61.3913 21.0025 25.4804 44.3023 42.2156 63.2937 58.7772 68.0031 51.3863 64.05 39.9915 55.0147 45.5915 21.9318 41.7673 63.3127 24.5129 62.3309 62.3566 32.4259 8.82686 32.4197 24.8864 40.0381 44.4156 57.3161 52.8046 18.9227 45.0122 70.1066 46.4697 80.9988 58.1369 13.9854 15.0717 54.1541 30.2233 58.1272 20.8592 37.3958 14.9585 23.8923 55.5519 3.29407 24.0836 17.6126 26.19 45.4102 56.9928 31.5627 61.0377 8.57265 16.6649 76.733 46.6354 68.994 43.5313 23.9529 38.0612 85.3778 15.159 36.0535 25.3764 49.6774 21.8882 11.4449 72.5965 52.6929 23.7596 40.4641 59.1005 41.8477 46.4813 15.4655 48.0457 84.1439 3.96441 7.62767 28.4255 66.5658 17.9918 73.6949 55.6884 41.9776 79.4554 67.8743 61.7786 77.0585 39.2287 39.2384 58.4011 27.0682 71.5045 73.2835 43.7244 80.2866 32.3821 49.1008 69.6267 55.1432 22.499 33.3216 13.5694 43.4122 26.9089 51.6691 65.835 34.6899 50.6873 62.5682 65.9418 56.8743 48.6566 17.3877 60.9985 63.1805 10.7947 43.4667 55.8275 60.7604 40.6973 37.6031 32.3298 40.6815 49.134 70.0705 5.55677 78.7246 12.8927 53.8669 79.2619 44.4085 17.5093 32.2014 56.8885 38.7649 51.0478 32.4558 46.8288 35.6167 53.0516 3.70047 63.2037 51.9265 44.8253 41.1093 41.2314 23.0891 38.0567 57.8698 66.5623 23.1281 33.8274 20.2783 48.8673 68.8282 48.5693 44.9503 25.3301 24.2774 30.5821 61.801 34.6295 68.5388 64.8028 10.2382 65.5878 56.4192 39.7273 47.459 23.8099 4.29753 34.542 49.5279 32.5996 68.0775 29.4732 43.2321 61.7778 
55.5505 29.1433 48.2559 16.8501 39.809 13.2787 31.9712 8.87304 36.1902 48.7681 17.4683 7.57567 51.4329 7.6154 49.9906 24.7112 3.78397 29.3703 58.9865 0 63.424 16.7545 29.605 64.5251 59.4951 38.4088 63.7652 4.33821 20.8616 17.1851 18.5843 28.0436 19.3191 14.006 39.5374 48.3973 19.309 14.0424 57.9139 15.3335 12.1015 57.3397 66.581 37.5654 35.0961 44.539 53.0327 31.1647 45.2947 44.4571 34.3219 12.1979 41.6538 26.2006 34.289 45.1312 63.3737 23.3479 30.705 26.8315 64.0803 23.7512 47.0819 36.1534 3.55517 56.9372 49.5038 57.0609 33.7216 20.4865 16.1069 27.4511 8.33982 50.4581 61.2968 26.9278 20.0757 28.8975 46.1467 60.2366 23.959 33.0539 58.7158 23.09 53.3793 43.8214 48.4151 61.6475 14.2787 33.4955 58.5949 18.732 23.9695 32.3492 32.4227 47.3131 37.2501 31.4503 60.7313 59.7222 46.1444 21.2396 60.9586 21.8495 7.22685 34.1657 23.4849 9.02524 14.3157 33.0007 33.062 55.6057 39.2146 45.3739 15.7687 17.2926 15.4171 31.2528 33.5759 64.5836 12.9507 5.71542 52.0888 35.4193 63.4804 45.8249 54.7387 8.00118 37.6176 28.4499 16.8451 9.31805 8.26709 12.411 11.4928 44.1068 10.2264 23.9917 52.8011 28.7057 34.664 35.1236 45.662 31.0394 47.2549 45.3744 11.4391 11.1334 60.1517 29.5878 53.7324 11.1736 22.8176 24.1223 52.5726 41.5401 2.43734 46.2029 12.3049 27.528 25.9808 40.3675 36.4493 56.6082 32.5156 44.1748 62.2433 23.6164 38.5986 46.7289 47.3005 38.6322 24.4531 55.7054 42.1573 54.2349 57.8887 32.3529 50.8739 40.7336 49.0655 43.7668 60.9469 23.007 48.2605 14.4936 10.1278 50.9536 31.7368 35.4932 34.1082 47.2686 54.9693 61.3951 39.1751 9.73874 32.5214 28.1268 46.0421 25.4601 14.859 
47.8614 68.8879 27.356 78.4468 58.6554 75.5164 63.4113 61.4867 27.4416 64.4166 48.1679 57.8794 69.1578 68.3162 21.9802 51.5013 59.6745 46.4468 45.0912 63.424 0 57.1093 83.4523 65.847 19.8296 75.1247 3.39751 66.2884 76.6202 79.602 69.2194 84.2937 53.6287 50.9281 76.8071 60.4097 58.0778 57.3549 67.3255 55.4099 57.8407 12.7924 52.0782 63.5644 39.6811 18.8873 10.9159 38.9749 23.5255 32.9859 29.569 68.6282 23.071 71.814 83.7453 44.968 60.0961 74.6013 53.5579 79.6313 65.6485 42.7734 51.3484 49.9211 60.3243 47.0126 63.145 60.8504 40.2554 64.4293 50.4907 46.4207 70.2939 44.2806 61.2675 63.9823 65.4831 52.2272 17.6742 21.5852 41.7646 72.1 30.1456 47.3503 20.4047 22.6755 26.225 56.4433 71.1278 33.7401 21.4352 53.3894 78.6768 69.364 31.7505 34.2428 77.5971 71.6257 42.1631 52.5133 65.2893 55.3654 27.964 64.0842 56.5376 70.6317 72.2145 71.2168 55.6411 59.2759 67.3107 8.46338 86.4957 23.9667 66.6938 68.0931 51.7598 65.4621 60.2572 4.09273 66.6386 57.7151 63.0587 62.8994 58.6459 17.9678 18.5544 60.5154 90.7083 58.1089 67.3337 60.1522 65.6607 69.9793 52.7388 35.6585 57.9233 81.3942 51.9528 68.5004 34.959 86.0269 17.767 64.1551 18.7192 75.7189 60.5973 72.6098 50.6133 64.5811 32.7041 52.6956 72.7298 39.3022 58.6361 24.1074 62.7558 17.3246 64.2099 52.423 37.7861 23.8217 81.1199 41.7702 86.2593 23.8636 1.21415 40.4256 24.8428 26.333 16.3664 85.8188 52.8874 22.0391 67.9749 62.0696 8.72588 89.6207 15.2782 76.9066 64.0659 27.8517 14.8773 49.1548 16.6368 77.707 62.1269 37.6379 46.264 83.1396 29.3942 18.1192 21.4824 42.3746 25.428 58.4827 33.9924 86.7185 21.5869 65.9455 55.2382 
