20
16.5856 21.5625 6.58553 0
5.43605 15.5105 1.67535 0
1.83985 15.3692 0.851705 0
6.57721 22.9235 1.7027 0
5.62506 18.3169 0.780928 0
5.37329 6.9736 6.78571 0
0.362537 23.5081 0.284242 0
4.64352 14.8294 0.254572 0
10.208 21.0898 1.82459 0
6.2575 19.1834 1.64134 0
15.6699 17.073 0.913703 0
14.7013 22.8211 0.253251 1
4.32745 13.3426 0.348679 0
1.48872 22.7257 1.96227 0
7.66596 11.9438 0.82801 0
12.6697 12.9506 2.05438 0
8.04467 16.1671 0.854001 0
3.02375 5.7025 0.927908 0
6.67928 18.0892 2.04528 0
18.9195 22.3332 7.93169 0
400 50 500
0.025 0.0125 10000 3000 15 1e+06 300000 2 2
0 1.97985 4.07533 1.26488 2.33902 0.508849 3.67379 2.89127 2.40461 2.90219 0.577876 2.8857 1.42347 1.39194 2.21684 3.09188 2.52069 1.36171 3.11511 3.46161 2.00395 
1.97985 0 4.66852 1.51308 3.11525 1.47251 4.0086 1.43689 0.606948 1.4246 1.65885 0.992406 2.35434 2.12464 1.68725 4.60988 3.60853 3.27706 1.77703 3.62224 3.37096 
4.07533 4.66852 0 5.15604 1.74178 4.17931 0.774484 4.00111 4.47613 4.03661 3.69358 4.77428 2.67636 2.79171 3.05253 2.34509 1.68158 4.68775 3.82202 1.22423 2.32049 
1.26488 1.51308 5.15604 0 3.42341 0.982416 4.64902 2.87659 2.11076 2.87201 1.46895 2.49585 2.49099 2.36514 2.67979 4.35669 3.71092 2.11505 3.19039 4.35768 3.2438 
2.33902 3.11525 1.74178 3.42341 0 2.44303 1.38539 2.85216 3.06662 2.88455 1.95623 3.45972 0.935545 1.07271 1.74525 1.88405 0.620595 3.09987 2.80824 1.31063 0.948498 
0.508849 1.47251 4.17931 0.982416 2.44303 0 3.69557 2.4672 1.91824 2.47455 0.48698 2.39395 1.50922 1.39398 1.93581 3.46021 2.73517 1.83046 2.71851 3.42889 2.29693 
3.67379 4.0086 0.774484 4.64902 1.38539 3.69557 0 3.24772 3.76779 3.28323 3.22227 4.03991 2.25084 2.30802 2.34987 2.62941 1.61067 4.48213 3.05619 0.450842 2.20893 
2.89127 1.43689 4.00111 2.87659 2.85216 2.4672 3.24772 0 0.859583 0.0355186 2.36599 0.859843 2.48046 2.24086 1.11318 4.66969 3.45909 4.25084 0.348716 2.80461 3.48162 
2.40461 0.606948 4.47613 2.11076 3.06662 1.91824 3.76779 0.859583 0 0.84207 1.97823 0.487219 2.44508 2.19929 1.42363 4.72468 3.61985 3.74868 1.20753 3.35109 3.48718 
2.90219 1.4246 4.03661 2.87201 2.88455 2.47455 3.28323 0.0355186 0.84207 0 2.38001 0.828208 2.50657 2.26635 1.14434 4.69979 3.49085 4.26244 0.370279 2.8401 3.50994 
0.577876 1.65885 3.69358 1.46895 1.95623 0.48698 3.22227 2.36599 1.97823 2.38001 0 2.46544 1.02225 0.914895 1.63943 3.0495 2.25861 1.89801 2.56812 2.97124 1.85219 
2.8857 0.992406 4.77428 2.49585 3.45972 2.39395 4.03991 0.859843 0.487219 0.828208 2.46544 0 2.89652 2.64929 1.74913 5.16928 4.03305 4.22281 1.17831 3.60668 3.93762 
1.42347 2.35434 2.67636 2.49099 0.935545 1.50922 2.25084 2.48046 2.44508 2.50657 1.02225 2.89652 0 0.247469 1.42455 2.28066 1.28068 2.37567 2.55157 2.05931 1.04219 
1.39194 2.12464 2.79171 2.36514 1.07271 1.39398 2.30802 2.24086 2.19929 2.26635 0.914895 2.64929 0.247469 0 1.20379 2.52553 1.48977 2.465 2.32316 2.0717 1.28876 
2.21684 1.68725 3.05253 2.67979 1.74525 1.93581 2.34987 1.11318 1.42363 1.14434 1.63943 1.74913 1.42455 1.20379 0 3.55857 2.34734 3.50461 1.13136 1.94493 2.38501 
3.09188 4.60988 2.34509 4.35669 1.88405 3.46021 2.62941 4.66969 4.72468 4.69979 3.0495 5.16928 2.28066 2.52553 3.55857 0 1.26915 3.00491 4.66488 2.84679 1.2417 
2.52069 3.60853 1.68158 3.71092 0.620595 2.73517 1.61067 3.45909 3.61985 3.49085 2.25861 4.03305 1.28068 1.48977 2.34734 1.26915 0 3.00691 3.42578 1.69822 0.639434 
1.36171 3.27706 4.68775 2.11505 3.09987 1.83046 4.48213 4.25084 3.74868 4.26244 1.89801 4.22281 2.37567 2.465 3.50461 3.00491 3.00691 0 4.46514 4.38164 2.37037 
3.11511 1.77703 3.82202 3.19039 2.80824 2.71851 3.05619 0.348716 1.20753 0.370279 2.56812 1.17831 2.55157 2.32316 1.13136 4.66488 3.42578 4.46514 0 2.60703 3.51235 
3.46161 3.62224 1.22423 4.35768 1.31063 3.42889 0.450842 2.80461 3.35109 2.8401 2.97124 3.60668 2.05931 2.0717 1.94493 2.84679 1.69822 4.38164 2.60703 0 2.22773 
2.00395 3.37096 2.32049 3.2438 0.948498 2.29693 2.20893 3.48162 3.48718 3.50994 1.85219 3.93762 1.04219 1.28876 2.38501 1.2417 0.639434 2.37037 3.51235 2.22773 0 
