200
18.345 20.7137 2.26023 0
14.1763 19.7577 1.60056 0
6.18977 19.2841 0.696583 0
2.26897 6.49191 25.2575 0
3.22208 16.9459 1.70863 0
18.1238 19.9791 2.06407 0
12.8939 16.4384 0.819032 0
12.3614 18.7637 0.435312 0
13.843 18.8964 2.58025 0
18.4476 23.1939 0.940426 0
12.7538 23.5989 1.40662 0
15.8001 21.2063 7.96593 0
4.21778 17.9398 1.7878 0
6.69124 20.534 0.326286 0
14.05 17.2613 1.39072 0
7.60071 18.0622 1.45003 1
6.04469 23.4812 18.5667 0
1.27989 6.63939 24.2342 0
6.87675 16 2.16769 1
4.21289 4.32829 0.204755 0
11.6293 16.6543 0.243316 0
5.39954 17.5817 1.48239 0
15.0891 16.9809 2.00053 0
4.82672 8.35522 1.65639 0
12.1368 14.454 0.46622 0
9.61183 19.4472 0.978054 0
12.0292 14.1159 20.0451 0
8.94516 16.469 1.69876 0
2.35073 13.2964 0.434416 0
15.4683 20.4982 17.6431 0
4.67059 6.34553 1.8708 0
1.92109 2.7607 0.646158 0
6.93222 10.8315 0.980145 1
13.6157 19.8435 1.04484 0
13.6578 15.8539 0.864165 0
7.95316 10.5727 11.8022 1
1.99103 6.20714 18.4962 0
7.97086 17.3576 2.23035 0
3.84839 13.4612 2.10847 1
5.90176 12.5114 1.60866 0
0.312696 1.01571 1.92571 0
6.2197 15.2572 0.433137 0
2.57065 23.3088 2.08698 0
6.63216 17.988 12.1633 0
13.217 16.6184 0.219728 0
16.5024 17.1695 5.8538 0
15.7617 19.354 1.44612 0
0.583375 2.8443 0.658124 0
6.7089 9.41326 0.880936 0
3.50056 9.49239 0.228668 0
18.3776 20.0739 1.32251 0
17.8388 21.9885 1.77285 0
3.09819 9.25696 27.8979 0
17.1198 21.8941 1.10055 0
9.36632 11.8657 0.574086 0
15.4751 23.2139 1.57039 0
8.48275 8.57733 2.23803 0
4.46417 21.2681 0.585554 0
10.2826 10.3373 0.342332 0
15.1526 17.1584 2.18244 0
13.6588 20.3525 1.8147 0
0.284753 1.74389 1.40496 0
12.9705 14.2638 23.3745 0
15.3529 23.8155 1.43551 0
18.1092 22.2308 0.456911 0
12.2236 19.166 1.30561 0
8.21318 22.6586 0.582555 0
3.98217 15.8975 0.917584 0
10.9673 20.8224 1.67414 1
1.13417 17.4124 2.02206 1
8.77856 16.7766 1.4352 0
12.0987 18.9005 21.3845 0
7.38073 19.2703 2.22209 0
0.0222699 20.542 18.5186 0
5.73328 17.6141 0.481212 0
4.2928 10.3054 7.18818 1
2.20817 14.0295 2.00279 0
6.33703 12.7848 0.36667 0
13.8888 16.7783 0.930294 1
10.206 21.8923 0.892447 0
11.3058 12.3763 0.551901 0
10.9503 21.5752 0.607522 0
7.55589 19.0133 15.4526 0
8.88918 14.9527 1.8995 0
10.0232 23.4464 8.49924 0
17.3124 21.7823 0.931009 0
15.1078 21.4576 0.242389 0
1.00495 8.46364 1.4337 1
1.95552 13.337 1.30953 0
11.2936 23.5335 1.07896 0
4.98709 6.56393 0.55171 1
8.06389 21.3305 0.86596 0
8.65127 21.6482 0.950275 0
10.3659 23.8995 1.03769 0
13.2979 14.7489 0.629357 0
4.08729 5.67501 28.2755 0
4.31469 22.6371 13.6807 0
13.7379 23.703 0.726841 0
2.98507 5.64741 0.984956 1
6.36323 6.66577 0.406367 0
8.34529 23.8557 1.81086 0
4.25949 21.5382 0.940349 0
0.284847 12.1451 0.294725 0
1.39103 18.0665 1.58078 0
4.45267 5.92346 0.404222 0
14.9237 16.2352 28.9803 0
15.0361 20.0064 0.479314 0
9.2797 12.9787 0.636713 1
18.1684 22.6768 1.1531 0
5.19695 22.3302 0.346301 0
11.9463 12.5559 2.1716 0
15.6436 23.3565 1.71912 1
10.8999 17.7351 1.61571 1
14.2307 14.3425 16.7594 1
9.91754 19.5797 8.1353 0
3.20881 22.8559 1.8396 0
18.6397 20.3835 0.269694 1
17.7694 18.6664 1.83363 0
8.97555 12.6123 1.68391 0
15.2361 23.2998 0.608545 1
5.15941 23.7798 1.73896 0
5.04765 20.8956 0.24695 0
3.49739 21.7718 0.948271 0
10.4592 14.2484 1.26799 0
1.35724 14.7572 1.10144 1
2.56053 18.4455 0.442527 0
13.6145 19.823 2.00695 0
12.644 19.4303 1.81406 0
12.7688 21.7585 2.11089 0
12.5105 22.7211 23.2205 0
7.51579 20.4097 10.6154 0
0.704208 17.5114 0.906059 0
5.4126 16.6745 0.651455 0
18.1081 23.2573 1.25314 0
9.54498 18.6303 0.972087 0
8.4438 13.3918 0.977167 1
10.6081 15.8403 0.639827 0
7.09826 21.7686 0.238102 0
9.71053 18.4806 1.23599 0
0.554469 3.8462 0.393222 0
12.103 21.5611 0.629842 0
18.2234 20.098 28.8735 0
7.20633 9.31953 1.04554 0
11.7077 23.8675 1.45039 0
18.6101 20.5314 1.43066 1
6.03665 21.4019 1.09992 0
11.0633 19.0904 1.90405 0
3.2205 5.55293 0.806075 0
16.1366 18.5296 2.05119 0
2.89403 16.6426 1.51401 0
13.1891 23.3621 0.718523 0
6.19838 23.1935 0.681576 0
17.4389 19.7893 0.767824 0
9.96489 13.8565 19.2744 0
10.5159 16.4459 1.14008 0
12.1803 17.442 3.00443 0
1.88597 10.3788 7.27029 1
13.6068 14.6645 2.25659 0
4.2331 21.3958 1.76432 0
18.2501 20.0161 1.51022 0
12.8417 16.7892 0.671831 0
17.1635 20.9192 1.87193 0
12.5348 23.7526 0.854155 0
17.2886 18.6445 1.00271 1
1.48775 15.2135 1.67224 0
17.0651 22.2489 1.66737 0
6.56794 23.9411 14.5962 0
17.5901 19.8458 0.857445 0
15.9595 20.966 0.574359 0
1.71328 3.77927 28.1944 1
5.33283 15.9953 2.12458 0
1.4419 22.55 10.1161 0
5.75277 10.295 0.486233 0
10.8889 18.6551 0.944712 0
8.85823 21.8636 1.09189 1
6.18635 22.6293 0.903218 1
9.46466 16.0485 0.97891 0
6.42024 11.1814 1.35735 0
3.11067 8.07375 1.73056 1
15.6711 22.6693 20.6927 0
18.9305 20.1121 1.87826 0
0.957756 22.3726 1.56568 0
12.2427 22.3582 0.682633 0
10.1345 13.0623 0.495636 0
16.4738 18.5387 2.15112 1
10.3901 10.6615 2.07067 0
4.96953 7.43774 0.41421 0
1.9816 22.3113 0.407315 1
9.73389 22.4478 1.86498 1
5.91178 21.9864 1.57428 0
7.72474 23.7667 0.916894 1
18.2523 23.8197 1.63982 0
12.012 18.208 12.9298 0
7.36744 10.3113 1.5372 0
14.4365 20.5334 0.864757 0
17.8369 22.5436 2.15864 1
10.8886 23.8938 0.758679 0
8.68432 18.6053 0.590402 1
9.70777 11.0035 1.19786 0
11.0586 13.1897 0.673942 1
400 50 500
0.025 0.0125 10000 3000 15 1e+06 300000 8 12
0 58.7133 60.1546 30.0769 54.469 46.0266 37.4226 25.6211 29.4774 49.5964 55.6748 37.3776 22.4417 43.9899 36.9474 65.9405 6.32359 40.3169 33.3559 46.4841 27.1885 51.2623 57.7715 44.2286 66.4572 18.2532 35.9211 56.1625 20.2982 48.3159 17.756 27.3518 44.5349 13.3517 49.8545 58.4994 43.4443 47.0938 26.9803 26.9229 54.0282 57.2195 24.0637 74.8671 23.0986 14.0331 50.3896 4.26439 18.2876 62.1912 16.1748 62.0688 48.7345 13.8484 34.1069 8.89932 35.7602 24.3732 26.1236 11.6557 31.7801 8.59011 39.6215 32.4344 26.0745 8.91359 45.8 40.8476 37.1918 49.1407 18.6652 57.2658 17.8494 6.83225 56.6092 18.8575 22.8015 12.854 32.5784 12.7176 32.5298 42.0952 9.69362 26.5926 53.66 25.6829 20.0965 51.415 19.9949 47.5189 19.8565 70.934 26.7748 22.1789 10.6884 46.6903 40.8022 31.1911 27.9316 8.28052 17.9295 13.5826 49.2073 69.4579 62.2959 29.5019 58.7464 39.7665 12.3444 24.3231 61.7884 48.4702 42.2133 48.2609 65.1423 57.1883 25.6057 43.8835 13.4779 17.7934 38.3436 9.9199 26.7338 29.8833 7.53828 21.7791 34.1226 26.4142 39.4017 55.9691 32.9592 71.5746 22.2529 34.399 16.3477 21.4201 47.2976 1.89807 42.0188 29.0374 42.2339 23.1108 30.8277 34.3716 20.7536 69.4779 31.6495 58.2498 46.424 9.11071 14.3833 46.7027 48.565 35.1812 65.3936 13.3859 38.12 17.678 56.6536 58.158 52.0228 66.4749 30.5796 48.6594 11.8339 58.2037 14.8423 49.5068 53.4202 33.7724 42.085 50.185 40.1724 22.0697 22.9686 29.1412 33.5322 16.3288 3.9357 40.2994 46.5199 24.4903 41.46 18.2812 26.4517 32.0899 13.3222 14.6812 31.3393 22.5 55.3226 50.0762 7.357 50.375 21.8897 48.0748 71.1218 56.8679 12.7075 41.1016 13.5551 
58.7133 0 39.4913 55.5711 46.1982 74.3083 51.4144 76.3346 35.4691 12.7772 36.4843 21.7901 70.2124 61.8334 33.1239 25.1604 64.5066 38.9799 32.5131 82.7478 38.0638 45.4822 22.7904 35.9639 40.5952 71.7226 74.5352 35.0337 73.352 32.7798 43.5074 38.5623 55.2622 54.7168 56.6703 12.801 81.2268 32.2173 59.4668 47.7186 14.9738 31.5908 54.8061 41.7005 55.8596 44.8306 8.35226 54.843 73.5289 31.2633 62.1083 35.2399 10.8611 51.8953 68.8387 52.6486 29.7381 65.2888 46.0796 60.9834 51.733 66.8976 32.2233 53.6578 62.2809 50.9613 60.4507 36.8059 27.192 59.4765 72.2362 2.26559 53.2516 56.1919 10.4983 74.6736 55.9151 47.3025 27.4418 60.5793 61.5094 25.9249 57.4275 58.1964 19.1079 71.9819 71.9651 7.97409 66.6768 11.968 70.569 38.807 41.3099 36.5429 49.3262 23.9535 41.2 32.589 39.5486 61.8571 53.1031 45.2086 84.1584 36.5368 28.9541 66.0297 47.4246 21.9995 49.5798 70.2928 16.7234 10.2734 18.9195 11.0936 32.0946 1.53529 74.1795 15.7659 62.309 60.8485 21.1241 54.9922 52.9068 62.1502 51.3907 66.2162 34.7714 59.0836 45.4125 7.23745 26.6443 35.9446 45.4901 72.0101 55.5955 68.439 34.3879 59.1105 17.3822 29.9271 38.0411 48.3792 66.1727 44.2529 49.9996 35.7057 76.338 11.7746 23.1584 61.5556 51.6882 13.139 32.8968 24.9768 36.6326 45.83 49.4882 74.021 9.4306 0.751286 9.61713 38.6493 28.4142 12.9867 68.9736 26.9937 68.4036 82.4315 15.8943 26.4825 26.514 8.67727 78.0815 57.2818 59.7493 41.4613 44.0664 43.9548 54.8153 24.3877 83.6945 42.7112 18.6565 52.854 49.7557 33.0804 68.2689 59.2729 38.8152 42.0029 23.2764 84.5733 57.9868 26.5848 38.3531 47.639 38.1996 5.85242 48.6467 25.9827 55.1443 
60.1546 39.4913 0 37.3816 10.8123 47.2591 28.616 85.053 31.6936 29.5503 4.79962 42.3298 80.4624 33.8835 58.7762 18.9275 66.3094 66.438 28.4394 57.9432 33.4241 12.7855 16.8204 15.9566 6.54003 78.1161 53.9117 5.24896 80.1446 12.6869 42.9928 57.5475 26.7254 64.9104 24.5817 51.4045 57.8164 63.9102 42.951 34.7265 51.4992 67.6806 71.2143 15.868 71.524 48.7371 38.4784 56.0433 78.4333 68.9462 52.7603 5.66633 33.819 46.9682 48.1173 59.6583 54.0124 78.8712 34.7768 54.6708 72.8757 65.1508 59.6535 34.1259 46.2785 57.1335 31.2262 64.7591 52.11 28.0601 78.5694 37.4187 66.3308 62.1612 48.5467 79.0034 71.404 47.8127 34.8281 53.5846 41.1443 54.8 65.0528 75.2014 55.1943 57.688 61.8947 34.9578 77.1594 33.8787 78.9176 12.5401 33.3802 45.469 49.7892 55.9231 68.6536 31.1622 59.1626 67.279 66.2458 49.3848 58.1721 12.2354 66.9542 47.9542 9.27199 47.5302 58.5894 81.6694 24.4663 38.4283 30.3504 34.3352 11.3378 38.8931 60.6981 33.2194 70.748 50.4566 43.1046 62.9995 37.8145 43.5785 53.4782 53.3715 26.5979 75.7609 23.0423 32.3437 35.5906 15.2066 38.0595 51.7426 67.4752 78.9539 65.9383 59.2988 42.0774 44.2195 66.6169 65.0346 47.231 26.9262 40.7282 12.8708 59.2137 27.9412 54.951 67.635 46.4665 42.4273 12.4111 33.5652 7.56853 48.3448 26.6512 67.5109 30.0609 38.8458 31.546 7.41024 38.4987 45.1573 71.9319 64.0301 61.1214 55.6732 52.0523 46.4925 22.2401 39.2968 55.7312 44.4358 74.3918 31.0608 27.6029 54.006 57.5138 26.1283 59.2092 60.118 44.0215 66.2338 36.1003 54.8845 73.3191 51.1125 28.834 57.6683 59.7012 58.2078 54.9049 15.0622 40.6059 17.1796 13.1247 44.22 47.5118 54.0951 48.8089 
30.0769 55.5711 37.3816 0 28.5186 20.7297 9.08543 55.2867 20.9123 43.0238 34.0994 41.2183 52.5172 14.0794 51.5814 50.3237 34.8903 58.0974 23.1671 27.3794 18.8745 25.4762 43.0053 24.2615 43.8725 47.7366 19.1161 35.2879 49.7317 29.3452 20.8739 44.5218 14.9677 40.6639 20.2938 61.7337 25.6752 61.0162 5.57386 8.46265 58.8051 69.3785 50.56 53.2486 50.1088 26.4843 48.9403 27.2346 46.9951 73.1197 16.9617 41.33 44.8869 17.0374 13.2876 34.5158 47.857 53.8907 10.4543 20.3444 56.1862 31.5739 53.8407 3.28904 8.89863 32.307 15.7251 57.5128 47.6357 19.1556 48.077 53.435 44.1727 35.1859 58.9509 47.1133 49.8644 22.8021 30.4808 19.072 6.01354 52.6347 38.5475 54.0277 60.5593 20.3278 24.8735 47.6926 50.0016 43.9254 49.8091 49.786 15.2652 30.7641 23.4344 56.3523 59.5929 23.7169 45.9599 38.352 44.1729 26.9533 29.0888 49.0443 72.1851 11.2116 32.646 46.544 35.7094 54.3866 50.0367 47.4451 36.8063 44.8145 46.1297 54.1701 23.321 40.3927 43.3594 14.5237 42.5303 37.4924 4.09039 6.8648 26.6306 16.1453 20.8101 54.1552 14.4468 49.74 31.6783 51.7958 13.5985 16.6044 43.8864 51.4804 62.2296 28.4876 44.7198 35.7524 59.3998 46.6046 10.9507 12.1998 11.0115 49.435 22.5394 49.1361 55.625 39.136 16.5603 48.5003 29.4772 32.1793 44.3644 24.9776 10.8074 31.2385 49.0327 54.8357 46.211 44.7095 31.987 51.5414 40.221 68.1299 25.1272 27.7911 58.6982 41.3548 29.7896 49.2605 22.512 8.50342 51.3179 14.3063 12.0469 34.4009 29.4219 31.211 28.2398 44.3827 45.5479 44.3781 6.75021 45.9193 42.8103 16.468 16.7747 41.4383 64.0421 29.6297 22.9218 34.6014 23.8762 21.2922 50.2681 56.8058 21.0458 51.5446 16.5241 
54.469 46.1982 10.8123 28.5186 0 36.4965 19.4449 79.958 28.6268 34.6028 10.5498 44.0126 75.9274 23.2168 59.7543 28.9894 60.3343 67.4051 26.394 47.2435 29.5662 3.21669 24.9352 13.5167 16.4894 72.7094 43.7273 12.2328 74.7549 13.9869 38.5392 56.7808 16.2273 61.1751 13.7696 57.049 47.2314 66.3341 34.042 27.762 56.2918 71.5177 68.7547 25.8557 68.845 44.7696 43.4157 50.6051 72.6496 73.4993 44.8919 16.2749 38.5341 40.7373 38.0789 55.4625 55.0436 75.27 28.3555 47.4144 71.6397 58.3747 61.0698 25.2349 37.2656 52.9228 20.4877 65.9767 53.5194 17.2478 73.1293 43.9825 63.2696 57.5054 54.0834 73.0589 68.6841 43.0029 34.5632 46.235 31.4775 57.0313 60.6336 72.6934 59.6021 48.4847 53.3861 40.3194 72.8255 38.2644 73.9644 22.9951 28.3946 43.3774 44.7414 58.9572 69.4923 29.1039 58.4251 62.1566 63.2072 45.4147 47.4039 22.9668 71.7387 38.4097 4.29321 49.6686 55.0149 77.3747 33.1057 42.9112 33.0488 38.9098 21.9638 45.327 51.5438 36.5721 66.2037 42.4917 45.0213 58.8187 29.7639 34.1566 48.5013 44.6609 23.6676 73.1359 15.2121 38.9743 35.5893 25.9592 32.2984 41.6679 64.0207 74.5496 68.2052 53.353 44.8912 43.8491 67.9115 63.0292 37.5486 20.1021 34.0062 23.6495 49.4457 35.4382 58.0087 62.6595 40.2085 46.3186 13.7953 34.0766 18.3636 44.0343 17.7802 59.5377 37.0114 45.4889 37.2195 17.9416 38.0828 49.3316 65.9552 68.4153 53.2594 44.8839 56.6825 47.3158 23.4611 44.1433 45.2849 36.3249 71.2848 25.7737 20.9369 51.1434 52.3503 27.4619 48.5227 58.6926 46.6534 63.2595 28.7064 55.1494 67.7907 43.6525 24.3525 55.9808 64.0022 47.424 48.4451 19.6668 37.3857 7.25039 23.6714 50.166 42.2758 56.1777 42.0134 
46.0266 74.3083 47.2591 20.7297 36.4965 0 22.9083 68.6957 41.1913 61.5375 45.7713 61.7445 67.4261 13.5334 72.2246 64.1437 49.0638 78.5726 42.833 10.9534 39.4015 34.6264 58.1115 39.4897 52.8831 61.2912 13.0463 47.3481 63.0762 44.0452 41.2107 64.8281 20.8571 58.4601 22.8768 81.6507 11.8059 81.7357 20.2432 29.112 79.0194 90.0845 68.9632 62.0678 68.2854 46.262 68.4007 44.4347 59.6987 93.7563 29.9447 52.4926 64.014 35.599 12.0254 52.5315 68.5698 70.3616 31.1298 34.461 75.4176 44.0683 74.5213 21.4029 20.1118 50.6852 16.0378 78.08 68.3651 19.45 61.5068 72.0869 62.4781 52.287 78.7861 59.3717 68.0127 42.2699 50.84 33.33 15.2196 73.3551 55.5206 72.0657 80.9904 23.9989 31.6471 66.685 65.5877 63.1725 64.1491 59.4469 35.812 51.364 42.3644 77.0273 79.9761 43.8591 66.1984 53.9566 62.5076 46.6425 10.9139 59.4605 92.7583 16.5417 39.3064 67.1721 54.4419 69.571 65.9844 67.0626 56.1241 64.0428 58.059 73.0068 26.4004 59.885 59.383 28.2397 63.0526 55.0457 24.6492 16.83 44.8958 24.9818 40.0286 72.0329 29.1545 67.8859 52.065 62.4494 34.2553 12.9949 61.6839 66.7631 82.9256 44.1692 65.0325 56.4817 79.9446 65.8526 15.1993 30.1722 31.06 60.1273 20.5773 66.2984 76.2844 54.9257 35.2437 68.5679 44.0695 52.3096 54.8276 44.6384 24.8979 39.1162 66.7585 73.5587 64.7204 54.4302 52.597 71.6727 53.4192 88.7349 35.1083 8.51651 78.9788 62.0701 47.8169 68.816 11.455 25.2073 68.8022 34.449 30.4758 54.1191 46.6835 50.1106 12.2853 64.2995 65.9871 62.7722 27.4793 66.5445 56.7579 31.412 36.4565 61.402 84.5942 10.9924 38.7722 50.2876 44.565 30.4701 60.146 76.2401 40.2979 72.2669 33.7578 
37.4226 51.4144 28.616 9.08543 19.4449 22.9083 0 62.9895 19.9383 38.6393 25.6741 40.3603 59.7172 11.0306 53.0408 42.8522 42.7537 60.1242 20.6561 32.0347 18.9376 16.4368 36.0635 17.0838 35.0433 55.5107 25.8957 26.9949 57.5381 21.9882 24.6797 47.2723 7.44212 46.5623 12.5636 59.1696 31.086 61.7154 14.5975 11.1398 56.8513 69.1776 55.723 44.4658 55.4727 30.9668 45.7093 34.0629 55.0326 72.4072 25.7971 32.8873 41.2191 23.6739 19.9373 40.4604 48.8456 60.3213 12.725 28.7886 60.4095 39.988 55.0276 5.81996 17.8396 38.0511 10.837 59.2276 48.1512 12.6443 55.8845 49.1878 49.5719 41.7275 56.2576 55.2655 55.2566 27.977 29.315 27.5479 12.63 52.7969 45.053 59.424 59.1528 29.1515 33.9584 43.8454 56.9518 40.4212 57.2776 41.115 15.8229 33.0334 29.1707 56.0121 61.8613 22.2128 48.8328 45.5672 49.5472 31.5399 33.0904 40.5156 71.1884 19.3464 23.5606 46.0499 40.9943 61.4391 43.6267 44.4595 33.451 41.2804 37.9524 50.1261 32.1912 37.2653 50.245 23.3635 41.6343 43.663 10.9584 14.9625 32.7555 25.2181 17.6113 59.6729 6.5358 44.9828 30.561 43.3444 17.0923 23.5583 49.6929 58.5396 63.1808 36.018 43.1378 36.5277 61.1732 51.0085 18.6756 7.70209 16.8013 40.9711 30.6565 43.5426 55.1896 46.2449 23.1453 46.3092 22.0673 30.3642 35.7981 29.7324 2.15743 40.2649 43.8949 50.6642 41.8183 36.0022 31.7282 49.4579 48.2487 67.2961 34.0812 31.1604 56.901 41.6353 24.9113 46.1688 28.4209 17.2006 57.1744 13.5825 8.25507 38.5734 36.1041 27.3349 33.13 47.9136 44.3192 49.696 11.0528 47.5839 50.552 24.9236 14.6687 44.9705 63.0168 33.4163 30.6596 27.8923 25.9887 12.2094 41.6414 53.5051 26.6254 51.7545 24.0915 
25.6211 76.3346 85.053 55.2867 79.958 68.6957 62.9895 0 53.5701 69.9736 80.4347 54.7494 6.34129 68.8679 46.3533 88.5849 20.4063 45.2875 57.1976 66.4003 51.648 76.7637 80.5634 69.106 91.1834 7.56666 56.7672 80.7544 5.64377 72.8036 42.0613 38.2613 70.001 21.8923 75.3403 72.2582 63.2149 54.2913 51.5175 52.5369 67.3961 64.0469 23.4276 99.1698 22.0219 36.566 68.173 29.3547 9.08313 69.3562 39.4747 86.4453 67.9797 39.4689 56.741 25.8 47.8433 13.209 51.6761 35.2916 30.6348 24.6713 48.5606 57.8475 49.8996 28.2173 70.9057 46.9067 50.1544 74.4411 7.26765 75.4197 23.1441 22.9494 71.2292 9.71691 21.844 37.257 54.0102 36.561 56.8932 53.5875 20.3338 21.7429 65.5438 45.3371 37.7654 70.2328 9.72055 66.8171 6.18826 95.1879 51.8559 42.1763 35.3452 57.7828 44.4129 54.6968 37.6507 17.8269 23.2971 35.9352 69.2466 93.5375 70.3689 52.4912 84.2175 54.6796 27.8307 7.29377 83.1981 66.319 63.1209 67.3799 88.9398 74.9186 43.7507 63.6956 14.6942 41.6586 55.2691 22.641 52.1857 53.9662 31.6121 43.7575 58.5508 20.811 64.9756 75.4631 53.9699 95.4048 47.6607 55.9662 20.7401 8.07613 53.4339 26.9715 58.9715 47.2647 47.3196 28.7657 53.9105 59.8989 46.3742 93.4475 50.4789 78.8308 57.9469 17.4194 40.0038 63.2609 73.0657 56.3938 89.7528 36.7669 63.734 30.9078 76.7217 75.9398 71.7662 90.9986 51.0463 64.2034 15.3581 66.8741 33.6393 70.2694 66.5347 49.862 65.3804 67.7136 60.4783 46.9451 18.2031 54.3601 59.0462 33.3933 27.647 62.8352 66.0426 34.0455 57.7041 23.5762 52.0614 44.0205 12.4772 39.0345 56.2938 34.3629 65.488 70.171 32.4081 73.9504 44.9584 73.6693 95.2868 72.9553 37.7378 52.9376 38.9418 
29.4774 35.4691 31.6936 20.9123 28.6268 41.1913 19.9383 53.5701 0 23.5491 26.9818 20.6226 48.8077 30.891 33.364 36.7168 35.7934 40.6706 3.94829 48.2602 2.73533 25.7489 28.5588 15.9775 37.6649 46.8605 39.3546 27.2092 48.8597 19.2483 11.7402 28.6671 26.5039 33.2346 30.4676 40.8353 46.4123 41.7925 24.1584 12.5709 37.9125 49.3175 40.1739 45.6356 40.3208 17.0721 28.3077 25.2251 47.4794 52.7163 27.406 32.8822 24.6162 18.1665 33.8761 27.9902 29.0253 47.2469 10.754 27.2895 43.1307 35.9036 35.2303 19.789 26.8503 25.4781 30.7211 39.6145 28.2315 31.7876 47.3332 33.4572 34.8816 30.6216 38.0754 48.1975 40.1725 16.6675 9.64905 26.5839 26.9188 32.8619 33.414 44.1307 39.7991 36.6385 37.4558 27.4959 45.4781 23.5537 47.3999 41.6659 5.87382 14.8071 18.7989 36.1601 42.54 2.89231 30.2981 35.9433 34.808 17.7166 50.0008 40.093 51.6247 30.7134 32.5454 26.2084 26.9281 49.9808 33.5696 26.7156 16.5632 24.4428 35.6838 33.9988 38.9811 19.8515 39.1209 25.8285 21.9213 31.3206 17.7197 27.0636 22.2861 30.9363 5.13239 44.605 16.6649 30.4285 10.8775 42.13 10.2349 36.8417 35.8684 47.2793 43.2923 28.9871 23.8598 16.7742 41.5728 34.4039 30.9764 12.4118 14.6852 40.0697 40.8697 31.1026 35.3614 36.206 17.8016 27.5891 19.5133 11.2729 36.1954 16.8109 18.8107 40.8714 30.2722 34.7604 26.6003 37.4294 11.7902 30.6307 41.2828 47.6466 34.6995 48.6486 37.83 21.7063 12.8399 28.5579 43.1241 21.8275 42.9427 6.74407 11.7295 22.6221 26.377 12.102 49.0794 30.1981 24.8001 34.8306 14.5432 28.0848 42.2089 24.7829 5.35892 27.4223 43.4493 50.5352 25.7077 20.9106 8.95254 24.2639 41.8014 36.1296 16.8804 31.8171 21.0529 
49.5964 12.7772 29.5503 43.0238 34.6028 61.5375 38.6393 69.9736 23.5491 0 25.763 16.5678 64.1921 49.0753 32.2914 20.7391 55.7203 39.5212 20.2357 70.0754 26.2472 33.5033 14.6425 23.4204 32.2341 64.4982 62.0778 24.5567 66.298 20.7457 32.994 34.5359 42.5747 48.0863 44.2085 22.4464 68.6242 35.2945 47.1395 35.3907 21.9959 38.1748 50.545 35.9274 51.3389 35.5776 8.96016 45.4788 65.9087 39.4264 50.8013 26.4486 4.30904 40.9734 56.3107 44.8478 27.8364 60.3053 33.8628 50.1862 49.4375 57.2967 32.4306 40.9969 50.0671 42.8011 47.7417 37.5589 25.4602 46.9087 65.0084 10.5494 47.6007 48.2487 19.4816 66.9174 51.326 37.3175 17.0489 49.6373 48.9147 26.7261 50.0636 54.3157 25.6442 60.1754 60.8068 5.72748 60.6256 4.659 63.9273 32.3425 29.2472 28.1147 39.4617 26.9579 41.8242 20.7571 35.8955 53.9973 47.4691 36.0625 71.4398 30.1017 37.4895 53.681 36.4133 20.1223 42.2611 64.6645 13.5702 8.92642 7.44037 4.89251 25.08 11.526 62.5293 6.37398 55.415 49.3322 16.705 47.6361 40.5488 49.6934 42.073 54.485 22.2257 55.0999 32.6482 6.87944 16.6428 30.5336 33.7651 59.5537 49.6088 62.4554 37.4258 49.6876 14.1905 22.7894 39.229 43.9183 53.7492 31.5262 38.2335 29.5015 64.2494 8.86056 25.9909 53.8833 40.6981 13.1746 20.9024 14.4356 28.6909 36.2634 36.7112 63.5787 7.0652 12.0265 3.1975 30.6642 19.2226 15.6825 60.6574 34.4834 57.6591 69.6829 22.5161 21.7421 13.7371 9.75963 65.5265 45.3049 54.9771 29.1106 31.3697 36.618 45.8511 11.8392 71.0432 38.244 16.1966 47.2984 37.4367 30.0551 60.531 48.0722 26.3574 36.7252 30.1511 71.8424 47.7403 15.0754 28.0566 35.2784 31.9648 15.6755 38.3527 26.2561 44.1077 
55.6748 36.4843 4.79962 34.0994 10.5498 45.7713 25.6741 80.4347 26.9818 25.763 0 37.7884 75.7804 32.2471 54.1781 18.6333 61.8692 61.8515 23.6698 56.2026 28.7869 11.3174 14.4981 11.4583 10.7832 73.5523 51.4103 1.68652 75.5753 7.88963 38.3784 52.7822 24.9363 60.1709 23.7304 47.9743 55.8292 59.5682 39.6258 30.727 47.7564 63.6889 66.4162 19.5646 66.7295 44.0452 34.7228 51.5312 73.9329 65.1724 48.8994 7.23335 29.9539 42.6571 45.5128 54.9668 49.4114 74.1117 30.6205 50.5934 68.0973 60.897 55.1207 30.9097 42.9774 52.4481 29.8086 60.2057 47.5585 27.1368 74.0102 34.3303 61.5506 57.5175 45.0633 74.5321 66.6104 43.2285 30.0557 49.5417 38.3035 50.3974 60.3765 70.4034 51.339 54.4165 58.2476 31.3332 72.4596 29.9078 74.2871 15.8523 28.9179 40.6724 45.2338 51.6952 64.0531 26.3835 54.4004 62.6892 61.4647 44.6916 56.6545 14.9526 63.2523 44.9624 10.9524 43.087 53.8453 76.9619 22.6141 34.5208 25.9181 30.428 12.3998 35.7505 57.3832 28.9571 66.0777 46.6462 38.6049 58.3013 34.1552 40.5445 48.8995 49.8631 21.912 70.9645 19.6527 29.2556 30.8356 17.7036 33.7073 49.146 62.7143 74.2595 61.5688 54.8722 37.7469 39.4603 62.0783 60.2353 44.3426 23.0356 36.589 15.3382 56.3125 25.299 50.7258 63.0236 42.1648 38.3663 7.61405 28.8425 10.3163 43.6922 23.6018 63.623 27.1214 35.8039 28.0174 10.9679 33.7264 41.1917 67.4796 60.1922 57.2168 54.27 48.2575 41.8462 17.5111 35.5148 53.5337 40.729 69.6095 26.6861 23.6457 49.226 52.952 21.4445 57.4298 55.3271 39.6613 61.4501 32.2205 50.1956 68.7825 47.1191 24.3368 52.871 55.8261 56.7637 50.6087 10.8361 35.8697 15.3014 16.2562 40.8852 42.9968 49.6623 44.6301 
37.3776 21.7901 42.3298 41.2183 44.0126 61.7445 40.3603 54.7494 20.6226 16.5678 37.7884 0 48.7247 51.3814 16.5226 37.1852 42.9581 24.1371 19.8764 68.2833 22.3603 41.9008 30.3332 30.6467 46.4514 49.9517 58.7742 37.0815 51.6039 30.6359 24.1431 18.0281 46.4118 32.9976 49.6928 21.9061 66.1967 22.37 43.6642 32.756 18.11 28.851 34.2019 51.5781 35.0815 23.8916 13.4878 33.7255 51.7388 32.097 43.2046 40.6667 13.5807 32.6932 53.6857 30.8968 11.8006 44.2713 30.7795 41.2417 32.8833 45.7743 17.3324 40.366 45.8586 29.2994 50.9807 22.4293 9.78102 51.536 50.4655 20.7055 31.833 34.4499 19.6168 52.8853 35.0921 26.9874 11.048 41.0736 47.1492 13.0678 35.6376 37.8933 19.3811 53.9167 52.533 15.5548 45.1657 12.5261 48.8939 47.7836 25.9657 15.3421 28.7955 15.7022 26.3793 18.1541 19.3467 40.0881 31.6909 24.1698 70.1946 45.6397 31.0171 50.0239 46.9877 5.80621 27.7912 48.966 30.0937 11.6001 12.1213 12.9256 40.5617 20.3176 55.6751 10.379 40.5652 42.4301 1.31241 33.2022 37.6561 46.8645 30.3105 48.1245 23.0683 38.7049 36.0929 20.9476 9.80187 46.4746 28.5419 56.3246 34.0587 46.9589 24.1993 37.9631 4.64276 8.3402 24.2916 27.5937 50.5275 32.6796 32.7906 45.1665 58.9901 25.0017 14.8512 39.7713 32.6167 9.33007 30.8859 10.3201 43.4228 25.1344 39.009 53.5645 22.5328 21.3295 17.5465 45.2575 9.31291 11.5629 47.2613 27.0243 48.4119 69.0034 17.821 5.20608 20.6682 13.1134 62.7996 40.2606 38.831 27.3504 32.1074 22.1782 33.4452 16.6202 69.0047 21.8744 4.52316 31.4748 34.5667 13.5362 46.4828 40.2623 25.7141 20.6633 22.8497 70.7794 37.6086 27.3874 19.1239 41.9967 47.5289 19.4905 28.6522 12.1756 35.9953 
22.4417 70.2124 80.4624 52.5172 75.9274 67.4261 59.7172 6.34129 48.8077 64.1921 75.7804 48.7247 0 66.3909 40.0129 83.1437 18.3642 39.03 52.3032 66.1435 47.0584 72.7641 75.1921 64.5765 86.4707 7.50666 56.0921 76.0095 6.96193 68.047 37.575 31.9935 66.9146 16.1964 72.2144 65.9444 62.9741 47.997 49.2291 48.9445 61.08 57.8031 17.1194 94.2256 15.7007 31.7365 62.0979 25.669 10.4444 63.1147 37.6315 81.575 62.0584 36.0434 55.401 20.8183 41.5473 7.32273 47.9002 33.2192 24.5491 23.6214 42.2204 54.8532 47.9765 23.3322 68.2383 40.6173 43.8779 71.5735 7.63502 69.3473 16.9624 18.4282 64.945 11.6966 15.5166 32.9404 48.5465 34.4421 54.7309 47.2582 15.4118 15.6722 59.2055 44.8408 37.5669 64.2503 3.56881 60.9093 3.76123 90.2342 47.5956 36.6752 31.1944 51.4436 38.2167 49.7216 31.3467 14.1814 17.1118 31.0912 68.974 88.5178 64.0923 50.9637 80.1462 48.4707 22.3834 2.3349 77.5202 60.2593 57.4709 61.4472 83.8315 68.8105 43.6454 57.875 9.74126 39.6246 49.1997 17.5054 49.1469 51.9438 27.4368 42.4829 53.8706 14.7727 61.17 69.5338 48.4296 90.2862 43.719 55.0274 14.6675 1.77449 47.1754 24.0561 52.8771 41.4189 41.0713 22.4411 52.3572 56.0198 42.9337 88.3859 50.3429 73.0346 51.6114 13.4723 36.5724 57.111 68.3138 50.861 84.8627 32.143 60.2825 31.382 70.8612 69.8324 65.8864 86.1812 45.4531 57.9838 14.5433 60.5701 32.9241 69.7537 60.2141 43.7724 60.2378 61.6185 60.0303 44.4234 11.9316 50.1755 55.1492 27.7835 23.7122 57.5135 65.9116 27.775 51.5628 17.3709 48.68 37.742 10.864 36.7408 51.9067 28.2101 59.1523 69.8872 29.666 68.8364 40.0149 69.8937 90.2958 66.737 33.688 46.6163 35.9968 
43.9899 61.8334 33.8835 14.0794 23.2168 13.5334 11.0306 68.8679 30.891 49.0753 32.2471 51.3814 66.3909 0 63.7237 50.6162 48.4797 70.6525 31.68 24.0609 29.697 21.1648 44.6977 26.3429 39.6964 61.3012 21.3214 33.8178 63.26 30.7039 34.1816 57.4809 7.32381 54.7319 10.1395 70.0444 24.0335 72.5936 17.3792 20.5884 67.8266 80.1826 64.5332 49.0059 64.1205 40.1537 56.4798 41.2877 60.3316 83.4369 29.6274 39.0259 51.893 31.1153 16.3725 48.5808 59.6347 67.9518 22.5022 33.5986 69.8919 44.622 65.787 12.5956 19.468 46.3454 2.97576 69.8534 59.0346 7.19312 61.6138 59.584 58.1813 49.2542 67.1136 60.3243 63.8806 36.6689 40.334 32.323 12.2763 63.7458 52.6151 68.0499 70.1718 28.7203 35.2953 54.4398 63.9684 51.1499 63.5634 46.2113 26.3742 43.3452 37.4391 67.0179 72.3089 33.2287 58.995 52.2692 58.1769 40.6653 24.4077 46.1142 82.2177 18.4576 26.3574 57.0562 49.6746 68.3112 52.6513 55.2959 44.2723 51.9943 44.561 60.6007 31.7242 48.1101 57.3583 27.3135 52.6582 51.5713 17.9334 15.3922 40.698 26.7871 28.6103 68.1956 16.4307 55.1739 41.5801 49.09 26.5575 19.6453 57.9496 65.4095 74.0114 42.3355 54.1606 47.3144 71.7858 60.3508 17.1901 18.7318 24.8692 46.7503 27.9861 53.2428 66.2014 53.086 30.6351 57.2763 30.7116 41.392 41.4449 38.7315 12.5935 42.4913 53.8865 61.0822 52.2164 41.1438 42.6731 60.4311 53.621 78.3266 37.0177 22.0459 67.893 52.5397 35.3648 56.9721 22.2658 21.9795 65.3899 24.3657 19.2751 48.0073 43.4865 38.0901 25.326 57.7551 55.3497 58.3719 19.6657 58.1889 56.4284 29.8338 25.6732 54.7983 74.0467 24.5231 36.7256 37.0346 36.2773 16.9501 46.8812 64.2183 35.0022 62.6949 30.4872 
36.9474 33.1239 58.7762 51.5814 59.7543 72.2246 53.0408 46.3533 33.364 32.2914 54.1781 16.5226 40.0129 63.7237 0 53.0098 40.8269 7.6847 34.0576 76.9503 34.1033 57.3947 46.6037 46.2439 62.974 43.5395 66.6414 53.5334 44.7268 46.8236 31.1909 9.628 59.8477 27.1413 63.7877 26.2538 74.4283 10.2618 52.5102 43.4885 21.3993 20.276 23.1732 67.9334 24.4736 27.3797 26.2985 34.68 46.0298 25.2672 48.1893 57.1875 28.5533 38.4328 62.438 28.3325 4.76689 33.9267 41.48 44.909 18.6967 45.3803 2.67536 51.6176 53.8803 28.0589 63.8777 6.28033 6.85824 65.1445 44.0231 32.9882 23.9174 31.5245 25.7058 47.3839 24.6133 31.4933 25.2892 45.2173 57.038 7.53839 31.0897 25.9788 19.2058 59.3262 55.8439 29.5889 36.7381 27.7704 41.3704 64.1885 37.3496 20.8684 32.402 11.4382 9.87743 31.6814 9.37897 36.0763 23.7586 27.2499 79.2257 62.0156 25.5283 58.1732 62.9861 12.1968 24.7391 39.5239 45.3468 24.9091 28.6429 27.8644 56.9382 31.9943 60.3316 26.5678 34.2875 48.2438 15.9281 29.0511 47.5875 55.952 31.9494 53.9109 37.1984 26.9247 49.9655 35.063 24.2016 62.7078 37.9887 64.4034 26.5752 38.2839 10.9157 38.2499 18.1221 16.5899 8.24022 17.6779 59.0072 45.7298 41.3103 61.5044 65.049 39.8984 11.667 35.3584 38.5887 20.6222 47.0828 25.7042 59.9227 29.0587 52.1022 54.6093 37.141 32.9665 32.4511 61.7692 21.9861 20.1373 43.4972 21.5527 50.9093 78.5243 20.4681 12.4492 36.8215 25.5541 70.942 48.118 28.423 39.459 44.9989 21.0095 33.3729 32.797 77.4387 13.1938 16.146 23.3997 44.8902 5.69637 41.4706 45.3682 38.7175 14.5234 19.3732 79.9327 40.268 43.8929 27.7163 56.9089 63.902 28.4417 33.5545 7.20985 41.3683 
65.9405 25.1604 18.9275 50.3237 28.9894 64.1437 42.8522 88.5849 36.7168 20.7391 18.6333 37.1852 83.1437 50.6162 53.0098 0 72.2586 60.1451 32.7698 74.3476 39.2727 29.943 8.17225 26.069 17.1386 82.4847 68.7181 16.9737 84.4015 20.996 48.2419 54.9503 43.2951 66.9529 42.3629 37.9562 73.7454 55.2405 55.5704 44.9931 39.5564 56.3799 70.6332 16.5409 71.3128 52.5117 27.7998 61.6779 83.485 56.3974 62.8969 13.3365 24.5283 54.7061 62.7399 62.8649 48.5755 79.9368 44.2263 63.5919 70.054 72.6203 53.046 47.3929 58.8879 60.5565 48.3014 58.1365 46.1919 45.7611 82.9812 23.6359 67.0976 66.0014 35.5115 84.3322 71.2714 53.0965 34.5993 62.74 55.2762 47.1551 68.2929 74.4961 43.6493 70.153 72.7936 24.0777 79.6169 25.2462 82.4228 13.8388 40.9276 46.4688 55.2777 46.7535 62.4504 34.7623 56.3779 71.6414 66.9783 53.0959 74.9652 11.6379 54.1091 61.5152 28.1862 40.8205 60.7948 83.8662 8.48621 28.6569 26.0372 25.2103 8.18007 25.1713 72.9534 26.8111 73.8909 60.9076 37.4114 65.9492 49.3982 57.1084 58.5188 65.039 32.7823 75.2349 36.3799 19.3022 34.7362 10.7842 46.0424 66.3354 68.8646 81.4606 57.4171 65.5996 34.889 42.4366 59.7429 64.0328 61.1074 38.2605 49.895 10.7276 72.863 13.96 45.8201 71.7151 54.2963 33.1566 20.8796 32.3048 13.1234 52.7373 40.6979 77.1387 16.8251 24.7168 20.8007 14.9365 37.7555 34.9872 77.6121 51.9864 70.8062 72.6596 40.3548 42.284 23.9034 28.6621 71.2305 55.5556 74.7873 39.4866 38.599 55.3709 62.563 25.8242 75.5356 58.4595 36.8772 66.8537 46.8429 50.7185 78.1157 60.6251 36.6015 56.6686 48.0418 75.1211 62.4026 16.2117 44.1819 33.7761 13.158 30.8304 53.5379 46.7799 57.3409 
6.32359 64.5066 66.3094 34.8903 60.3343 49.0638 42.7537 20.4063 35.7934 55.7203 61.8692 42.9581 18.3642 48.4797 40.8269 72.2586 0 43.2572 39.677 48.168 33.4828 57.1197 64.0905 50.4135 72.6468 12.8477 37.9156 62.3893 14.8425 54.5691 24.0781 31.2202 49.6629 14.665 55.0086 63.6403 45.0285 50.7252 31.1571 32.6273 59.0546 60.9443 24.4912 81.121 23.265 20.1537 56.1604 10.5877 12.3325 66.0529 19.3071 68.3226 54.7112 19.5976 37.0384 12.6581 40.2188 21.9842 31.9925 14.9727 32.7971 5.94175 43.4697 37.5003 29.7018 13.7311 50.4996 44.0618 41.8798 54.0459 13.1874 63.1304 19.0923 9.30561 61.8912 12.7385 22.9575 19.1775 38.7475 16.2262 36.5849 46.5695 10.3646 26.1769 58.393 26.8714 20.0583 57.3459 16.6896 53.4965 15.1964 77.1965 32.9515 27.9967 17.0112 51.1632 43.4337 37.5133 31.5256 6.04313 19.2133 19.6582 50.9733 75.7396 66.35 32.6028 64.6229 44.911 16.2332 20.5137 68.0389 54.2382 48.3693 54.2176 71.4472 62.9903 26.0621 49.9115 11.2331 21.3794 43.855 11.9264 31.8721 33.7189 13.7865 24.1424 40.406 25.7769 45.1809 62.0096 39.0784 77.8746 28.2964 36.7432 16.913 17.7359 50.694 7.01865 47.5794 34.6485 45.2601 25.2324 33.9993 40.2408 26.388 75.7689 32.6051 64.4204 50.9829 7.12244 20.1258 52.2414 54.8159 41.3391 71.6469 19.6308 43.6139 15.3975 62.765 63.9725 58.0796 72.7028 36.6029 54.0366 5.63486 62.3343 15.0211 51.6055 58.3918 39.0478 48.408 55.9142 41.962 26.5398 22.056 35.2555 39.4211 21.1833 9.87192 46.5939 48.0299 27.8291 46.8853 19.6091 31.9607 36.404 7.94876 18.6506 37.5363 26.3304 59.7276 51.875 12.0941 56.6952 28.1697 53.7863 77.394 62.4068 18.9813 45.63 18.6625 
40.3169 38.9799 66.438 58.0974 67.4051 78.5726 60.1242 45.2875 40.6706 39.5212 61.8515 24.1371 39.03 70.6525 7.6847 60.1451 43.2572 0 41.5718 82.6867 41.221 65.0157 53.9843 53.8904 70.5661 43.7159 72.2151 61.1929 44.5962 54.5083 37.3624 13.9401 67.065 28.7584 71.1374 30.2497 80.0417 9.18452 58.5852 50.2188 25.6491 18.7784 21.9583 75.3341 23.4156 32.7937 32.8819 38.7292 46.4772 24.0907 53.1307 64.7675 35.6174 43.9312 68.3466 31.4277 12.4483 32.2295 48.2372 49.4907 15.1479 48.3674 7.09904 58.366 59.6842 31.7417 70.9464 2.19121 14.3745 72.3795 44.1616 39.1462 24.746 34.1797 30.3751 47.8869 23.6341 36.941 32.892 49.9564 63.3531 13.2041 33.0067 23.7385 22.5042 64.1681 59.9908 36.3704 36.1059 34.9238 41.0257 71.6304 44.3343 27.3799 37.5164 15.3629 2.30535 39.1305 12.8203 37.8933 24.5983 32.5491 85.0644 69.4376 25.0949 63.9492 70.6609 19.4328 28.0022 38.1098 52.2809 31.6799 36.2397 34.9348 64.3665 38.0041 64.8846 34.0056 35.0551 53.4618 23.469 31.3438 54.0467 62.0469 36.4237 58.9891 44.6814 24.703 57.325 41.734 31.8273 70.0339 44.5204 70.0734 27.3396 37.4129 8.14655 41.8394 25.342 23.9621 2.07124 18.2495 64.8748 52.9524 47.519 68.8999 70.0267 46.7534 16.007 37.0245 44.1519 27.2394 54.7674 33.3762 67.46 34.4832 59.2858 57.8957 43.9348 38.9243 39.4192 69.3247 29.5143 26.1844 45.0371 21.7468 54.8735 84.5277 24.6396 20.1245 44.5061 32.0827 76.5596 53.9809 27.099 46.5587 52.1953 25.5419 37.1067 40.4806 83.0932 15.8637 23.3284 24.2008 51.4959 12.587 42.4839 50.4308 45.9994 18.227 21.089 85.8064 44.6643 51.5243 34.4104 64.4386 71.3198 33.8054 39.0111 13.4176 46.6463 
33.3559 32.5131 28.4394 23.1671 26.394 42.833 20.6561 57.1976 3.94829 20.2357 23.6698 19.8764 52.3032 31.68 34.0576 32.7698 39.677 41.5718 0 50.5117 6.5832 23.7225 24.6107 13.1697 34.2287 50.5871 42.0289 23.7623 52.574 15.8207 15.6005 30.3926 26.5361 36.5354 29.9626 38.8221 48.8378 41.8279 26.9635 15.2091 36.2657 48.7219 42.9168 41.9729 43.162 20.6336 25.785 29.0967 51.2789 51.7984 31.1177 29.2756 21.7493 22.08 36.3775 31.5001 29.5075 50.4438 13.6293 31.1648 45.2941 39.8508 35.6959 21.568 29.8414 29.0179 31.1395 40.3377 28.3898 31.6803 51.0649 30.426 37.8973 34.2572 35.9727 52.0223 43.0317 20.5176 8.98435 30.4288 29.1603 32.6689 36.9551 46.8973 38.4973 40.0214 41.1719 24.5823 48.9266 20.7665 51.016 37.9903 9.07497 17.2077 22.6684 35.5786 43.5561 2.76413 32.0369 39.6635 37.814 21.2678 52.1008 36.3603 50.5426 33.5227 30.0998 25.6499 30.203 53.4001 29.7111 24.3307 13.6527 21.6568 31.872 31.0825 42.4597 17.2323 42.6643 29.4463 21.118 34.7977 20.3945 29.6501 26.0953 34.3906 3.20901 47.4221 16.2448 27.0928 10.1985 38.33 13.8907 39.5044 39.0461 50.742 43.4687 32.9025 22.4817 17.6695 42.2968 36.9144 33.6614 12.9574 18.2264 36.3046 44.0137 27.4368 34.7237 39.8878 21.7041 25.7605 16.0926 9.71753 32.5713 20.5112 19.1865 44.7539 26.7649 31.7872 23.3635 33.8795 12.0715 28.8872 45.141 46.675 38.5481 50.585 36.2823 21.8914 8.89384 26.1278 45.6348 25.1049 45.9613 8.94917 12.4845 25.574 30.1841 8.49856 51.3981 32.3577 23.692 37.8081 17.2498 29.0846 45.9829 28.5577 6.42894 29.7096 42.376 52.5844 29.6545 17.0201 12.2886 22.8671 38.0951 33.6536 20.8035 31.6757 24.9141 
46.4841 82.7478 57.9432 27.3794 47.2435 10.9534 32.0347 66.4003 48.2602 70.0754 56.2026 68.2833 66.1435 24.0609 76.9503 74.3476 48.168 82.6867 50.5117 0 46.1023 45.2184 67.9616 49.0663 63.6902 59.3623 10.6533 57.7365 60.9444 53.8431 45.8309 68.7523 31.2978 59.6574 33.7453 89.0954 3.1854 86.8637 24.7165 35.7079 86.0761 95.7993 70.3897 72.9285 69.5148 49.8937 76.2966 45.8755 57.322 99.8271 30.5892 63.0663 72.1642 38.7642 14.6465 54.1574 73.7383 70.1085 37.6115 34.9586 77.585 42.5552 79.4056 29.09 23.0701 52.7082 26.7603 82.4654 73.8774 30.3505 59.4916 80.5754 63.9907 53.1931 86.3243 56.7472 69.2231 45.7489 57.7525 34.0744 21.3671 79.0232 56.177 73.0736 87.6645 21.3191 28.6672 74.9365 64.834 71.2321 62.6051 70.2323 42.5139 56.2534 45.3226 82.9982 83.8499 51.0855 69.9688 53.703 64.0464 50.1528 2.84659 70.1714 99.0497 18.7777 50.1808 73.3924 56.6322 68.4083 75.641 74.8185 64.1143 72.1183 68.5651 81.3782 22.6496 67.7439 59.1727 29.6321 69.5939 56.1785 30.6577 21.4277 47.1287 24.7502 48.0112 72.896 38.5351 76.6519 58.9272 73.1495 39.8469 12.6231 62.7691 65.7581 87.8351 44.5872 71.9675 62.1306 84.2406 68.2384 17.9824 38.582 35.9075 70.811 15.923 75.516 82.3324 54.7507 38.5351 75.8427 53.8948 59.5331 65.5057 48.2054 34.1554 35.6 75.7298 82.0057 73.2728 65.1837 58.9784 78.86 51.6579 94.9379 33.2401 4.66685 85.9318 67.8838 56.524 76.6292 6.32038 28.8361 69.4055 41.6855 38.7067 57.391 48.0221 58.3632 1.34499 67.5795 72.6936 64.3587 33.7956 71.2651 55.2804 32.8473 44.092 64.8149 90.9715 3.77246 39.7797 59.8985 49.9512 40.9529 70.9148 84.1649 43.6814 77.9199 36.2041 
27.1885 38.0638 33.4241 18.8745 29.5662 39.4015 18.9376 51.648 2.73533 26.2472 28.7869 22.3603 47.0584 29.697 34.1033 39.2727 33.4828 41.221 6.5832 46.1023 0 26.5662 31.1316 17.5184 39.5401 44.8094 36.9914 29.133 46.824 21.2107 9.60261 28.6932 25.864 31.7585 30.1523 43.0594 44.1646 42.9105 21.7739 10.4236 39.9757 50.7875 39.241 47.7275 39.2932 15.3976 30.7717 22.9621 45.3141 54.3604 24.6712 34.9387 27.2033 15.4994 31.6171 26.2878 29.9425 45.837 8.49083 24.587 42.7014 33.3766 36.1086 18.0731 24.3599 23.7513 29.7745 40.2937 29.363 31.1866 45.2739 36.0766 33.7049 28.7377 40.3455 45.9884 39.1281 14.4951 11.6511 23.8661 24.839 34.1692 31.6467 43.16 41.6852 33.9717 34.7206 30.0903 43.7914 26.1202 45.5013 43.7779 3.60943 14.5177 16.567 37.6735 42.9999 5.50284 30.2978 33.9206 33.6417 16.0479 47.9229 42.2735 53.3615 28.3022 33.6154 27.7801 25.5192 48.3192 36.2757 29.1348 19.1904 27.0062 37.97 36.5832 36.2849 22.3815 37.333 23.1052 23.6711 29.6431 15.4582 24.7844 20.1615 28.2508 6.95109 43.5845 16.5408 33.1252 12.8268 44.3923 7.51887 34.4896 34.5167 45.5721 44.3145 26.6058 25.8716 17.62 42.2413 33.717 28.6287 11.7982 11.9934 42.2894 38.2877 33.8379 36.9109 34.2393 15.1211 29.7789 21.4673 13.5587 38.2617 14.9227 18.072 38.1743 32.9966 37.3612 29.2796 39.4164 13.2084 32.7674 39.0189 49.3333 31.9839 46.6655 39.8457 22.9031 15.4565 30.9873 40.8377 19.2198 41.7297 5.35606 11.0062 21.6116 24.2389 14.8373 46.8839 29.8521 26.6733 33.6934 12.307 28.6601 40.0915 22.0493 5.29368 26.9924 45.2037 48.4846 23.1306 23.3392 7.89035 24.6497 43.9484 38.5565 14.507 33.1009 18.3417 
