100
4.64884 18.7603 1.31549 1
6.97291 11.4747 0.909397 0
1.17903 23.7226 7.29206 1
1.43226 13.2657 0.728301 0
14.6788 16.8136 9.47552 0
15.3174 21.3635 0.421382 0
11.6492 11.9479 0.507544 0
2.44037 14.1657 4.83717 0
13.6619 16.9554 0.471231 1
13.8443 21.0422 28.3208 0
12.3023 16.3648 0.418256 0
18.3615 23.1788 5.18969 0
14.506 16.4321 0.758564 0
7.48513 9.37275 2.07544 0
13.2983 17.5979 24.086 1
7.58169 10.848 1.88402 0
9.57713 15.7153 16.9476 0
11.3103 12.9412 0.383236 0
0.893298 23.8011 1.59502 0
4.56804 5.96639 28.695 1
14.6188 16.7285 0.323451 0
9.16369 9.19223 0.729647 0
3.51883 12.7259 0.879995 0
18.1869 21.531 1.5712 0
3.16549 9.70228 1.37615 0
18.8451 22.8518 0.896247 0
2.3227 15.175 0.818098 0
11.2573 14.7949 17.2863 0
12.3858 22.6317 4.79369 0
16.7674 17.7428 24.6223 0
10.083 11.7803 1.80657 0
10.0724 11.6859 0.834478 0
4.71011 9.17232 0.449187 0
16.3755 22.3276 19.7832 0
2.16678 3.96692 1.32257 0
18.2911 20.7301 1.81995 0
7.4857 22.6449 1.0502 0
5.3238 8.4763 0.836819 0
1.7482 8.25545 1.91788 0
11.5171 12.1816 0.949873 0
7.99586 23.1307 1.63906 0
0.721584 23.1146 1.44182 0
10.1377 21.5552 1.67199 0
13.8664 14.876 0.785634 0
2.50049 3.99152 15.921 1
7.49886 10.4421 0.85286 0
4.71806 9.38275 2.25893 0
11.4725 23.2156 1.10161 0
5.18938 19.9004 2.24528 0
9.21791 13.3492 1.22987 0
10.8438 11.7941 0.356725 0
11.8032 18.5021 0.659509 0
7.36151 15.8575 0.810669 1
9.48018 12.3179 1.43905 0
8.9335 13.4162 1.36009 0
2.2568 18.908 9.30601 0
12.1824 23.3746 0.300572 0
0.88954 5.46004 0.401223 0
10.7023 11.4307 0.681974 0
8.38329 12.4558 1.12981 0
3.8172 11.0819 1.6474 0
1.47845 6.31486 0.459114 1
1.48263 16.014 0.289397 0
11.4156 22.859 0.4807 0
18.2322 20.1641 0.300277 1
0.172723 15.8271 1.35769 0
2.31693 18.9703 2.24681 0
7.24049 21.011 2.04298 0
9.55435 19.6311 0.623443 0
5.53294 13.2323 2.07266 0
3.17379 20.966 1.06318 0
13.3759 16.8863 21.9271 1
2.18814 13.1597 15.3115 1
1.90413 23.296 1.06566 1
8.95451 22.1025 0.651374 0
5.43525 8.2251 2.07254 0
17.9118 22.8399 0.658264 0
4.74068 16.7592 0.996421 1
13.4242 13.5984 0.696728 0
3.81763 13.4444 0.742367 0
12.2524 22.6993 0.457896 1
5.18674 17.9964 0.690176 1
16.1644 18.6434 2.05993 0
5.77622 12.1593 1.86525 1
4.86208 14.9893 2.16877 0
0.893899 13.841 1.78476 0
16.3389 17.5545 1.78245 0
16.8493 21.474 13.551 0
18.5606 23.6193 1.08592 1
1.86878 18.6885 0.270799 0
6.05946 16.0859 1.21011 1
0.930947 3.43899 1.52357 0
14.3339 15.5504 2.14438 0
6.62377 8.52613 1.94589 1
6.10843 6.12856 1.12835 0
13.7348 21.3531 0.956628 1
1.55719 14.8774 1.19084 0
3.48157 9.20238 28.9375 1
4.73575 21.2907 1.25316 1
15.3409 19.533 1.53206 0
400 50 500
0.025 0.0125 10000 3000 15 1e+06 300000 6 9
0 10.8956 17.104 13.4388 7.63077 13.0215 15.7515 9.95906 13.7373 18.9965 12.2101 0.446405 16.4822 12.0868 13.4499 5.95632 1.86623 16.649 20.8069 15.1928 6.9268 7.11606 9.11439 8.46494 11.3175 7.77751 22.4474 18.2035 22.843 4.78109 21.9284 22.2137 15.1206 16.5248 12.9652 16.417 20.6187 13.643 23.5906 20.0359 3.91183 16.7449 14.0684 10.7366 4.44987 13.7218 16.9604 16.9117 12.0621 11.3092 12.3476 10.2459 11.6803 24.0527 3.71312 19.4355 17.998 19.2856 18.0721 9.33002 25.8395 12.9921 6.75348 7.4395 3.43028 10.8513 8.70117 10.9327 13.1089 1.91278 19.0246 18.4262 21.4391 21.2373 26.1938 6.0134 12.5633 7.24685 27.5467 14.2947 5.47855 2.93957 5.64378 14.843 6.50117 9.72946 5.9443 10.461 8.12602 11.7409 16.7665 14.129 13.2747 21.9921 10.8273 8.78271 20.5064 19.9322 20.5463 12.7979 12.2397 
10.8956 0 10.6647 7.6615 4.83712 14.1559 25.8023 8.44453 22.5796 8.41988 12.3048 11.322 22.9136 4.30443 13.4574 12.3838 10.7746 21.2506 28.7345 17.3526 10.7584 6.21597 2.01789 17.4784 21.0908 18.6701 17.7024 7.90509 24.9076 14.9839 14.809 21.4412 10.2119 21.285 2.15957 26.5265 21.2476 4.86925 24.385 24.6387 9.31978 24.0642 6.28449 15.1614 10.1831 17.6787 27.686 6.7608 19.5248 11.4122 19.9943 8.97168 15.4367 25.936 11.8789 22.284 16.9423 8.49182 24.5393 17.1023 22.5055 12.1502 4.76564 17.3577 8.28256 21.4474 14.141 13.898 22.6409 9.10294 15.9458 11.5955 18.5041 19.8109 24.3749 7.05972 21.9944 15.8962 26.6299 20.2916 14.2139 8.34255 13.34 24.158 10.6796 6.35666 5.04603 18.3597 7.478 21.7246 6.16757 20.8075 17.4687 20.9545 4.21465 2.6096 30.0315 10.5407 20.1307 2.37019 15.0016 
17.104 10.6647 0 18.1509 9.90019 24.639 27.4913 7.53177 22.9429 14.2666 22.8475 17.3664 20.4481 14.7755 24.0498 14.292 15.8229 17.3364 26.969 12.3703 11.9305 16.0706 10.4885 19.2924 23.017 23.8966 7.11146 14.7656 17.8567 21.885 4.82511 12.6717 2.50095 31.2714 10.9972 28.2441 13.6441 5.91301 16.3712 19.9585 13.4764 22.3238 16.3432 13.4714 13.5331 27.7568 30.8712 14.3992 28.4114 8.31975 19.5622 19.4946 25.4557 18.5811 15.5257 16.4315 9.00528 13.263 21.7756 17.7314 12.146 7.30228 14.0914 24.5422 13.6792 24.849 14 11.5927 30.2086 15.3015 6.51308 1.34402 8.67509 10.8276 14.5965 11.0907 23.2562 17.8669 17.1926 29.839 16.9811 15.9689 15.6638 24.8844 20.0598 7.3845 13.4734 26.9781 17.664 23.8696 12.9798 19.1208 27.4757 12.0658 7.17362 12.6901 30.3427 5.81513 11.8872 11.8694 11.7925 
13.4388 7.6615 18.1509 0 11.3181 8.45068 29.1591 15.6121 27.0093 9.00012 6.59693 13.8659 28.6849 3.38485 7.27594 17.5067 14.3585 27.6816 33.8408 24.3435 16.6385 6.33391 8.7508 21.6854 24.7531 20.2101 25.2502 7.73505 32.1198 15.5948 21.8982 29.027 17.8691 16.3185 7.24275 29.8068 28.6573 12.2391 31.8179 31.1597 14.0726 29.4372 2.34882 21.358 15.1242 12.8185 29.8595 6.6543 16.7095 18.528 25.0909 4.47495 11.0183 33.2012 16.1144 29.2613 24.4938 10.0838 30.3336 22.0187 30.1351 19.5112 7.38513 17.1538 12.615 24.0647 19.879 20.4671 21.2401 12.3919 23.6068 18.9458 26.1649 27.4322 32.0336 12.8608 25.9658 20.2678 34.2616 16.2756 18.432 10.5467 18.014 28.2416 9.01855 13.6444 8.63881 16.1136 5.53759 25.1756 7.69687 26.4061 12.8037 28.5579 11.8261 6.71984 33.9439 16.6755 27.664 6.35241 21.7108 
7.63077 4.83712 9.90019 11.3181 0 15.6041 21.3147 4.42622 17.848 13.1339 14.0131 7.97725 18.0959 8.37595 15.3151 7.63379 6.85239 16.5847 23.9011 13.0265 5.92128 6.8383 2.892 12.8682 16.5788 15.1622 16.1321 12.7135 20.8159 12.3157 14.6756 18.1544 8.35866 21.5944 6.91382 22.0534 17.4759 6.0462 20.6429 20.0211 4.89322 19.227 10.5904 10.3899 5.58406 18.1788 23.5898 11.5944 18.5113 7.24342 15.1761 10.8005 15.8757 21.9116 7.48018 17.9497 13.5921 13.027 19.7272 12.3259 20.336 8.38987 4.79838 14.9286 4.32486 17.3147 9.30436 9.25787 20.5423 5.72417 13.4311 11.1589 16.0273 16.7239 21.5749 2.32371 17.377 11.2719 23.5215 20.0051 9.69528 6.07997 8.69255 19.4888 10.2997 2.84081 3.8224 17.0863 8.57965 17.27 10.9121 15.9735 17.8543 17.7528 3.19666 4.59822 25.3593 12.3049 16.6722 7.20524 10.4488 
13.0215 14.1559 24.639 8.45068 15.6041 0 26.8328 19.9082 26.1499 17.4451 1.91706 13.2864 29.4862 10.8802 1.40774 18.7675 14.713 29.5761 33.3826 27.4704 18.9773 8.77576 14.174 21.1567 23.1946 16.9059 31.4592 16.1724 35.3426 12.3078 28.9567 33.5956 23.6858 7.87914 14.7161 27.343 32.5601 19.0131 35.6816 33.0057 15.7512 29.6187 10.7686 23.4336 16.7127 4.49101 26.1694 15.104 9.5346 22.3883 25.2626 5.18436 3.33975 36.5233 16.6721 32.0721 29.0687 18.5317 31.0596 22.3086 35.9004 23.7967 10.8278 12.5632 14.3553 21.394 21.5103 23.1997 14.8119 13.1791 29.0234 25.6725 31.6238 32.2606 37.1552 15.9962 24.6459 20.1485 38.9973 8.2104 18.4579 11.1956 18.6493 26.85 6.52371 18.4262 11.8122 9.57933 7.06062 23.3246 16.0889 27.1355 4.58831 33.2381 17.5522 11.9489 31.9527 24.4052 32.0373 13.8918 24.542 
15.7515 25.8023 27.4913 29.1591 21.3147 26.8328 0 20.449 5.02865 34.2099 26.7156 15.3149 10.6619 27.7601 27.7248 13.8718 15.1892 14.1594 8.90953 17.5278 16.1028 22.8603 23.8056 8.51004 4.73668 9.98418 29.5308 33.5775 21.0214 14.5369 31.6569 24.639 24.9947 26.3842 27.9618 0.756493 21.8443 26.8239 23.354 15.3668 16.5027 8.74014 29.8006 14.226 15.7308 25.3342 4.83216 32.3302 20.3344 19.1885 8.41138 25.5946 24.2112 22.0368 13.9249 18.0223 22.6314 34.2635 10.9808 9.76346 30.3495 20.4487 22.3712 14.6506 17.5498 5.44276 13.4979 16.0686 16.3719 17.0902 25.4625 28.7505 26.8022 24.8719 28.6814 18.9961 4.23588 10.0971 28.4534 23.5141 11.624 18.6856 12.6609 3.17977 21.0813 21.7588 21.3648 19.0435 23.7203 4.08301 31.9523 10.0209 24.8363 24.8442 24.0051 24.1761 5.15048 32.3035 23.192 28.0034 16.3006 
9.95906 8.44453 7.53177 15.6121 4.42622 19.9082 20.449 0 16.2546 15.8779 18.376 10.1553 15.1511 12.4966 19.6873 6.8311 8.47334 13.0044 21.3968 8.9085 4.46534 11.196 6.88933 12.0322 15.8254 16.3815 12.5177 15.7526 16.5325 14.6883 12.2566 13.7423 5.27339 25.4804 10.147 21.2055 13.0731 6.82454 16.2398 16.3061 6.12433 16.6357 14.6403 7.36499 6.04047 22.1899 23.5212 14.8194 21.8073 2.96868 13.1047 15.2055 19.9095 17.5971 8.00353 13.8397 9.18641 15.4372 16.7081 10.7625 16.271 3.96368 9.18456 17.3435 6.66942 17.4055 7.11124 5.76183 23.0053 8.33646 9.34149 8.87405 11.8897 12.3542 17.2528 4.20544 16.2587 10.5265 19.1231 23.6548 9.49253 9.53088 8.19344 18.1065 14.2328 2.10122 8.10367 20.2692 12.9447 16.6418 13.8303 13.3028 21.8304 13.3545 4.60222 8.92984 23.8252 11.8548 12.2476 10.7 6.69197 
13.7373 22.5796 22.9429 27.0093 17.848 26.1499 5.02865 16.2546 0 30.9702 25.6764 13.3522 6.02355 25.1297 26.8263 10.2145 12.6512 9.24195 7.24415 12.5137 12.1716 20.695 20.5622 5.32392 3.38106 10.5109 24.5795 30.4782 16.2992 14.1217 26.9249 19.6302 20.4431 27.1876 24.7176 5.70407 16.857 22.9065 18.5021 10.8906 13.3513 4.56293 27.2882 9.49758 12.4151 25.4949 9.60416 29.2928 21.2858 14.6298 3.46426 23.9769 23.988 17.374 10.974 13.1505 17.6317 30.8663 6.78543 5.56908 25.3213 15.7516 19.8054 15.1301 14.6384 6.65228 9.14582 11.3741 18.3897 14.6191 20.5191 24.1596 21.7933 19.8433 23.6998 15.5447 1.92249 6.79099 23.5769 24.3888 8.60559 16.5023 9.26525 1.97783 19.8784 17.803 18.66 19.7811 21.8501 3.83138 28.7332 5.0189 24.9952 19.825 20.2121 21.3251 7.58551 28.0208 18.1692 24.8899 11.452 
18.9965 8.41988 14.2666 9.00012 13.1339 17.4451 34.2099 15.8779 30.9702 0 15.5967 19.4382 30.9298 7.55935 16.2307 20.7582 19.1048 28.8674 36.9549 24.4778 18.9881 12.7817 10.433 25.8971 29.5055 26.6684 20.9186 1.28941 31.3999 22.5614 16.353 26.8204 15.2579 25.3179 6.26399 34.9304 27.3663 9.48101 30.3223 32.1024 17.7394 32.2348 6.73795 23.1068 18.5965 21.8122 35.9369 2.41476 25.3476 18.6733 28.2882 13.1091 19.9464 32.2846 20.2924 29.2621 22.7332 1.3566 32.5216 25.4596 26.1199 18.8983 12.3131 24.6445 16.6658 29.7451 22.3311 21.6255 29.4125 17.3263 20.7229 14.4539 22.9386 25.0062 28.8345 15.4259 30.4136 24.3129 31.4585 25.2006 22.6332 16.199 21.7511 32.5711 16.8905 13.8491 13.0586 24.5412 13.0942 30.1291 2.25781 28.9313 21.7833 26.2378 11.2891 10.2138 38.4452 10.2369 25.8439 6.22977 22.5569 
12.2101 12.3048 22.8475 6.59693 14.0131 1.91706 26.7156 18.376 25.6764 15.5967 0 12.5216 28.6759 8.96357 1.325 17.7469 13.7875 28.5455 32.8689 26.1957 17.7559 7.18161 12.4202 20.5528 22.8557 16.925 29.7209 14.3315 34.0916 12.2096 27.1135 32.106 21.9715 9.72635 12.8101 27.264 31.1775 17.1707 34.318 32.0048 14.5887 28.9409 8.8922 22.3176 15.589 6.22985 26.3994 13.2384 10.7124 20.9487 24.5513 3.35289 4.61748 35.2588 15.7534 30.8818 27.5596 16.6608 30.2754 21.5397 34.2333 22.3015 9.21497 12.8669 13.1445 21.3107 20.4574 21.9602 15.7699 12.1145 27.3867 23.8577 29.99 30.7247 35.588 14.5847 24.2654 19.4388 37.4966 9.79751 17.6884 10.0746 17.7535 26.5064 5.80023 16.8081 10.2775 10.494 5.43473 23.0579 14.1949 26.3224 6.24401 31.7292 15.8069 10.1709 31.7878 22.5012 30.5737 11.9813 23.2974 
0.446405 11.322 17.3664 13.8659 7.97725 13.2864 15.3149 10.1553 13.3522 19.4382 12.5216 0 16.2015 12.5325 13.7492 5.83995 1.85025 16.4554 20.444 15.1282 6.95799 7.54817 9.52686 8.09789 10.8965 7.35856 22.6159 18.6481 22.7297 4.53844 22.1886 22.2243 15.3485 16.591 13.3977 15.9784 20.5792 14.0042 23.5284 19.823 4.05782 16.4206 14.5108 10.618 4.49911 13.8552 16.5154 17.3567 12.0013 11.3999 12.0299 10.6249 11.8501 23.942 3.55749 19.3054 18.0487 19.7218 17.7822 9.03259 25.9379 13.0925 7.19968 7.19844 3.72355 10.4051 8.56447 10.89 12.8682 2.28847 19.149 18.6932 21.5422 21.2805 26.2295 6.28446 12.1544 6.91821 27.5404 14.3096 5.17794 3.38214 5.43135 14.4341 6.77864 10.0051 6.38358 10.3852 8.53027 11.3105 17.2069 13.8498 13.4012 22.015 11.1732 9.22436 20.0828 20.2821 20.5517 13.2368 12.1842 
16.4822 22.9136 20.4481 28.6849 18.0959 29.4862 10.6619 15.1511 6.02355 30.9298 28.6759 16.2015 0 26.2371 29.9283 11.2068 14.9071 3.80862 6.52614 8.40526 12.2181 22.6591 20.9856 8.71237 9.01586 15.6413 20.4791 30.6794 10.3619 18.3274 23.7143 14.3963 18.0603 31.743 24.9065 11.2061 11.5128 21.9465 12.7232 4.87489 14.633 2.1989 28.4704 7.82398 13.5755 29.5986 15.4488 29.6304 26.0935 12.6852 4.44257 26.4213 27.8175 11.3969 12.9515 7.44197 13.3775 30.565 1.64913 7.18629 20.32 13.2135 21.3015 19.8934 16.1157 12.4285 8.85644 9.41748 23.866 16.7064 16.5812 21.4895 17.3101 14.9568 18.2571 16.0473 7.81363 9.39446 17.8312 29.0596 11.029 18.7593 10.9471 7.51276 22.9783 17.102 20.0464 24.4978 24.1068 9.68084 28.7999 2.35367 29.112 14.6985 19.6645 22.3139 10.9713 26.041 13.1275 25.2829 8.78007 
12.0868 4.30443 14.7755 3.38485 8.37595 10.8802 27.7601 12.4966 25.1297 7.55935 8.96357 12.5325 26.2371 0 9.93148 15.2234 12.6118 24.9408 31.707 21.3423 14.0393 5.32284 5.61295 19.8456 23.1818 19.4901 21.8699 6.49808 29.0281 15.1721 18.6097 25.7316 14.4946 18.5244 3.96998 28.446 25.4624 8.86766 28.6127 28.3894 11.8493 27.1663 2.23517 18.6841 12.8596 14.9177 28.982 5.19443 17.8994 15.4504 22.9106 5.92957 12.8513 30.0841 14.158 26.278 21.2182 8.30393 27.8832 19.8852 26.7508 16.3279 5.39065 17.1434 10.4959 22.9355 17.3808 17.6312 21.8538 10.6767 20.2435 15.5936 22.7941 24.1117 28.6758 10.2038 24.274 18.3388 30.9332 18.0275 16.5352 9.16119 15.9219 26.5207 9.33323 10.4671 6.47279 17.0223 5.54206 23.6995 5.64716 24.0206 14.8058 25.2505 8.5046 3.92332 32.3336 13.6095 24.4006 3.09295 18.8229 
13.4499 13.4574 24.0498 7.27594 15.3151 1.40774 27.7248 19.6873 26.8263 16.2307 1.325 13.7492 29.9283 9.93148 0 19.0394 15.0575 29.8436 34.0358 27.5193 19.0752 8.49137 13.6601 21.7425 23.954 17.8617 30.9573 14.9502 35.4146 13.1902 28.2605 33.421 23.2243 9.16115 13.8425 28.2565 32.5016 18.3266 35.6426 33.2984 15.9008 30.1578 9.61842 23.6268 16.8966 5.86646 27.2401 13.9201 10.9118 22.2704 25.7758 4.5827 4.70982 36.5825 17.024 32.2004 28.8724 17.3509 31.5218 22.7783 35.5033 23.6172 10.517 13.65 14.4611 22.3004 21.7567 23.2816 16.146 13.4102 28.6696 25.0382 31.2731 32.0325 36.8887 15.9089 25.3806 20.6595 38.8096 9.61153 18.9242 11.3769 19.0207 27.609 6.9875 18.1011 11.5929 10.8914 6.74275 24.1278 14.9632 27.5747 5.9859 33.0416 17.0474 11.3995 32.8204 23.528 31.892 12.9942 24.6193 
5.95632 12.3838 14.292 17.5067 7.63379 18.7675 13.8718 6.8311 10.2145 20.7582 17.7469 5.83995 11.2068 15.2234 19.0394 0 4.11822 10.8112 16.4893 9.33237 2.3681 11.457 10.37 5.36187 9.15956 9.99483 18.1958 20.2886 16.8913 9.64837 18.8895 16.6504 11.9017 22.4219 14.512 14.6229 14.8295 12.9526 17.7247 14.259 3.43449 11.9575 17.4377 4.78111 2.3841 19.6778 16.704 19.1235 17.6081 6.64937 7.69338 15.2838 17.6262 18.1029 2.30521 13.4794 12.7301 20.6567 12.8515 4.72302 20.8588 8.32011 10.1235 12.091 4.90957 10.5757 2.75682 5.19249 17.5025 5.63356 14.3793 15.6222 16.5487 15.8804 20.7571 5.33282 9.80952 3.78478 21.88 20.0839 2.69881 7.68508 1.37239 11.8721 12.274 7.90625 8.88314 15.9612 12.9411 9.92991 18.5252 8.9047 19.2293 16.5 10.1415 11.3262 17.7354 18.5853 14.9631 14.7144 6.42511 
1.86623 10.7746 15.8229 14.3585 6.85239 14.713 15.1892 8.47334 12.6512 19.1048 13.7875 1.85025 14.9071 12.6118 15.0575 4.11822 0 14.8793 19.552 13.3266 5.10811 8.05534 8.84735 7.32742 10.5719 8.32824 20.8624 18.4169 20.9891 6.25698 20.6291 20.3767 13.7185 18.3907 12.9154 15.891 18.7558 12.8847 21.7244 18.2947 2.35537 15.3215 14.713 8.89031 2.65772 15.5737 16.9216 17.1566 13.8507 9.57087 10.9191 11.5666 13.5088 22.1974 1.96646 17.5928 16.2002 19.2636 16.521 7.84993 24.1088 11.2694 7.22732 8.89455 2.56081 10.6732 6.87317 9.06825 14.5419 1.96892 17.3432 17.1601 19.7173 19.4308 24.3793 4.86575 11.6767 5.9316 25.6983 16.1452 4.0961 3.91542 3.96681 13.9371 8.19622 8.54027 6.1774 12.2322 9.31541 11.1125 16.8502 12.5565 15.1301 20.1653 9.99482 8.9899 19.7258 19.0721 18.7053 12.8762 10.3737 
16.649 21.2506 17.3364 27.6816 16.5847 29.5761 14.1594 13.0044 9.24195 28.8674 28.5455 16.4554 3.80862 24.9408 29.8436 10.8112 14.8793 0 10.0207 4.98481 11.0716 22.0103 19.4455 10.209 11.6989 17.5261 16.7724 28.7561 7.26043 19.3852 20.2558 10.6146 15.0643 32.7365 23.0996 14.7601 7.74975 19.5773 9.27354 3.49085 14.0117 6.00729 27.1663 6.34143 12.981 30.2588 18.8428 27.8034 27.3975 10.2163 6.52806 25.9693 28.3028 8.42254 12.9413 3.92488 9.6962 28.3658 4.64478 8.13866 16.5164 10.3503 20.408 21.3165 15.4968 15.0348 8.08848 7.35275 25.8513 16.4335 12.9544 18.2783 13.5397 11.1491 14.5506 14.8216 10.7821 10.3115 14.3357 30.1927 11.5501 18.4718 11.0264 10.9798 23.0715 15.0761 19.1388 25.7572 23.5983 12.4914 26.8347 4.29594 29.7913 10.9001 17.6067 21.0659 14.7799 23.067 9.32008 23.5848 6.3131 
20.8069 28.7345 26.969 33.8408 23.9011 33.3826 8.90953 21.3968 7.24415 36.9549 32.8689 20.444 6.52614 31.707 34.0358 16.4893 19.552 10.0207 0 14.8782 17.9874 27.5927 26.7483 12.3464 10.4312 17.5275 26.7783 36.6069 14.8747 21.3533 30.2063 20.083 24.5693 34.2803 30.8053 9.03265 17.1963 28.2213 17.6079 9.11528 19.865 4.76141 33.9133 14.0377 18.8475 32.7058 13.3654 35.4947 28.3099 19.0955 8.79681 31.0451 31.2281 15.5971 17.7306 12.8908 19.716 36.6837 5.37686 11.8369 26.0832 19.715 26.5125 22.2324 21.2677 13.2413 14.625 15.7663 24.9375 21.4937 22.9731 28.0156 23.4825 20.9322 23.5613 21.7051 8.90992 13.6235 22.5719 31.4514 15.4562 23.4601 15.8353 6.99563 27.0688 23.2527 25.3074 26.8568 28.8527 10.5881 34.7727 8.09416 32.2052 20.4826 25.7943 27.8154 6.1375 32.5327 19.0375 31.0965 15.2499 
15.1928 17.3526 12.3703 24.3435 13.0265 27.4704 17.5278 8.9085 12.5137 24.4778 26.1957 15.1282 8.40526 21.3423 27.5193 9.33237 13.3266 4.98481 14.8782 0 8.50998 19.2322 15.7331 11.2761 14.0185 18.2831 12.1995 24.4862 7.90229 18.9093 15.3284 7.70937 10.15 31.7153 19.0156 18.2164 5.52985 15.0415 8.40019 7.73187 11.7709 10.4916 23.5161 4.75145 10.8943 28.8553 21.8504 23.63 26.9229 5.94417 9.13716 23.2999 26.7234 9.06318 11.6355 4.9373 5.13952 23.8699 9.5469 9.05001 12.941 5.61751 17.401 21.2298 13.1196 16.9635 6.79903 4.29701 26.3787 14.4257 8.21697 13.2948 9.2806 7.48393 11.9253 11.7253 13.5683 10.646 12.6697 29.4134 11.1515 16.3064 10.1427 14.459 21.1637 11.0037 16.171 25.2724 20.9324 14.9044 22.5487 7.72308 28.4236 7.72438 13.4045 17.6242 19.1097 18.1299 6.0604 19.5989 2.96213 
6.9268 10.7584 11.9305 16.6385 5.92128 18.9773 16.1028 4.46534 12.1716 18.9881 17.7559 6.95799 12.2181 14.0393 19.0752 2.3681 5.10811 11.0716 17.9874 8.50998 0 10.9769 8.79355 7.62191 11.4276 12.1847 16.084 18.6195 16.3653 11.2413 16.5549 15.2897 9.55655 23.3783 12.818 16.8575 13.7896 10.7667 16.8337 14.5609 3.26618 13.3058 16.2745 4.73099 2.48021 20.405 19.0592 17.5138 18.9587 4.57231 9.30592 14.9913 18.2422 17.5478 3.93303 13.1262 11.094 18.7835 13.8592 6.60279 19.0583 6.28151 9.33636 13.8113 4.62317 12.9438 3.38545 4.22352 19.3653 5.934 12.3895 13.2633 14.6861 14.3227 19.2724 3.83587 11.9668 6.08432 20.6365 21.2143 5.05062 7.79779 3.73643 13.9328 12.6558 5.67031 8.06718 17.3385 12.6123 12.224 16.7914 10.0596 19.9849 15.0653 8.04046 10.1206 19.7507 16.2576 13.6265 13.1261 5.56634 
7.11606 6.21597 16.0706 6.33391 6.8383 8.77576 22.8603 11.196 20.695 12.7817 7.18161 7.54817 22.6591 5.32284 8.49137 11.457 8.05534 22.0103 27.5927 19.2322 10.9769 0 5.61197 15.3726 18.4227 14.2208 22.7477 11.7883 27.1316 9.84939 20.5869 24.9318 14.954 15.2564 7.63227 23.5185 24.0709 10.7687 27.2245 25.5003 8.05791 23.2733 7.06609 15.6793 9.11423 11.7015 23.7851 10.4766 13.3361 13.8129 18.893 4.07297 9.41026 28.2774 9.87085 24.0263 20.3814 13.3719 24.3007 15.8129 27.1275 15.1298 2.05239 11.8629 6.56296 17.8481 13.9998 15.0844 16.7806 6.10024 20.2478 17.1856 22.8485 23.5431 28.4105 7.51688 19.6321 13.9835 30.3185 14.1027 12.1464 4.21285 11.8194 21.9083 4.48342 9.65169 3.11233 12.2344 1.74892 18.857 10.7083 20.3414 11.4414 24.5503 8.90534 3.63366 27.6142 16.7407 23.4106 7.09068 16.4005 
9.11439 2.01789 10.4885 8.7508 2.892 14.174 23.8056 6.88933 20.5622 10.433 12.4202 9.52686 20.9856 5.61295 13.6601 10.37 8.84735 19.4455 26.7483 15.7331 8.79355 5.61197 0 15.4641 19.0884 16.8846 17.3009 9.91923 23.4215 13.417 14.9754 20.3236 9.5713 20.8657 4.16905 24.5323 19.9075 5.23493 23.0673 22.8662 7.31152 22.093 7.78654 13.2784 8.16587 17.313 25.7688 8.75972 18.5666 9.83814 17.9952 9.07868 15.0221 24.485 9.88078 20.6698 15.7734 10.464 22.6181 15.0903 21.8821 10.7616 3.73378 15.8857 6.32261 19.5149 12.179 12.1018 21.31 7.2646 15.1287 11.5797 17.7247 18.7747 23.4852 5.05341 19.9807 13.8804 25.6098 19.6218 12.2059 6.76906 11.3225 22.1411 9.84326 4.89371 3.54576 17.2956 7.17545 19.7309 8.18317 18.8526 17.0526 19.8729 3.38752 2.27238 28.0148 11.432 18.9304 4.35194 13.2572 
8.46494 17.4784 19.2924 21.6854 12.8682 21.1567 8.51004 12.0322 5.32392 25.8971 20.5528 8.09789 8.71237 19.8456 21.7425 5.36187 7.32742 10.209 12.3464 11.2761 7.62191 15.3726 15.4641 0 3.80635 7.32951 22.2579 25.3417 17.358 9.62098 23.6905 18.9771 16.8259 23.0307 19.6331 9.26103 16.5732 18.3144 18.9489 13.0852 8.16815 8.49105 21.989 6.85041 7.30787 20.946 11.5886 24.1298 17.415 11.1407 4.27718 18.7096 19.2463 18.555 5.69486 13.8653 15.8902 25.8763 10.1451 2.24244 24.0516 12.604 14.4997 11.2381 9.37935 5.84782 5.4434 8.42835 15.6496 9.29563 18.2358 20.592 20.0234 18.6852 23.1931 10.5445 4.51726 1.59736 23.7144 20.353 3.31337 11.1856 4.177 6.70044 14.7586 13.2576 13.3728 15.8058 16.55 4.60962 23.646 6.49972 20.4549 18.9993 15.4973 16.0807 12.5634 23.8716 17.3364 19.7467 9.09999 
11.3175 21.0908 23.017 24.7531 16.5788 23.1946 4.73668 15.8254 3.38106 29.5055 22.8557 10.8965 9.01586 23.1818 23.954 9.15956 10.5719 11.6989 10.4312 14.0185 11.4276 18.4227 19.0884 3.80635 0 7.14789 25.5971 28.896 18.9402 10.9908 27.33 21.5456 20.5355 23.8695 23.2503 5.47954 18.9216 22.1095 20.916 13.8608 11.7793 7.86404 25.2645 10.0976 10.9952 22.2903 7.99872 27.6592 17.9363 14.7832 5.19257 21.4139 20.8761 20.0737 9.21312 15.6045 18.9444 29.5398 10.0103 5.38062 26.9575 16.16 17.7933 11.812 12.8646 3.41325 9.04591 11.8479 15.033 12.5089 21.5361 24.3028 23.127 21.5005 25.7192 14.2597 1.52457 5.37603 25.896 21.0554 6.89223 14.2144 7.92856 3.65616 17.0953 17.0616 16.7436 16.4514 19.4109 0.896321 27.2488 7.4295 21.7892 21.6552 19.2791 19.529 9.19159 27.6721 19.979 23.3117 12.2976 
7.77751 18.6701 23.8966 20.2101 15.1622 16.9059 9.98418 16.3815 10.5109 26.6684 16.925 7.35856 15.6413 19.4901 17.8617 9.99483 8.32824 17.5261 17.5275 18.2831 12.1847 14.2208 16.8846 7.32951 7.14789 0 28.1905 25.8105 24.6866 4.74952 28.6365 25.9708 21.6387 16.755 20.7239 10.4564 23.7239 21.2051 26.2212 20.2711 10.5479 14.8542 21.2777 13.5909 10.3661 15.3995 9.66242 24.5043 10.7918 16.6429 11.2824 16.224 14.2272 25.8845 8.3788 21.1902 22.4648 27.0188 16.8662 9.50781 30.6658 18.3137 14.3558 4.74269 10.8387 4.55703 11.7097 14.7711 8.32533 9.62672 24.3484 25.2406 26.4349 25.4745 30.1751 13.1754 8.66679 7.64024 30.8906 13.9242 7.4312 10.47 8.7112 10.572 11.5236 16.7837 13.6803 9.33109 14.6731 6.9451 24.4619 13.6272 14.8992 25.9267 18.3212 16.4837 15.1327 27.3982 24.2971 20.5167 15.7505 
22.4474 17.7024 7.11146 25.2502 16.1321 31.4592 29.5308 12.5177 24.5795 20.9186 29.7209 22.6159 20.4791 21.8699 30.9573 18.1958 20.8624 16.7724 26.7783 12.1995 16.084 22.7477 17.3009 22.2579 25.5971 28.1905 0 21.5684 14.3356 27.1185 5.24875 8.08637 7.79965 37.7254 18.1084 30.245 10.3333 13.0201 12.0397 18.3167 18.5584 22.627 23.4538 15.5039 18.2721 34.302 33.5873 21.3339 34.3147 11.5518 21.1314 26.3782 31.9967 14.6505 20.0113 14.3423 7.10372 19.7821 21.4046 20.2568 5.20493 9.87795 20.7122 29.7543 19.1865 28.1004 16.8602 13.8297 35.3808 20.8539 4.07076 6.53004 3.54139 6.4514 8.29223 16.6786 25.4156 21.1314 11.1192 36.0613 20.8039 21.9438 19.494 26.5495 26.4277 13.3248 19.9177 32.785 24.4147 26.4925 19.8784 19.9152 33.9839 7.45923 13.9141 19.5578 31.3047 11.0856 8.26192 18.9808 13.304 
18.2035 7.90509 14.7656 7.73505 12.7135 16.1724 33.5775 15.7526 30.4782 1.28941 14.3315 18.6481 30.6794 6.49808 14.9502 20.2886 18.4169 28.7561 36.6069 24.4862 18.6195 11.7883 9.91923 25.3417 28.896 25.8105 21.5684 0 31.5774 21.6153 17.1561 27.1901 15.5658 24.0482 5.80176 34.2901 27.6044 9.6399 30.6072 32.0437 17.1736 31.9126 5.50245 22.871 18.0693 20.5526 35.1633 1.3128 24.1704 18.615 27.8887 11.903 18.7084 32.4949 19.6929 29.3236 23.0059 2.56071 32.2872 25.0073 26.7548 18.9557 11.4702 23.6368 16.0321 29.0077 21.9887 21.4584 28.3165 16.5907 21.1473 15.0581 23.4344 25.3966 29.3619 14.9639 29.8508 23.7689 31.9397 23.9656 22.054 15.3583 21.2263 32.0344 15.7959 13.684 12.2977 23.3975 11.9962 29.4945 1.93856 28.6301 20.5305 26.6206 11.1513 9.44902 37.9042 11.1157 26.1499 5.5951 22.4445 
22.843 24.9076 17.8567 32.1198 20.8159 35.3426 21.0214 16.5325 16.2992 31.3999 34.0916 22.7297 10.3619 29.0281 35.4146 16.8913 20.9891 7.26043 14.8747 7.90229 16.3653 27.1316 23.4215 17.358 18.9402 24.6866 14.3356 31.5774 0 26.1487 19.0851 6.31635 16.2426 39.2861 26.3948 21.5515 4.24235 21.9445 2.81545 5.85671 19.6049 12.3498 31.1574 12.1117 18.6834 36.5627 25.8093 30.8491 34.2091 13.5931 13.786 31.2006 34.4793 1.21917 19.1776 3.51386 8.85338 30.6235 10.2472 15.1984 11.9278 12.7716 25.2845 28.2559 20.9876 22.2917 14.1759 12.1433 32.9986 22.2326 11.7053 18.3421 10.8055 7.89198 8.87626 19.6196 17.9548 17.2576 7.70493 36.8671 18.2363 24.1574 17.4589 17.8738 28.9846 18.5731 24.0623 32.5568 28.8342 19.7147 29.6479 11.5121 36.1176 6.91135 20.7946 25.4066 20.6438 23.5683 6.21353 27.0544 10.8016 
4.78109 14.9839 21.885 15.5948 12.3157 12.3078 14.5369 14.6883 14.1217 22.5614 12.2096 4.53844 18.3274 15.1721 13.1902 9.64837 6.25698 19.3852 21.3533 18.9093 11.2413 9.84939 13.417 9.62098 10.9908 4.74952 27.1185 21.6153 26.1487 0 26.7095 26.2974 19.8866 13.4276 16.9007 15.0666 24.434 18.245 27.246 22.5287 8.57272 18.0183 16.8165 14.2016 8.88005 11.3943 14.3782 20.3025 8.06086 15.7827 13.898 11.5056 9.88627 27.3678 7.41633 22.6498 22.2876 23.0419 19.7629 11.3331 30.2994 17.4894 10.3589 2.6607 8.20842 9.11046 12.1226 14.8408 8.33131 6.6217 23.5818 23.2067 25.9228 25.4817 30.3882 10.7944 12.4827 9.10164 31.5198 10.8131 7.91297 6.65743 8.77375 14.6263 6.7841 14.5088 9.94803 6.40817 10.0815 11.0509 20.4166 16.0725 10.897 26.1379 15.497 12.574 19.6467 24.5631 24.6107 16.5688 16.0541 
21.9284 14.809 4.82511 21.8982 14.6756 28.9567 31.6569 12.2566 26.9249 16.353 27.1135 22.1886 23.7143 18.6097 28.2605 18.8895 20.6291 20.2558 30.2063 15.3284 16.5549 20.5869 14.9754 23.6905 27.33 28.6365 5.24875 17.1561 19.0851 26.7095 0 13.0465 7.00502 35.8404 14.6605 32.4011 14.9037 9.94395 17.0146 22.361 18.278 25.7418 19.8658 17.4478 18.2918 32.2859 35.2727 17.1253 33.1755 12.5543 23.4779 23.7752 29.9972 19.543 20.2577 18.5098 10.8075 15.1242 24.8685 21.9701 10.2363 11.2082 18.6674 29.367 18.5043 29.3701 18.288 15.5905 35.0337 20.1258 7.54538 3.5203 8.43529 11.2674 13.527 15.9154 27.4312 22.3373 16.3635 34.5136 21.5883 20.7547 20.2595 28.8952 24.716 12.209 18.1468 31.7618 22.105 28.2028 15.6408 22.7105 32.0279 12.4045 11.7983 17.0774 34.1179 6.16992 12.8745 15.5503 15.5019 
22.2137 21.4412 12.6717 29.027 18.1544 33.5956 24.639 13.7423 19.6302 26.8204 32.106 22.2243 14.3963 25.7316 33.421 16.6504 20.3767 10.6146 20.083 7.70937 15.2897 24.9318 20.3236 18.9771 21.5456 25.9708 8.08637 27.1901 6.31635 26.2974 13.0465 0 11.643 38.6328 22.5557 25.2756 2.90067 17.6632 3.97178 11.0789 18.4679 16.5884 27.6956 12.3862 17.7699 35.5499 29.1843 26.645 34.1981 11.2372 16.4658 28.9474 33.3241 6.56431 18.8965 7.19232 4.56484 25.8871 14.8922 16.7435 6.00022 9.80487 22.9267 28.7209 19.6046 24.6059 14.3517 11.4611 33.9939 21.1196 6.16398 12.8681 4.61976 1.85664 4.21646 17.6227 20.9303 18.3433 5.40703 36.504 18.7344 22.7731 17.6317 21.4763 27.645 15.4857 21.8285 32.5623 26.6807 22.4144 25.3157 14.6185 35.1516 0.642755 17.2286 22.5171 25.3303 18.0718 1.68903 23.323 10.3022 
15.1206 10.2119 2.50095 17.8691 8.35866 23.6858 24.9947 5.27339 20.4431 15.2579 21.9715 15.3485 18.0603 14.4946 23.2243 11.9017 13.7185 15.0643 24.5693 10.15 9.55655 14.954 9.5713 16.8259 20.5355 21.6387 7.79965 15.5658 16.2426 19.8866 7.00502 11.643 0 29.9483 11.0281 25.7471 12.1328 6.03035 15.0644 17.8369 11.3633 19.8965 16.2983 10.9778 11.3134 26.5085 28.4116 15.002 26.7291 5.81882 17.0673 18.6416 24.2027 17.0722 13.2609 14.4803 7.48033 14.4108 19.4262 15.2372 12.3288 4.8583 12.9149 22.5469 11.7372 22.4265 11.5082 9.10066 28.2166 13.394 5.77996 3.76764 8.3017 9.88157 14.2132 9.15723 20.7592 15.4203 16.59 28.347 14.5991 14.2865 13.2736 22.3837 18.6575 5.5985 12.1236 25.2429 16.6317 21.3921 13.679 16.6689 26.1951 11.0896 6.19377 11.842 27.8534 8.00774 10.5903 11.8404 9.34747 
16.5248 21.285 31.2714 16.3185 21.5944 7.87914 26.3842 25.4804 27.1876 25.3179 9.72635 16.591 31.743 18.5244 9.16115 22.4219 18.3907 32.7365 34.2803 31.7153 23.3783 15.2564 20.8657 23.0307 23.8695 16.755 37.7254 24.0482 39.2861 13.4276 35.8404 38.6328 29.9483 0 22.1827 26.7105 37.1375 26.0048 40.1145 35.9379 20.166 31.3273 18.618 27.1849 20.9072 3.6219 24.3274 22.9646 6.05022 27.4892 27.3053 12.6092 5.85503 40.5021 20.1215 35.8294 34.2812 26.3868 33.1518 24.75 41.7514 29.0831 17.1862 12.0593 19.065 21.1758 25.1118 27.4562 10.9104 17.515 34.8206 32.4198 37.3661 37.5331 42.5016 21.294 25.3939 22.5112 44.0052 2.87134 21.189 15.9753 21.8413 27.3237 11.299 24.4051 17.8386 7.42394 13.8121 23.6999 23.9038 29.4991 3.82001 38.3697 24.1001 18.824 31.4668 31.7772 36.9855 21.4125 28.7643 
12.9652 2.15957 10.9972 7.24275 6.91382 14.7161 27.9618 10.147 24.7176 6.26399 12.8101 13.3977 24.9065 3.96998 13.8425 14.512 12.9154 23.0996 30.8053 19.0156 12.818 7.63227 4.16905 19.6331 23.2503 20.7239 18.1084 5.80176 26.3948 16.9007 14.6605 22.5557 11.0281 22.1827 0 28.6856 22.5962 5.10974 25.6938 26.4429 11.4779 26.1144 5.34683 17.1148 12.3331 18.5609 29.8136 4.72612 20.9311 13.081 22.0899 9.60874 16.3958 27.3816 14.0385 23.9192 18.1478 6.34975 26.5218 19.2238 23.0938 13.633 6.55358 19.1946 10.4363 23.5847 16.1893 15.7635 24.3459 11.2082 16.8062 11.7266 19.2933 20.8532 25.2306 9.18019 24.1497 18.049 27.6114 21.4337 16.3723 10.3147 15.4886 26.3083 12.0974 8.0486 7.04705 19.865 8.57552 23.8837 4.01664 22.8377 18.4015 22.0349 5.62101 4.32936 32.1822 9.69176 21.3407 0.890378 16.8073 
16.417 26.5265 28.2441 29.8068 22.0534 27.343 0.756493 21.2055 5.70407 34.9304 27.264 15.9784 11.2061 28.446 28.2565 14.6229 15.891 14.7601 9.03265 18.2164 16.8575 23.5185 24.5323 9.26103 5.47954 10.4564 30.245 34.2901 21.5515 15.0666 32.4011 25.2756 25.7471 26.7105 28.6856 0 22.4674 27.5754 23.9201 15.8527 17.2333 9.22769 30.476 14.9653 16.4693 25.7486 4.43998 33.0396 20.6612 19.9394 9.11691 26.2014 24.6756 22.5496 14.6518 18.6011 23.3285 34.9924 11.4421 10.5178 31.0113 21.1932 23.0593 15.0753 18.2669 5.95612 14.2522 16.8115 16.5565 17.7826 26.1782 29.502 27.4946 25.5367 29.2986 19.7362 4.98789 10.8461 29.0244 23.8392 12.3601 19.3541 13.407 3.79954 21.6599 22.5123 22.0635 19.406 24.3529 4.80192 32.6726 10.6645 25.2523 25.4905 24.7539 24.8803 4.75719 33.06 23.843 28.72 17.0297 
20.6187 21.2476 13.6441 28.6573 17.4759 32.5601 21.8443 13.0731 16.857 27.3663 31.1775 20.5792 11.5128 25.4624 32.5016 14.8295 18.7558 7.74975 17.1963 5.52985 13.7896 24.0709 19.9075 16.5732 18.9216 23.7239 10.3333 27.6044 4.24235 24.434 14.9037 2.90067 12.1328 37.1375 22.5962 22.4674 0 17.967 3.16717 8.24594 17.0463 13.7008 27.5307 10.2753 16.2413 34.1941 26.4426 26.9357 32.4352 10.2685 13.7811 28.1358 32.021 4.94896 17.1251 4.30968 4.66807 26.543 11.9918 14.3309 8.8925 9.14612 22.1316 26.759 18.3074 22.0683 12.3289 9.68927 31.8775 19.7185 7.46959 14.103 6.79768 3.9353 6.84332 16.5928 18.2269 16.0873 7.16818 34.8853 16.6751 21.5082 15.6716 18.672 26.3949 15.0142 20.9617 30.7863 25.8076 19.7759 25.6874 11.8381 33.7744 3.29107 17.0633 22.0008 22.4338 19.3326 2.0719 23.3004 8.40724 
13.643 4.86925 5.91301 12.2391 6.0462 19.0131 26.8239 6.82454 22.9065 9.48101 17.1707 14.0042 21.9465 8.86766 18.3266 12.9526 12.8847 19.5773 28.2213 15.0415 10.7667 10.7687 5.23493 18.3144 22.1095 21.2051 13.0201 9.6399 21.9445 18.245 9.94395 17.6632 6.03035 26.0048 5.10974 27.5754 17.967 0 20.9871 22.721 10.8017 23.4601 10.453 14.1869 11.307 22.4213 29.4352 8.99539 23.7913 9.3686 19.8649 13.8312 20.1502 22.8553 13.3172 19.7876 13.387 8.8285 23.4814 17.349 17.9841 9.43719 8.96487 20.8097 10.3707 23.1765 13.8284 12.5304 26.3455 11.7303 11.772 6.75027 14.219 15.9114 20.1678 8.12497 22.7256 16.7336 22.604 24.8414 15.3546 11.7331 14.1982 24.6954 15.0754 5.10433 8.6935 22.4965 12.2105 22.8648 7.72043 20.1271 22.1851 17.1164 2.90626 7.18279 30.492 6.32212 16.5511 5.9697 13.3154 
23.5906 24.385 16.3712 31.8179 20.6429 35.6816 23.354 16.2398 18.5021 30.3223 34.318 23.5284 12.7232 28.6127 35.6426 17.7247 21.7244 9.27354 17.6079 8.40019 16.8337 27.2245 23.0673 18.9489 20.916 26.2212 12.0397 30.6072 2.81545 27.246 17.0146 3.97178 15.0644 40.1145 25.6938 23.9201 3.16717 20.9871 0 8.51578 20.0988 14.8071 30.6695 13.0449 19.2607 37.2287 28.0882 29.976 35.285 13.4307 15.7235 31.2918 35.0757 2.67209 20.0296 5.35237 7.60167 29.4544 12.804 16.7268 9.18783 12.3077 25.2922 29.4939 21.3917 24.1911 15.127 12.6689 34.4675 22.7675 9.94699 16.6834 8.59154 5.76449 6.06082 19.7352 20.0518 18.6385 5.10871 37.8086 19.3959 24.5925 18.4739 20.1809 29.4735 18.1736 24.1172 33.6323 28.9587 21.7309 28.7016 13.5643 36.802 4.61208 20.1903 25.1666 23.2784 21.9135 4.49402 26.4118 11.3514 
20.0359 24.6387 19.9585 31.1597 20.0211 33.0057 15.3668 16.3061 10.8906 32.1024 32.0048 19.823 4.87489 28.3894 33.2984 14.259 18.2947 3.49085 9.11528 7.73187 14.5609 25.5003 22.8662 13.0852 13.8608 20.2711 18.3167 32.0437 5.85671 22.5287 22.361 11.0789 17.8369 35.9379 26.4429 15.8527 8.24594 22.721 8.51578 0 17.4938 6.62793 30.6103 9.8316 16.4588 33.5627 20.1912 31.1255 30.4671 13.4335 8.9944 29.4538 31.6498 6.74232 16.3428 3.98779 11.5564 31.5437 4.43374 11.1962 17.0621 13.3365 23.8968 24.3158 18.9812 17.273 11.5573 10.7655 28.5628 19.8902 14.845 20.7738 14.8594 12.1232 14.4464 18.2989 12.6875 13.4289 13.549 33.3379 14.8133 21.935 14.3944 12.28 26.4909 18.3974 22.6279 28.8419 27.0844 14.547 30.1135 6.64401 33.089 11.5283 20.8974 24.5277 14.7893 25.7616 10.2122 26.9564 9.64057 
3.91183 9.31978 13.4764 14.0726 4.89322 15.7512 16.5027 6.12433 13.3513 17.7394 14.5887 4.05782 14.633 11.8493 15.9008 3.43449 2.35537 14.0117 19.865 11.7709 3.26618 8.05791 7.31152 8.16815 11.7793 10.5479 18.5584 17.1736 19.6049 8.57272 18.278 18.4679 11.3633 20.166 11.4779 17.2333 17.0463 10.8017 20.0988 17.4938 0 15.3788 14.049 7.7327 1.0585 17.1495 18.6993 15.9651 15.9509 7.42391 11.0733 11.9612 14.9781 20.7934 2.59549 16.3217 14.1651 17.7613 16.2795 8.0361 21.9377 9.09372 6.69054 11.2235 1.49564 12.425 5.9522 7.47706 16.8818 2.67234 15.113 14.8153 17.535 17.4144 22.381 2.67727 12.6798 6.59822 23.8402 18.0711 4.89445 4.55604 4.09089 14.8625 9.39289 6.24016 5.4566 14.3618 9.59601 12.4353 15.4855 12.3381 16.7336 18.2145 7.89548 7.98913 20.7308 16.8866 16.8196 11.5786 8.81892 
16.7449 24.0642 22.3238 29.4372 19.227 29.6187 8.74014 16.6357 4.56293 32.2348 28.9409 16.4206 2.1989 27.1663 30.1578 11.9575 15.3215 6.00729 4.76141 10.4916 13.3058 23.2733 22.093 8.49105 7.86404 14.8542 22.627 31.9126 12.3498 18.0183 25.7418 16.5884 19.8965 31.3273 26.1144 9.22769 13.7008 23.4601 14.8071 6.62793 15.3788 0 29.3872 9.27645 14.3387 29.3967 13.5677 30.8184 25.5312 14.3557 4.40451 26.8873 27.7331 13.3268 13.42 9.58282 15.5233 31.943 2.27287 7.47407 22.5181 15.0383 22.0656 19.3289 16.8227 11.2062 9.92581 11.0157 22.8944 17.2117 18.6983 23.407 19.489 17.1545 20.421 17.0712 6.4768 9.50243 19.9139 28.5779 11.2778 19.2315 11.454 5.68735 23.1718 18.5002 20.8352 23.9783 24.6272 8.38899 30.0646 3.33297 28.9024 16.8954 21.0464 23.2543 8.77331 27.829 15.3264 26.4315 10.5525 
14.0684 6.28449 16.3432 2.34882 10.5904 10.7686 29.8006 14.6403 27.2882 6.73795 8.8922 14.5108 28.4704 2.23517 9.61842 17.4377 14.713 27.1663 33.9133 23.5161 16.2745 7.06609 7.78654 21.989 25.2645 21.2777 23.4538 5.50245 31.1574 16.8165 19.8658 27.6956 16.2983 18.618 5.34683 30.476 27.5307 10.453 30.6695 30.6103 14.049 29.3872 0 20.9169 15.0676 15.0876 30.8508 4.35204 18.7102 17.6038 25.1187 6.41776 13.2093 32.1991 16.3146 28.4534 23.2154 7.76883 30.1168 22.0841 28.4358 18.4204 7.49158 18.6096 12.673 24.883 19.6143 19.8483 23.0165 12.759 22.0754 17.0467 24.5912 26.0386 30.5112 12.439 26.3891 20.4987 32.8367 18.465 18.6848 11.1289 18.1087 28.6454 10.5652 12.5843 8.63303 17.999 6.82024 25.7567 5.34833 26.2501 15.0495 27.1975 10.4904 6.1569 34.4364 14.4695 26.4066 4.48493 21.0296 
10.7366 15.1614 13.4714 21.358 10.3899 23.4336 14.226 7.36499 9.49758 23.1068 22.3176 10.618 7.82398 18.6841 23.6268 4.78111 8.89031 6.34143 14.0377 4.75145 4.73099 15.6793 13.2784 6.85041 10.0976 13.5909 15.5039 22.871 12.1117 14.2016 17.4478 12.3862 10.9778 27.1849 17.1148 14.9653 10.2753 14.1869 13.0449 9.8316 7.7327 9.27645 20.9169 0 6.73095 24.4584 18.0943 21.8409 22.2417 5.20799 6.09121 19.6606 22.3972 13.3244 7.06705 8.70279 9.04436 22.7455 9.41811 4.75942 17.2257 6.25523 14.0672 16.4868 9.20066 12.6849 2.08516 1.8798 21.6338 10.2548 11.45 14.6703 13.1735 11.9178 16.5853 8.50986 10.0207 5.99277 17.4211 24.8063 6.40051 12.2559 5.42896 11.4586 16.9831 9.28097 12.7979 20.5886 17.285 10.992 20.9838 5.94514 24.0104 12.3359 11.8423 14.7839 16.8778 18.7259 10.7084 17.5242 2.24961 
4.44987 10.1831 13.5331 15.1242 5.58406 16.7127 15.7308 6.04047 12.4151 18.5965 15.589 4.49911 13.5755 12.8596 16.8966 2.3841 2.65772 12.981 18.8475 10.8943 2.48021 9.11423 8.16587 7.30787 10.9952 10.3661 18.2721 18.0693 18.6834 8.88005 18.2918 17.7699 11.3134 20.9072 12.3331 16.4693 16.2413 11.307 19.2607 16.4588 1.0585 14.3387 15.0676 6.73095 0 17.9682 18.1283 16.8781 16.4976 6.91585 10.0516 13.0027 15.8292 19.8788 2.04553 15.3664 13.553 18.5695 15.2223 7.03398 21.4523 8.61734 7.74004 11.4936 2.5513 11.8715 4.90736 6.59891 17.1087 3.55008 14.7022 14.877 17.0627 16.7893 21.7442 3.27004 11.8247 5.71819 23.1151 18.7341 4.11292 5.52554 3.15745 13.9753 10.3022 6.50864 6.49914 14.8841 10.6418 11.688 16.3488 11.2834 17.5417 17.5433 8.41447 8.97777 19.8492 17.2566 16.1065 12.4774 7.93289 
13.7218 17.6787 27.7568 12.8185 18.1788 4.49101 25.3342 22.1899 25.4949 21.8122 6.22985 13.8552 29.5986 14.9177 5.86646 19.6778 15.5737 30.2588 32.7058 28.8553 20.405 11.7015 17.313 20.946 22.2903 15.3995 34.302 20.5526 36.5627 11.3943 32.2859 35.5499 26.5085 3.6219 18.5609 25.7486 34.1941 22.4213 37.2287 33.5627 17.1495 29.3967 15.0876 24.4584 17.9682 0 23.9176 19.4396 5.88967 24.3399 25.2063 8.99499 2.30619 37.771 17.412 33.1559 31.1313 22.851 31.0817 22.4691 38.4409 25.8897 13.6663 10.6846 15.9467 19.9487 22.4169 24.5647 11.3436 14.4773 31.5089 28.8854 34.0757 34.3762 39.3356 18.0431 23.8033 20.23 40.9455 3.81634 18.7501 12.7825 19.2476 25.8729 7.95812 21.0087 14.385 6.56016 10.215 22.248 20.339 27.2958 0.501445 35.2573 20.5835 15.2386 30.4807 28.1595 33.9246 17.7921 25.8933 
16.9604 27.686 30.8712 29.8595 23.5898 26.1694 4.83216 23.5212 9.60416 35.9369 26.3994 16.5154 15.4488 28.982 27.2401 16.704 16.9216 18.8428 13.3654 21.8504 19.0592 23.7851 25.7688 11.5886 7.99872 9.66242 33.5873 35.1633 25.8093 14.3782 35.2727 29.1843 28.4116 24.3274 29.8136 4.43998 26.4426 29.4352 28.0882 20.1912 18.6993 13.5677 30.8508 18.0943 18.1283 23.9176 0 33.872 18.3829 22.7186 12.7451 25.8791 23.2039 26.841 16.1326 22.741 26.8655 36.1625 15.8126 13.3743 34.7723 24.1367 23.708 13.6062 19.4583 6.27517 16.9913 19.844 13.6194 18.6172 29.5225 32.1761 31.0522 29.2938 33.2855 21.3483 8.28498 13.0122 33.1734 21.4903 14.1233 19.839 15.3639 7.93609 21.1619 24.5322 22.8802 17.3739 24.3221 7.10732 33.6953 14.613 23.4398 29.3508 26.5413 25.729 8.17241 35.2728 27.6832 29.7167 20.2836 
