50
13.029 16.8285 0.901889 0
0.905407 8.22465 3.81952 0
0.426383 16.5372 0.573318 0
7.92553 21.5523 3.59536 0
5.80405 8.44599 1.41724 0
17.108 19.808 0.796777 0
0.376262 17.2044 1.89176 0
7.5355 8.14369 1.95172 1
15.2601 18.8617 0.409481 0
18.0559 19.9254 1.40747 0
8.87848 10.8315 1.61902 0
0.772179 10.0664 1.04643 0
15.675 19.0665 1.28025 0
13.4122 22.0907 0.698668 0
6.04735 8.25222 1.94481 0
1.0436 18.6377 1.53392 0
9.65596 10.3096 0.260852 0
3.3569 22.0966 1.88765 0
0.507464 15.8525 0.455597 0
18.6235 20.1953 27.228 0
16.5987 18.1719 1.8518 1
2.20038 20.4257 0.516125 1
13.3719 20.3676 2.13 0
4.81636 10.8202 0.471028 0
18.7817 22.9941 0.611863 0
8.21539 19.6498 14.0827 0
18.4177 23.9466 1.55185 0
0.769624 11.2106 24.7353 1
9.4749 23.2345 0.586138 0
18.7621 20.6567 1.31169 0
15.245 22.8534 0.528478 0
7.45041 19.576 0.965148 1
14.3129 23.5209 1.2705 0
6.18762 6.39496 2.22654 0
7.4246 22.9228 0.208888 0
8.3906 23.9765 1.6768 0
8.67514 15.396 2.26401 0
5.55253 19.244 21.3689 1
4.31847 14.4172 0.477409 0
7.70247 7.90562 1.66785 1
2.75754 19.2024 0.690846 0
9.13048 14.2805 0.596091 0
9.39848 16.7842 16.3906 0
4.50904 17.0866 29.1421 1
16.9278 22.4799 1.49794 0
0.976955 14.4921 14.1229 1
17.8796 21.0138 1.27625 0
5.3826 5.99282 2.10137 1
12.6636 22.4851 0.238517 1
9.65205 19.0226 21.5864 0
400 50 500
0.025 0.0125 10000 3000 15 1e+06 300000 4 6
0 13.4754 10.4687 7.82389 8.31619 9.86436 6.3739 9.36486 13.3646 10.6665 15.9434 12.8954 8.1552 14.8925 8.35981 10.097 8.96188 15.9703 12.8006 11.4675 7.90982 6.79042 11.3238 11.0073 8.17937 6.36426 14.2375 12.762 11.1879 2.39773 11.4328 5.58984 8.04131 8.52641 7.28738 9.95696 10.0242 7.5635 5.68297 10.1608 13.7943 3.42096 3.72241 7.3196 16.9612 8.33083 4.01809 5.25171 3.87898 6.25164 12.9263 
13.4754 0 10.5495 18.7723 13.5465 12.3231 18.2469 4.67164 5.34361 14.8819 2.67048 5.65897 9.31997 2.00759 10.4303 6.61466 8.48361 2.60771 4.97617 10.7065 21.113 14.59 9.92598 11.1237 11.6427 16.3101 3.34823 13.5106 5.92503 15.8681 4.30739 13.1067 5.676 21.4574 12.2935 7.71484 13.6765 7.88955 18.933 3.6961 5.86468 13.0765 13.9238 13.92 3.98947 12.1732 10.5797 14.1457 13.8474 16.6919 3.44399 
10.4687 10.5495 0 10.8296 16.535 16.8448 11.2461 6.70951 6.31143 4.52773 13.0136 14.36 13.6248 12.5563 2.10952 13.0299 2.55585 12.8474 13.8107 1.00098 15.1841 6.26027 1.17001 0.713254 15.2924 16.4647 8.59209 3.26338 4.67913 12.2476 6.25496 14.3965 6.9194 14.9538 15.0891 2.87176 3.41379 11.8463 13.5367 10.0682 6.27538 12.7982 13.5169 5.21834 14.4139 15.7333 6.61047 6.9389 13.5911 16.4944 7.52244 
7.82389 18.7723 10.8296 0 16.0223 17.6831 1.81175 14.1059 16.438 7.71275 21.4379 19.8681 15.8261 20.5784 9.36316 17.3016 11.173 21.378 19.6198 11.623 5.3457 4.61753 11.9989 10.9114 16.0031 13.0652 18.2214 11.0648 14.2638 7.05509 15.3107 13.2945 13.1753 4.61876 15.0896 12.3191 8.05815 14.9077 4.98015 16.2857 16.6127 11.1364 11.1937 5.62245 22.6881 16.1446 8.39534 4.63343 11.3812 12.6997 16.9057 
8.31619 13.5465 16.535 16.0223 0 2.33636 14.4083 11.8432 16.4041 18.2429 15.0465 9.57168 4.22838 13.9039 14.6725 7.13914 14.218 15.216 9.93766 17.4183 14.4856 14.8293 16.968 17.2175 1.92378 4.49299 15.9873 19.5114 14.8684 9.1736 14.1511 2.73338 10.6876 15.4858 1.46895 14.7234 17.3475 5.80453 12.5693 9.98599 16.9933 4.90584 4.86529 15.1202 15.4415 1.42084 10.4073 13.3497 4.67157 5.08254 15.0427 
9.86436 12.3231 16.8448 17.6831 2.33636 0 16.1591 11.4175 15.82 19.0756 13.5035 7.73831 3.37096 12.3907 15.1463 5.71343 14.3921 13.7001 8.19718 17.6562 16.5812 15.9851 17.1241 17.549 1.7223 6.82329 15.0728 19.9667 14.5464 11.0755 13.6049 4.58077 10.4394 17.5332 2.62459 14.7227 18.088 5.21868 14.5837 9.00808 16.4265 6.60922 6.79032 16.1379 13.7391 1.54714 11.2215 14.5789 6.59483 7.41103 14.2762 
6.3739 18.2469 11.2461 1.81175 14.4083 16.1591 0 13.6322 16.4179 8.74489 20.8884 18.8589 14.502 19.9682 9.53766 16.1931 11.1759 20.8516 18.6617 12.1233 4.08273 5.02981 12.3956 11.4381 14.5059 11.3 18.0183 11.9641 14.1883 5.32652 15.0751 11.6963 12.5797 3.70805 13.5456 12.3404 8.8678 13.7299 3.24919 15.5035 16.6559 9.56439 9.55167 6.08936 22.0843 14.6135 7.68404 4.46048 9.74288 10.9201 16.6804 
9.36486 4.67164 6.70951 14.1059 11.8432 11.4175 13.6322 0 4.59674 10.6377 7.34167 7.65409 8.04722 6.54807 6.04461 6.62174 4.26721 7.27359 7.10139 7.18325 16.6785 9.93883 6.47028 7.38632 10.1744 13.446 4.89235 9.93843 3.14455 11.7472 2.35422 10.5254 1.36892 16.9405 10.3998 3.9182 9.42743 6.20748 14.5465 3.37472 5.16906 9.82021 10.6862 9.31198 8.62979 10.6926 6.02927 9.47637 10.6625 13.7073 3.62291 
13.3646 5.34361 6.31143 16.438 16.4041 15.82 16.4179 4.59674 0 10.8359 7.27553 10.6099 12.4771 7.16206 7.12298 10.5537 5.26809 7.05354 9.94205 6.10032 19.9619 11.8576 5.35596 6.69114 14.6844 17.9829 2.43331 8.72964 2.25479 15.6522 2.25442 15.1148 5.88715 20.0064 14.9726 4.11939 9.71947 10.6781 17.9825 7 0.612186 14.3028 15.1607 10.9434 8.65754 15.2108 9.531 11.9692 15.1527 18.2161 1.92137 
10.6665 14.8819 4.52773 7.71275 18.2429 19.0756 8.74489 10.6377 10.8359 0 17.4245 18.0752 16.1783 16.8847 4.60947 16.2899 6.42712 17.2741 17.5979 4.86481 12.8205 4.16345 5.52795 4.19008 17.3929 17.0307 13.1134 3.40197 9.142 11.6675 10.656 15.7337 10.4337 12.2771 16.9068 7.19038 1.21224 14.5947 11.6966 13.8221 10.7748 13.7613 14.2844 3.37424 18.815 17.7468 7.86914 5.60907 14.4121 16.9017 12.0107 
15.9434 2.67048 13.0136 21.4379 15.0465 13.5035 20.8884 7.34167 7.27553 17.4245 0 5.97954 10.8677 1.15327 13.0393 7.90836 11.0731 0.286595 5.39326 13.0748 23.673 17.2572 12.2947 13.5475 13.1232 18.2456 4.8925 15.8405 8.33699 18.3206 6.77188 15.0021 8.30877 24.053 13.93 10.2345 16.2275 9.72813 21.4776 5.8513 7.68065 15.2387 16.0605 16.5765 1.4041 13.6321 13.2099 16.8135 15.965 18.6722 5.57387 
12.8954 5.65897 14.36 19.8681 9.57168 7.73831 18.8589 7.65409 10.6099 18.0752 5.97954 0 5.73953 4.97004 13.4796 2.88686 11.874 6.21494 0.683798 14.8249 20.7811 16.5023 14.0952 15.0401 7.70673 13.372 8.96285 17.5922 10.3655 15.0426 8.86976 10.1966 7.64147 21.4199 8.70435 11.5626 16.8848 5.41058 18.561 4.29597 11.1951 11.0855 11.7787 16.1514 6.02625 8.16089 11.584 15.5685 11.6362 13.8785 8.71668 
8.1552 9.31997 13.6248 15.8261 4.22838 3.37096 14.502 8.04722 12.4771 16.1783 10.8677 5.73953 0 9.71865 12.0319 3.01413 11.1297 11.0262 5.97312 14.3995 15.7184 13.4557 13.8385 14.3349 2.32543 7.63683 11.8521 16.8018 11.1756 9.94967 10.2505 4.4624 7.08118 16.5073 3.06808 11.3983 15.1268 1.85099 13.5566 5.80178 13.0809 5.61402 6.19756 13.4549 11.3509 2.85914 8.4695 12.172 6.03618 8.13926 10.985 
14.8925 2.00759 12.5563 20.5784 13.9039 12.3907 19.9682 6.54807 7.16206 16.8847 1.15327 4.97004 9.71865 0 12.4138 6.76871 10.478 1.31371 4.35086 12.701 22.6652 16.4864 11.9198 13.127 11.9802 17.0945 4.91861 15.4995 7.9215 17.26 6.30931 13.8504 7.40744 23.0738 12.7794 9.72213 15.6781 8.57733 20.4611 4.75645 7.63314 14.1088 14.9265 15.8498 2.11611 12.4912 12.2842 15.9702 14.8287 17.5231 5.32709 
8.35981 10.4303 2.10952 9.36316 14.6725 15.1463 9.53766 6.04461 7.12298 4.60947 13.0393 13.4796 12.0319 12.4138 0 11.8071 1.98621 12.9132 12.9933 3.10978 13.3565 4.75331 3.06182 2.67246 13.5393 14.3963 9.10799 4.84249 5.05037 10.1564 6.36579 12.4338 5.84173 13.2217 13.2476 3.03053 3.40839 10.3273 11.6064 9.21545 7.25999 10.7602 11.458 3.8204 14.4073 13.9548 4.53893 5.10777 11.5391 14.4116 7.86899 
10.097 6.61466 13.0299 17.3016 7.13914 5.71343 16.1931 6.62174 10.5537 16.2899 7.90836 2.88686 3.01413 6.76871 11.8071 0 10.4751 8.08202 3.0021 13.6513 17.949 14.2441 12.9882 13.7378 5.21684 10.6168 9.49249 16.2918 9.7017 12.1918 8.46628 7.39869 6.11172 18.6207 6.07572 10.4336 15.1424 2.54793 15.7357 3.55373 11.1656 8.19985 8.90119 14.0189 8.34064 5.72375 9.21143 13.1752 8.76213 11.1015 8.8425 
8.96188 8.48361 2.55585 11.173 14.218 14.3921 11.1759 4.26721 5.26809 6.42712 11.0731 11.874 11.1297 10.478 1.98621 10.4751 0 10.9414 11.3456 3.26984 14.8275 6.61285 2.7513 3.26627 12.8815 14.5572 7.14557 5.81669 3.10771 11.0295 4.37962 12.233 4.36645 14.8019 12.7571 1.1649 5.21558 9.33029 12.9402 7.57821 5.48032 10.8219 11.6001 5.74457 12.4483 13.3403 4.94414 6.7174 11.6495 14.6528 5.89024 
15.9703 2.60771 12.8474 21.378 15.216 13.7001 20.8516 7.27359 7.05354 17.2741 0.286595 6.21494 11.0262 1.31371 12.9132 8.08202 10.9414 0 5.61856 12.8911 23.6743 17.1694 12.1119 13.3729 13.2923 18.3681 4.65704 15.6484 8.16849 18.3524 6.61812 15.1272 8.27515 24.0405 14.0842 10.084 16.0799 9.8518 21.4839 5.91695 7.44769 15.3259 16.1525 16.4758 1.60467 13.804 13.1792 16.7498 16.0598 18.789 5.38079 
12.8006 4.97617 13.8107 19.6198 9.93766 8.19718 18.6617 7.10139 9.94205 17.5979 5.39326 0.683798 5.97312 4.35086 12.9933 3.0021 11.3456 5.61856 0 14.2513 20.7051 16.148 13.5146 14.4846 8.04533 13.6043 8.2793 17.0304 9.74628 14.9974 8.23267 10.3965 7.17252 21.3105 8.9957 10.9944 16.4015 5.42972 18.4802 3.77963 10.5249 11.1596 11.8824 15.7618 5.54289 8.51894 11.2861 15.2611 11.7479 14.0959 8.04427 
11.4675 10.7065 1.00098 11.623 17.4183 17.6562 12.1233 7.18325 6.10032 4.86481 13.0748 14.8249 14.3995 12.701 3.10978 13.6513 3.26984 12.8911 14.2513 0 16.095 7.10756 0.781492 0.721798 16.1304 17.4406 8.47483 2.81646 4.78155 13.246 6.4032 15.3258 7.5505 15.8303 15.9654 3.26514 3.88347 12.5978 14.4853 10.5579 5.96913 13.7617 14.4893 6.05265 14.4789 16.5814 7.59356 7.87316 14.5604 17.4775 7.51519 
7.90982 21.113 15.1841 5.3457 14.4856 16.5812 4.08273 16.6785 19.9619 12.8205 23.673 20.7811 15.7184 22.6652 13.3565 17.949 14.8275 23.6743 20.7051 16.095 0 9.06158 16.312 15.4265 15.1087 10.5028 21.337 16.0448 17.708 5.77947 18.4008 12.0103 15.4775 1.20945 13.9987 15.9852 12.9445 15.4018 2.22715 17.9895 20.2593 10.1838 9.81976 10.1158 24.7605 15.0702 10.6649 8.26048 10.0121 9.98286 19.9913 
6.79042 14.59 6.26027 4.61753 14.8293 15.9851 5.02981 9.93883 11.8576 4.16345 17.2572 16.5023 13.4557 16.4864 4.75331 14.2441 6.61285 17.1694 16.148 7.10756 9.06158 0 7.42344 6.41479 14.2648 13.1027 13.7308 7.06818 9.71937 7.53548 10.8673 12.1853 9.21657 8.73036 13.6042 7.74083 3.96183 12.1361 7.67564 12.5482 12.0119 10.0913 10.5016 1.0596 18.5658 14.5454 5.05662 1.54206 10.6492 12.9236 12.4398 
11.3238 9.92598 1.17001 11.9989 16.968 17.1241 12.3956 6.47028 5.35596 5.52795 12.2947 14.0952 13.8385 11.9198 3.06182 12.9882 2.7513 12.1119 13.5146 0.781492 16.312 7.42344 0 1.34243 15.6275 17.1705 7.7132 3.59083 4.00127 13.2003 5.62389 14.9495 6.90932 16.1021 15.5078 2.56095 4.48115 12.0211 14.6281 9.84168 5.25422 13.4613 14.2125 6.38496 13.6988 16.089 7.37524 8.05526 14.2743 17.2324 6.73781 
11.0073 11.1237 0.713254 10.9114 17.2175 17.549 11.4381 7.38632 6.69114 4.19008 13.5475 15.0401 14.3349 13.127 2.67246 13.7378 3.26627 13.3729 14.4846 0.721798 15.4265 6.41479 1.34243 0 15.9908 17.0679 9.03043 2.56178 5.21518 12.7144 6.81772 15.0529 7.62645 15.1432 15.7749 3.50937 3.1747 12.5585 13.8487 10.7522 6.59664 13.4218 14.1273 5.35724 14.9505 16.4288 7.20968 7.22975 14.2063 17.0839 8.01631 
8.17937 11.6427 15.2924 16.0031 1.92378 1.7223 14.5059 10.1744 14.6844 17.3929 13.1232 7.70673 2.32543 11.9802 13.5393 5.21684 12.8815 13.2923 8.04533 16.1304 15.1087 14.2648 15.6275 15.9908 0 5.8855 14.1543 18.3739 13.2592 9.50352 12.4403 3.13441 9.09627 16.0201 1.17149 13.2831 16.4215 4.01149 13.058 8.11891 15.2818 5.00379 5.28973 14.4273 13.5309 0.535973 9.52909 12.8566 5.09849 6.44487 13.253 
6.36426 16.3101 16.4647 13.0652 4.49299 6.82329 11.3 13.446 17.9829 17.0307 18.2456 13.372 7.63683 17.0945 14.3963 10.6168 14.5572 18.3681 13.6043 17.4406 10.5028 13.1027 17.1705 17.0679 5.8855 0 18.1462 19.013 16.0708 6.03091 15.7866 3.2466 12.1074 11.6031 4.75125 15.3543 16.3689 8.51748 8.85403 12.6141 18.515 3.74988 2.95893 13.68 18.8758 5.58703 9.85846 11.5614 2.90968 0.591604 16.999 
14.2375 3.34823 8.59209 18.2214 15.9873 15.0728 18.0183 4.89235 2.43331 13.1134 4.8925 8.96285 11.8521 4.91861 9.10799 9.49249 7.14557 4.65704 8.2793 8.47483 21.337 13.7308 7.7132 9.03043 14.1543 18.1462 0 11.1488 4.06168 16.6072 2.94653 15.0858 6.25251 21.4961 14.6241 6.08977 11.9631 10.1839 19.2623 6.0672 2.79114 14.615 15.483 12.8889 6.25505 14.6901 10.6954 13.6415 15.4443 18.4497 1.34591 
12.762 13.5106 3.26338 11.0648 19.5114 19.9667 11.9641 9.93843 8.72964 3.40197 15.8405 17.5922 16.8018 15.4995 4.84249 16.2918 5.81669 15.6484 17.0304 2.81646 16.0448 7.06818 3.59083 2.56178 18.3739 19.013 11.1488 0 7.58884 14.1835 9.21299 17.2316 10.1823 15.5762 18.0895 6.03781 3.11111 15.0499 14.7438 13.3084 8.5078 15.472 16.1196 6.06889 17.2438 18.7941 9.24976 8.26975 16.2171 18.9731 10.2679 
11.1879 5.92503 4.67913 14.2638 14.8684 14.5464 14.1883 3.14455 2.25479 9.142 8.33699 10.3655 11.1756 7.9215 5.05037 9.7017 3.10771 8.16849 9.74628 4.78155 17.708 9.71937 4.00127 5.21518 13.2592 16.0708 4.06168 7.58884 0 13.4454 1.62509 13.3393 4.18075 17.7613 13.4093 2.02815 7.96591 9.32909 15.7286 6.27188 2.61401 12.3462 13.1906 8.84802 9.73876 13.7694 7.30276 9.75069 13.198 16.2665 2.87374 
2.39773 15.8681 12.2476 7.05509 9.1736 11.0755 5.32652 11.7472 15.6522 11.6675 18.3206 15.0426 9.94967 17.26 10.1564 12.1918 11.0295 18.3524 14.9974 13.246 5.77947 7.53548 13.2003 12.7144 9.50352 6.03091 16.6072 14.1835 13.4454 0 13.7754 6.51606 10.4321 6.56799 8.45296 12.0856 11.2374 9.64419 3.60835 12.5156 16.059 4.50387 4.31548 8.31249 19.3174 9.53358 6.16066 6.05923 4.51107 5.70597 15.2885 
11.4328 4.30739 6.25496 15.3107 14.1511 13.6049 15.0751 2.35422 2.25442 10.656 6.77188 8.86976 10.2505 6.30931 6.36579 8.46628 4.37962 6.61812 8.23267 6.4032 18.4008 10.8673 5.62389 6.81772 12.4403 15.7866 2.94653 9.21299 1.62509 13.7754 0 12.8797 3.67986 18.5504 12.7184 3.46634 9.46305 8.43927 16.3397 4.94015 2.84321 12.1365 12.9996 10.0694 8.16755 12.9652 7.78008 10.7132 12.9829 16.0371 1.60526 
5.58984 13.1067 14.3965 13.2945 2.73338 4.58077 11.6963 10.5254 15.1148 15.7337 15.0021 10.1966 4.4624 13.8504 12.4338 7.39869 12.233 15.1272 10.3965 15.3258 12.0103 12.1853 14.9495 15.0529 3.13441 3.2466 15.0858 17.2316 13.3393 6.51606 12.8797 0 9.23565 12.9529 1.99209 12.8847 14.8972 5.2754 10.0031 9.41282 15.6726 2.17331 2.21116 12.535 15.6308 3.05987 8.00386 10.6854 2.01529 3.70606 13.9924 
8.04131 5.676 6.9194 13.1753 10.6876 10.4394 12.5797 1.36892 5.88715 10.4337 8.30877 7.64147 7.08118 7.40744 5.84173 6.11172 4.36645 8.27515 7.17252 7.5505 15.4775 9.21657 6.90932 7.62645 9.09627 12.1074 6.25251 10.1823 4.18075 10.4321 3.67986 9.23565 0 15.7902 9.22891 4.3823 9.24406 5.23145 13.3201 3.41639 6.43799 8.46209 9.32689 8.70479 9.52111 9.60105 4.90421 8.58297 9.30668 12.358 4.9916 
8.52641 21.4574 14.9538 4.61876 15.4858 17.5332 3.70805 16.9405 20.0064 12.2771 24.053 21.4199 16.5073 23.0738 13.2217 18.6207 14.8019 24.0405 21.3105 15.8303 1.20945 8.73036 16.1021 15.1432 16.0201 11.6031 21.4961 15.5762 17.7613 6.56799 18.5504 12.9529 15.7902 0 14.9311 15.9662 12.5061 16.0813 2.96611 18.4535 20.2712 11.0487 10.747 9.78967 25.1809 16.0084 10.912 8.11965 10.9416 11.0964 20.1514 
7.28738 12.2935 15.0891 15.0896 1.46895 2.62459 13.5456 10.3998 14.9726 16.9068 13.93 8.70435 3.06808 12.7794 13.2476 6.07572 12.7571 14.0842 8.9957 15.9654 13.9987 13.6042 15.5078 15.7749 1.17149 4.75125 14.6241 18.0895 13.4093 8.45296 12.7184 1.99209 9.22891 14.9311 0 13.255 15.9842 4.45232 11.9754 8.67583 15.5584 3.98703 4.1844 13.8402 14.4161 1.08072 9.04662 12.1543 3.99021 5.30053 13.6474 
9.95696 7.71484 2.87176 12.3191 14.7234 14.7227 12.3404 3.9182 4.11939 7.19038 10.2345 11.5626 11.3983 9.72213 3.03053 10.4336 1.1649 10.084 10.9944 3.26514 15.9852 7.74083 2.56095 3.50937 13.2831 15.3543 6.08977 6.03781 2.02815 12.0856 3.46634 12.8847 4.3823 15.9662 13.255 0 5.99676 9.56207 14.0837 7.29278 4.31663 11.6054 12.4096 6.84285 11.6265 13.763 5.94882 7.88142 12.4456 15.4822 4.88361 
10.0242 13.6765 3.41379 8.05815 17.3475 18.088 8.8678 9.42743 9.71947 1.21224 16.2275 16.8848 15.1268 15.6781 3.40839 15.1424 5.21558 16.0799 16.4015 3.88347 12.9445 3.96183 4.48115 3.1747 16.4215 16.3689 11.9631 3.11111 7.96591 11.2374 9.46305 14.8972 9.24406 12.5061 15.9842 5.99676 0 13.5075 11.6363 12.6238 9.68848 12.9866 13.5566 2.98655 17.6158 16.7924 6.94074 5.22831 13.6738 16.2757 10.8385 
7.5635 7.88955 11.8463 14.9077 5.80453 5.21868 13.7299 6.20748 10.6781 14.5947 9.72813 5.41058 1.85099 8.57733 10.3273 2.54793 9.33029 9.8518 5.42972 12.5978 15.4018 12.1361 12.0211 12.5585 4.01149 8.51748 10.1839 15.0499 9.32909 9.64419 8.43927 5.2754 5.23145 16.0813 4.45232 9.56207 13.5075 0 13.1898 4.2326 11.2778 5.74204 6.49276 12.0322 10.3959 4.54225 7.08353 10.9549 6.37025 8.94833 9.24828 
5.68297 18.933 13.5367 4.98015 12.5693 14.5837 3.24919 14.5465 17.9825 11.6966 21.4776 18.561 13.5566 20.4611 11.6064 15.7357 12.9402 21.4839 18.4802 14.4853 2.22715 7.67564 14.6281 13.8487 13.058 8.85403 19.2623 14.7438 15.7286 3.60835 16.3397 10.0031 13.3201 2.96611 11.9754 14.0837 11.6363 13.1898 0 15.7735 18.3088 8.08264 7.79373 8.68913 22.5523 13.0542 8.56745 6.61984 7.98902 8.38658 17.9187 
10.1608 3.6961 10.0682 16.2857 9.98599 9.00808 15.5035 3.37472 7 13.8221 5.8513 4.29597 5.80178 4.75645 9.21545 3.55373 7.57821 5.91695 3.77963 10.5579 17.9895 12.5482 9.84168 10.7522 8.11891 12.6141 6.0672 13.3084 6.27188 12.5156 4.94015 9.41282 3.41639 18.4535 8.67583 7.29278 12.6238 4.2326 15.7735 0 7.61185 9.4283 10.2655 12.0908 6.80208 8.65465 7.89093 11.7857 10.1816 12.9985 5.31042 
13.7943 5.86468 6.27538 16.6127 16.9933 16.4265 16.6559 5.16906 0.612186 10.7748 7.68065 11.1951 13.0809 7.63314 7.25999 11.1656 5.48032 7.44769 10.5249 5.96913 20.2593 12.0119 5.25422 6.59664 15.2818 18.515 2.79114 8.5078 2.61401 16.059 2.84321 15.6726 6.43799 20.2712 15.5584 4.31663 9.68848 11.2778 18.3088 7.61185 0 14.8218 15.6766 11.071 9.04618 15.8074 9.91597 12.1977 15.6728 18.7391 2.48456 
3.42096 13.0765 12.7982 11.1364 4.90584 6.60922 9.56439 9.82021 14.3028 13.7613 15.2387 11.0855 5.61402 14.1088 10.7602 8.19985 10.8219 15.3259 11.1596 13.7617 10.1838 10.0913 13.4613 13.4218 5.00379 3.74988 14.615 15.472 12.3462 4.50387 12.1365 2.17331 8.46209 11.0487 3.98703 11.6054 12.9866 5.74204 8.08264 9.4283 14.8218 0 0.867991 10.5 16.0353 5.06215 6.23335 8.57441 0.851939 3.92071 13.4178 
3.72241 13.9238 13.5169 11.1937 4.86529 6.79032 9.55167 10.6862 15.1607 14.2844 16.0605 11.7787 6.19756 14.9265 11.458 8.90119 11.6001 16.1525 11.8824 14.4893 9.81976 10.5016 14.2125 14.1273 5.28973 2.95893 15.483 16.1196 13.1906 4.31548 12.9996 2.21116 9.32689 10.747 4.1844 12.4096 13.5566 6.49276 7.79373 10.2655 15.6766 0.867991 0 10.9785 16.8347 5.26145 6.9194 8.9672 0.196102 3.08098 14.2853 
7.3196 13.92 5.21834 5.62245 15.1202 16.1379 6.08936 9.31198 10.9434 3.37424 16.5765 16.1514 13.4549 15.8498 3.8204 14.0189 5.74457 16.4758 15.7618 6.05265 10.1158 1.0596 6.38496 5.35724 14.4273 13.68 12.8889 6.06889 8.84802 8.31249 10.0694 12.535 8.70479 9.78967 13.8402 6.84285 2.98655 12.0322 8.68913 12.0908 11.071 10.5 10.9785 0 17.9075 14.7401 4.98542 2.26029 11.1143 13.5384 11.6194 
16.9612 3.98947 14.4139 22.6881 15.4415 13.7391 22.0843 8.62979 8.65754 18.815 1.4041 6.02625 11.3509 2.11611 14.4073 8.34064 12.4483 1.60467 5.54289 14.4789 24.7605 18.5658 13.6988 14.9505 13.5309 18.8758 6.25505 17.2438 9.73876 19.3174 8.16755 15.6308 9.52111 25.1809 14.4161 11.6265 17.6158 10.3959 22.5523 6.80208 9.04618 16.0353 16.8347 17.9075 0 14.0206 14.4004 18.0753 16.7272 19.3287 6.97636 
8.33083 12.1732 15.7333 16.1446 1.42084 1.54714 14.6135 10.6926 15.2108 17.7468 13.6321 8.16089 2.85914 12.4912 13.9548 5.72375 13.3403 13.804 8.51894 16.5814 15.0702 14.5454 16.089 16.4288 0.535973 5.58703 14.6901 18.7941 13.7694 9.53358 12.9652 3.05987 9.60105 16.0084 1.08072 13.763 16.7924 4.54225 13.0542 8.65465 15.8074 5.06215 5.26145 14.7401 14.0206 0 9.8778 13.1167 5.06675 6.15923 13.7864 
4.01809 10.5797 6.61047 8.39534 10.4073 11.2215 7.68404 6.02927 9.531 7.86914 13.2099 11.584 8.4695 12.2842 4.53893 9.21143 4.94414 13.1792 11.2861 7.59356 10.6649 5.05662 7.37524 7.20968 9.52909 9.85846 10.6954 9.24976 7.30276 6.16066 7.78008 8.00386 4.90421 10.912 9.04662 5.94882 6.94074 7.08353 8.56745 7.89093 9.91597 6.23335 6.9194 4.98542 14.4004 9.8778 0 3.98606 7.00247 9.8843 9.3525 
5.25171 14.1457 6.9389 4.63343 13.3497 14.5789 4.46048 9.47637 11.9692 5.60907 16.8135 15.5685 12.172 15.9702 5.10777 13.1752 6.7174 16.7498 15.2611 7.87316 8.26048 1.54206 8.05526 7.22975 12.8566 11.5614 13.6415 8.26975 9.75069 6.05923 10.7132 10.6854 8.58297 8.11965 12.1543 7.88142 5.22831 10.9549 6.61984 11.7857 12.1977 8.57441 8.9672 2.26029 18.0753 13.1167 3.98606 0 9.117 11.386 12.3146 
3.87898 13.8474 13.5911 11.3812 4.67157 6.59483 9.74288 10.6625 15.1527 14.4121 15.965 11.6362 6.03618 14.8287 11.5391 8.76213 11.6495 16.0598 11.7479 14.5604 10.0121 10.6492 14.2743 14.2063 5.09849 2.90968 15.4443 16.2171 13.198 4.51107 12.9829 2.01529 9.30668 10.9416 3.99021 12.4456 13.6738 6.37025 7.98902 10.1816 15.6728 0.851939 0.196102 11.1143 16.7272 5.06675 7.00247 9.117 0 3.06878 14.2547 
6.25164 16.6919 16.4944 12.6997 5.08254 7.41103 10.9201 13.7073 18.2161 16.9017 18.6722 13.8785 8.13926 17.5231 14.4116 11.1015 14.6528 18.789 14.0959 17.4775 9.98286 12.9236 17.2324 17.0839 6.44487 0.591604 18.4497 18.9731 16.2665 5.70597 16.0371 3.70606 12.358 11.0964 5.30053 15.4822 16.2757 8.94833 8.38658 12.9985 18.7391 3.92071 3.08098 13.5384 19.3287 6.15923 9.8843 11.386 3.06878 0 17.2825 
12.9263 3.44399 7.52244 16.9057 15.0427 14.2762 16.6804 3.62291 1.92137 12.0107 5.57387 8.71668 10.985 5.32709 7.86899 8.8425 5.89024 5.38079 8.04427 7.51519 19.9913 12.4398 6.73781 8.01631 13.253 16.999 1.34591 10.2679 2.87374 15.2885 1.60526 13.9924 4.9916 20.1514 13.6474 4.88361 10.8385 9.24828 17.9187 5.31042 2.48456 13.4178 14.2853 11.6194 6.97636 13.7864 9.3525 12.3146 14.2547 17.2825 0 
