50
3.34016 22.2023 1.00316 0
3.18492 21.1033 2.04214 1
0.543491 12.2915 1.6127 0
17.2265 23.064 1.43355 1
0.367752 23.7297 1.32907 0
2.82181 22.3341 1.2953 0
10.5987 17.6057 24.8144 0
11.3709 17.0881 2.16864 0
16.3062 20.9604 0.889677 0
10.6744 11.6737 1.70556 0
16.7279 23.2078 1.65735 0
9.97263 18.0264 0.63662 0
6.89566 17.7339 1.39868 0
4.65896 11.4107 1.36272 0
6.16115 14.6285 9.69813 0
8.68776 10.5385 19.0179 0
4.21047 21.3896 1.13864 0
5.6354 12.8828 2.13213 0
2.52995 17.6413 1.43775 0
4.36998 22.2947 0.246397 0
2.45989 4.46395 0.218952 0
12.0227 15.7866 1.83993 0
0.800684 18.3918 1.95483 0
8.14492 16.2114 14.7905 0
5.65764 16.7099 1.05781 0
8.90485 10.4713 2.26083 0
10.2151 19.1189 0.522598 1
4.67273 7.1859 1.43619 0
11.8153 22.3228 2.05354 0
10.5949 12.7176 0.747373 0
9.87905 23.163 1.8744 0
13.8066 22.5103 1.96318 0
10.1148 22.7491 2.16524 0
5.57361 8.4871 0.699065 0
15.8389 17.4811 0.429067 0
3.52286 6.29105 19.8069 1
2.55919 4.43593 1.80191 1
17.3443 19.9872 1.37611 0
8.32236 11.1881 1.28 1
1.60126 19.99 1.66418 0
6.69022 10.5513 1.69508 1
4.72917 23.6368 1.96977 1
8.16684 16.098 1.1432 0
16.2836 23.8036 1.06013 0
0.884949 15.168 22.8367 0
5.89925 17.4082 1.12601 0
17.6461 23.8568 0.749858 0
16.3797 22.029 0.618582 0
1.01267 5.01976 0.956768 0
2.93948 21.5077 1.42775 0
400 50 500
0.025 0.0125 10000 3000 15 1e+06 300000 2 2
0 4.7945 4.26745 5.59588 2.50886 2.46903 2.36951 4.12699 2.86253 6.43092 6.13497 6.44117 2.53395 4.57975 2.93469 0.620472 6.76494 3.80607 2.69547 3.56052 5.21729 2.61662 4.08672 3.76217 6.55005 1.59407 4.89154 5.14702 1.18007 5.66902 6.19205 5.82775 3.27233 1.48131 0.699493 4.82605 4.31387 3.92369 5.76688 1.6422 1.07941 3.60756 5.49426 0.402945 3.69027 5.57782 3.66345 4.00683 4.30998 7.18847 3.49921 
4.7945 0 4.98067 9.01403 2.66076 5.73471 2.66963 2.0747 3.39405 4.8752 9.67658 4.49649 4.3685 2.88915 1.9647 5.36807 4.01029 2.29232 4.19825 7.96933 4.13053 5.31208 5.79347 6.38288 1.95844 3.68434 3.83023 1.40855 5.88905 5.61825 1.67282 1.24904 5.64178 3.79047 4.31186 1.9484 8.30911 0.871055 1.05957 3.15772 4.87566 5.20703 0.795686 5.03071 7.61172 2.27286 7.28328 8.42614 2.53204 5.41008 3.20864 
4.26745 4.98067 0 4.61448 3.00567 6.68738 3.18063 2.9341 5.91741 2.68902 5.28271 2.96392 6.23615 2.35226 3.61556 4.31037 3.78348 5.93235 6.27432 7.54506 8.01089 6.7009 1.07814 7.93239 6.8484 4.92539 7.64355 4.10174 5.20536 1.4128 5.24819 6.20186 7.3348 4.90522 3.63455 6.4284 8.47624 4.5097 5.31115 3.80255 3.28711 0.889779 5.14753 4.66441 7.90316 3.77719 7.9244 7.94067 2.55521 3.37578 1.80424 
5.59588 9.01403 4.61448 0 6.42444 7.66577 6.48284 7.2167 8.38836 7.04224 0.675693 7.43417 8.12317 6.87275 7.17006 5.10732 8.35088 9.05488 8.29112 6.89966 10.7603 8.02357 3.54143 8.921 10.972 7.10472 10.4174 8.4914 5.60305 5.27462 9.68983 10.2576 8.64453 7.01018 5.47969 9.90112 8.06662 8.3033 9.61356 6.49419 4.71835 3.97477 9.40111 5.78318 7.80508 8.32586 8.13669 7.08233 6.96864 7.56606 5.95973 
2.50886 2.66076 3.00567 6.42444 0 4.3516 0.206597 1.62609 2.97543 4.32416 7.07541 4.2105 3.48741 2.21177 0.746116 2.97062 4.35807 2.9456 3.46506 6.03324 5.0059 4.17212 3.49831 5.42406 4.60269 2.23214 4.63844 2.67308 3.68854 4.14514 3.78929 3.87299 4.73431 2.26328 1.87044 3.57331 6.66292 1.8858 3.46997 1.09271 2.27848 2.87739 3.21329 2.85393 5.99199 3.06989 5.82966 6.48693 1.87481 5.05906 1.4044 
2.46903 5.73471 6.68738 7.66577 4.3516 0 4.15449 5.89461 2.48627 8.62626 8.10881 8.55245 1.48028 6.56327 4.40567 2.69275 8.68708 3.81227 1.71564 2.5354 4.12453 0.591404 6.55574 1.3066 7.01448 2.18725 3.92125 6.58322 2.06302 8.06744 7.37251 6.39363 1.01869 2.12221 3.05386 4.85515 2.58913 4.95114 6.79422 3.25891 3.54262 6.06948 6.52722 2.10974 1.89716 7.22715 1.55397 2.9438 6.2151 9.37509 5.64048 
2.36951 2.66963 3.18063 6.48284 0.206597 4.15449 0 1.79232 2.77788 4.53008 7.12821 4.41308 3.28083 2.40941 0.710891 2.85568 4.54575 2.79626 3.25923 5.87265 4.8375 3.96846 3.6341 5.21966 4.59321 2.02727 4.46988 2.78472 3.54611 4.34035 3.87359 3.85999 4.52856 2.06022 1.75506 3.46769 6.48383 1.86127 3.52277 0.896838 2.22088 3.01333 3.26069 2.70232 5.80992 3.22239 5.63931 6.32773 2.06451 5.26417 1.60836 
4.12699 2.0747 2.9341 7.2167 1.62609 5.89461 1.79232 0 4.12954 3.1067 7.8906 2.8578 4.85668 0.902052 1.52966 4.55588 2.8003 3.5841 4.78008 7.65932 5.69172 5.64858 3.82435 6.87682 3.91466 3.71735 5.34231 1.28532 5.3069 3.56436 2.49072 3.27264 6.15659 3.77362 3.46736 3.75844 8.27262 1.80707 2.41422 2.67164 3.75059 3.27825 2.22766 4.47876 7.59536 1.45782 7.40597 8.11297 0.492558 3.76981 1.25752 
2.86253 3.39405 5.91741 8.38836 2.97543 2.48627 2.77788 4.12954 0 7.17936 8.95744 6.97882 1.01788 4.96403 2.62976 3.45071 6.87092 1.32616 0.814725 4.95476 2.37218 1.9795 6.19691 2.98886 4.52961 1.28611 2.03467 4.46823 3.47001 7.11796 5.06586 3.92228 2.24832 1.38806 2.91713 2.38127 5.06425 2.72486 4.44073 2.14557 3.67503 5.59778 4.18683 2.81859 4.37877 5.23208 3.98009 5.38799 4.55976 7.87824 4.37349 
6.43092 4.8752 2.68902 7.04224 4.32416 8.62626 4.53008 3.1067 7.17936 0 7.67778 0.519259 7.80268 2.22411 4.55023 6.64243 1.54557 6.6876 7.76248 9.92794 8.78471 8.48925 3.6822 9.74389 6.26805 6.55511 8.43994 3.51778 7.52138 1.79442 4.23762 5.82326 9.05844 6.58098 5.73516 6.75957 10.7447 4.87087 4.63647 5.3979 5.63374 3.57205 4.6095 6.83089 10.1153 2.73343 10.0355 10.3518 2.63739 0.757565 2.98608 
6.13497 9.67658 5.28271 0.675693 7.07541 8.10881 7.12821 7.8906 8.95744 7.67778 0 8.07926 8.64686 7.5479 7.82008 5.61884 9.00631 9.66524 8.82362 7.15855 11.329 8.49494 4.21208 9.33942 11.6349 7.6715 10.9907 9.16614 6.04931 5.89971 10.365 10.9185 9.10278 7.57307 6.06345 10.5295 8.32595 8.95749 10.2854 7.10758 5.30291 4.6504 10.0715 6.2964 8.1142 9.00089 8.47824 7.30312 7.64425 8.18314 6.63391 
6.44117 4.49649 2.96392 7.43417 4.2105 8.55245 4.41308 2.8578 6.97882 0.519259 8.07926 0 7.65394 2.02507 4.35439 6.69811 1.03215 6.40514 7.59817 9.9742 8.48034 8.38115 4.00287 9.63046 5.80899 6.43813 8.14239 3.1117 7.56216 2.2446 3.75912 5.39142 8.93047 6.4733 5.74179 6.40965 10.7481 4.5642 4.18783 5.2997 5.70919 3.82334 4.17803 6.83608 10.1044 2.29355 9.99595 10.4065 2.42039 0.924424 2.94777 
2.53395 4.3685 6.23615 8.12317 3.48741 1.48028 3.28083 4.85668 1.01788 7.80268 8.64686 7.65394 0 5.62939 3.32702 3.02934 7.64686 2.33865 0.247109 3.98744 2.87568 0.962036 6.34548 2.0518 5.54508 1.31142 2.60951 5.35423 2.80823 7.53033 6.03278 4.93995 1.31312 1.33434 2.83066 3.37501 4.04797 3.64447 5.4236 2.46693 3.52835 5.78221 5.16407 2.3526 3.36488 6.07246 2.96244 4.40999 5.24416 8.52757 4.87921 
4.57975 2.88915 2.35226 6.87275 2.21177 6.56327 2.40941 0.902052 4.96403 2.22411 7.5479 2.02507 5.62939 0 2.33495 4.92287 2.1852 4.4815 5.57331 8.14021 6.59243 6.36889 3.36146 7.61432 4.60733 4.42484 6.24193 1.78139 5.74141 2.73533 2.89758 4.02074 6.9096 4.46528 3.88723 4.64908 8.83973 2.70619 3.00985 3.30438 4.00799 2.90156 2.87902 4.9598 8.17902 1.45337 8.03584 8.58516 0.415747 2.91444 1.16378 
2.93469 1.9647 3.61556 7.17006 0.746116 4.40567 0.710891 1.52966 2.62976 4.55023 7.82008 4.35439 3.32702 2.33495 0 3.46913 4.32414 2.32904 3.25291 6.33446 4.43759 4.13071 4.1991 5.35117 3.88233 2.21853 4.07342 2.25057 4.08688 4.63569 3.25737 3.14912 4.62823 2.28701 2.38352 2.85677 6.85335 1.15107 2.85573 1.31213 2.91254 3.58063 2.58796 3.226 6.16519 2.82416 5.93787 6.79308 1.93403 5.24939 1.87056 
0.620472 5.36807 4.31037 5.10732 2.97062 2.69275 2.85568 4.55588 3.45071 6.64243 5.61884 6.69811 3.02934 4.92287 3.46913 0 7.09991 4.4251 3.213 3.28581 5.78676 2.95473 3.97372 3.99836 7.15141 2.19976 5.4689 5.63915 0.895726 5.72317 6.71833 6.42596 3.59855 2.08343 1.10119 5.44651 4.16662 4.49941 6.31965 2.21093 1.02716 3.5646 6.04901 0.677571 3.59878 6.01364 3.66759 3.71068 4.68919 7.39767 3.79604 
6.76494 4.01029 3.78348 8.35088 4.35807 8.68708 4.54575 2.8003 6.87092 1.54557 9.00631 1.03215 7.64686 2.1852 4.32414 7.09991 0 6.1206 7.55905 10.3254 8.11644 8.44888 4.85478 9.67513 5.05627 6.51593 7.79811 2.60593 7.92562 3.24968 2.97154 4.72959 8.95179 6.56933 6.0722 5.95858 11.014 4.26657 3.49715 5.44108 6.16233 4.58908 3.5439 7.14417 10.3478 1.74137 10.1848 10.7702 2.48353 1.64605 3.30898 
3.80607 2.29232 5.93235 9.05488 2.9456 3.81227 2.79626 3.5841 1.32616 6.6876 9.66524 6.40514 2.33865 4.4815 2.32904 4.4251 6.1206 0 2.11949 6.2698 2.12212 3.29593 6.42884 4.21627 3.20691 2.25775 1.76453 3.5635 4.62074 6.95573 3.94114 2.6213 3.4937 2.38067 3.64237 1.07769 6.38646 1.85704 3.2808 2.56098 4.38659 5.80852 3.04983 3.8686 5.70315 4.3998 5.29426 6.70694 4.06607 7.32765 4.19855 
2.69547 4.19825 6.27432 8.29112 3.46506 1.71564 3.25923 4.78008 0.814725 7.76248 8.82362 7.59817 0.247109 5.57331 3.25291 3.213 7.55905 2.11949 0 4.23085 2.64572 1.17728 6.42431 2.19093 5.32601 1.36024 2.37199 5.22453 3.03152 7.54742 5.86752 4.7311 1.44781 1.40422 2.9442 3.14402 4.26975 3.49854 5.24903 2.48109 3.66063 5.85134 4.99272 2.53943 3.5908 5.96066 3.17483 4.65139 5.18152 8.48047 4.8656 
3.56052 7.96933 7.54506 6.89966 6.03324 2.5354 5.87265 7.65932 4.95476 9.92794 7.15855 9.9742 3.98744 8.14021 6.33446 3.28581 10.3254 6.2698 4.23085 0 6.62351 3.12142 7.05126 3.03746 9.43385 4.28544 6.44172 8.58503 2.41212 8.95188 9.52675 8.77537 3.32501 4.17896 4.25445 7.33563 1.16818 7.12629 9.01224 5.03359 4.30319 6.74101 8.73822 3.18673 1.1148 9.09427 1.65113 0.45915 7.8666 10.6834 7.04787 
5.21729 4.13053 8.01089 10.7603 5.0059 4.12453 4.8375 5.69172 2.37218 8.78471 11.329 8.48034 2.87568 6.59243 4.43759 5.78676 8.11644 2.12212 2.64572 6.62351 0 3.53461 8.42938 3.83564 4.18062 3.6576 0.367629 5.51439 5.67646 9.07203 5.61247 3.9006 3.32456 3.75648 5.28534 2.21883 6.35528 3.91727 4.9337 4.40846 6.04498 7.81507 4.76376 5.13094 5.76255 6.37593 5.23631 6.99507 6.178 9.40474 6.30758 
2.61662 5.31208 6.7009 8.02357 4.17212 0.591404 3.96846 5.64858 1.9795 8.48925 8.49494 8.38115 0.962036 6.36889 4.13071 2.95473 8.44888 3.29593 1.17728 3.12142 3.53461 0 6.66431 1.25608 6.50278 1.94406 3.32989 6.24328 2.45981 8.05215 6.96907 5.90177 0.655864 1.90919 3.10933 4.3184 3.09267 4.56321 6.36987 3.09138 3.69212 6.14462 6.10762 2.31075 2.4163 6.92812 2.00059 3.52258 6.00202 9.22915 5.51743 
4.08672 5.79347 1.07814 3.54143 3.49831 6.55574 3.6341 3.82435 6.19691 3.6822 4.21208 4.00287 6.34548 3.36146 4.1991 3.97372 4.85478 6.42884 6.42431 7.05126 8.42938 6.66431 0 7.84571 7.71392 5.06659 8.06304 5.05641 4.83828 2.11102 6.2323 7.0369 7.31654 5.02086 3.55946 7.05587 8.06373 5.21866 6.23632 4.05354 3.01787 0.621039 6.0513 4.45526 7.54521 4.80791 7.64108 7.41416 3.50664 4.31924 2.59277 
3.76217 6.38288 7.93239 8.921 5.42406 1.3066 5.21966 6.87682 2.98886 9.74389 9.33942 9.63046 2.0518 7.61432 5.35117 3.99836 9.67513 4.21627 2.19093 3.03746 3.83564 1.25608 7.84571 0 7.37177 3.19267 3.74288 7.40563 3.32916 9.2944 8.05436 6.83183 0.743161 3.16293 4.31449 5.14209 2.53958 5.68828 7.42835 4.34644 4.8399 7.3462 7.17555 3.41249 2.01457 8.12136 1.45461 3.32468 7.24236 10.4826 6.77348 
6.55005 1.95844 6.8484 10.972 4.60269 7.01448 4.59321 3.91466 4.52961 6.26805 11.6349 5.80899 5.54508 4.60733 3.88233 7.15141 5.05627 3.20691 5.32601 9.43385 4.18062 6.50278 7.71392 7.37177 0 5.22487 4.01516 2.84944 7.56384 7.31957 2.08527 0.735206 6.66966 5.34398 6.14569 2.23182 9.59305 2.73451 1.64075 4.96088 6.76294 7.13958 1.72961 6.73073 8.90838 3.53867 8.50023 9.87895 4.31483 6.65227 5.12116 
1.59407 3.68434 4.92539 7.10472 2.23214 2.18725 2.02727 3.71735 1.28611 6.55511 7.6715 6.43813 1.31142 4.42484 2.21853 2.19976 6.51593 2.25775 1.36024 4.28544 3.6576 1.94406 5.06659 3.19267 5.22487 0 3.32052 4.41186 2.37521 6.22126 5.26616 4.53517 2.50473 0.123387 1.64709 3.31405 4.67689 2.84902 4.73098 1.16938 2.39804 4.4913 4.45777 1.61263 3.98195 5.04025 3.72521 4.74191 4.05964 7.29119 3.59915 
4.89154 3.83023 7.64355 10.4174 4.63844 3.92125 4.46988 5.34231 2.03467 8.43994 10.9907 8.14239 2.60951 6.24193 4.07342 5.4689 7.79811 1.76453 2.37199 6.44172 0.367629 3.32989 8.06304 3.74288 4.01516 3.32052 0 5.20124 5.39205 8.70861 5.34936 3.68206 3.18089 3.42244 4.93933 1.95562 6.23314 3.57822 4.66931 4.04635 5.69997 7.44841 4.48817 4.81962 5.62032 6.05965 5.1081 6.82581 5.82698 9.06653 5.94288 
5.14702 1.40855 4.10174 8.4914 2.67308 6.58322 2.78472 1.28532 4.46823 3.51778 9.16614 3.1117 5.35423 1.78139 2.25057 5.63915 2.60593 3.5635 5.22453 8.58503 5.51439 6.24328 5.05641 7.40563 2.84944 4.41186 5.20124 0 6.31611 4.47093 1.2054 2.32245 6.66455 4.49479 4.53797 3.35464 9.08232 1.75238 1.23005 3.55712 4.92388 4.5348 1.12508 5.46072 8.38987 0.865318 8.13219 9.04364 1.55195 4.01613 2.53405 
1.18007 5.88905 5.20536 5.60305 3.68854 2.06302 3.54611 5.3069 3.47001 7.52138 6.04931 7.56216 2.80823 5.74141 4.08688 0.895726 7.92562 4.62074 3.03152 2.41212 5.67646 2.45981 4.83828 3.32916 7.56384 2.37521 5.39205 6.31611 0 6.61814 7.3393 6.85651 3.05417 2.25203 1.85595 5.68614 3.27108 5.01994 6.88844 2.77773 1.92265 4.45019 6.6142 0.863051 2.71198 6.75783 2.81672 2.84852 5.48258 8.27778 4.63803 
5.66902 5.61825 1.4128 5.27462 4.14514 8.06744 4.34035 3.56436 7.11796 1.79442 5.89971 2.2446 7.53033 2.73533 4.63569 5.72317 3.24968 6.95573 7.54742 8.95188 9.07203 8.05215 2.11102 9.2944 7.31957 6.22126 8.70861 4.47093 6.61814 0 5.46326 6.75303 8.67564 6.21324 5.02251 7.2949 9.88895 5.33307 5.69507 5.06719 4.69961 2.23013 5.591 6.06805 9.31516 3.89417 9.33021 9.34329 3.08871 2.29658 2.7713 
6.19205 1.67282 5.24819 9.68983 3.78929 7.37251 3.87359 2.49072 5.06586 4.23762 10.365 3.75912 6.03278 2.89758 3.25737 6.71833 2.97154 3.94114 5.86752 9.52675 5.61247 6.96907 6.2323 8.05436 2.08527 5.26616 5.34936 1.2054 7.3393 5.46326 0 1.84242 7.31271 5.36362 5.62265 3.39614 9.93032 2.42411 0.680105 4.56167 6.06437 5.72544 0.891335 6.4767 9.23304 1.57087 8.92537 9.98565 2.72873 4.5785 3.73691 
5.82775 1.24904 6.20186 10.2576 3.87299 6.39363 3.85999 3.27264 3.92228 5.82326 10.9185 5.39142 4.93995 4.02074 3.14912 6.42596 4.72959 2.6213 4.7311 8.77537 3.9006 5.90177 7.0369 6.83183 0.735206 4.53517 3.68206 2.32245 6.85651 6.75303 1.84242 0 6.11387 4.65247 5.41363 1.76531 8.98074 2.0001 1.2336 4.23035 6.02787 6.45379 1.2141 6.01743 8.29075 3.09789 7.90235 9.22419 3.69965 6.26906 4.44737 
3.27233 5.64178 7.3348 8.64453 4.73431 1.01869 4.52856 6.15659 2.24832 9.05844 9.10278 8.93047 1.31312 6.9096 4.62823 3.59855 8.95179 3.4937 1.44781 3.32501 3.32456 0.655864 7.31654 0.743161 6.66966 2.50473 3.18089 6.66455 3.05417 8.67564 7.31271 6.11387 0 2.48772 3.75914 4.44638 3.05691 4.94525 6.68891 3.67076 4.34798 6.79257 6.43505 2.9622 2.44067 7.38551 1.9301 3.67809 6.53187 9.79196 6.10219 
1.48131 3.79047 4.90522 7.01018 2.26328 2.12221 2.06022 3.77362 1.38806 6.58098 7.57307 6.4733 1.33434 4.46528 2.28701 2.08343 6.56933 2.38067 1.40422 4.17896 3.75648 1.90919 5.02086 3.16293 5.34398 0.123387 3.42244 4.49479 2.25203 6.21324 5.36362 4.65247 2.48772 0 1.56704 3.43743 4.589 2.95031 4.83445 1.18455 2.31129 4.45144 4.56082 1.49075 3.89544 5.11098 3.65113 4.63608 4.1056 7.32006 3.61537 
0.699493 4.31186 3.63455 5.47969 1.87044 3.05386 1.75506 3.46736 2.91713 5.73516 6.06345 5.74179 2.83066 3.88723 2.38352 1.10119 6.0722 3.64237 2.9442 4.25445 5.28534 3.10933 3.55946 4.31449 6.14569 1.64709 4.93933 4.53797 1.85595 5.02251 5.62265 5.41363 3.75914 1.56704 0 4.59368 5.01091 3.45039 5.23905 1.18869 0.76143 3.03589 4.97048 1.09609 4.38142 4.92377 4.3326 4.69807 3.62732 6.49261 2.79993 
4.82605 1.9484 6.4284 9.90112 3.57331 4.85515 3.46769 3.75844 2.38127 6.75957 10.5295 6.40965 3.37501 4.64908 2.85677 5.44651 5.95858 1.07769 3.14402 7.33563 2.21883 4.3184 7.05587 5.14209 2.23182 3.31405 1.95562 3.35464 5.68614 7.2949 3.39614 1.76531 4.44638 3.43743 4.59368 0 7.40972 1.96205 2.71655 3.44715 5.31355 6.43727 2.54545 4.91611 6.73426 4.21985 6.30351 7.76921 4.24994 7.33008 4.63209 
4.31387 8.30911 8.47624 8.06662 6.66292 2.58913 6.48383 8.27262 5.06425 10.7447 8.32595 10.7481 4.04797 8.83973 6.85335 4.16662 11.014 6.38646 4.26975 1.16818 6.35528 3.09267 8.06373 2.53958 9.59305 4.67689 6.23314 9.08232 3.27108 9.88895 9.93032 8.98074 3.05691 4.589 5.01091 7.40972 0 7.50632 9.36744 5.60222 5.19277 7.70949 9.09816 3.91483 0.697535 9.66792 1.12698 1.1083 8.53236 11.5023 7.80088 
3.92369 0.871055 4.5097 8.3033 1.8858 4.95114 1.86127 1.80707 2.72486 4.87087 8.95749 4.5642 3.64447 2.70619 1.15107 4.49941 4.26657 1.85704 3.49854 7.12629 3.91727 4.56321 5.21866 5.68828 2.73451 2.84902 3.57822 1.75238 5.01994 5.33307 2.42411 2.0001 4.94525 2.95031 3.45039 1.96205 7.50632 0 1.88678 2.28852 4.036 4.6114 1.61233 4.16073 6.80899 2.55843 6.50481 7.58424 2.29962 5.4884 2.70548 
5.76688 1.05957 5.31115 9.61356 3.46997 6.79422 3.52277 2.41422 4.44073 4.63647 10.2854 4.18783 5.4236 3.00985 2.85573 6.31965 3.49715 3.2808 5.24903 9.01224 4.9337 6.36987 6.23632 7.42835 1.64075 4.73098 4.66931 1.23005 6.88844 5.69507 0.680105 1.2336 6.68891 4.83445 5.23905 2.71655 9.36744 1.88678 0 4.1249 5.74203 5.69192 0.274882 6.02623 8.66997 1.90329 8.34281 9.46993 2.75611 5.05142 3.66658 
1.6422 3.15772 3.80255 6.49419 1.09271 3.25891 0.896838 2.67164 2.14557 5.3979 7.10758 5.2997 2.46693 3.30438 1.31213 2.21093 5.44108 2.56098 2.48109 5.03359 4.40846 3.09138 4.05354 4.34644 4.96088 1.16938 4.04635 3.55712 2.77773 5.06719 4.56167 4.23035 3.67076 1.18455 1.18869 3.44715 5.60222 2.28852 4.1249 0 1.87042 3.45234 3.85213 1.91553 4.92376 4.07397 4.7437 5.49139 2.9611 6.13889 2.43143 
1.07941 4.87566 3.28711 4.71835 2.27848 3.54262 2.22088 3.75059 3.67503 5.63374 5.30291 5.70919 3.52835 4.00799 2.91254 1.02716 6.16233 4.38659 3.66063 4.30319 6.04498 3.69212 3.01787 4.8399 6.76294 2.39804 5.69997 4.92388 1.92265 4.69961 6.06437 6.02787 4.34798 2.31129 0.76143 5.31355 5.19277 4.036 5.74203 1.87042 0 2.56604 5.48118 1.43749 4.61644 5.19754 4.65665 4.72046 3.81582 6.38694 2.85521 
3.60756 5.20703 0.889779 3.97477 2.87739 6.06948 3.01333 3.27825 5.59778 3.57205 4.6504 3.82334 5.78221 2.90156 3.58063 3.5646 4.58908 5.80852 5.85134 6.74101 7.81507 6.14462 0.621039 7.3462 7.13958 4.4913 7.44841 4.5348 4.45019 2.23013 5.72544 6.45379 6.79257 4.45144 3.03589 6.43727 7.70949 4.6114 5.69192 3.45234 2.56604 0 5.49709 3.99056 7.1615 4.35479 7.2215 7.12443 2.99827 4.26511 2.02782 
5.49426 0.795686 5.14753 9.40111 3.21329 6.52722 3.26069 2.22766 4.18683 4.6095 10.0715 4.17803 5.16407 2.87902 2.58796 6.04901 3.5439 3.04983 4.99272 8.73822 4.76376 6.10762 6.0513 7.17555 1.72961 4.45777 4.48817 1.12508 6.6142 5.591 0.891335 1.2141 6.43505 4.56082 4.97048 2.54545 9.09816 1.61233 0.274882 3.85213 5.48118 5.49709 0 5.75211 8.40065 1.88458 8.07693 9.196 2.59873 5.05979 3.46931 
0.402945 5.03071 4.66441 5.78318 2.85393 2.10974 2.70232 4.47876 2.81859 6.83089 6.2964 6.83608 2.3526 4.9598 3.226 0.677571 7.14417 3.8686 2.53943 3.18673 5.13094 2.31075 4.45526 3.41249 6.73073 1.61263 4.81962 5.46072 0.863051 6.06805 6.4767 6.01743 2.9622 1.49075 1.09609 4.91611 3.91483 4.16073 6.02623 1.91553 1.43749 3.99056 5.75211 0 3.288 5.92258 3.26274 3.6373 4.68014 7.58839 3.89134 
3.69027 7.61172 7.90316 7.80508 5.99199 1.89716 5.80992 7.59536 4.37877 10.1153 8.1142 10.1044 3.36488 8.17902 6.16519 3.59878 10.3478 5.70315 3.5908 1.1148 5.76255 2.4163 7.54521 2.01457 8.90838 3.98195 5.62032 8.38987 2.71198 9.31516 9.23304 8.29075 2.44067 3.89544 4.38142 6.73426 0.697535 6.80899 8.66997 4.92376 4.61644 7.1615 8.40065 3.288 0 8.98309 0.56514 1.3214 7.86461 10.8725 7.15684 
5.57782 2.27286 3.77719 8.32586 3.06989 7.22715 3.22239 1.45782 5.23208 2.73343 9.00089 2.29355 6.07246 1.45337 2.82416 6.01364 1.74137 4.3998 5.96066 9.09427 6.37593 6.92812 4.80791 8.12136 3.53867 5.04025 6.05965 0.865318 6.75783 3.89417 1.57087 3.09789 7.38551 5.11098 4.92377 4.21985 9.66792 2.55843 1.90329 4.07397 5.19754 4.35479 1.88458 5.92258 8.98309 0 8.76201 9.5498 1.43729 3.17944 2.50416 
3.66345 7.28328 7.9244 8.13669 5.82966 1.55397 5.63931 7.40597 3.98009 10.0355 8.47824 9.99595 2.96244 8.03584 5.93787 3.66759 10.1848 5.29426 3.17483 1.65113 5.23631 2.00059 7.64108 1.45461 8.50023 3.72521 5.1081 8.13219 2.81672 9.33021 8.92537 7.90235 1.9301 3.65113 4.3326 6.30351 1.12698 6.50481 8.34281 4.7437 4.65665 7.2215 8.07693 3.26274 0.56514 8.76201 0 1.88598 7.70354 10.7903 7.05679 
4.00683 8.42614 7.94067 7.08233 6.48693 2.9438 6.32773 8.11297 5.38799 10.3518 7.30312 10.4065 4.40999 8.58516 6.79308 3.71068 10.7702 6.70694 4.65139 0.45915 6.99507 3.52258 7.41416 3.32468 9.87895 4.74191 6.82581 9.04364 2.84852 9.34329 9.98565 9.22419 3.67809 4.63608 4.69807 7.76921 1.1083 7.58424 9.46993 5.49139 4.72046 7.12443 9.196 3.6373 1.3214 9.5498 1.88598 0 8.31556 11.1062 7.48655 
4.30998 2.53204 2.55521 6.96864 1.87481 6.2151 2.06451 0.492558 4.55976 2.63739 7.64425 2.42039 5.24416 0.415747 1.93403 4.68919 2.48353 4.06607 5.18152 7.8666 6.178 6.00202 3.50664 7.24236 4.31483 4.05964 5.82698 1.55195 5.48258 3.08871 2.72873 3.69965 6.53187 4.1056 3.62732 4.24994 8.53236 2.29962 2.75611 2.9611 3.81582 2.99827 2.59873 4.68014 7.86461 1.43729 7.70354 8.31556 0 3.31963 1.06797 
7.18847 5.41008 3.37578 7.56606 5.05906 9.37509 5.26417 3.76981 7.87824 0.757565 8.18314 0.924424 8.52757 2.91444 5.24939 7.39767 1.64605 7.32765 8.48047 10.6834 9.40474 9.22915 4.31924 10.4826 6.65227 7.29119 9.06653 4.01613 8.27778 2.29658 4.5785 6.26906 9.79196 7.32006 6.49261 7.33008 11.5023 5.4884 5.05142 6.13889 6.38694 4.26511 5.05979 7.58839 10.8725 3.17944 10.7903 11.1062 3.31963 0 3.73712 
3.49921 3.20864 1.80424 5.95973 1.4044 5.64048 1.60836 1.25752 4.37349 2.98608 6.63391 2.94777 4.87921 1.16378 1.87056 3.79604 3.30898 4.19855 4.8656 7.04787 6.30758 5.51743 2.59277 6.77348 5.12116 3.59915 5.94288 2.53405 4.63803 2.7713 3.73691 4.44737 6.10219 3.61537 2.79993 4.63209 7.80088 2.70548 3.66658 2.43143 2.85521 2.02782 3.46931 3.89134 7.15684 2.50416 7.05679 7.48655 1.06797 3.73712 0 
