100
0.699981 6.17133 2.19828 0
14.5037 16.5332 2.18903 0
12.5663 21.9289 17.8338 1
13.1834 15.8347 1.98129 0
13.3627 23.1396 1.76853 0
2.8531 5.58265 1.23083 0
7.69303 10.4013 0.939874 0
3.43516 14.0457 13.2254 1
7.21454 22.7654 0.27405 0
15.1677 23.0225 2.12992 0
7.11051 19.1564 0.82545 0
10.0997 16.2018 1.65997 0
17.6268 19.4553 1.68681 0
0.606627 21.8266 1.24493 0
5.29092 11.6305 2.00354 0
18.8584 23.9192 0.414763 0
5.37026 17.6835 1.14022 0
1.94533 20.2467 1.82799 0
6.57998 11.1568 0.319182 0
17.0117 20.7739 0.35274 0
12.1166 14.6606 0.441683 0
13.5435 19.507 0.578191 0
15.1598 17.3603 1.85585 1
5.22041 10.9049 0.276225 0
3.25892 14.3703 1.60264 0
14.6805 21.9989 0.917476 1
14.2891 20.4695 0.463326 0
16.6713 22.0278 2.10024 0
17.0757 22.6147 1.79533 0
7.19364 7.68007 14.3862 0
14.408 21.2205 4.78151 1
9.49008 16.0474 1.97745 0
12.0396 18.4961 0.34659 0
4.81546 22.8808 1.14589 1
14.0226 19.0001 0.767686 0
12.8654 22.2572 0.242059 0
3.00149 19.4759 18.4219 1
18.4513 20.28 0.58804 0
16.187 17.8283 1.27943 0
14.6842 23.3837 0.417032 0
16.7805 17.9849 1.96381 1
17.8627 23.1199 0.401381 0
3.85675 23.3809 1.2012 1
9.53889 19.8344 2.22894 0
4.5471 14.2746 0.538471 0
11.7911 13.2985 0.817952 0
16.6625 18.0737 0.489533 0
7.23015 10.7012 0.416808 0
13.5717 17.909 0.545047 1
13.6883 14.4381 14.4318 1
12.9216 22.3569 1.27402 1
12.3756 13.151 1.28486 0
9.4231 21.5995 0.421522 0
3.78354 21.5394 0.344077 0
7.64938 12.3264 1.99476 0
1.56278 21.2928 0.918128 0
13.8401 19.0889 1.20517 0
1.18008 8.10425 0.817031 0
17.8109 20.1893 23.331 1
6.60774 13.0694 1.90741 0
2.95554 19.984 0.674769 0
12.2137 14.0599 0.894062 0
18.3463 23.4081 1.53204 0
16.7069 23.375 0.330604 1
1.60958 16.8548 1.92153 0
0.998724 13.7555 25.7553 0
11.7321 18.5767 0.888826 1
11.262 17.505 0.29371 0
17.4497 21.3222 1.08836 0
9.62019 21.4337 1.235 0
12.785 16.5492 0.242448 0
9.58061 13.5727 1.84177 0
0.864063 7.46459 0.738292 0
1.81592 14.4287 0.820386 0
1.00082 23.8625 6.84483 1
15.7055 17.829 0.349514 0
13.6531 15.8441 2.20671 0
0.570516 1.70044 1.69415 0
17.8589 22.2165 0.334795 0
13.0117 17.3442 2.05892 0
14.0306 15.9143 0.862265 0
16.5922 20.9267 0.261446 0
10.7543 14.6791 0.810468 0
2.68699 13.9794 0.550916 0
6.13907 13.2021 0.776992 0
15.589 23.321 0.434377 1
8.44826 9.74602 0.358326 1
0.484473 17.4391 0.357866 0
15.6498 22.4035 1.48583 1
7.84117 23.5324 2.08958 0
1.79718 6.33892 0.737856 0
18.5131 21.9572 2.12045 0
12.9259 18.3672 0.560628 0
4.8884 5.36788 1.04726 0
4.4073 5.03616 0.873483 1
6.40939 10.2524 0.82377 0
18.4576 20.5741 2.19073 1
12.6821 23.9168 0.255174 1
17.0292 17.8971 0.977382 1
10.9497 18.449 2.1709 0
400 50 500
0.025 0.0125 10000 3000 15 1e+06 300000 6 9
0 10.0299 5.83914 7.69984 5.82465 7.68073 0.437955 2.87962 0.979691 2.99756 2.92636 7.30735 4.66633 8.7235 7.15917 4.30928 4.12708 3.15272 3.84994 3.80834 6.10217 5.10463 7.33355 6.8706 6.76578 1.40457 5.41064 5.2888 5.05429 3.68728 5.63373 4.26325 1.54669 5.47603 5.29251 9.83119 6.50115 4.553 0.444598 2.88207 4.99534 2.3329 5.28281 5.40216 2.8062 4.35605 4.089 5.70903 1.67154 3.35104 4.48803 1.53987 3.2268 5.44995 3.96362 5.12281 7.80173 5.48308 9.52712 3.01583 5.07116 2.77531 5.73565 6.67158 5.63977 5.1907 3.28578 3.75901 4.11251 7.82282 8.09806 4.39885 4.85654 4.16029 2.26099 1.63767 9.97233 6.65437 2.13187 1.39753 6.26239 6.14823 3.92634 0.830685 9.09824 3.62098 6.22383 6.20576 1.2597 4.0408 5.08376 2.4184 4.87404 2.94643 2.9356 5.76474 4.75081 3.08237 4.41248 2.95629 6.37728 
10.0299 0 7.92736 9.55257 5.47359 2.79335 9.97741 8.73911 10.8968 9.08548 8.2145 2.87329 6.55911 7.4796 4.29734 6.55083 8.13616 9.60943 11.8977 12.4592 5.96459 10.969 3.05253 8.91123 6.02095 9.75367 4.70413 9.11433 5.77375 8.83596 4.56655 9.14672 8.93749 9.14323 8.0018 0.586806 8.94181 6.52845 10.2986 10.7984 7.82826 11.2226 5.82356 8.61775 10.6232 6.42409 10.2525 8.48161 10.2618 10.926 7.73236 8.49217 6.98913 4.76921 6.17672 4.95742 8.57202 5.92902 0.613501 11.1074 10.048 9.89972 4.29848 10.3804 8.32791 4.97503 8.83522 6.38568 7.87266 3.83701 8.90086 9.41255 5.18214 6.95715 9.63684 11.5317 0.162123 9.34963 9.48555 10.2795 3.83414 5.48091 12.872 10.4372 2.0238 6.42267 5.31299 10.274 10.4491 7.66202 5.89439 8.93531 9.98682 12.5378 7.15809 4.28244 11.3885 10.2273 6.62781 7.83859 3.6675 
5.83914 7.92736 0 2.29202 7.39256 7.14387 5.46307 7.26119 6.06661 7.62357 2.96131 6.53191 2.16875 2.9733 3.63934 2.59122 1.71276 8.08605 4.98371 5.74821 8.10851 3.30148 6.8788 1.36437 2.01779 4.57356 5.55945 9.48067 2.78042 2.26171 5.87654 8.69395 4.32632 9.64127 8.81965 7.44238 1.17143 6.92959 5.73266 4.33675 0.865808 5.21288 2.50161 9.28665 4.21081 6.55256 3.02715 9.45002 4.70967 4.16049 1.41681 4.97605 3.74327 5.86464 5.34858 5.33442 2.00859 2.22964 7.73405 4.58055 2.33731 3.6008 4.95878 2.48574 0.444408 4.08585 2.61614 3.87859 1.7685 4.19626 2.35249 8.95388 4.98576 2.31172 7.3906 6.39735 7.79219 1.56834 3.85224 7.06903 5.81488 2.47364 6.25683 5.54156 6.09403 4.86376 7.70284 2.34665 7.02463 7.45401 2.58408 7.00661 2.35697 6.63159 4.15562 5.36371 3.90942 3.64908 2.37113 6.46598 5.16655 
7.69984 9.55257 2.29202 0 9.66427 9.20212 7.28522 9.45092 7.7166 9.79727 5.02054 8.5888 4.45483 2.66305 5.33262 4.88311 3.76294 10.231 5.74849 6.54016 10.3881 3.59102 8.96687 0.933034 3.5973 6.32719 7.7977 11.7324 5.01017 4.0213 8.10733 10.9139 6.28968 11.8967 11.1004 9.01279 1.23654 9.22124 7.50534 5.55109 3.07309 6.51101 4.69811 11.5558 5.48266 8.84421 4.00759 11.7274 6.30168 5.21098 3.61523 7.07853 6.00706 8.10994 7.6405 7.58833 1.06276 4.3881 9.46718 5.70274 2.93303 5.08433 7.13877 1.63491 2.23264 6.30425 4.42798 6.16927 3.91161 5.71638 0.914957 11.1655 7.25018 4.59536 9.48337 7.90202 9.40304 1.05129 5.58206 9.02576 7.97333 4.42908 7.04359 7.23904 7.57664 7.15261 9.96406 1.97684 8.94206 9.72324 4.8129 9.16281 3.0937 7.77917 6.40613 7.55907 4.32409 4.95547 4.66291 8.70277 7.26127 
5.82465 5.47359 7.39256 9.66427 0 2.68027 5.97716 3.59824 6.80351 3.86559 5.6157 2.74074 5.22752 8.9491 5.44507 4.8389 6.40607 4.326 9.00897 9.28063 0.763828 9.11988 2.44518 8.75165 6.55937 6.25105 1.95325 3.66294 4.67067 6.74354 1.7111 3.69428 5.44706 3.71014 2.5571 5.57529 8.54974 1.32107 6.223 7.8155 6.73785 7.7903 5.0052 3.18466 7.65631 1.46866 8.0821 3.10024 6.81092 8.14784 6.28968 4.54426 4.08745 1.62923 2.28781 2.09916 9.08859 5.33738 4.86338 8.0871 8.48497 7.10312 2.792 9.60843 7.56998 3.42802 6.49097 3.666 6.14702 5.73302 9.47997 3.95085 2.41625 5.20396 4.59269 7.46205 5.49602 8.91975 6.39915 5.50274 2.28028 5.53835 9.53921 6.51359 5.69074 2.84058 0.40472 9.27696 5.73228 2.32009 4.86574 3.92882 8.33107 8.74512 3.88366 2.37113 9.1938 7.5184 5.05176 2.95181 3.08779 
7.68073 2.79335 7.14387 9.20212 2.68027 0 7.70655 6.03991 8.61211 6.36589 6.44508 0.614027 5.23698 7.7866 4.07544 5.03812 6.76351 6.87368 10.1528 10.5977 3.20057 9.67966 0.349511 8.38568 5.66665 7.67628 2.29431 6.32835 4.45917 7.33612 2.04765 6.35886 6.83143 6.36299 5.21654 2.9212 8.29496 3.77584 8.00679 8.9798 6.74975 9.2205 4.67052 5.83671 8.80594 3.71462 8.78412 5.7151 8.22363 9.20289 6.46966 6.18746 4.98784 2.23135 3.71773 2.59977 8.39548 4.91615 2.18387 9.28175 8.86149 8.13114 2.34444 9.6023 7.45471 3.25114 7.21885 4.38943 6.48268 4.05256 8.77491 6.62224 2.93221 5.47114 6.97871 9.26962 2.81746 8.70345 7.57285 7.72255 1.52956 4.77311 10.9505 8.20958 3.31751 4.0957 2.53503 9.37758 7.91647 4.89788 4.63887 6.28008 8.75258 10.4101 5.02242 2.08034 9.94885 8.51085 5.19133 5.1967 1.98156 
0.437955 9.97741 5.46307 7.28522 5.97716 7.70655 0 3.21666 0.919352 3.36629 2.59064 7.30535 4.39662 8.37084 6.95137 4.06584 3.75538 3.55489 3.46898 3.48325 6.30121 4.6682 7.35761 6.46548 6.46982 0.971588 5.41914 5.65907 4.83738 3.28248 5.66063 4.63908 1.24363 5.84642 5.6077 9.75472 6.09347 4.73692 0.332847 2.46351 4.62874 1.9815 5.04488 5.74937 2.38069 4.51219 3.65106 6.04891 1.24523 2.92925 4.13447 1.51917 3.07251 5.4842 4.00633 5.12247 7.41087 5.22574 9.49083 2.61231 4.6361 2.33786 5.6793 6.23827 5.24873 5.07767 2.88521 3.63712 3.75827 7.6233 7.7008 4.78681 4.8331 3.88253 2.6655 1.56526 9.91329 6.23776 1.70724 1.83533 6.25492 5.89725 3.64315 0.53764 8.96582 3.61588 6.37992 5.77185 1.69453 4.31258 4.85197 2.76218 4.43914 2.77006 2.8295 5.74138 4.32348 2.64513 4.15219 3.18549 6.31223 
2.87962 8.73911 7.26119 9.45092 3.59824 6.03991 3.21666 0 3.78061 0.403897 4.46385 5.86582 5.38732 9.74305 7.11449 4.91912 5.69254 0.95843 6.67701 6.68631 3.61049 7.58789 5.72916 8.53437 7.42243 3.93844 4.12898 2.48355 5.3407 5.60055 4.19748 1.51293 3.4439 2.66911 2.42276 8.70171 8.2156 2.30363 3.324 5.60708 6.41094 5.19631 5.67866 2.53365 5.49468 2.3258 6.50276 2.83269 4.39758 6.04909 5.85706 2.4559 3.59704 3.99523 2.81168 3.95126 9.25468 5.98858 8.15835 5.79497 7.29985 5.22615 4.82544 8.78967 7.22478 4.75001 5.21472 3.73696 5.54122 7.66179 9.61125 1.73283 3.8921 5.03261 1.00345 4.37112 8.72526 8.47786 4.45795 2.03423 4.96121 6.52342 6.80004 3.70557 8.37867 2.91407 3.94445 8.35619 2.291 1.35196 5.46839 0.463504 7.10788 5.73842 3.15986 4.63374 7.38091 5.61405 5.11523 0.996464 5.43643 
0.979691 10.8968 6.06661 7.7166 6.80351 8.61211 0.919352 3.78061 0 3.84723 3.33507 8.21868 5.2111 9.0202 7.81533 4.91023 4.3941 3.91482 3.17863 2.99227 7.07949 4.76564 8.26364 6.95201 7.23719 1.5096 6.32896 6.11242 5.70043 3.81825 6.56479 5.08247 2.08422 6.29825 6.20334 10.6727 6.57106 5.53243 0.605398 2.42718 5.26834 1.64128 5.88894 6.26876 2.40813 5.33485 3.85685 6.58577 1.41526 2.89428 4.81297 2.4279 3.978 6.38553 4.9027 6.0344 7.94997 6.04919 10.4096 2.46823 4.91621 2.63565 6.59864 6.52418 5.80483 5.99108 3.4505 4.55041 4.44087 8.49233 8.21316 5.1864 5.74948 4.69172 3.03833 0.66315 10.8325 6.66584 2.21441 1.992 7.16907 6.72459 3.03901 0.542922 9.87047 4.52754 7.20305 6.05403 1.76084 4.9934 5.70252 3.31728 4.72555 1.97701 3.74694 6.65815 4.29691 2.83017 4.97905 3.93036 7.23144 
2.99756 9.08548 7.62357 9.79727 3.86559 6.36589 3.36629 0.403897 3.84723 0 4.79379 6.21332 5.77499 10.1324 7.51805 5.30807 6.03517 0.557836 6.83513 6.79961 3.81038 7.84047 6.06157 8.88485 7.81909 4.14887 4.5043 2.29308 5.74064 5.91249 4.56068 1.27511 3.71444 2.48044 2.4131 9.06101 8.561 2.6019 3.4369 5.79846 6.76935 5.32998 6.07733 2.42173 5.69472 2.66186 6.76144 2.74156 4.57959 6.2498 6.2148 2.75852 3.98251 4.35936 3.20855 4.335 9.62172 6.38559 8.50004 5.97076 7.58903 5.4689 5.21506 9.09838 7.57588 5.15251 5.52095 4.13635 5.89239 8.06384 9.97534 1.45043 4.28581 5.41143 0.871699 4.40538 9.07534 8.8151 4.70803 1.97993 5.32737 6.92436 6.88428 3.82822 8.76314 3.31795 4.19401 8.65958 2.24302 1.56023 5.86667 0.655582 7.39541 5.7744 3.54443 5.01373 7.60348 5.84698 5.50195 1.39776 5.82119 
2.92636 8.2145 2.96131 5.02054 5.6157 6.44508 2.59064 4.46385 3.33507 4.79379 0 5.91539 1.923 5.79887 4.60965 1.72367 1.27017 5.21302 3.72436 4.24581 6.19964 3.5089 6.10859 4.12527 3.90224 1.84734 4.26651 6.84081 2.54871 1.19004 4.58348 5.95682 1.38389 7.0152 6.36435 7.8847 3.78518 4.74388 2.89362 2.58735 2.09951 3.07077 2.65701 6.73522 2.41175 4.39109 2.46818 6.95298 2.20833 2.76316 1.57051 2.05801 1.54596 4.47282 3.32873 3.96125 4.96119 2.76295 7.82125 2.89602 2.96468 1.70093 4.12769 4.35132 2.83031 3.28613 0.878983 2.08474 1.19936 5.29595 5.28576 6.19371 3.58454 1.40788 4.46664 3.80964 8.12082 4.02341 1.32357 4.10923 4.91673 3.43723 4.65988 2.79217 6.8686 2.77523 5.99816 3.93654 4.07288 4.94118 2.49868 4.15124 2.78946 4.47921 1.74695 4.3667 3.59928 2.06711 1.72812 3.81627 4.65487 
7.30735 2.87329 6.53191 8.5888 2.74074 0.614027 7.30535 5.86582 8.21868 6.21332 5.91539 0 4.6441 7.20496 3.49072 4.46183 6.1835 6.74005 9.63439 10.1016 3.36303 9.10164 0.437834 7.77166 5.05917 7.21827 1.8986 6.39771 3.86026 6.77247 1.71344 6.32874 6.37677 6.44974 5.29636 2.87625 7.68177 3.67395 7.61382 8.47074 6.1478 8.7501 4.06374 5.92478 8.29601 3.55309 8.22228 5.83678 7.75816 8.67801 5.87873 5.79105 4.49322 1.91339 3.36953 2.18524 7.7866 4.30522 2.29822 8.775 8.27274 7.60993 1.79005 8.9932 6.84565 2.67928 6.66974 3.887 5.90299 3.51149 8.16699 6.60296 2.48039 4.89525 6.76845 8.8706 2.86252 8.09051 7.07641 7.44537 1.05165 4.15972 10.4673 7.79624 2.99626 3.69145 2.68464 8.77261 7.62618 4.81154 4.03737 6.06682 8.16735 9.97435 4.56311 1.58602 9.38705 7.98244 4.60825 4.97134 1.37548 
4.66633 6.55911 2.16875 4.45483 5.22752 5.23698 4.39662 5.38732 5.2111 5.77499 1.923 4.6441 0 4.35818 2.69952 0.471604 1.58507 6.28367 5.38231 6.00521 5.94008 4.48448 4.93759 3.53221 2.1311 3.75599 3.43275 7.44667 0.802486 2.27942 3.7568 6.73394 3.1533 7.59825 6.71641 6.16949 3.32227 4.78499 4.71932 4.35633 1.5516 4.96145 0.765557 7.21314 4.18647 4.40869 3.69644 7.35451 4.13055 4.41555 1.23555 3.40712 1.79362 3.72712 3.20362 3.18969 4.00001 0.841676 6.23791 4.66069 3.63045 3.45167 2.93193 4.45389 2.35226 2.01963 2.32199 1.76158 1.31538 3.38542 4.38148 7.00816 2.83062 0.520282 5.70583 5.7187 6.44878 3.69574 3.2357 5.64202 3.7984 1.51776 6.45734 4.67188 5.04099 2.74895 5.54462 4.17948 5.6669 5.39062 0.66472 5.2096 3.53133 6.38857 2.2321 3.30136 4.84318 3.72923 0.276274 4.50049 3.27587 
8.7235 7.4796 2.9733 2.66305 8.9491 7.7866 8.37084 9.74305 9.0202 10.1324 5.79887 7.20496 4.35818 0 3.71429 4.82436 4.62885 10.6416 7.80126 8.58878 9.71162 5.83251 7.62984 2.63338 2.41791 7.51674 6.99595 11.7087 4.49995 5.23311 7.2514 11.0584 7.18265 11.8486 10.8809 6.90457 2.94935 8.87444 8.65592 7.27726 3.75295 8.17486 4.1428 11.4257 7.16062 8.51402 5.86814 11.5256 7.67907 7.05777 4.23694 7.68193 6.15179 7.31986 7.35476 6.87863 1.63933 3.80831 7.52095 7.50393 4.95835 6.57127 6.17632 4.1585 3.30673 5.55836 5.57636 6.04755 4.61306 3.81812 1.76541 11.3381 6.62714 4.7555 10.0442 9.36829 7.32063 3.17001 6.80962 9.87222 6.87888 3.43356 9.10228 8.48873 5.45583 6.99334 9.16494 4.36003 9.85754 9.64296 4.33826 9.56628 5.05142 9.57888 6.59027 6.61012 6.53747 6.59775 4.63245 8.83777 6.06092 
7.15917 4.29734 3.63934 5.33262 5.44507 4.07544 6.95137 7.11449 7.81533 7.51805 4.60965 3.49072 2.69952 3.71429 0 2.91546 4.12641 8.07162 8.01109 8.66981 6.2044 6.7878 3.91598 4.633 1.74313 6.41147 3.54385 8.62631 2.11521 4.8815 3.73909 8.17184 5.73132 8.73815 7.66424 3.80337 4.64705 5.6621 7.28267 7.0362 3.64169 7.66091 1.95283 8.26136 6.8692 5.34546 6.19884 8.29664 6.81617 7.05821 3.6689 5.72495 3.95998 3.85135 4.3602 3.51675 4.42189 1.8893 4.14974 7.33685 5.83974 6.13654 2.671 6.08308 4.05121 2.37856 4.99096 3.52991 3.90038 0.686419 4.78434 8.46385 3.38039 3.20373 7.70444 8.36118 4.15867 5.05642 5.93008 7.91472 3.24124 1.27928 9.13411 7.28673 2.47718 4.20306 5.60296 5.98403 7.99395 6.62592 2.12186 7.0847 5.80164 9.08554 4.32525 3.07655 7.28024 6.38873 2.88203 6.12301 2.40622 
4.30928 6.55083 2.59122 4.88311 4.8389 5.03812 4.06584 4.91912 4.91023 5.30807 1.72367 4.46183 0.471604 4.82436 2.91546 0 1.7267 5.81968 5.34707 5.92693 5.53752 4.64157 4.72447 3.95482 2.56048 3.49637 3.10739 6.97783 0.825208 2.32694 3.43538 6.26234 2.83087 7.13023 6.25742 6.19475 3.72509 4.34097 4.39387 4.26616 1.89934 4.79443 0.979553 6.74863 4.09242 3.96407 3.77498 6.89401 3.91339 4.37538 1.48446 2.99081 1.33064 3.38695 2.75906 2.84515 4.46091 1.18197 6.19197 4.57439 3.83961 3.36134 2.69995 4.78717 2.73351 1.78714 2.28609 1.30035 1.44587 3.59875 4.84016 6.53662 2.47355 0.43342 5.25516 5.44663 6.4494 4.08548 3.04547 5.22894 3.55638 1.83936 6.35955 4.37743 5.14627 2.28959 5.16894 4.48396 5.26522 4.92384 0.794166 4.74788 3.72135 6.19751 1.76852 3.03512 4.93715 3.67741 0.220512 4.02902 3.11897 
4.12708 8.13616 1.71276 3.76294 6.40607 6.76351 3.75538 5.69254 4.3941 6.03517 1.27017 6.1835 1.58507 4.62885 4.12641 1.7267 0 6.46912 3.88636 4.56456 7.05842 2.91838 6.45106 2.85886 3.0131 2.88823 4.79391 8.01713 2.38578 0.763585 5.12262 7.16763 2.61583 8.18672 7.46349 7.73389 2.52641 5.7079 4.03176 2.97201 0.876207 3.72937 2.3142 7.87596 2.81634 5.33792 2.11652 8.07255 3.08576 2.94193 0.479444 3.32183 2.39492 5.05521 4.17976 4.515 3.69812 2.25665 7.82239 3.25949 2.12217 2.11239 4.42665 3.24917 1.56019 3.51332 0.986743 2.74011 0.280871 4.79441 4.01754 7.41366 4.13447 1.29562 5.73473 4.7727 8.02304 2.78852 2.19268 5.36336 5.28193 2.85333 5.04375 3.86054 6.55444 3.64027 6.76203 2.88335 5.31391 6.05488 2.24685 5.39988 1.99663 5.17743 2.73961 4.75647 3.25829 2.29563 1.5764 4.98032 4.82966 
3.15272 9.60943 8.08605 10.231 4.326 6.87368 3.55489 0.95843 3.91482 0.557836 5.21302 6.74005 6.28367 10.6416 8.07162 5.81968 6.46912 0 7.0002 6.90232 4.20389 8.13574 6.5755 9.32629 8.34482 4.4069 5.05286 2.22354 6.27527 6.30077 5.10113 1.2101 4.05866 2.40545 2.59654 9.59595 8.99467 3.09887 3.57501 6.01595 7.2266 5.47104 6.6086 2.46687 5.92496 3.18723 7.06918 2.80407 4.79419 6.47766 6.67198 3.15759 4.49014 4.90066 3.76637 4.88837 10.0901 6.91279 9.02013 6.16542 7.93855 5.7603 5.77094 9.47406 8.02007 5.70839 5.90243 4.6707 6.33993 8.62022 10.4384 1.27416 4.84311 5.90482 0.891826 4.41991 9.60253 9.23543 5.01493 1.94616 5.8693 7.46128 6.94615 3.97219 9.3161 3.8697 4.63516 9.02798 2.20228 2.00599 6.39709 1.08175 7.74301 5.77688 4.0517 5.56484 7.85634 6.12233 6.00919 1.95456 6.37471 
3.84994 11.8977 4.98371 5.74849 9.00897 10.1528 3.46898 6.67701 3.17863 6.83513 3.72436 9.63439 5.38231 7.80126 8.01109 5.34707 3.88636 7.0002 0 0.795523 9.46802 2.18797 9.81223 5.26225 6.80061 2.81868 7.92574 9.12803 6.13835 3.12977 8.22977 8.10705 3.5693 9.31538 9.03648 11.5365 4.89857 7.90634 3.42573 1.19659 4.51162 1.54304 6.14502 9.21041 1.36271 7.61416 1.95702 9.50381 2.29697 0.971705 4.35306 4.54541 5.17603 8.09753 6.77923 7.61528 6.35366 6.13098 11.5273 0.924563 2.87183 2.02483 7.84961 4.21494 4.57056 7.00843 3.06752 5.76518 4.11249 8.68074 6.49098 8.24846 7.25053 4.94706 6.10852 2.92809 11.7964 4.80083 2.62576 5.14136 8.62329 6.73967 1.30708 3.02838 10.4184 6.2588 9.4105 3.79364 4.92647 7.68657 6.03828 6.22727 2.75652 2.18641 5.21993 8.07252 1.48409 1.67111 5.28008 6.51258 8.37785 
3.80834 12.4592 5.74821 6.54016 9.28063 10.5977 3.48325 6.68631 2.99227 6.79961 4.24581 10.1016 6.00521 8.58878 8.66981 5.92693 4.56456 6.90232 0.795523 0 9.68887 2.96717 10.2528 6.05722 7.52416 3.02975 8.33638 9.08379 6.73588 3.80121 8.62903 8.0546 3.84939 9.27053 9.08959 12.1197 5.69267 8.11796 3.36529 1.66165 5.23799 1.51382 6.77076 9.21024 1.83641 7.85023 2.72971 9.51722 2.46985 1.62663 5.03938 4.7482 5.6111 8.4845 7.10773 8.02517 7.14862 6.7818 12.0658 1.35289 3.66695 2.56564 8.33119 4.99427 5.342 7.52215 3.68466 6.21485 4.77302 9.34626 7.2864 8.17046 7.67214 5.54526 6.01924 2.59317 12.3639 5.59624 3.0257 4.98363 9.07284 7.40855 0.513606 2.98075 11.0453 6.61072 9.68493 4.57989 4.74757 7.78881 6.64991 6.22619 3.54938 1.56443 5.59955 8.52398 2.24785 2.28115 5.88023 6.64036 8.88606 
6.10217 5.96459 8.10851 10.3881 0.763828 3.20057 6.30121 3.61049 7.07949 3.81038 6.19964 3.36303 5.94008 9.71162 6.2044 5.53752 7.05842 4.20389 9.46802 9.68887 0 9.70821 3.0183 9.47068 7.31915 6.67209 2.71574 3.16749 5.40943 7.35247 2.47422 3.38957 5.89946 3.18406 2.06029 6.12177 9.25903 1.57135 6.52052 8.28357 7.43191 8.18286 5.7483 2.66114 8.13044 1.85604 8.65314 2.51763 7.22475 8.63942 6.96828 4.94231 4.6998 2.39214 2.88801 2.85115 9.83184 6.0827 5.3511 8.54347 9.11111 7.61586 3.55543 10.2828 8.27099 4.18209 7.07853 4.32506 6.80627 6.47945 10.2229 3.61505 3.15389 5.88774 4.61249 7.72716 6.00309 9.62297 6.8879 5.60863 3.01585 6.29759 9.91659 6.8384 6.34998 3.43926 0.678413 9.9389 5.85326 2.26142 5.6032 3.99956 8.95113 9.04672 4.45346 3.13308 9.74264 8.03343 5.75335 3.15267 3.83493 
5.10463 10.969 3.30148 3.59102 9.11988 9.67966 4.6682 7.58789 4.76564 7.84047 3.5089 9.10164 4.48448 5.83251 6.7878 4.64157 2.91838 8.13574 2.18797 2.96717 9.70821 0 9.36445 3.21358 5.29793 3.7405 7.65397 10.0637 5.28634 2.39331 7.98053 9.096 4.14814 10.247 9.73845 10.5327 2.88317 8.23665 4.77115 2.34529 3.15183 3.25776 5.169 10.0382 2.35844 7.89076 1.0913 10.2895 3.45062 1.8959 3.25929 5.16692 5.03444 7.89441 6.83535 7.3623 4.29055 5.04022 10.691 2.37675 0.965523 2.37563 7.33923 2.0276 2.85712 6.42854 2.63055 5.51138 3.19871 7.40422 4.38138 9.29073 6.97959 4.20852 7.27053 4.74771 10.8473 2.70672 3.13265 6.50082 8.18886 5.52501 3.46262 4.41219 9.26439 6.28138 9.49831 1.61786 6.34021 8.31862 5.13301 7.1884 0.986526 4.32087 5.2548 7.65628 0.733191 2.02512 4.49462 7.14502 7.74728 
7.33355 3.05253 6.8788 8.96687 2.44518 0.349511 7.35761 5.72916 8.26364 6.06157 6.10859 0.437834 4.93759 7.62984 3.91598 4.72447 6.45106 6.5755 9.81223 10.2528 3.0183 9.36445 0 8.13761 5.45919 7.32768 1.94482 6.10709 4.16829 7.01291 1.6999 6.09599 6.48272 6.14978 4.99854 3.13011 8.03599 3.48288 7.65829 8.63741 6.46079 8.87266 4.39269 5.62348 8.46376 3.40359 8.45937 5.51786 7.87548 8.86414 6.16703 5.83857 4.64409 1.88543 3.37127 2.25048 8.18196 4.64916 2.45162 8.93884 8.55541 7.79169 2.02521 9.32633 7.17965 2.93796 6.88884 4.04757 6.17019 3.94866 8.56438 6.36385 2.58477 5.15674 6.65925 8.92089 3.06335 8.4426 7.22845 7.38878 1.19209 4.54046 10.6038 7.86026 3.38424 3.74628 2.3425 9.09246 7.58036 4.61263 4.35146 5.95938 8.44336 10.0606 4.67436 1.74193 9.62374 8.17324 4.8827 4.8721 1.71354 
6.8706 8.91123 1.36437 0.933034 8.75165 8.38568 6.46548 8.53437 6.95201 8.88485 4.12527 7.77166 3.53221 2.63338 4.633 3.95482 2.85886 9.32629 5.26225 6.05722 9.47068 3.21358 8.13761 0 2.89289 5.52156 6.90173 10.8031 4.11426 3.18365 7.21509 9.99101 5.42501 10.9668 10.1674 8.39066 0.384433 8.29056 6.70157 4.90435 2.14231 5.85034 3.81401 10.6237 4.81583 7.91354 3.39672 10.7946 5.5444 4.6126 2.68765 6.18054 5.07494 7.21077 6.71046 6.68463 1.09141 3.51586 8.78262 5.08959 2.39047 4.3439 6.26784 1.60904 1.30963 5.41563 3.58519 5.23795 2.99321 5.08536 1.27363 10.2445 6.34096 3.66262 8.59192 7.18542 8.76675 0.546439 4.77644 8.17231 7.11288 3.62527 6.56931 6.45672 6.9797 6.22041 9.0574 1.73679 8.10007 8.79105 3.91686 8.25429 2.51387 7.18293 5.47578 6.68221 3.93081 4.26725 3.73493 7.77562 6.42552 
6.76578 6.02095 2.01779 3.5973 6.55937 5.66665 6.46982 7.42243 7.23719 7.81909 3.90224 5.05917 2.1311 2.41791 1.74313 2.56048 3.0131 8.34482 6.80061 7.52416 7.31915 5.29793 5.45919 2.89289 0 5.74132 4.60824 9.3076 2.10488 3.76194 4.87802 8.68785 5.23035 9.44422 8.46541 5.50745 2.92714 6.45704 6.78354 5.97537 2.28903 6.73904 1.75325 9.01479 5.82406 6.09765 4.88205 9.1101 6.03468 5.8992 2.53634 5.53808 3.87938 4.93278 4.94615 4.47467 2.73036 1.43407 5.89206 6.25487 4.33279 5.12549 3.8184 4.37838 2.45689 3.14793 3.98846 3.69072 2.87055 2.21297 3.10829 8.9714 4.21289 2.61315 7.81085 7.69255 5.8779 3.33171 5.12381 7.77299 4.57775 1.02219 8.01748 6.69427 4.11742 4.60673 6.79338 4.31922 7.79529 7.2439 1.95887 7.28387 4.33012 8.18773 4.3123 4.25423 5.86793 5.2899 2.40317 6.48754 3.7955 
1.40457 9.75367 4.57356 6.32719 6.25105 7.67628 0.971588 3.93844 1.5096 4.14887 1.84734 7.21827 3.75599 7.51674 6.41147 3.49637 2.88823 4.4069 2.81868 3.02975 6.67209 3.7405 7.32768 5.52156 5.74132 0 5.38811 6.4193 4.30981 2.34844 5.66491 5.42059 0.845478 6.60561 6.24323 9.47974 5.14609 5.10402 1.18013 1.68061 3.7638 1.559 4.46445 6.45556 1.55856 4.82609 2.69921 6.73582 0.562041 2.11167 3.30341 1.73248 2.76584 5.50859 4.09462 5.07918 6.48888 4.59764 9.30627 1.90105 3.66681 1.38006 5.49803 5.26723 4.33143 4.78257 1.96381 3.37336 2.9313 7.09512 6.76782 5.59505 4.74649 3.23608 3.53349 1.96359 9.67556 5.27782 0.745804 2.79361 6.17148 5.27373 3.31199 0.972474 8.57365 3.61786 6.65528 4.80122 2.6642 4.87507 4.28961 3.50955 3.46963 2.78414 2.65613 5.63246 3.45576 1.71811 3.54 3.69665 6.09957 
5.41064 4.70413 5.55945 7.7977 1.95325 2.29431 5.41914 4.12898 6.32896 4.5043 4.26651 1.8986 3.43275 6.99595 3.54385 3.10739 4.79391 5.05286 7.92574 8.33638 2.71574 7.65397 1.94482 6.90173 4.60824 5.38811 0 5.16228 2.78821 5.2654 0.328784 4.85562 4.54269 5.25771 4.15001 4.60356 6.72898 2.20062 5.72364 6.74022 4.98086 6.93766 3.10369 4.76205 6.56838 1.94805 6.68821 4.77218 5.93882 6.99213 4.5918 3.9014 2.75153 0.324542 1.47692 0.311239 7.17209 3.42618 4.1613 7.03757 6.91523 5.91782 0.87483 7.88264 5.78136 1.50053 5.09092 2.18178 4.51835 3.90762 7.56378 5.14509 0.682088 3.51643 4.96804 6.98384 4.6696 7.11453 5.31948 5.57544 0.870653 3.58845 8.67559 5.91797 4.27395 1.80391 2.1929 7.59023 5.74726 3.27993 2.98563 4.2705 6.78232 8.11579 2.74124 0.528579 7.84367 6.31141 3.30223 3.17683 1.35603 
5.2888 9.11433 9.48067 11.7324 3.66294 6.32835 5.65907 2.48355 6.11242 2.29308 6.84081 6.39771 7.44667 11.7087 8.62631 6.97783 8.01713 2.22354 9.12803 9.08379 3.16749 10.0637 6.10709 10.8031 9.3076 6.4193 5.16228 0 7.20921 8.00909 5.06748 1.03001 5.91581 0.187357 1.11255 9.23666 10.5084 2.97185 5.72615 8.08166 8.66093 7.62168 7.56599 0.518176 7.97306 3.28116 8.97598 0.78674 6.86616 8.52796 8.11737 4.90688 5.73768 4.90092 4.36485 5.12661 11.4277 7.90069 8.50137 8.26022 9.74078 7.70759 6.01947 11.1915 9.50077 6.2913 7.63645 5.69161 7.8349 9.05408 11.8004 0.969933 5.24808 7.18088 3.07549 6.63771 9.14493 10.8004 6.93777 4.16628 5.79026 8.3261 9.15077 6.11908 9.2997 4.7209 3.80224 10.7703 4.42434 2.06598 7.37112 2.91203 9.55162 7.99829 5.32799 5.68358 9.86445 8.0972 7.19183 3.03683 6.49993 
5.05429 5.77375 2.78042 5.01017 4.67067 4.45917 4.83738 5.3407 5.70043 5.74064 2.54871 3.86026 0.802486 4.49995 2.11521 0.825208 2.38578 6.27527 6.13835 6.73588 5.40943 5.28634 4.16829 4.11426 2.10488 4.30981 2.78821 7.20921 0 3.06353 3.10085 6.58367 3.61628 7.34862 6.39233 5.39862 3.95184 4.40098 5.16831 5.07737 2.29252 5.61945 0.357932 6.92827 4.90457 4.03331 4.49221 7.03664 4.73608 5.16779 2.03232 3.6581 1.90336 3.09979 2.85758 2.58115 4.42372 0.697624 5.44121 5.38477 4.42509 4.1712 2.19116 5.17229 3.03507 1.30545 3.07084 1.60465 2.11325 2.79254 4.81433 6.86781 2.25587 1.1922 5.79299 6.25122 5.66683 4.34472 3.87067 5.88121 3.05548 1.18888 7.17458 5.17293 4.32345 2.50187 4.95807 4.92531 5.94028 5.14389 0.197433 5.22976 4.33009 7.02205 2.30829 2.58633 5.6426 4.47376 0.85831 4.39166 2.487 
3.68728 8.83596 2.26171 4.0213 6.74354 7.33612 3.28248 5.60055 3.81825 5.91249 1.19004 6.77247 2.27942 5.23311 4.8815 2.32694 0.763585 6.30077 3.12977 3.80121 7.35247 2.39331 7.01291 3.18365 3.76194 2.34844 5.2654 8.00909 3.06353 0 5.59106 7.10524 2.28001 8.18543 7.55287 8.44875 2.81407 5.92107 3.52552 2.2142 1.53207 3.00414 3.03247 7.91637 2.06216 5.56362 1.45023 8.13849 2.44822 2.17984 1.24079 3.15413 2.65698 5.5021 4.46753 4.97151 4.14073 3.00226 8.50169 2.49833 1.77648 1.37755 4.99176 3.18929 1.98709 4.09357 0.40751 3.11833 0.983678 5.55269 4.42088 7.33338 4.58894 1.89918 5.50976 4.13571 8.72706 2.98459 1.60942 5.00465 5.8281 3.61215 4.28028 3.30287 7.29554 3.9143 7.11708 2.76132 4.92228 6.12902 2.94336 5.26131 1.6052 4.44724 2.91519 5.2885 2.6147 1.53349 2.21735 4.99556 5.44298 
5.63373 4.56655 5.87654 8.10733 1.7111 2.04765 5.66063 4.19748 6.56479 4.56068 4.58348 1.71344 3.7568 7.2514 3.73909 3.43538 5.12262 5.10113 8.22977 8.62903 2.47422 7.98053 1.6999 7.21509 4.87802 5.66491 0.328784 5.06748 3.10085 5.59106 0 4.82521 4.81967 5.15296 4.02626 4.50477 7.04687 2.14305 5.95954 7.04164 5.30606 7.21863 3.41008 4.64716 6.87054 1.93811 7.01137 4.63533 6.21876 7.30053 4.91983 4.14147 3.0605 0.203059 1.67281 0.622596 7.46742 3.72833 4.00563 7.33735 7.24384 6.22659 1.08142 8.20827 6.10349 1.80374 5.41269 2.49946 4.84711 4.05926 7.85899 5.11135 1.00326 3.84508 5.07268 7.22281 4.5424 7.43409 5.61769 5.73193 0.76958 3.86229 8.96122 6.16669 4.28033 2.05782 1.91574 7.91763 5.91348 3.25835 3.29824 4.37163 7.11064 8.37585 3.02968 0.662582 8.16552 6.62257 3.62935 3.27439 1.43859 
4.26325 9.14672 8.69395 10.9139 3.69428 6.35886 4.63908 1.51293 5.08247 1.27511 5.95682 6.32874 6.73394 11.0584 8.17184 6.26234 7.16763 1.2101 8.10705 8.0546 3.38957 9.096 6.09599 9.99101 8.68785 5.42059 4.85562 1.03001 6.58367 7.10524 4.82521 0 4.95545 1.21623 1.50211 9.20396 9.68178 2.68558 4.69913 7.0734 7.85552 6.59594 6.93477 1.26501 6.96889 2.90779 8.01261 1.60476 5.85471 7.524 7.30483 3.96757 4.97318 4.63842 3.81931 4.76041 10.67 7.26041 8.54095 7.24553 8.81194 6.72946 5.66744 10.2944 8.68246 5.79802 6.72254 5.01087 7.00294 8.65537 11.0345 0.2924 4.81091 6.42314 2.04622 5.61099 9.15922 9.95611 5.96407 3.14232 5.58488 7.7391 8.12095 5.09293 9.10554 4.08422 3.93092 9.86373 3.40188 1.57626 6.73132 1.91273 8.62024 6.97357 4.5464 5.38408 8.87323 7.11235 6.46922 2.2368 6.21158 
1.54669 8.93749 4.32632 6.28968 5.44706 6.83143 1.24363 3.4439 2.08422 3.71444 1.38389 6.37677 3.1533 7.18265 5.73132 2.83087 2.61583 4.05866 3.5693 3.84939 5.89946 4.14814 6.48272 5.42501 5.23035 0.845478 4.54269 5.91581 3.61628 2.28001 4.81967 4.95545 0 6.0989 5.62613 8.6774 5.06737 4.34132 1.56654 2.38502 3.4718 2.40086 3.81041 5.89683 2.23525 4.04496 3.06029 6.15659 1.4007 2.75988 2.95234 1.03218 1.95121 4.66413 3.25981 4.23386 6.31164 3.98408 8.4809 2.64504 3.88089 1.81193 4.6669 5.42124 4.15842 3.9773 1.87338 2.55182 2.57866 6.40811 6.62313 5.16006 3.90262 2.63889 3.24101 2.65348 8.86288 5.26086 1.03978 2.75129 5.32884 4.6568 4.15045 1.56123 7.81408 2.77496 5.85005 4.97153 2.69834 4.22308 3.62112 3.05902 3.68591 3.60802 1.81367 4.79149 3.99137 2.2193 2.91069 3.03769 5.27599 
5.47603 9.14323 9.64127 11.8967 3.71014 6.36299 5.84642 2.66911 6.29825 2.48044 7.0152 6.44974 7.59825 11.8486 8.73815 7.13023 8.18672 2.40545 9.31538 9.27053 3.18406 10.247 6.14978 10.9668 9.44422 6.60561 5.25771 0.187357 7.34862 8.18543 5.15296 1.21623 6.0989 0 1.15339 9.27704 10.6741 3.07745 5.91327 8.26853 8.82445 7.80892 7.70583 0.526434 8.15967 3.39667 9.15887 0.7223 7.05323 8.71454 8.28209 5.08828 5.898 4.99031 4.49879 5.23148 11.5835 8.04152 8.52987 8.44742 9.91972 7.89208 6.11952 11.3663 9.66567 6.41255 7.81408 5.84087 8.00232 9.15659 11.9572 1.14439 5.3634 7.33887 3.26084 6.82168 9.17704 10.9684 7.12193 4.34956 5.86721 8.45864 9.33638 6.30628 9.36805 4.86619 3.83069 10.9463 4.60712 2.2104 7.51241 3.09885 9.73088 8.18145 5.491 5.7762 10.05 8.28227 7.34501 3.20685 6.58862 
5.29251 8.0018 8.81965 11.1004 2.5571 5.21654 5.6077 2.42276 6.20334 2.4131 6.36435 5.29636 6.71641 10.8809 7.66424 6.25742 7.46349 2.59654 9.03648 9.08959 2.06029 9.73845 4.99854 10.1674 8.46541 6.24323 4.15001 1.11255 6.39233 7.55287 4.02626 1.50211 5.62613 1.15339 0 8.12713 9.89583 2.01793 5.73701 7.92379 8.03324 7.58819 6.75012 0.629769 7.79715 2.36851 8.64775 0.644731 6.74084 8.34497 7.5059 4.59399 5.10164 3.87103 3.5382 4.14765 10.7164 7.08972 7.38883 8.13497 9.31935 7.43789 5.01984 10.6936 8.88371 5.37733 7.2057 4.95709 7.25594 8.05725 11.0972 1.65883 4.31196 6.50808 3.28366 6.79023 8.03274 10.2131 6.66582 4.39267 4.72745 7.46312 9.21794 6.11194 8.21918 3.96802 2.68977 10.2936 4.6556 1.42496 6.56575 2.88607 9.13753 8.15876 4.72601 4.66105 9.6175 7.84469 6.47643 2.59442 5.46468 
9.83119 0.586806 7.44238 9.01279 5.57529 2.9212 9.75472 8.70171 10.6727 9.06101 7.8847 2.87625 6.16949 6.90457 3.80337 6.19475 7.73389 9.59595 11.5365 12.1197 6.12177 10.5327 3.13011 8.39066 5.50745 9.47974 4.60356 9.23666 5.39862 8.44875 4.50477 9.20396 8.6774 9.27704 8.12713 0 8.4337 6.54804 10.0802 10.4582 7.38358 10.921 5.42051 8.75061 10.2837 6.41131 9.84924 8.63534 9.97466 10.5655 7.31662 8.29137 6.72637 4.70742 6.05537 4.83322 8.02236 5.50198 0.936681 10.7668 9.60156 9.55493 4.10194 9.87936 7.85077 4.70018 8.46921 6.13228 7.47615 3.30624 8.34611 9.4769 5.02125 6.58947 9.56899 11.2975 0.424684 8.83915 9.17464 10.1574 3.74649 5.01955 12.544 10.199 1.45291 6.255 5.45463 9.7874 10.3156 7.68596 5.50654 8.86964 9.54777 12.2614 6.92579 4.14416 10.9741 9.86982 6.25668 7.77324 3.45578 
6.50115 8.94181 1.17143 1.23654 8.54974 8.29496 6.09347 8.2156 6.57106 8.561 3.78518 7.68177 3.32227 2.94935 4.64705 3.72509 2.52641 8.99467 4.89857 5.69267 9.25903 2.88317 8.03599 0.384433 2.92714 5.14609 6.72898 10.5084 3.95184 2.81407 7.04687 9.68178 5.06737 10.6741 9.89583 8.4337 0 8.04309 6.32623 4.52171 1.86349 5.46665 3.6705 10.3407 4.43219 7.66645 3.01913 10.5188 5.16234 4.23429 2.39374 5.84298 4.7954 7.03279 6.46745 6.50083 1.46163 3.39038 8.78731 4.70936 2.02955 3.96026 6.1286 1.45911 1.01212 5.25728 3.21776 4.99091 2.67891 5.13859 1.65799 9.93194 6.14883 3.40793 8.2498 6.80136 8.80065 0.413102 4.40054 7.81095 6.9829 3.56982 6.20545 6.07777 7.04166 5.96597 8.86521 1.49006 7.73473 8.50945 3.75551 7.92628 2.14461 6.80293 5.18676 6.53479 3.59083 3.88306 3.50734 7.47556 6.32254 
4.553 6.52845 6.92959 9.22124 1.32107 3.77584 4.73692 2.30363 5.53243 2.6019 4.74388 3.67395 4.78499 8.87444 5.6621 4.34097 5.7079 3.09887 7.90634 8.11796 1.57135 8.23665 3.48288 8.29056 6.45704 5.10402 2.20062 2.97185 4.40098 5.92107 2.14305 2.68558 4.34132 3.07745 2.01793 6.54804 8.04309 0 4.96434 6.7263 6.1842 6.61152 4.75755 2.6008 6.57579 0.377035 7.16609 2.66039 5.65514 7.09182 5.68205 3.37277 3.31346 1.96094 1.58206 2.15489 8.77387 5.09826 5.93289 6.98188 7.69512 6.083 3.04912 8.95654 7.03576 3.35946 5.6196 3.0532 5.47417 6.08224 9.15918 2.96995 2.29595 4.63516 3.2865 6.18576 6.52901 8.38304 5.34308 4.18167 2.89955 5.45012 8.34584 5.2745 6.42205 2.08093 1.69954 8.58604 4.4117 1.13794 4.58004 2.6131 7.52627 7.49162 3.00666 2.72702 8.23091 6.5008 4.56148 1.63715 3.55138 
0.444598 10.2986 5.73266 7.50534 6.223 8.00679 0.332847 3.324 0.605398 3.4369 2.89362 7.61382 4.71932 8.65592 7.28267 4.39387 4.03176 3.57501 3.42573 3.36529 6.52052 4.77115 7.65829 6.70157 6.78354 1.18013 5.72364 5.72615 5.16831 3.52552 5.95954 4.69913 1.56654 5.91327 5.73701 10.0802 6.32623 4.96434 0 2.50047 4.90734 1.89837 5.37322 5.84496 2.43922 4.75492 3.78613 6.1527 1.32056 2.97315 4.42314 1.82282 3.40453 5.78055 4.2983 5.42933 7.66394 5.5506 9.80852 2.61274 4.80132 2.49235 6.00013 6.4099 5.50395 5.40707 3.13555 3.96683 4.0473 7.95514 7.94618 4.829 5.14597 4.20376 2.68369 1.26494 10.2357 6.4553 1.92581 1.75103 6.56446 6.22304 3.4824 0.397347 9.29753 3.92251 6.62408 5.94119 1.57168 4.47963 5.18123 2.86251 4.6057 2.52729 3.15653 6.05482 4.38122 2.76388 4.47716 3.38257 6.63498 
2.88207 10.7984 4.33675 5.55109 7.8155 8.9798 2.46351 5.60708 2.42718 5.79846 2.58735 8.47074 4.35633 7.27726 7.0362 4.26616 2.97201 6.01595 1.19659 1.66165 8.28357 2.34529 8.63741 4.90435 5.97537 1.68061 6.74022 8.08166 5.07737 2.2142 7.04164 7.0734 2.38502 8.26853 7.92379 10.4582 4.52171 6.7263 2.50047 0 3.71823 0.961957 5.12148 8.13131 0.17568 6.42824 1.54723 8.41432 1.22213 0.473509 3.45139 3.38121 3.99488 6.90677 5.58265 6.42935 5.97343 5.14695 10.4086 0.308962 2.63381 0.906394 6.69204 4.20089 3.97183 5.86975 2.04572 4.59041 3.15764 7.71665 6.17542 7.23506 6.0676 3.88838 5.12814 2.41911 10.7026 4.52483 1.4299 4.25141 7.45127 5.78623 2.10102 2.11832 9.39222 5.06277 8.21652 3.73658 4.06696 6.55165 4.99533 5.16969 2.46122 2.30193 4.02588 6.90089 1.88416 0.691992 4.22333 5.37009 7.23639 
4.99534 7.82826 0.865808 3.07309 6.73785 6.74975 4.62874 6.41094 5.26834 6.76935 2.09951 6.1478 1.5516 3.75295 3.64169 1.89934 0.876207 7.2266 4.51162 5.23799 7.43191 3.15183 6.46079 2.14231 2.28903 3.7638 4.98086 8.66093 2.29252 1.53207 5.30606 7.85552 3.4718 8.82445 8.03324 7.38358 1.86349 6.1842 4.90734 3.71823 0 4.53556 2.09531 8.48313 3.57526 5.80797 2.60403 8.65757 3.94547 3.61537 0.554747 4.11067 2.93489 5.27096 4.6126 4.73113 2.87392 1.91426 7.57205 3.98758 2.21979 2.90875 4.47275 2.90262 0.852325 3.56581 1.83691 3.13556 0.903279 4.27296 3.21328 8.11204 4.36533 1.55187 6.52567 5.63523 7.70377 2.20003 3.06179 6.20869 5.33945 2.3736 5.73423 4.73589 6.11589 4.10504 7.06792 2.63428 6.16877 6.65083 2.11089 6.14838 2.16556 5.97646 3.33348 4.85027 3.64412 3.02724 1.68951 5.6352 4.77251 
2.3329 11.2226 5.21288 6.51101 7.7903 9.2205 1.9815 5.19631 1.64128 5.32998 3.07077 8.7501 4.96145 8.17486 7.66091 4.79443 3.72937 5.47104 1.54304 1.51382 8.18286 3.25776 8.87266 5.85034 6.73904 1.559 6.93766 7.62168 5.61945 3.00414 7.21863 6.59594 2.40086 7.80892 7.58819 10.921 5.46665 6.61152 1.89837 0.961957 4.53556 0 5.71428 7.72715 1.03454 6.35043 2.50915 8.02899 1.00022 1.36539 4.20331 3.24829 4.26692 7.06464 5.65321 6.62775 6.91159 5.78562 10.7959 0.882767 3.59574 1.62681 7.00798 5.15715 4.86974 6.24977 2.75086 4.87734 3.87395 8.34686 7.12319 6.72733 6.28838 4.46133 4.58058 1.49325 11.1374 5.48145 1.75246 3.59887 7.70783 6.44713 1.75428 1.50311 9.93804 5.17568 8.19497 4.69456 3.38349 6.27715 5.5648 4.73947 3.42289 1.44873 4.19842 7.16455 2.71161 1.5886 4.79004 5.12658 7.59259 
5.28281 5.82356 2.50161 4.69811 5.0052 4.67052 5.04488 5.67866 5.88894 6.07733 2.65701 4.06374 0.765557 4.1428 1.95283 0.979553 2.3142 6.6086 6.14502 6.77076 5.7483 5.169 4.39269 3.81401 1.75325 4.46445 3.10369 7.56599 0.357932 3.03247 3.41008 6.93477 3.81041 7.70583 6.75012 5.42051 3.6705 4.75755 5.37322 5.12148 2.09531 5.71428 0 7.28613 4.95136 4.39042 4.43059 7.39446 4.86337 5.17941 1.91354 3.92665 2.19316 3.41966 3.2155 2.90968 4.08379 0.34088 5.52382 5.42607 4.27941 4.21646 2.45833 4.93369 2.78705 1.60643 3.08724 1.94217 2.0559 2.63902 4.47501 7.21818 2.59487 1.25314 6.10824 6.42012 5.70932 4.06993 3.97839 6.15967 3.31331 0.882387 7.2225 5.35513 4.27587 2.85548 5.28465 4.70951 6.2089 5.50044 0.213319 5.55687 4.19794 7.13444 2.61149 2.8686 5.5653 4.49434 0.929201 4.73634 2.68912 
5.40216 8.61775 9.28665 11.5558 3.18466 5.83671 5.74937 2.53365 6.26876 2.42173 6.73522 5.92478 7.21314 11.4257 8.26136 6.74863 7.87596 2.46687 9.21041 9.21024 2.66114 10.0382 5.62348 10.6237 9.01479 6.45556 4.76205 0.518176 6.92827 7.91637 4.64716 1.26501 5.89683 0.526434 0.629769 8.75061 10.3407 2.6008 5.84496 8.13131 8.48313 7.72715 7.28613 0 8.01408 2.93499 8.94727 0.340295 6.92745 8.56694 7.94702 4.87162 5.54879 4.48845 4.07112 4.7478 11.2089 7.624 8.00444 8.32536 9.66819 7.704 5.62845 11.0828 9.32962 5.95362 7.55536 5.45172 7.68058 8.66667 11.5861 1.31505 4.89556 6.97706 3.26054 6.8232 8.65108 10.646 6.93094 4.37142 5.35399 8.02051 9.30476 6.2315 8.84867 4.46777 3.30493 10.6718 4.63358 1.83287 7.09679 2.98774 9.48233 8.19102 5.15467 5.27689 9.87588 8.10267 6.9657 2.92096 6.08477 
2.8062 10.6232 4.21081 5.48266 7.65631 8.80594 2.38069 5.49468 2.40813 5.69472 2.41175 8.29601 4.18647 7.16062 6.8692 4.09242 2.81634 5.92496 1.36271 1.83641 8.13044 2.35844 8.46376 4.81583 5.82406 1.55856 6.56838 7.97306 4.90457 2.06216 6.87054 6.96889 2.23525 8.15967 7.79715 10.2837 4.43219 6.57579 2.43922 0.17568 3.57526 1.03454 4.95136 8.01408 0 6.27463 1.49515 8.29408 1.13556 0.555109 3.29576 3.24043 3.82189 6.73658 5.41836 6.2576 5.87836 4.98015 10.233 0.484333 2.58134 0.734953 6.51689 4.16548 3.85391 5.69408 1.88038 4.41651 2.99655 7.55032 6.08865 7.13543 5.89514 3.71628 5.03981 2.44806 10.5276 4.44959 1.26358 4.18705 7.27725 5.6218 2.27167 2.06606 9.22076 4.89635 8.05681 3.69838 4.01025 6.41882 4.82379 5.06137 2.40277 2.42092 3.85737 6.72681 1.9449 0.562891 4.05118 5.23555 7.06077 
4.35605 6.42409 6.55256 8.84421 1.46866 3.71462 4.51219 2.3258 5.33485 2.66186 4.39109 3.55309 4.40869 8.51402 5.34546 3.96407 5.33792 3.18723 7.61416 7.85023 1.85604 7.89076 3.40359 7.91354 6.09765 4.82609 1.94805 3.28116 4.03331 5.56362 1.93811 2.90779 4.04496 3.39667 2.36851 6.41131 7.66645 0.377035 4.75492 6.42824 5.80797 6.35043 4.39042 2.93499 6.27463 0 6.82481 3.01297 5.38197 6.78357 5.30716 3.10268 2.94475 1.74394 1.20534 1.86343 8.39904 4.73088 5.83822 6.68974 7.33573 5.76326 2.76846 8.58579 6.65939 3.01889 5.26855 2.6763 5.10226 5.78613 8.78403 3.19766 1.96713 4.25856 3.27185 5.99353 6.4156 8.00707 5.03223 4.09528 2.70671 5.09463 8.09349 5.04923 6.21002 1.70606 1.86916 8.21783 4.31346 1.33188 4.2108 2.5787 7.16851 7.27838 2.6485 2.47639 7.90008 6.18102 4.18458 1.52782 3.30386 
