50
8.05101 9.53627 0.979295 0
4.87437 18.9194 28.8688 0
18.6304 19.3691 1.86778 0
3.48853 14.3186 1.2749 1
16.8206 22.3814 0.700112 0
13.9738 16.4574 1.61724 0
4.1452 17.0689 1.97631 0
18.1786 23.7924 0.622222 0
8.14735 18.3752 1.47207 1
18.1962 19.7771 0.807517 0
3.98992 10.7112 18.0765 0
14.6131 16.8181 2.1565 0
18.4744 21.1167 0.402519 1
13.3683 17.8936 1.48834 1
12.2414 16.5625 0.84108 0
17.3678 18.3799 0.214113 1
7.94365 21.6631 0.579541 0
8.39244 16.8785 0.478097 0
13.5108 16.3784 0.617528 1
14.3459 22.8623 0.492561 0
14.8976 15.8926 2.24429 0
9.36544 13.7695 1.63205 0
17.159 19.7225 1.82723 0
5.89478 8.23939 0.561959 1
4.08744 6.91959 0.96482 1
9.16168 11.3883 0.393181 0
12.5093 19.1948 22.9975 0
6.71779 17.4829 1.17281 0
8.42602 13.3376 2.25588 0
6.81877 22.6108 0.745922 0
0.539154 23.8814 22.9054 0
2.22786 6.68708 1.87064 0
10.5414 18.9875 0.20606 0
13.9754 22.644 1.46715 0
5.98298 18.8192 1.77454 0
18.2697 20.6017 1.24293 1
13.5452 14.955 1.12846 0
2.95224 12.3448 0.763367 1
2.33264 12.4177 0.925352 0
12.041 17.7851 0.678336 1
17.8138 23.615 1.97174 0
18.1249 18.4224 1.43986 0
17.023 23.4087 11.8567 0
3.57312 5.02126 1.55637 0
5.15483 12.2359 2.19527 1
6.49808 9.73397 1.44313 0
1.76598 23.234 1.52788 0
18.3753 20.3113 13.9889 1
3.20849 4.41053 1.11687 1
9.62103 18.9075 1.55245 1
400 50 500
0.025 0.0125 10000 3000 15 1e+06 300000 4 6
0 16.5095 18.2313 16.5206 18.875 13.6974 15.5318 16.1932 8.11356 14.5056 13.7252 9.95889 2.44236 10.0593 11.4673 20.767 4.70556 19.5136 13.4021 14.9277 6.16758 7.43553 8.56084 14.8288 9.8896 8.99321 21.6786 22.3984 12.7637 17.6498 19.1161 18.2251 16.8271 14.6524 7.68472 18.2502 7.97981 18.125 11.437 7.5534 16.6925 5.87327 12.8953 22.0777 12.3904 15.3254 9.72545 8.06213 10.7106 8.92783 13.3868 
16.5095 0 9.1171 12.0486 18.0052 7.16878 12.6923 4.93491 8.51792 20.2603 22.3412 20.7796 14.2156 14.3798 17.7668 13.1042 11.8756 7.63387 9.15807 16.8145 17.3473 9.39996 13.9737 2.77726 16.1356 7.90329 15.4341 14.1323 19.78 6.3648 6.91028 18.7879 0.942197 19.9613 12.5365 8.3383 9.47507 17.8778 16.3448 17.2108 19.3311 14.4006 5.76239 14.1778 18.8274 12.8115 12.5081 16.238 9.74117 19.8131 20.1657 
18.2313 9.1171 0 4.25285 9.88315 4.70617 5.56854 4.28194 11.2012 14.5852 17.5693 17.6362 15.8438 10.7539 13.2871 4.02063 14.8331 2.7394 4.93677 10.3353 15.7848 13.7174 11.3933 7.08903 12.4739 12.9355 6.31703 5.26242 14.9063 2.80356 3.10746 11.0735 8.25523 14.1498 11.0901 0.87098 10.4324 10.0338 11.7843 14.8787 12.4018 13.4114 6.25405 5.20499 13.9848 5.82578 9.58382 13.6323 7.59427 17.0256 15.0434 
16.5206 12.0486 4.25285 0 5.99155 5.36809 1.44308 7.21701 10.9992 10.406 13.5053 14.0159 14.3282 7.50513 9.44702 4.41014 14.0634 6.98363 3.91486 6.11026 12.8683 13.7505 8.5454 9.48314 8.99755 13.4306 5.21953 6.01174 10.8844 6.51274 7.27104 6.977 11.3376 9.95645 8.86704 5.02527 9.60643 5.97841 8.01789 11.7238 8.15598 11.0067 7.3047 5.63797 10.003 1.72755 6.93242 10.4798 6.13963 13.5545 10.9598 
18.875 18.0052 9.88315 5.99155 0 11.0652 5.39127 13.2076 15.5061 7.3456 10.751 12.9051 17.1433 8.81849 8.43498 7.66827 17.7584 12.5728 9.24051 4.09343 13.6386 18.2103 10.3346 15.3762 9.27026 18.2649 6.14322 8.50817 8.74287 12.426 12.9906 1.60478 17.3168 6.8545 11.5781 10.7368 13.7581 0.845343 7.72335 12.1712 3.90694 13.0053 12.9146 8.03731 8.24717 5.33707 9.56016 11.1756 10.4479 12.9317 8.46744 
13.6974 7.16878 4.70617 5.36809 11.0652 0 5.67524 3.24865 6.5052 13.2519 15.6313 14.7332 11.2756 7.85327 11.0515 8.14482 10.1314 5.87021 1.9912 9.65066 12.0912 9.08258 7.94143 4.41641 9.68456 8.44479 9.95394 9.65187 12.9843 4.11285 5.57064 11.7038 6.64922 12.919 7.10252 4.58111 5.77943 10.8439 9.55258 11.4843 12.1623 9.3976 1.9433 9.47463 12.019 5.75187 6.17908 10.3164 3.5291 13.9241 13.3008 
15.5318 12.6923 5.56854 1.44308 5.39127 5.67524 0 8.02906 10.6021 9.02224 12.0794 12.5883 13.4238 6.1883 8.00562 5.73095 13.4009 8.26209 3.87498 4.77367 11.5798 13.3596 7.32904 10.0179 7.60807 13.2022 6.16174 7.28929 9.44945 7.58465 8.486 6.10038 12.0506 8.58278 7.8471 6.28519 9.04541 5.18979 6.5847 10.3864 6.97516 9.88063 7.52877 6.88579 8.56301 0.285506 5.83006 9.15232 5.55896 12.148 9.5367 
16.1932 4.93491 4.28194 7.21701 13.2076 3.24865 8.02906 0 8.33306 16.3241 18.8272 17.9778 13.7515 11.0997 14.2623 8.30256 12.1306 3.69472 5.03238 12.4921 15.2246 10.4423 11.1641 2.84011 12.9314 9.37744 10.5644 9.48331 16.1651 1.8406 3.10693 14.1077 4.15032 15.9643 10.2034 3.59718 8.24074 13.1505 12.7519 14.6904 14.908 12.4416 3.29923 9.4648 15.2001 8.1892 9.42028 13.5402 6.71218 17.157 16.4548 
8.11356 8.51792 11.2012 10.9992 15.5061 6.5052 10.6021 8.33306 0 14.5627 15.6635 13.2141 5.74041 8.25313 11.4807 14.5355 3.79776 11.8903 7.1347 12.5653 9.31503 2.75949 7.14986 6.71795 9.55364 2.90042 16.0915 16.0933 13.4782 9.97369 11.3931 15.5548 8.75285 14.4315 5.34738 10.9869 1.90909 14.9979 10.4292 9.56809 15.038 6.44896 5.14019 15.8802 12.6455 10.5193 6.55097 8.90102 5.0842 12.1412 14.0097 
14.5056 20.2603 14.5852 10.406 7.3456 13.2519 9.02224 16.3241 14.5627 0 3.4168 6.06542 13.5611 6.32674 3.22433 13.9748 15.2316 17.2476 11.3137 4.33393 8.39627 16.7567 7.47747 17.49 5.15377 17.4366 13.1196 15.2061 1.85468 16.3438 17.4094 5.86291 19.852 0.49818 9.28654 15.2708 12.6648 6.54197 4.14767 6.95465 3.50143 9.33684 14.5038 14.7343 2.13957 8.76029 8.15504 6.59328 10.6519 6.46967 1.31581 
13.7252 22.3412 17.5693 13.5053 10.751 15.6313 12.0794 18.8272 15.6635 3.4168 0 3.94094 13.3575 7.96319 4.59111 17.2813 15.5001 20.1538 13.8052 7.60027 7.65422 17.4703 8.60517 19.6228 6.26063 18.4039 16.5184 18.5613 2.68255 19.0756 20.2451 9.23977 22.0433 3.91409 10.3449 18.1948 13.8616 9.9546 6.07893 6.55971 6.86992 9.59449 16.6096 18.0922 3.63871 11.8035 9.84733 6.83356 12.6006 4.83273 2.54824 
9.95889 20.7796 17.6362 14.0159 12.9051 14.7332 12.5883 17.9778 13.2141 6.06542 3.94094 0 9.91625 6.96228 4.69676 18.2362 12.3218 19.9745 13.1864 9.0403 4.20018 14.5911 6.86875 18.2082 5.17261 15.7238 17.9839 19.6965 4.28879 18.5992 19.9241 11.6142 20.6377 6.44934 8.25664 18.1136 11.6082 12.0608 6.00814 3.65088 9.3756 6.78205 15.2774 19.2525 4.65798 12.3034 8.55838 4.54319 11.3188 1.12053 4.75104 
2.44236 14.2156 15.8438 14.3282 17.1433 11.2756 13.4238 13.7515 5.74041 13.5611 13.3575 9.91625 0 8.37913 10.3788 18.4996 2.76326 17.078 11.0623 13.3427 5.75005 5.49672 6.84575 12.4351 8.59394 6.98776 19.5261 20.1281 11.9552 15.2102 16.6758 16.6452 14.4886 13.6307 5.64572 15.8395 5.53989 16.4355 10.0535 6.83291 15.3338 4.31786 10.4532 19.8231 11.4221 13.2353 7.71912 6.96788 8.38483 8.80693 12.5749 
10.0593 14.3798 10.7539 7.50513 8.81849 7.85327 6.1883 11.0997 8.25313 6.32674 7.96319 6.96228 8.37913 0 3.41872 11.9025 9.39774 13.0217 6.22769 4.9676 5.39649 10.5633 1.53339 11.6727 1.83181 11.1416 12.2113 13.4759 5.45888 11.6411 12.962 8.26674 14.1005 6.17924 3.12363 11.1852 6.34833 8.08126 2.18037 4.2224 7.11446 4.1872 8.66389 13.0741 4.54027 5.92341 1.89548 2.97505 4.64318 6.27891 5.91402 
11.4673 17.7668 13.2871 9.44702 8.43498 11.0515 8.00562 14.2623 11.4807 3.22433 4.59111 4.69676 10.3788 3.41872 0 13.5784 12.0075 15.777 9.25792 4.41931 5.53012 13.5811 4.33585 15.0389 1.95182 14.3245 13.2888 15.016 2.04213 14.592 15.8159 7.32574 17.4559 3.25318 6.14954 13.8485 9.60644 7.59351 1.5266 4.02571 5.37874 6.12186 12.025 14.5684 1.16547 7.72036 5.3142 3.43325 8.0271 4.52875 2.53232 
20.767 13.1042 4.02063 4.41014 7.66827 8.14482 5.73095 8.30256 14.5355 13.9748 17.2813 18.2362 18.4996 11.9025 13.5784 0 17.9322 5.93063 7.53303 9.68131 17.2764 17.1947 12.9526 11.1011 13.3326 16.5863 2.43626 1.63166 14.7813 6.74258 6.56481 9.1676 12.2224 13.489 13.1851 4.76598 13.4331 8.125 12.2338 16.1128 11.0746 15.378 9.94602 1.34694 13.9753 6.00679 11.3102 14.8741 10.136 17.8498 14.7505 
4.70556 11.8756 14.8331 14.0634 17.7584 10.1314 13.4009 12.1306 3.79776 15.2316 15.5001 12.3218 2.76326 9.39774 12.0075 17.9322 0 15.6699 10.4034 14.2723 8.12387 2.76487 7.9388 10.4058 10.0919 4.30145 19.2683 19.53 13.7909 13.7567 15.1844 17.501 12.2525 15.2242 6.30517 14.6846 4.50018 17.1316 11.3728 8.95312 16.5122 5.96011 8.91679 19.2779 13.1298 13.2606 8.21629 8.77785 7.92378 11.2014 14.3909 
19.5136 7.63387 2.7394 6.98363 12.5728 5.87021 8.26209 3.69472 11.8903 17.2476 20.1538 19.9745 17.078 13.0217 15.777 5.93063 15.6699 0 6.86774 13.0358 17.7783 14.1113 13.4635 6.3436 14.8037 13.0716 8.36633 6.65083 17.4774 1.91902 0.723592 13.7989 6.69909 16.8222 12.8798 1.97824 11.5408 12.7544 14.2568 17.0103 15.1378 15.201 6.75336 6.77779 16.5399 8.50919 11.6419 15.7864 9.28197 19.2904 17.648 
13.4021 9.15807 4.93677 3.91486 9.24051 1.9912 3.87498 5.03238 7.1347 11.3137 13.8052 13.1864 11.0623 6.22769 9.25792 7.53303 10.4034 6.86774 0 7.65946 10.9354 9.86979 6.59642 6.39847 8.04603 9.51579 8.9583 9.14112 11.1375 5.41347 6.75303 9.78383 8.63724 10.9679 6.15532 5.16171 5.90326 8.96077 7.73897 10.1429 10.174 8.47976 3.68765 8.87716 10.1731 3.90419 4.77432 8.92232 2.69416 12.4553 11.4224 
14.9277 16.8145 10.3353 6.11026 4.09343 9.65066 4.77367 12.4921 12.5653 4.33393 7.60027 9.0403 13.3427 4.9676 4.41931 9.68131 14.2723 13.0358 7.65946 0 9.54859 15.1252 6.49968 14.047 5.18967 15.4436 9.03832 10.9775 5.15976 12.2827 13.2493 3.30607 16.2916 3.86663 7.97081 11.0587 10.6941 3.27637 3.63307 8.07789 2.56764 9.09684 11.1941 10.5117 4.45613 4.53013 6.12753 7.0993 7.82338 8.94773 5.07683 
6.16758 17.3473 15.7848 12.8683 13.6386 12.0912 11.5798 15.2246 9.31503 8.39627 7.65422 4.20018 5.75005 5.39649 5.53012 17.2764 8.12387 17.7783 10.9354 9.54859 0 10.4519 4.40326 14.9525 4.37743 11.6557 17.5925 18.8613 6.61589 16.1706 17.5934 12.7185 17.3295 8.58419 5.02409 16.0908 7.91058 12.8248 5.91573 1.50714 10.9002 2.94802 12.1999 18.4644 6.32313 11.3175 6.20111 2.5087 8.56329 3.08067 7.23631 
7.43553 9.39996 13.7174 13.7505 18.2103 9.08258 13.3596 10.4423 2.75949 16.7567 17.4703 14.5911 5.49672 10.5633 13.5811 17.1947 2.76487 14.1113 9.86979 15.1252 10.4519 0 9.28075 8.31021 11.6293 1.56723 18.8161 18.7279 15.5022 12.1996 13.549 18.1943 9.88004 16.6768 7.48101 13.4205 4.46329 17.6778 12.6951 11.0529 17.5405 7.90449 7.49604 18.5344 14.7404 13.2736 9.01839 10.6385 7.82752 13.4775 16.0706 
8.56084 13.9737 11.3933 8.5454 10.3346 7.94143 7.32904 11.1641 7.14986 7.47747 8.60517 6.86875 6.84575 1.53339 4.33585 12.9526 7.9388 13.4635 6.59642 6.49968 4.40326 9.28075 0 11.3573 2.40441 9.98879 13.4543 14.5567 6.32933 11.9341 13.3233 9.80001 13.7913 7.39911 1.8147 11.7263 5.2912 9.6063 3.44978 3.55705 8.59692 2.69209 8.41004 14.1759 5.50131 7.08357 1.82281 2.37618 4.46441 5.99799 6.86098 
14.8288 2.77726 7.08903 9.48314 15.3762 4.41641 10.0179 2.84011 6.71795 17.49 19.6228 18.2082 12.4351 11.6727 15.0389 11.1011 10.4058 6.3436 6.39847 14.047 14.9525 8.31021 11.3573 0 13.4517 7.03721 13.3075 12.3179 17.0416 4.63081 5.66959 16.0934 2.43572 17.1874 10.0245 6.43449 7.25344 15.2071 13.6007 14.6952 16.5717 12.0287 3.01399 12.2888 16.0853 10.1204 9.8204 13.6678 7.03 17.2759 17.4159 
9.8896 16.1356 12.4739 8.99755 9.27026 9.68456 7.60807 12.9314 9.55364 5.15377 6.26063 5.17261 8.59394 1.83181 1.95182 13.3326 10.0919 14.8037 8.04603 5.18967 4.37743 11.6293 2.40441 13.4517 0 12.3841 13.3973 14.8622 3.92494 13.4571 14.7636 8.41869 15.8844 5.13234 4.21079 12.9416 7.69398 8.46385 1.57086 2.95248 6.80584 4.28491 10.4519 14.4398 3.11292 7.32875 3.63144 1.91037 6.42722 4.57587 4.46161 
8.99321 7.90329 12.9355 13.4306 18.2649 8.44479 13.2022 9.37744 2.90042 17.4366 18.4039 15.7238 6.98776 11.1416 14.3245 16.5863 4.30145 13.0716 9.51579 15.4436 11.6557 1.56723 9.98879 7.03721 12.3841 0 18.3531 18.0691 16.3009 11.1839 12.4718 18.3861 8.43108 17.316 8.17509 12.5572 4.80825 17.7915 13.3133 12.1225 17.9293 8.95765 6.68573 17.9101 15.4899 13.1489 9.45133 11.5854 7.81902 14.6226 16.8457 
21.6786 15.4341 6.31703 5.21953 6.14322 9.95394 6.16174 10.5644 16.0915 13.1196 16.5184 17.9839 19.5261 12.2113 13.2888 2.43626 19.2683 8.36633 8.9583 9.03832 17.5925 18.8161 13.4543 13.3075 13.3973 18.3531 0 2.48214 14.1915 9.09785 8.99519 7.73847 14.5698 12.6221 13.9972 7.11609 14.7922 6.77675 12.1051 16.3032 9.90627 16.0382 11.8482 2.05229 13.4861 6.38735 11.9916 15.1091 11.3487 17.7431 14.06 
22.3984 14.1323 5.26242 6.01174 8.50817 9.65187 7.28929 9.48331 16.0933 15.2061 18.5613 19.6965 20.1281 13.4759 15.016 1.63166 19.53 6.65083 9.14112 10.9775 18.8613 18.7279 14.5567 12.3179 14.8622 18.0691 2.48214 0 16.1223 7.79617 7.34572 10.0783 13.2224 14.7135 14.8144 5.88653 15.0338 9.07488 13.7123 17.6743 12.1433 17.0003 11.3971 0.47573 15.3497 7.55885 12.9298 16.4416 11.7594 19.3489 16.0529 
12.7637 19.78 14.9063 10.8844 8.74287 12.9843 9.44945 16.1651 13.4782 1.85468 2.68255 4.28879 11.9552 5.45888 2.04213 14.7813 13.7909 17.4774 11.1375 5.15976 6.61589 15.5022 6.32933 17.0416 3.92494 16.3009 14.1915 16.1223 0 16.3936 17.5637 7.37549 19.4505 2.17891 8.13314 15.5216 11.6174 7.90731 3.44479 5.2182 5.09556 7.83726 14.0282 15.6595 0.965471 9.17023 7.35394 5.02877 10.0474 4.62257 0.624244 
17.6498 6.3648 2.80356 6.51274 12.426 4.11285 7.58465 1.8406 9.97369 16.3438 19.0756 18.5992 15.2102 11.6411 14.592 6.74258 13.7567 1.91902 5.41347 12.2827 16.1706 12.1996 11.9341 4.63081 13.4571 11.1839 9.09785 7.79617 16.3936 0 1.47146 13.4884 5.48 15.9471 11.2063 1.98212 9.67038 12.4805 13.0656 15.4911 14.5598 13.5087 4.84018 7.82092 15.4383 7.79396 10.1282 14.2913 7.61462 17.8555 16.6199 
19.1161 6.91028 3.10746 7.27104 12.9906 5.57064 8.486 3.10693 11.3931 17.4094 20.2451 19.9241 16.6758 12.962 15.8159 6.56481 15.1844 0.723592 6.75303 13.2493 17.5934 13.549 13.3233 5.66959 14.7636 12.4718 8.99519 7.34572 17.5637 1.47146 0 14.1685 5.97567 16.995 12.6486 2.26291 11.1363 13.1333 14.2908 16.8789 15.4197 14.9578 6.27709 7.45803 16.6173 8.72067 11.5085 15.668 9.05148 19.2078 17.7586 
18.2251 18.7879 11.0735 6.977 1.60478 11.7038 6.10038 14.1077 15.5548 5.86291 9.23977 11.6142 16.6452 8.26674 7.32574 9.1676 17.501 13.7989 9.78383 3.30607 12.7185 18.1943 9.80001 16.0934 8.41869 18.3861 7.73847 10.0783 7.37549 13.4884 14.1685 0 18.1508 5.38253 11.2203 11.9056 13.7332 1.05959 6.84785 11.2231 2.3699 12.4024 13.4671 9.60526 6.98001 5.97683 9.29789 10.3247 10.6005 11.7328 7.04518 
16.8271 0.942197 8.25523 11.3376 17.3168 6.64922 12.0506 4.15032 8.75285 19.852 22.0433 20.6377 14.4886 14.1005 17.4559 12.2224 12.2525 6.69909 8.63724 16.2916 17.3295 9.88004 13.7913 2.43572 15.8844 8.43108 14.5698 13.2224 19.4505 5.48 5.97567 18.1508 0 19.5364 12.4361 7.46016 9.53554 17.2207 16.0068 17.1114 18.7836 14.3934 5.43665 13.277 18.4916 12.1842 12.2536 16.0959 9.45975 19.6984 19.814 
14.6524 19.9613 14.1498 9.95645 6.8545 12.919 8.58278 15.9643 14.4315 0.49818 3.91409 6.44934 13.6307 6.17924 3.25318 13.489 15.2242 16.8222 10.9679 3.86663 8.58419 16.6768 7.39911 17.1874 5.13234 17.316 12.6221 14.7135 2.17891 15.9471 16.995 5.38253 19.5364 0 9.19655 14.8444 12.5275 6.04801 4.0028 7.1187 3.0292 9.37127 14.2125 14.2414 2.26506 8.32405 7.97047 6.67346 10.4025 6.79658 1.71218 
7.68472 12.5365 11.0901 8.86704 11.5781 7.10252 7.8471 10.2034 5.34738 9.28654 10.3449 8.25664 5.64572 3.12363 6.14954 13.1851 6.30517 12.8798 6.15532 7.97081 5.02409 7.48101 1.8147 10.0245 4.21079 8.17509 13.9972 14.8144 8.13314 11.2063 12.6486 11.2203 12.4361 9.19655 0 11.2937 3.51666 10.9076 5.21692 4.67722 10.2231 2.32859 7.19612 14.4717 7.31492 7.64184 2.07341 3.73675 3.59934 7.27664 8.67168 
18.2502 8.3383 0.87098 5.02527 10.7368 4.58111 6.28519 3.59718 10.9869 15.2708 18.1948 18.1136 15.8395 11.1852 13.8485 4.76598 14.6846 1.97824 5.16171 11.0587 16.0908 13.4205 11.7263 6.43449 12.9416 12.5572 7.11609 5.88653 15.5216 1.98212 2.26291 11.9056 7.46016 14.8444 11.2937 0 10.3602 10.8708 12.3336 15.2482 13.1809 13.6222 5.9245 5.87873 14.5888 6.53124 9.90535 14.0109 7.73377 17.464 15.6827 
7.97981 9.47507 10.4324 9.60643 13.7581 5.77943 9.04541 8.24074 1.90909 12.6648 13.8616 11.6082 5.53989 6.34833 9.60644 13.4331 4.50018 11.5408 5.90326 10.6941 7.91058 4.46329 5.2912 7.25344 7.69398 4.80825 14.7922 15.0338 11.6174 9.67038 11.1363 13.7332 9.53554 12.5275 3.51666 10.3602 0 13.2163 8.52646 7.96154 13.1484 4.96733 4.94431 14.7785 10.7693 8.93278 4.64589 7.18053 3.49244 10.5684 12.1382 
18.125 17.8778 10.0338 5.97841 0.845343 10.8439 5.18979 13.1505 14.9979 6.54197 9.9546 12.0608 16.4355 8.08126 7.59351 8.125 17.1316 12.7544 8.96077 3.27637 12.8248 17.6778 9.6063 15.2071 8.46385 17.7915 6.77675 9.07488 7.90731 12.4805 13.1333 1.05959 17.2207 6.04801 10.9076 10.8708 13.2163 0 6.90945 11.3516 3.15413 12.2627 12.6482 8.6003 7.40288 5.09285 8.91734 10.3722 9.97573 12.087 7.64268 
11.437 16.3448 11.7843 8.01789 7.72335 9.55258 6.5847 12.7519 10.4292 4.14767 6.07893 6.00814 10.0535 2.18037 1.5266 12.2338 11.3728 14.2568 7.73897 3.63307 5.91573 12.6951 3.44978 13.6007 1.57086 13.3133 12.1051 13.7123 3.44479 13.0656 14.2908 6.84785 16.0068 4.0028 5.21692 12.3336 8.52646 6.90945 0 4.4518 5.28602 5.73681 10.5885 13.2746 2.48492 6.29939 4.02011 3.47848 6.62715 5.64794 3.82543 
7.5534 17.2108 14.8787 11.7238 12.1712 11.4843 10.3864 14.6904 9.56809 6.95465 6.55971 3.65088 6.83291 4.2224 4.02571 16.1128 8.95312 17.0103 10.1429 8.07789 1.50714 11.0529 3.55705 14.6952 2.95248 12.1225 16.3032 17.6743 5.2182 15.4911 16.8789 11.2231 17.1114 7.1187 4.67722 15.2482 7.96154 11.3516 4.4518 0 9.39315 3.16512 11.8241 17.2646 4.8537 10.1155 5.37126 1.2533 7.97822 2.61301 5.84233 
16.6925 19.3311 12.4018 8.15598 3.90694 12.1623 6.97516 14.908 15.038 3.50143 6.86992 9.3756 15.3338 7.11446 5.37874 11.0746 16.5122 15.1378 10.174 2.56764 10.9002 17.5405 8.59692 16.5717 6.80584 17.9293 9.90627 12.1433 5.09556 14.5598 15.4197 2.3699 18.7836 3.0292 10.2231 13.1809 13.1484 3.15413 5.28602 9.39315 0 11.0201 13.7463 11.6676 4.82434 6.77164 8.52309 8.64727 10.3785 9.58843 4.71791 
5.87327 14.4006 13.4114 11.0067 13.0053 9.3976 9.88063 12.4416 6.44896 9.33684 9.59449 6.78205 4.31786 4.1872 6.12186 15.378 5.96011 15.201 8.47976 9.09684 2.94802 7.90449 2.69209 12.0287 4.28491 8.95765 16.0382 17.0003 7.83726 13.5087 14.9578 12.4024 14.3934 9.37127 2.32859 13.6222 4.96733 12.2627 5.73681 3.16512 11.0201 0 9.33363 16.6407 7.21133 9.65086 4.07436 2.81775 5.9192 5.69701 8.4422 
12.8953 5.76239 6.25405 7.3047 12.9146 1.9433 7.52877 3.29923 5.14019 14.5038 16.6096 15.2774 10.4532 8.66389 12.025 9.94602 8.91679 6.75336 3.68765 11.1941 12.1999 7.49604 8.41004 3.01399 10.4519 6.68573 11.8482 11.3971 14.0282 4.84018 6.27709 13.4671 5.43665 14.2125 7.19612 5.9245 4.94431 12.6482 10.5885 11.8241 13.7463 9.33363 0 11.255 13.0727 7.57901 6.82327 10.7513 4.02488 14.3753 14.4062 
22.0777 14.1778 5.20499 5.63797 8.03731 9.47463 6.88579 9.4648 15.8802 14.7343 18.0922 19.2525 19.8231 13.0741 14.5684 1.34694 19.2779 6.77779 8.87716 10.5117 18.4644 18.5344 14.1759 12.2888 14.4398 17.9101 2.05229 0.47573 15.6595 7.82092 7.45803 9.60526 13.277 14.2414 14.4717 5.87873 14.7785 8.6003 13.2746 17.2646 11.6676 16.6407 11.255 0 14.8913 7.15194 12.5674 16.0352 11.4696 18.915 15.5861 
12.3904 18.8274 13.9848 10.003 8.24717 12.019 8.56301 15.2001 12.6455 2.13957 3.63871 4.65798 11.4221 4.54027 1.16547 13.9753 13.1298 16.5399 10.1731 4.45613 6.32313 14.7404 5.50131 16.0853 3.11292 15.4899 13.4861 15.3497 0.965471 15.4383 16.6173 6.98001 18.4916 2.26506 7.31492 14.5888 10.7693 7.40288 2.48492 4.8537 4.82434 7.21133 13.0727 14.8913 0 8.28149 6.43104 4.45427 9.10079 4.76889 1.3761 
15.3254 12.8115 5.82578 1.72755 5.33707 5.75187 0.285506 8.1892 10.5193 8.76029 11.8035 12.3034 13.2353 5.92341 7.72036 6.00679 13.2606 8.50919 3.90419 4.53013 11.3175 13.2736 7.08357 10.1204 7.32875 13.1489 6.38735 7.55885 9.17023 7.79396 8.72067 5.97683 12.1842 8.32405 7.64184 6.53124 8.93278 5.09285 6.29939 10.1155 6.77164 9.65086 7.57901 7.15194 8.28149 0 5.61182 8.88363 5.45648 11.8655 9.26202 
9.72545 12.5081 9.58382 6.93242 9.56016 6.17908 5.83006 9.42028 6.55097 8.15504 9.84733 8.55838 7.71912 1.89548 5.3142 11.3102 8.21629 11.6419 4.77432 6.12753 6.20111 9.01839 1.82281 9.8204 3.63144 9.45133 11.9916 12.9298 7.35394 10.1282 11.5085 9.29789 12.2536 7.97047 2.07341 9.90535 4.64589 8.91734 4.02011 5.37126 8.52309 4.07436 6.82327 12.5674 6.43104 5.61182 0 4.16308 2.8016 7.74873 7.8024 
8.06213 16.238 13.6323 10.4798 11.1756 10.3164 9.15232 13.5402 8.90102 6.59328 6.83356 4.54319 6.96788 2.97505 3.43325 14.8741 8.77785 15.7864 8.92232 7.0993 2.5087 10.6385 2.37618 13.6678 1.91037 11.5854 15.1091 16.4416 5.02877 14.2913 15.668 10.3247 16.0959 6.67346 3.73675 14.0109 7.18053 10.3722 3.47848 1.2533 8.64727 2.81775 10.7513 16.0352 4.45427 8.88363 4.16308 0 6.83736 3.62835 5.63929 
10.7106 9.74117 7.59427 6.13963 10.4479 3.5291 5.55896 6.71218 5.0842 10.6519 12.6006 11.3188 8.38483 4.64318 8.0271 10.136 7.92378 9.28197 2.69416 7.82338 8.56329 7.82752 4.46441 7.03 6.42722 7.81902 11.3487 11.7594 10.0474 7.61462 9.05148 10.6005 9.45975 10.4025 3.59934 7.73377 3.49244 9.97573 6.62715 7.97822 10.3785 5.9192 4.02488 11.4696 9.10079 5.45648 2.8016 6.83736 0 10.4623 10.4524 
8.92783 19.8131 17.0256 13.5545 12.9317 13.9241 12.148 17.157 12.1412 6.46967 4.83273 1.12053 8.80693 6.27891 4.52875 17.8498 11.2014 19.2904 12.4553 8.94773 3.08067 13.4775 5.99799 17.2759 4.57587 14.6226 17.7431 19.3489 4.62257 17.8555 19.2078 11.7328 19.6984 6.79658 7.27664 17.464 10.5684 12.087 5.64794 2.61301 9.58843 5.69701 14.3753 18.915 4.76889 11.8655 7.74873 3.62835 10.4623 0 5.16687 
13.3868 20.1657 15.0434 10.9598 8.46744 13.3008 9.5367 16.4548 14.0097 1.31581 2.54824 4.75104 12.5749 5.91402 2.53232 14.7505 14.3909 17.648 11.4224 5.07683 7.23631 16.0706 6.86098 17.4159 4.46161 16.8457 14.06 16.0529 0.624244 16.6199 17.7586 7.04518 19.814 1.71218 8.67168 15.6827 12.1382 7.64268 3.82543 5.84233 4.71791 8.4422 14.4062 15.5861 1.3761 9.26202 7.8024 5.63929 10.4524 5.16687 0 
