100
13.9711 15.6668 2.13317 0
1.64845 19.1404 2.1239 0
10.3829 21.5378 1.78916 0
16.2742 23.6493 2.24822 0
8.48713 11.3649 12.9313 1
13.5898 14.7956 0.321662 0
12.1984 20.9046 10.9115 0
2.98646 10.7627 1.14685 0
12.0834 16.9514 0.881423 0
16.9254 18.6708 0.595367 0
11.8345 16.52 1.28288 0
15.8053 23.1276 1.54275 1
8.51325 20.7142 3.29961 0
6.69502 12.6187 0.233592 0
17.7107 23.2373 0.704066 0
3.79676 21.2418 1.55851 0
18.7696 20.6514 1.0115 1
14.8312 19.4053 1.22336 0
9.68927 19.5245 1.78181 0
18.9976 19.4815 0.976963 0
2.1961 14.4529 1.26139 0
17.7857 19.0024 1.59767 0
11.4439 23.7735 1.51265 1
2.4716 11.6586 1.80577 0
0.475344 22.2108 17.0676 0
7.88295 18.9258 0.98595 0
3.30742 3.58743 0.721795 0
3.93262 17.6562 27.9881 0
0.408494 1.54771 24.0933 1
1.41004 23.4261 0.512027 0
2.34493 4.15237 1.94536 0
8.31525 22.7236 16.032 0
1.54236 21.2734 2.13028 0
16.4397 19.0897 2.06496 0
3.89386 21.8433 5.87052 0
15.4352 15.9707 2.08992 0
7.80584 16.4858 1.54258 1
5.95633 6.99936 1.33969 0
9.10712 22.4445 1.75 0
11.5043 12.807 1.72523 0
0.255653 1.18381 1.29389 0
8.03186 10.6438 2.0201 0
11.0364 13.3866 1.79654 0
3.52399 12.8847 2.1376 0
16.3566 17.954 28.2453 0
12.5042 18.1295 0.927082 0
9.29157 11.7013 28.668 0
14.8536 18.7154 1.62034 0
2.01836 17.9222 2.08011 0
0.0345328 20.1947 2.07317 0
10.8399 12.1656 1.65808 1
3.14111 22.401 2.00068 0
18.4379 23.1311 0.437002 0
4.80893 14.8919 0.84284 0
18.6613 22.843 27.6038 1
18.393 18.3947 1.907 0
14.1535 18.2047 0.846699 1
9.53439 17.7304 24.7835 1
16.4093 18.4944 2.18186 0
9.54308 13.1217 28.1255 0
13.3605 14.047 0.894072 1
17.0761 22.0257 13.3092 1
12.0889 18.3105 2.07582 1
17.3186 19.4668 28.0572 0
7.42947 7.60375 0.491635 0
11.3001 13.4776 2.26808 1
7.87059 22.4232 0.770116 1
16.9033 20.1534 1.33662 1
18.2491 18.9773 1.52615 1
17.2997 20.1825 1.26254 0
17.311 19.4344 1.95274 0
17.4774 18.4283 1.81911 0
4.56038 20.0883 1.96483 0
7.97196 15.4183 2.16785 1
15.8278 17.0854 22.286 0
1.75874 2.49793 1.61967 0
12.5351 19.3118 2.23844 0
1.78724 19.4362 2.09641 0
12.5555 17.5497 0.222263 1
6.26246 7.98025 0.492559 1
1.85462 16.4133 0.878864 0
7.79547 23.6017 1.33967 0
6.42016 19.6852 2.11638 0
5.2072 18.5974 1.40375 0
12.2174 16.5666 0.579431 0
16.4797 16.6357 1.68233 0
14.0032 16.2482 1.50551 0
12.9734 16.8854 12.6091 0
8.28976 10.4386 0.44956 0
6.28611 18.0186 2.26462 0
7.75161 23.6788 0.214362 0
11.8666 21.1449 1.77674 0
4.68455 19.4765 0.468547 1
17.0862 22.0172 0.658915 0
8.41736 17.2419 1.04921 0
2.43558 13.9646 0.367125 0
13.9519 18.882 0.517172 0
18.8093 23.5583 0.789195 0
9.24864 17.0129 1.01428 0
7.7527 20.6313 0.804519 1
400 50 500
0.025 0.0125 10000 3000 15 1e+06 300000 6 9
0 19.0504 15.0809 11.3079 7.82345 14.9409 18.0013 14.5633 16.8819 6.78708 19.9507 3.55549 15.0171 14.1004 18.6176 17.0458 17.2967 17.2452 17.989 15.0028 4.25061 10.4414 12.1545 12.2983 10.6295 8.188 7.23913 4.64102 13.5376 13.023 9.96455 12.8275 5.26872 6.81008 15.6022 12.0654 16.9439 7.63637 12.4041 18.0458 15.1997 21.095 12.4646 2.30943 15.2274 5.20493 18.8591 12.8682 5.58708 12.0561 16.6268 1.17775 20.8524 6.52317 12.5748 18.6379 9.1837 17.3608 16.768 16.1191 9.00692 13.6898 12.2095 13.036 11.1589 6.81195 7.03499 18.0872 14.5903 12.4985 13.0307 6.7235 13.6956 5.15059 10.9192 15.4345 2.47798 23.483 6.7459 9.59349 5.96245 1.46806 13.1453 22.8916 18.2953 2.22876 11.8408 9.6239 6.81806 1.11229 17.3045 11.9894 15.0384 18.3947 11.2866 15.0634 14.4383 18.0874 12.3984 18.9306 4.21501 
19.0504 0 12.869 14.6439 18.8295 7.55022 2.30101 16.0351 13.7049 18.8322 1.41803 19.1597 4.0346 13.354 8.92736 3.382 5.32815 13.3155 7.94858 5.81728 21.4762 10.1372 13.6584 12.0102 8.42216 11.02 12.6678 19.022 10.0763 6.04858 14.8218 14.4152 14.2011 12.9565 4.24422 8.61338 3.6404 16.2446 7.63173 10.0531 6.89398 2.08415 7.80463 16.9136 4.41733 19.9646 7.82924 7.2736 15.3155 7.48937 5.11843 19.7492 4.5856 13.9638 7.42489 10.945 9.93116 6.20982 2.28804 13.8399 10.2725 5.82403 11.3099 9.61446 8.86118 12.7215 15.9522 8.72533 4.75452 10.8567 13.2568 17.3728 13.832 14.0742 15.5994 7.35578 16.6614 4.58727 12.4033 12.3517 20.1381 17.8895 8.51012 4.168 13.85 19.0237 16.9657 11.377 15.7044 20.1622 8.63182 10.2514 7.98902 2.97118 15.7636 4.58463 12.097 16.7795 11.3735 4.80518 14.858 
15.0809 12.869 0 19.2308 9.66418 5.39489 13.8911 3.32172 1.88476 10.34 12.5931 12.7687 10.7832 1.12027 5.6135 13.9455 7.70298 2.16643 5.85982 7.31387 14.7464 14.1229 3.02545 2.97865 10.2791 11.7731 13.6729 11.9263 17.0255 10.739 5.39207 2.79493 13.4407 13.5361 13.1134 14.1141 9.23188 7.94942 13.1908 4.34285 6.03572 14.5201 13.5401 14.1931 12.7584 12.4062 6.60966 13.3496 9.49494 8.06705 7.75923 16.232 10.8918 8.73793 13.1323 4.3548 11.1215 16.6421 11.4757 1.33197 11.853 8.57599 17.079 16.1887 13.2185 13.0654 8.30918 5.33126 12.0767 16.8984 2.09157 9.28273 1.73545 10.8994 19.7116 16.1434 13.8767 15.1494 10.253 15.8745 12.0858 14.8633 5.26095 14.3739 3.23136 13.5551 5.50298 6.3116 8.41017 15.9402 4.86997 4.48328 16.3796 10.1449 4.87131 12.739 0.991022 4.43054 17.2842 8.98569 11.9912 
11.3079 14.6439 19.2308 0 17.1634 15.6601 12.5658 20.6408 21.0332 16.3824 16.0125 14.1017 11.7106 18.7642 19.5778 11.3759 16.3756 21.0766 18.5453 14.3463 15.5096 5.3695 17.4025 16.409 9.20751 7.50884 5.93376 14.8547 4.77574 10.0695 16.3661 18.4139 7.2711 6.24768 10.4187 6.28248 14.8645 15.4185 7.41823 19.8117 15.4347 16.1108 7.13228 9.35916 10.3181 15.7623 19.118 7.62551 12.7475 11.7423 15.6 11.0593 18.5228 12.2668 7.59968 20.7377 8.11647 9.66417 12.9782 20.5591 7.37997 12.3318 3.34474 5.05574 6.61024 6.66637 14.692 19.0745 10.2544 3.81226 17.8576 15.4512 18.7372 10.0671 1.02042 7.71639 9.40796 19.0251 9.62 3.35627 16.417 9.88794 14.5235 18.7504 22.1006 13.0051 19.1482 13.1411 14.3031 12.029 18.4243 14.761 7.05604 15.8701 18.0314 10.1673 18.2631 23.4997 3.31092 17.4022 9.56221 
7.82345 18.8295 9.66418 17.1634 0 12.243 18.7125 7.82399 11.073 1.0509 19.2208 4.36421 15.1817 8.54405 14.7359 18.1471 15.0799 11.5942 14.5349 13.3113 5.54883 13.9297 6.76615 7.88318 11.7063 10.8237 11.4589 3.24741 17.4996 13.7709 4.53966 6.89045 9.89229 11.0639 16.7997 15.011 15.6465 2.59009 14.7249 13.7081 12.777 20.8722 14.9598 8.43917 16.3701 3.16261 15.4252 15.1251 4.56748 11.4424 14.6737 8.92979 18.8371 5.55021 14.8077 13.9451 11.1381 19.7038 16.6985 10.2502 11.5054 13.0318 16.6816 16.7518 13.893 10.729 3.01293 14.3003 15.5874 16.7737 7.68109 1.77486 7.94908 7.21291 17.1342 18.2532 8.24296 22.5186 8.25825 14.3617 2.60042 8.50234 10.659 21.7927 12.4863 5.6369 4.73888 7.45753 3.35343 8.18387 13.6049 8.91683 18.1229 17.0294 4.83889 16.2525 9.45905 11.2948 16.9063 16.7445 7.60131 
14.9409 7.55022 5.39489 15.6601 12.243 0 8.49918 8.48828 6.54372 12.5128 7.45907 13.8058 5.5344 5.80563 4.03935 8.60507 2.8481 6.29909 3.16121 1.94428 16.0969 10.2952 6.24704 4.64998 6.49555 8.87356 10.9707 13.3252 12.5674 5.99179 7.82582 6.91485 11.5223 11.0048 7.89762 9.78656 3.92064 9.80103 8.7131 4.1575 0.656273 9.33262 9.06371 13.3322 7.5813 14.1165 3.97038 8.7491 9.86764 3.94423 2.57627 15.9376 6.59404 8.60898 8.60218 5.10365 7.87744 11.4215 6.08305 6.49844 8.59422 3.59995 12.9699 11.7689 9.12755 10.575 9.74436 3.50399 6.97799 12.6918 5.74444 11.1144 6.28409 9.88317 16.3368 11.1838 13.0186 10.44 8.53952 12.4182 14.0809 14.2178 1.80354 9.68513 7.10553 14.1188 9.58266 5.44328 9.61775 15.9904 2.79 3.35458 11.519 5.05012 8.45525 7.58941 4.56429 9.59461 13.1472 4.50147 10.962 
18.0013 2.30101 13.8911 12.5658 18.7125 8.49918 0 16.8835 14.9616 18.5868 3.71146 18.5161 3.54765 14.2146 10.6395 1.1917 6.85226 14.639 9.59027 6.58165 20.7883 8.41966 14.2097 12.5656 7.50137 9.82429 11.2296 18.5107 7.90218 5.12133 15.0351 15.065 12.9323 11.566 2.46206 6.78404 4.92152 16.1285 5.94401 11.6281 7.86909 3.5608 6.04399 15.7772 2.79245 19.4902 9.62875 5.52699 14.836 7.29181 6.42237 18.5947 6.84529 13.5172 5.7408 12.5702 8.82358 3.92396 2.41621 14.9847 9.02087 5.84167 9.2211 7.51049 7.23787 11.396 15.742 10.3576 3.41638 8.75539 13.9498 17.1387 14.6221 13.2437 13.5446 5.09947 15.5516 6.46063 11.5823 10.52 19.7468 16.7465 9.03307 6.2014 15.2897 18.2273 17.4193 11.3095 15.4527 19.1036 10.1271 10.6479 5.74681 4.8351 16.1691 2.9624 13.0295 18.0403 9.26442 6.75178 13.898 
14.5633 16.0351 3.32172 20.6408 7.82399 8.48828 16.8835 0 3.73513 8.71481 15.8426 11.6751 13.5957 2.68315 8.85484 16.8167 10.9721 4.341 9.17278 10.3265 13.3099 15.8843 3.25882 4.59547 12.2607 13.1531 14.7979 10.6695 19.0894 13.2092 4.70585 2.23377 14.1227 14.5707 15.8488 16.1827 12.3974 6.93889 15.39 7.526 9.14376 17.7569 15.7249 14.1822 15.4646 10.8993 9.89891 15.6209 9.22698 10.4283 10.9664 15.741 14.2134 8.92449 15.3668 7.32833 12.746 19.3331 14.4866 3.00928 13.4256 11.2862 18.9054 18.2488 15.1809 14.1103 7.53102 8.61495 14.7333 18.7947 3.05754 8.04363 2.2758 11.2943 20.9806 18.6001 13.8879 18.4666 11.1336 17.3308 10.4147 14.6732 7.92237 17.6912 4.97544 12.7028 3.09743 7.53901 7.77406 15.2519 8.18705 6.59795 18.7527 13.3946 3.28077 15.4216 3.94816 3.54648 19.1229 12.2996 12.2726 
16.8819 13.7049 1.88476 21.0332 11.073 6.54372 14.9616 3.73513 0 11.8347 13.2481 14.4412 12.0696 2.78172 5.5045 15.1394 8.39393 0.610817 6.08289 8.48495 16.3345 15.8684 4.73784 4.86334 11.9941 13.6062 15.5301 13.5498 18.6624 12.252 7.04787 4.23907 15.3243 15.402 14.4291 15.767 10.1303 9.59264 14.8016 4.12939 7.13166 15.1873 15.1537 16.0534 14.0997 13.9583 6.65121 14.9288 11.3054 9.67764 8.61385 18.0406 11.1343 10.5964 14.7291 3.71502 12.9168 17.9586 12.5557 0.822919 13.6536 9.98219 18.7924 17.8315 14.9131 14.9315 10.0132 5.397 13.4608 18.5919 3.85207 10.8851 3.23809 12.7787 21.5364 17.6102 15.7383 15.468 12.1345 17.6783 13.5802 16.7077 6.8038 14.6972 1.43742 15.2879 6.57419 8.19021 10.1456 17.715 5.1905 6.27334 17.8882 10.8371 6.23648 14.0972 2.7877 3.08259 18.9931 9.41895 13.8672 
6.78708 18.8322 10.34 16.3824 1.0509 12.5128 18.5868 8.71481 11.8347 0 19.2981 3.31345 15.0843 9.22537 15.2275 17.9629 15.3231 12.3349 14.9582 13.4476 4.59765 13.3823 7.37012 8.33322 11.41 10.3019 10.7767 2.1965 16.944 13.5682 5.04579 7.60975 9.12332 10.3676 16.5862 14.5472 15.7628 2.71204 14.3343 14.2593 13.0143 20.8939 14.5512 7.49664 16.158 2.18783 15.8559 14.7493 4.03218 11.3758 14.8719 7.88565 19.0927 5.17931 14.4297 14.5549 10.7104 19.3727 16.6555 11.013 11.0213 13.0105 16.0565 16.2178 13.4359 10.0588 2.88095 14.7722 15.3832 16.1729 8.30394 1.45941 8.65438 6.56669 16.3119 17.847 7.31634 22.6551 7.75926 13.6745 1.74766 7.51011 10.8586 21.9428 13.2611 4.59122 5.66216 7.47489 3.13835 7.1333 14.0543 9.16016 17.6819 17.1732 5.61165 16.0326 10.0535 12.2197 16.2793 17.0039 6.83708 
19.9507 1.41803 12.5931 16.0125 19.2208 7.45907 3.71146 15.8426 13.2481 19.2981 0 19.8461 5.00924 13.184 8.17865 4.79886 4.89487 12.8134 7.287 5.95261 22.1748 11.3913 13.6903 12.0652 9.37132 12.0501 13.7902 19.6368 11.478 7.07242 15.0518 14.373 15.2362 14.0559 5.59479 9.91775 3.61535 16.6562 8.8982 9.40069 6.81427 1.93944 9.09336 17.8685 5.72847 20.5532 7.02533 8.56357 15.9409 8.11331 4.89726 20.6998 3.29932 14.5851 8.69271 10.2358 10.9361 7.59928 3.29761 13.4635 11.3363 6.41609 12.6867 10.9988 10.0912 13.7936 16.4208 8.05171 5.97638 12.2379 13.2014 17.8429 13.7036 14.8967 16.9589 8.77318 17.6047 3.53231 13.2388 13.637 20.679 18.8426 8.67252 2.97588 13.2533 19.7929 17.0237 11.8243 16.199 21.0625 8.07772 10.4442 9.40488 2.449 15.8637 5.89 11.8962 16.2907 12.7562 3.96412 15.739 
3.55549 19.1597 12.7687 14.1017 4.36421 13.8058 18.5161 11.6751 14.4412 3.31345 19.8461 0 15.1932 11.7002 17.0625 17.7186 16.4539 14.8806 16.61 14.3231 2.33264 12.0404 9.74562 10.2957 11.0308 9.20351 9.04009 1.11787 15.473 13.395 7.39564 10.2271 7.12706 8.59727 16.2808 13.4618 16.5078 4.8511 13.5084 16.276 14.1973 21.2435 13.6562 4.78266 15.8688 1.71101 17.5089 13.9596 3.9687 11.7328 15.8836 4.60185 20.181 5.30278 13.6432 16.7228 9.92367 18.6193 16.8904 13.6373 10.0154 13.43 14.3571 14.8396 12.4128 8.4097 4.4666 16.5625 15.1422 14.5582 10.6772 3.63218 11.2032 5.37006 13.8759 16.8727 4.69937 23.3318 6.97113 11.8068 2.44526 4.52215 12.0247 22.6704 15.8782 1.32693 8.74564 8.38012 4.41795 3.82005 15.7995 10.5425 16.5926 17.9661 8.42445 15.7215 12.2922 15.22 14.5681 18.1426 5.08011 
15.0171 4.0346 10.7832 11.7106 15.1817 5.5344 3.54765 13.5957 12.0696 15.0843 5.00924 15.1932 0 10.968 8.60709 3.23174 4.92864 11.8333 7.50919 3.61896 17.4973 6.65118 10.7787 9.15331 4.39248 7.04147 8.80545 15.1123 7.71565 2.06451 11.4991 11.6748 10.2279 9.05764 2.36372 5.42823 3.18752 12.5946 4.29833 9.29186 4.98957 6.09586 4.57849 12.8925 2.06755 16.0752 7.85278 4.09555 11.4136 3.74677 4.22573 15.7276 6.8757 10.0754 4.11223 10.2723 5.93157 5.88896 1.75153 11.9723 6.32974 2.34582 8.54942 7.02759 5.31571 8.78689 12.2257 8.19831 1.61018 8.16425 10.5954 13.6308 11.3203 10.0493 12.5752 5.79352 12.6363 8.51729 8.37681 8.95393 16.2957 13.8681 5.67432 7.98495 12.6179 15.0119 13.9323 7.76359 11.9464 16.1291 7.75485 7.188 6.22348 4.1855 12.672 2.10147 9.86153 15.099 8.67483 5.71366 10.8234 
14.1004 13.354 1.12027 18.7642 8.54405 5.80563 14.2146 2.68315 2.78172 9.22537 13.184 11.7002 10.968 0 6.59958 14.177 8.33454 3.18195 6.73824 7.64816 13.6506 13.7728 1.96272 2.35515 10.0023 11.2642 13.0881 10.8392 16.8148 10.7108 4.30816 1.6821 12.7204 12.9215 13.2514 13.8966 9.71779 6.86538 13.0313 5.38015 6.46134 15.0911 13.3749 13.306 12.877 11.3014 7.53428 13.2263 8.52621 7.96242 8.29735 15.2598 11.6919 7.8527 12.9899 5.45595 10.7 16.758 11.8128 2.03365 11.4163 8.68435 16.766 15.974 12.9496 12.4514 7.25278 6.27415 12.1626 16.6141 1.07479 8.18729 0.639092 10.0856 19.1972 16.1239 12.9928 15.8901 9.56697 15.414 10.972 13.9422 5.31414 15.1164 4.20398 12.5185 4.44409 5.67931 7.37289 14.9348 5.7412 4.18937 16.3164 10.739 3.75598 12.8427 1.30385 4.73578 16.9768 9.72341 11.1579 
18.6176 8.92736 5.6135 19.5778 14.7359 4.03935 10.6395 8.85484 5.5045 15.2275 8.17865 17.0625 8.60709 6.59958 0 11.1383 3.8179 4.96253 1.09818 5.27321 19.2632 14.2102 8.02533 6.897 10.4911 12.9129 15.01 16.4221 16.1727 9.64592 10.2051 8.22008 15.5169 15.0414 10.8529 13.5306 5.77674 12.5846 12.4115 1.37512 4.15316 10.0797 12.7511 17.169 10.6357 17.0903 1.18807 12.3714 13.2674 7.95286 4.40834 19.6686 5.68443 12.1287 12.2741 2.06482 11.9106 14.1917 8.4166 5.97235 12.622 7.27614 16.7454 15.4148 12.9859 14.609 12.7161 0.543602 10.2045 16.4292 7.17844 13.9568 7.2352 13.6945 20.2923 14.3938 16.8506 10.022 12.4629 16.3882 16.9182 18.0167 5.64391 9.25888 5.17594 17.5588 11.035 8.9938 12.6823 19.6251 1.32115 6.63418 14.8297 5.95656 10.2131 10.6932 5.40852 8.35285 16.9081 4.21521 14.799 
17.0458 3.382 13.9455 11.3759 18.1471 8.60507 1.1917 16.8167 15.1394 17.9629 4.79886 17.7186 3.23174 14.177 11.1383 0 7.32038 14.8587 10.0608 6.66085 19.9644 7.2825 14.0079 12.3848 6.69081 8.85785 10.1642 17.7692 6.72723 4.39675 14.6534 14.9065 11.9169 10.5149 1.44893 5.62569 5.36157 15.5789 4.83587 12.0293 8.00783 4.75113 4.91031 14.7973 1.85044 18.7605 10.1968 4.40366 14.1291 6.84391 6.78949 17.5996 7.80264 12.8356 4.63672 12.9924 7.90513 3.0874 2.72167 15.0979 8.04064 5.57425 8.03115 6.32118 6.13779 10.3685 15.1511 10.8106 2.59107 7.5664 13.825 16.5277 14.5425 12.3969 12.3535 3.97459 14.5822 7.65198 10.7537 9.35006 19.0523 15.7608 8.90014 7.38308 15.5739 17.3683 17.1406 10.8323 14.8447 18.1414 10.5014 10.4145 4.60741 5.56782 15.8748 2.00237 13.044 18.1992 8.07654 7.46625 12.9941 
17.2967 5.32815 7.70298 16.3756 15.0799 2.8481 6.85226 10.9721 8.39393 15.3231 4.89487 16.4539 4.92864 8.33454 3.8179 7.32038 0 7.99081 2.74518 2.34517 18.7681 11.0827 9.0282 7.46846 7.72218 10.4111 12.4648 16.0394 12.6245 6.30609 10.6738 9.61731 13.3708 12.5885 7.08243 10.1554 1.95897 12.6145 9.01284 4.78304 2.30884 6.82898 9.3325 15.5112 6.89496 16.8635 2.93776 8.90033 12.4885 5.44017 0.784514 18.226 3.77072 11.1814 8.85206 5.71826 9.30497 10.3769 4.59871 8.57575 9.93922 4.17677 13.3544 11.9091 9.7824 12.2065 12.5222 3.50691 6.53859 12.9988 8.44486 13.9097 8.87867 12.1571 17.1702 10.6578 15.2091 7.63182 10.6587 13.3561 16.8616 16.4401 4.47941 6.86866 8.5291 16.6676 12.3536 8.08094 12.373 18.3764 3.31376 6.16891 11.1271 2.45378 11.2614 6.96741 7.03638 11.4605 13.4977 1.69259 13.178 
17.2452 13.3155 2.16643 21.0766 11.5942 6.29909 14.639 4.341 0.610817 12.3349 12.8134 14.8806 11.8333 3.18195 4.96253 14.8587 7.99081 0 5.59495 8.22643 16.8086 15.8657 5.14326 5.09615 11.9769 13.694 15.6508 14.0092 18.5792 12.1144 7.4859 4.72573 15.5205 15.5391 14.1967 15.6985 9.77272 10.0405 14.7094 3.58995 6.86095 14.7509 15.0625 16.3505 13.8785 14.4431 6.12361 14.8184 11.66 9.60345 8.25354 18.3975 10.6196 10.8982 14.6291 3.12254 12.9641 17.7187 12.2435 1.37655 13.7046 9.80529 18.7606 17.7531 14.8741 15.0697 10.4346 4.88703 13.2596 18.5461 4.22916 11.35 3.6946 13.0343 21.605 17.4367 16.0334 14.9575 12.3207 17.7264 14.0821 17.0275 6.71712 14.1889 1.0787 15.6971 7.14335 8.37339 10.5507 18.0983 4.73701 6.34703 17.7349 10.4201 6.75545 13.8831 2.94831 3.47732 18.9578 8.9485 14.1326 
17.989 7.94858 5.85982 18.5453 14.5349 3.16121 9.59027 9.17278 6.08289 14.9582 7.287 16.61 7.50919 6.73824 1.09818 10.0608 2.74518 5.59495 0 4.2115 18.8507 13.1826 7.94552 6.65172 9.50989 11.994 14.0912 16.027 15.0876 8.57678 9.99679 8.27476 14.6834 14.1413 9.75663 12.4647 4.70221 12.2762 11.341 2.1157 3.17031 9.21179 11.6786 16.4532 9.53774 16.7413 0.901837 11.2921 12.7461 6.99185 3.31249 19.0137 5.07628 11.5544 11.2005 2.99955 10.9668 13.1066 7.33969 6.43579 11.6672 6.22318 15.6808 14.3342 11.9437 13.7175 12.3464 0.776919 9.10741 15.3589 7.16673 13.6384 7.35572 12.9891 19.2743 13.2956 16.1373 9.39498 11.6877 15.381 16.6157 17.3235 4.88088 8.62207 5.96811 17.0346 11.1024 8.38705 12.2806 19.018 0.99704 6.08223 13.732 4.9824 10.1838 9.59502 5.47089 9.05647 15.8408 3.36296 14.0806 
15.0028 5.81728 7.31387 14.3463 13.3113 1.94428 6.58165 10.3265 8.48495 13.4476 5.95261 14.3231 3.61896 7.64816 5.27321 6.66085 2.34517 8.22643 4.2115 0 16.6507 8.99333 7.84118 6.19308 5.44861 8.09415 10.1633 13.9815 10.9251 4.37373 9.09933 8.61192 11.0275 10.2715 5.9809 8.2574 2.34313 10.7704 7.13941 5.76193 1.37077 7.72645 7.48035 13.1814 5.68104 14.8478 4.78021 7.11097 10.3566 3.09695 1.62689 15.9128 5.88377 9.02273 7.00456 6.74079 7.00157 9.49426 4.17013 8.43982 7.6574 2.01486 11.4725 10.155 7.73878 9.88144 10.5909 4.80019 5.11942 11.1566 7.46288 12.0046 8.08253 9.85457 15.0927 9.34578 12.8815 9.21152 8.33049 11.2212 14.9057 14.116 2.72321 8.49519 8.99905 14.4611 11.151 6.02904 10.4016 16.0902 4.24891 4.49248 9.7182 3.72565 9.95842 5.70062 6.4485 11.5388 11.6348 3.92895 10.859 
4.25061 21.4762 14.7464 15.5096 5.54883 16.0969 20.7883 13.3099 16.3345 4.59765 22.1748 2.33264 17.4973 13.6506 19.2632 19.9644 18.7681 16.8086 18.8507 16.6507 0 14.0226 11.7268 12.4285 13.2902 11.3219 10.9129 2.84913 17.3538 15.6711 9.35727 12.0954 8.93477 10.4671 18.5212 15.5197 18.8402 6.80759 15.6462 18.4239 16.5022 23.5593 15.7728 6.21134 18.114 2.41073 19.7517 16.1034 6.29409 14.0619 18.2059 4.87198 22.5025 7.63366 15.7907 18.8221 12.1135 20.7412 19.2027 15.5178 12.1462 15.7591 16.1391 16.7689 14.5037 10.3433 6.5609 18.7727 17.3992 16.3811 12.6671 5.46384 13.114 7.57117 15.1565 18.9366 6.23409 25.6631 9.21248 13.54 2.97131 5.6241 14.325 25.0028 17.7692 2.69801 10.2584 10.6884 6.58112 3.85365 18.0178 12.8065 18.6188 20.2982 10.1621 17.9634 14.347 16.8172 16.341 20.4583 7.11812 
10.4414 10.1372 14.1229 5.3695 13.9297 10.2952 8.41966 15.8843 15.8684 13.3823 11.3913 12.0404 6.65118 13.7728 14.2102 7.2825 11.0827 15.8657 13.1826 8.99333 14.0226 0 12.6279 11.4393 3.89636 3.11403 3.20356 12.4448 3.57007 4.8087 12.0257 13.6558 5.18039 3.63171 5.98595 1.71052 9.6934 11.7171 2.50728 14.45 10.0653 11.9164 2.37567 8.13233 5.73877 13.4513 13.772 2.89607 9.373 6.39501 10.3009 10.7697 13.5251 8.45637 2.71432 15.3821 3.1532 6.95446 8.15059 15.4545 2.54308 6.98255 3.02364 2.83882 1.3364 3.68525 11.064 13.7055 5.4159 2.962 12.9508 12.1555 13.8283 6.86306 6.10052 4.99375 7.99108 14.7074 5.67983 2.30644 13.9479 9.02749 9.22167 14.3022 16.865 11.3246 14.8558 8.36794 10.68 11.4702 13.0553 9.6431 4.61162 10.8296 13.6397 5.5674 13.1385 18.4863 3.24378 12.2161 6.96041 
12.1545 13.6584 3.02545 17.4025 6.76615 6.24704 14.2097 3.25882 4.73784 7.37012 13.6903 9.74562 10.7787 1.96272 8.02533 14.0079 9.0282 5.14326 7.94552 7.84118 11.7268 12.6279 0 1.65236 9.04363 9.9045 11.5937 8.90213 15.8613 10.1565 2.36955 1.02806 11.0417 11.3858 12.9324 12.9637 10.102 4.92498 12.207 6.94803 6.88091 15.5338 12.5359 11.4324 12.5306 9.39998 8.80917 12.4593 6.5943 7.37104 8.82321 13.3177 12.632 6.00552 12.1948 7.1888 9.48753 16.3531 11.875 3.96484 10.167 8.43378 15.65 15.022 11.9463 10.9208 5.29204 7.62131 11.7729 15.5447 0.94066 6.26508 1.55498 8.30625 17.7646 15.4935 11.1231 16.6595 7.96597 14.0829 9.1083 12.0371 5.19103 15.8968 6.16527 10.5558 3.33573 4.28151 5.41039 12.9777 6.97421 3.5968 15.6106 11.2963 2.25572 12.4709 2.69333 6.28831 15.8681 10.5766 9.34863 
12.2983 12.0102 2.97865 16.409 7.88318 4.64998 12.5656 4.59547 4.86334 8.33322 12.0652 10.2957 9.15331 2.35515 6.897 12.3848 7.46846 5.09615 6.65172 6.19308 12.4285 11.4393 1.65236 0 7.71299 8.90993 10.7503 9.57953 14.5423 8.62638 3.34576 2.52622 10.4633 10.5952 11.3384 11.6273 8.46704 5.69167 10.8061 5.99553 5.27047 13.8969 11.1439 11.2764 10.9426 10.2079 7.54257 11.0291 6.73113 5.84047 7.21964 13.4281 11.1351 5.84431 10.7783 6.43251 8.35129 14.788 10.2247 4.24563 9.06445 6.81223 14.4423 13.7009 10.6532 10.1245 5.86793 6.43908 10.1947 14.3028 1.54538 7.06534 2.40311 7.93827 16.8451 14.007 10.9577 15.0874 7.28033 13.0591 10.0215 11.983 3.54011 14.3299 6.17434 10.9362 4.96316 3.35162 5.87827 13.2115 5.72717 2.01317 14.1574 9.6872 3.80648 10.8895 2.16984 7.09083 14.6552 9.05908 9.0383 
10.6295 8.42216 10.2791 9.20751 11.7063 6.49555 7.50137 12.2607 11.9941 11.41 9.37132 11.0308 4.39248 10.0023 10.4911 6.69081 7.72218 11.9769 9.50989 5.44861 13.2902 3.89636 9.04363 7.71299 0 2.76214 4.75362 11.0865 6.83131 2.40731 8.86794 10.0647 5.90798 4.91113 5.26068 3.92221 6.73938 9.21496 3.21827 10.6252 6.34408 10.4666 3.52627 8.50221 4.84347 12.083 10.178 3.5408 7.48199 2.55206 6.9454 11.3365 10.7429 6.23373 3.24364 11.5394 1.62536 8.00151 6.14393 11.6076 2.21722 3.56276 6.80179 5.99015 2.94781 4.56739 8.69486 9.9695 4.11145 6.62186 9.25166 10.0107 10.1161 5.7442 9.85005 6.69048 8.24417 12.8959 4.08099 5.92715 12.401 9.47745 5.3279 12.3383 12.9708 10.7285 11.6338 4.96222 8.35548 11.741 9.28209 5.82483 6.69124 8.10088 10.368 4.70063 9.28994 14.6763 7.00558 9.10171 6.45055 
8.188 11.02 11.7731 7.50884 10.8237 8.87356 9.82429 13.1531 13.6062 10.3019 12.0501 9.20351 7.04147 11.2642 12.9129 8.85785 10.4111 13.694 11.994 8.09415 11.3219 3.11403 9.9045 8.90993 2.76214 0 2.09768 9.49458 6.68188 4.98277 9.04813 10.9214 3.18654 2.17772 7.41447 4.29077 9.50044 8.60683 4.32508 12.874 8.83417 13.0172 4.45542 5.95326 7.04252 10.5075 12.7212 4.78383 6.2781 5.03451 9.6441 8.77625 13.5046 5.34349 4.47353 13.7318 1.13731 9.42321 8.77672 13.0942 0.830382 6.29499 6.0111 5.92815 3.21444 1.80796 7.95031 12.3769 6.42559 6.02928 10.349 9.05087 11.2284 3.87358 7.94058 7.68063 5.72853 15.5552 2.56739 4.17838 10.9578 6.92391 7.41923 15.0252 14.7423 8.65259 11.8747 5.6338 7.56605 9.28502 11.6468 7.347 7.43945 10.8614 10.6918 6.87743 10.8212 15.9978 6.23762 11.8395 4.21543 
7.23913 12.6678 13.6729 5.93376 11.4589 10.9707 11.2296 14.7979 15.5301 10.7767 13.7902 9.04009 8.80545 13.0881 15.01 10.1642 12.4648 15.6508 14.0912 10.1633 10.9129 3.20356 11.5937 10.7503 4.75362 2.09768 0 9.56503 6.44682 6.74982 10.4401 12.5873 1.99332 0.445876 8.76905 4.85711 11.4621 9.54158 5.35119 14.9561 10.9298 14.5914 5.34782 4.93094 8.44746 10.5499 14.8149 5.80494 6.93334 7.12321 11.6918 7.5817 15.4534 6.34524 5.54207 15.8041 3.1619 10.1458 10.4929 14.9795 2.54707 8.31617 5.33669 5.85971 4.05389 0.74195 8.82706 14.4737 7.94225 5.51931 12.1249 9.70345 12.9954 4.25026 6.18691 8.19728 4.7986 17.247 3.69616 2.90279 11.1103 5.82463 9.4968 16.7609 16.7102 8.22085 13.215 7.40908 8.4357 8.26707 13.7417 9.31663 7.80169 12.7813 12.1066 8.27515 12.743 17.7984 5.55314 13.8539 4.01932 
4.64102 19.022 11.9263 14.8547 3.24741 13.3252 18.5107 10.6695 13.5498 2.1965 19.6368 1.11787 15.1123 10.8392 16.4221 17.7692 16.0394 14.0092 16.027 13.9815 2.84913 12.4448 8.90213 9.57953 11.0865 9.49458 9.56503 0 15.9408 13.3991 6.53435 9.31647 7.72983 9.13045 16.3462 13.7837 16.2205 3.97715 13.7393 15.575 13.7546 21.1048 13.9122 5.64883 15.9268 1.01336 16.9286 14.1805 3.70656 11.544 15.5055 5.7106 19.7933 5.05946 13.8611 15.9752 10.111 18.8478 16.7752 12.7383 10.2822 13.2338 14.9017 15.2719 12.7061 8.89509 3.71248 15.9348 15.18 15.0734 9.84091 2.66795 10.3177 5.6211 14.6845 17.1716 5.52235 23.0887 7.11156 12.4003 1.56456 5.50499 11.5727 22.4088 14.9869 2.4194 7.69699 7.96781 3.74662 4.93778 15.1834 10.008 16.9305 17.6689 7.44803 15.7863 11.5056 14.2079 15.1178 17.7319 5.54744 
13.5376 10.0763 17.0255 4.77574 17.4996 12.5674 7.90218 19.0894 18.6624 16.944 11.478 15.473 7.71565 16.8148 16.1727 6.72723 12.6245 18.5792 15.0876 10.9251 17.3538 3.57007 15.8613 14.5423 6.83131 6.68188 6.44682 15.9408 0 6.58128 15.4655 16.8856 8.4192 6.89253 5.96907 2.91821 10.8889 15.2751 3.87368 16.6626 12.192 11.4089 3.5203 11.2664 5.96907 16.94 15.5186 3.82205 12.9411 8.98476 11.8916 13.6812 14.229 12.0197 3.96908 17.6337 6.57867 4.91076 8.66857 18.342 6.06058 8.98542 1.59014 0.841368 3.91933 7.06404 14.6287 15.7178 6.12378 1.14622 16.0824 15.7253 16.9451 10.4033 5.78945 2.94142 11.1775 14.3334 9.24891 4.01325 17.4621 12.0783 11.8648 14.1033 19.5155 14.6654 18.2856 11.6832 14.2459 14.4924 15.1691 12.6263 2.28033 11.6784 17.0465 5.8451 16.0347 21.4484 1.52457 13.3825 10.4092 
13.023 6.04858 10.739 10.0695 13.7709 5.99179 5.12133 13.2092 12.252 13.5682 7.07242 13.395 2.06451 10.7108 9.64592 4.39675 6.30609 12.1144 8.57678 4.37373 15.6711 4.8087 10.1565 8.62638 2.40731 4.98277 6.74982 13.3991 6.58128 0 10.4691 11.1289 8.16904 6.99527 3.02935 3.889 4.89492 11.2153 2.76571 10.0837 5.61232 8.07448 3.10719 10.867 2.59962 14.3841 9.08552 2.75954 9.74082 2.7879 5.5312 13.7024 8.79772 8.44041 2.63315 11.0533 3.88332 6.224 3.79405 12.0171 4.26523 2.40448 7.10525 5.79439 3.48824 6.72239 10.7674 9.17326 1.81704 6.78333 10.1524 12.1363 10.9583 8.14454 10.871 5.41466 10.6178 10.5725 6.47589 7.10745 14.6619 11.8428 5.47988 10.0483 13.0097 13.1278 13.0926 6.56446 10.4554 14.1334 8.59927 6.61454 5.64322 6.1005 11.8143 2.487 9.76316 15.1599 7.26406 7.40916 8.85548 
9.96455 14.8218 5.39207 16.3661 4.53966 7.82582 15.0351 4.70585 7.04787 5.04579 15.0518 7.39564 11.4991 4.30816 10.2051 14.6534 10.6738 7.4859 9.99679 9.09933 9.35727 12.0257 2.36955 3.34576 8.86794 9.04813 10.4401 6.53435 15.4655 10.4691 0 2.87188 9.54555 10.1619 13.431 12.6648 11.4386 2.558 12.0833 9.21412 8.399 16.8021 12.3814 9.47741 13.0086 7.03678 10.886 12.4056 4.52646 7.8116 10.3347 11.1387 14.3989 4.28102 12.1113 9.51976 8.89744 16.6699 12.8329 6.24894 9.48543 9.19983 15.022 14.6451 11.577 9.71965 2.97639 9.76357 12.2233 14.9876 3.30984 3.89638 3.81033 6.6618 16.6079 15.5431 9.18225 18.2252 6.74637 13.1503 6.7697 9.98733 6.38101 17.4814 8.48417 8.25664 2.83083 3.9342 3.14916 10.7312 9.06525 4.60808 15.559 12.7576 1.66676 12.9203 5.01964 8.16061 15.2469 12.3101 7.59699 
12.8275 14.4152 2.79493 18.4139 6.89045 6.91485 15.065 2.23377 4.23907 7.60975 14.373 10.2271 11.6748 1.6821 8.22008 14.9065 9.61731 4.72573 8.27476 8.61192 12.0954 13.6558 1.02806 2.52622 10.0647 10.9214 12.5873 9.31647 16.8856 11.1289 2.87188 0 11.9797 12.3703 13.8642 13.9859 10.819 5.37659 13.2198 7.03741 7.56381 16.2447 13.5504 12.2353 13.4676 9.721 9.1029 13.4662 7.32928 8.34101 9.4801 13.9996 13.1211 6.86141 13.2045 7.13788 10.5146 17.3076 12.7052 3.42326 11.1924 9.33612 16.678 16.046 12.9717 11.9072 5.84569 7.86526 12.7175 16.5726 1.17366 6.64962 1.06227 9.20024 18.7648 16.4856 11.9312 17.2374 8.94038 15.0996 9.35719 12.7968 6.0322 16.4686 5.67413 11.1235 2.82807 5.30533 6.01873 13.603 7.2826 4.53078 16.6129 11.952 2.07654 13.4132 2.81756 5.39377 16.8961 11.1012 10.2176 
5.26872 14.2011 13.4407 7.2711 9.89229 11.5223 12.9323 14.1227 15.3243 9.12332 15.2362 7.12706 10.2279 12.7204 15.5169 11.9169 13.3708 15.5205 14.6834 11.0275 8.93477 5.18039 11.0417 10.4633 5.90798 3.18654 1.99332 7.72983 8.4192 8.16904 9.54555 11.9797 0 1.55288 10.4909 6.79714 12.6076 8.24054 7.18009 15.2875 11.5922 16.1865 7.21883 2.96027 10.1401 8.69169 15.47 7.64238 5.52746 7.93074 12.6243 5.69386 16.6103 5.27423 7.35915 16.0661 4.30518 12.0928 11.9628 14.6986 3.93533 9.3559 7.23621 7.84961 5.9121 1.55959 7.50363 14.9736 9.5643 7.45583 11.6942 8.18537 12.533 2.91722 7.28423 10.1699 2.81071 18.7415 3.20421 4.68183 9.29034 3.88535 9.88168 18.211 16.5969 6.24997 12.2003 7.1475 7.12205 6.31804 14.2108 9.33952 9.78809 13.996 11.1944 9.97097 12.5731 17.3278 7.44506 14.8722 2.29142 
6.81008 12.9565 13.5361 6.24768 11.0639 11.0048 11.566 14.5707 15.402 10.3676 14.0559 8.59727 9.05764 12.9215 15.0414 10.5149 12.5885 15.5391 14.1413 10.2715 10.4671 3.63171 11.3858 10.5952 4.91113 2.17772 0.445876 9.13045 6.89253 6.99527 10.1619 12.3703 1.55288 0 9.10884 5.26858 11.6449 9.18773 5.72103 14.9467 10.9904 14.8989 5.7328 4.50082 8.77788 10.113 14.8811 6.17856 6.55547 7.2053 11.8207 7.17675 15.6444 6.01929 5.90813 15.78 3.2934 10.5621 10.7614 14.8345 2.74386 8.46348 5.77241 6.30458 4.4316 0.470767 8.46785 14.5026 8.25047 5.96109 11.9431 9.31411 12.8089 3.86687 6.44615 8.62444 4.36196 17.5282 3.44032 3.30704 10.6782 5.40437 9.48692 17.0298 16.6036 7.77499 12.9192 7.24525 8.07715 7.84538 13.7622 9.22369 8.23634 12.9842 11.8285 8.60629 12.6178 17.6168 5.98767 14.0079 3.58811 
15.6022 4.24422 13.1134 10.4187 16.7997 7.89762 2.46206 15.8488 14.4291 16.5862 5.59479 16.2808 2.36372 13.2514 10.8529 1.44893 7.08243 14.1967 9.75663 5.9809 18.5212 5.98595 12.9324 11.3384 5.26068 7.41447 8.76905 16.3462 5.96907 3.02935 13.431 13.8642 10.4909 9.10884 0 4.39399 5.18256 14.2445 3.49275 11.6084 7.35167 5.93176 3.61592 13.359 0.42974 17.3408 10.0182 3.09038 12.7211 5.63406 6.44461 16.1666 8.26302 11.4398 3.28782 12.5864 6.45623 3.53247 2.72863 14.3185 6.60011 4.5673 7.10004 5.42757 4.78009 8.94791 13.7949 10.4715 1.21703 6.65784 12.8194 15.159 13.5743 10.952 11.3644 3.59781 13.1412 8.75451 9.31268 8.14153 17.6448 14.3244 7.93796 8.39829 14.9798 15.9211 15.988 9.55958 13.4802 16.6993 10.0691 9.33859 4.1224 5.76204 14.7143 0.56005 12.1785 17.4508 7.17775 7.55565 11.5452 
12.0654 8.61338 14.1141 6.28248 15.011 9.78656 6.78404 16.1827 15.767 14.5472 9.91775 13.4618 5.42823 13.8966 13.5306 5.62569 10.1554 15.6985 12.4647 8.2574 15.5197 1.71052 12.9637 11.6273 3.92221 4.29077 4.85711 13.7837 2.91821 3.889 12.6648 13.9859 6.79714 5.26858 4.39399 0 8.58723 12.671 1.14406 13.923 9.45964 10.3149 0.851641 9.75741 4.1969 14.7963 12.9703 1.36476 10.515 6.09513 9.39064 12.4387 12.2619 9.46702 1.31805 14.8834 3.88753 5.29572 6.75892 15.4333 3.52919 6.26274 3.21629 2.07775 1.11969 5.25958 12.0635 13.0525 4.00792 2.90755 13.1687 13.2499 14.0296 8.16279 7.1546 3.41703 9.59815 13.1482 6.78896 3.74763 15.2479 10.6721 8.98147 12.7794 16.6499 12.8277 15.4685 8.82515 11.6917 13.1116 12.4603 9.70815 3.14896 9.59523 14.2163 4.0315 13.1232 18.5343 3.37779 11.1244 8.40834 
16.9439 3.6404 9.23188 14.8645 15.6465 3.92064 4.92152 12.3974 10.1303 15.7628 3.61535 16.5078 3.18752 9.71779 5.77674 5.36157 1.95897 9.77272 4.70221 2.34313 18.8402 9.6934 10.102 8.46704 6.73938 9.50044 11.4621 16.2205 10.8889 4.89492 11.4386 10.819 12.6076 11.6449 5.18256 8.58723 0 13.0969 7.44715 6.70983 3.26505 5.43208 7.74281 14.998 5.03078 17.1082 4.85911 7.27297 12.5574 4.8906 1.51921 17.7888 4.00505 11.2088 7.26933 7.65888 8.36456 8.42242 2.63997 10.2264 8.91605 3.27522 11.7335 10.2127 8.36261 11.3067 12.8962 5.45861 4.7652 11.3513 9.65322 14.3143 10.2045 11.8058 15.7076 8.77676 14.712 6.89448 10.2023 11.9972 17.1928 15.9562 5.05808 6.19464 10.3834 16.5653 13.4298 8.31115 12.6936 18.0464 5.20561 6.83055 9.27352 1.46249 12.258 5.11942 8.45704 13.2124 11.8611 2.53762 12.7442 
7.63637 16.2446 7.94942 15.4185 2.59009 9.80103 16.1285 6.93889 9.59264 2.71204 16.6562 4.8511 12.5946 6.86538 12.5846 15.5789 12.6145 10.0405 12.2762 10.7704 6.80759 11.7171 4.92498 5.69167 9.21496 8.60683 9.54158 3.97715 15.2751 11.2153 2.558 5.37659 8.24054 9.18773 14.2445 12.671 13.0969 0 12.3033 11.6694 10.3057 18.2915 12.5559 7.51235 13.8147 4.5233 13.176 12.6872 2.72596 8.85342 12.1726 8.81333 16.3832 3.26716 12.3732 12.0284 8.78353 17.2149 14.1086 8.78694 9.22206 10.4426 14.5818 14.4984 11.5517 8.79966 0.739508 12.1171 13.0296 14.629 5.86387 1.37403 6.35535 5.3569 15.5126 15.8343 7.24828 19.9819 6.05952 12.4112 4.34019 7.86701 8.15627 19.2633 11.03 5.7813 4.26275 4.86926 1.11895 8.31461 11.3872 6.44908 15.7418 14.4948 3.65813 13.7009 7.54237 10.4773 14.8083 14.2936 6.03837 
12.4041 7.63173 13.1908 7.41823 14.7249 8.7131 5.94401 15.39 14.8016 14.3343 8.8982 13.5084 4.29833 13.0313 12.4115 4.83587 9.01284 14.7094 11.341 7.13941 15.6462 2.50728 12.207 10.8061 3.21827 4.32508 5.35119 13.7393 3.87368 2.76571 12.0833 13.2198 7.18009 5.72103 3.49275 1.14406 7.44715 12.3033 0 12.8332 8.3637 9.4161 0.353385 10.1153 3.23246 14.7517 11.8354 0.464193 10.3195 5.1288 8.24941 12.8726 11.1519 9.18075 0.207041 13.7984 3.64015 5.11282 5.68795 14.4999 3.50016 5.15805 4.34857 3.05969 1.30326 5.62054 11.7359 11.9386 2.93581 4.01797 12.3515 12.987 13.1996 8.14604 8.27692 3.53156 9.92616 12.2001 6.64174 4.74195 15.1555 11.0604 7.99919 11.7981 15.6421 12.9772 14.852 8.18002 11.3773 13.4786 11.3585 8.84636 3.47774 8.47562 13.5855 3.06074 12.2017 17.6199 4.50204 9.98469 8.53901 
18.0458 10.0531 4.34285 19.8117 13.7081 4.1575 11.6281 7.526 4.12939 14.2593 9.40069 16.276 9.29186 5.38015 1.37512 12.0293 4.78304 3.58995 2.1157 5.76193 18.4239 14.45 6.94803 5.99553 10.6252 12.874 14.9561 15.575 16.6626 10.0837 9.21412 7.03741 15.2875 14.9467 11.6084 13.923 6.70983 11.6694 12.8332 0 4.47142 11.3222 13.1811 16.7314 11.3536 16.1922 2.53658 12.8409 12.5846 8.07571 5.24029 19.1299 7.03843 11.5237 12.7127 0.981055 11.9374 15.0351 9.32143 4.61016 12.6684 7.6796 17.1175 15.8778 13.2842 14.4988 11.8632 1.35027 10.8519 16.8305 6.05886 13.0428 6.01924 13.2622 20.475 15.0765 16.4106 11.3778 12.1533 16.5523 15.9747 17.5406 5.4605 10.6116 3.86354 16.855 9.82344 8.47419 11.8642 19.0199 1.53926 6.09981 15.4702 7.09234 9.07312 11.3933 4.26902 7.0019 17.2919 5.46139 14.3787 
15.1997 6.89398 6.03572 15.4347 12.777 0.656273 7.86909 9.14376 7.13166 13.0143 6.81427 14.1973 4.98957 6.46134 4.15316 8.00783 2.30884 6.86095 3.17031 1.37077 16.5022 10.0653 6.88091 5.27047 6.34408 8.83417 10.9298 13.7546 12.192 5.61232 8.399 7.56381 11.5922 10.9904 7.35167 9.45964 3.26505 10.3057 8.3637 4.47142 0 8.68133 8.7108 13.5206 7.05037 14.5675 3.89186 8.37008 10.2411 3.82171 1.95043 16.171 6.07896 8.95512 8.24164 5.44175 7.79809 10.8635 5.45331 7.11721 8.49698 3.2082 12.6625 11.4064 8.85879 10.5731 10.2169 3.64121 6.47742 12.367 6.39473 11.6019 6.94016 10.0997 16.1407 10.6995 13.2107 9.83721 8.69149 12.2351 14.5565 14.4238 2.18214 9.08752 7.62833 14.4605 10.2164 5.81729 10.0731 16.2625 3.004 3.86204 11.0581 4.41738 9.07685 7.06774 5.21636 10.1957 12.8333 3.99366 11.159 
21.095 2.08415 14.5201 16.1108 20.8722 9.33262 3.5608 17.7569 15.1873 20.8939 1.93944 21.2435 6.09586 15.0911 10.0797 4.75113 6.82898 14.7509 9.21179 7.72645 23.5593 11.9164 15.5338 13.8969 10.4666 13.0172 14.5914 21.1048 11.4089 8.07448 16.8021 16.2447 16.1865 14.8989 5.93176 10.3149 5.43208 18.2915 9.4161 11.3222 8.68133 0 9.54765 18.9381 6.18902 22.0455 8.9139 9.02184 17.3983 9.56805 6.79405 21.7727 4.86312 16.046 9.2098 12.142 11.946 6.98877 4.36163 15.4012 12.2513 7.8949 12.7675 11.0558 10.687 14.6857 18.0131 9.97207 6.64956 12.2986 15.0761 19.4348 15.6008 16.1444 17.0953 8.53159 18.6914 2.92601 14.4723 14.06 22.2137 19.9136 10.4465 2.79768 15.1799 21.1006 18.86 13.4288 17.7706 22.2061 10.0144 12.2075 9.19488 4.37715 17.6807 6.36197 13.8089 18.228 12.8035 5.86773 16.9128 
12.4646 7.80463 13.5401 7.13228 14.9598 9.06371 6.04399 15.7249 15.1537 14.5512 9.09336 13.6562 4.57849 13.3749 12.7511 4.91031 9.3325 15.0625 11.6786 7.48035 15.7728 2.37567 12.5359 11.1439 3.52627 4.45542 5.34782 13.9122 3.5203 3.10719 12.3814 13.5504 7.21883 5.7328 3.61592 0.851641 7.74281 12.5559 0.353385 13.1811 8.7108 9.54765 0 10.1673 3.38911 14.9254 12.1656 0.531034 10.5288 5.47985 8.5722 12.903 11.4107 9.41121 0.480723 14.147 3.84221 4.96864 5.91512 14.85 3.64114 5.50401 4.02246 2.70727 1.30684 5.661 11.9788 12.2803 3.16183 3.68149 12.6891 13.2153 13.539 8.30501 8.00621 3.29631 9.98732 12.3573 6.83219 4.54762 15.342 11.1039 8.35172 11.9726 15.9955 13.0953 15.1578 8.48758 11.6168 13.531 11.7039 9.18863 3.19544 8.74361 13.8935 3.22044 12.5507 17.9688 4.17078 10.2793 8.6572 
2.30943 16.9136 14.1931 9.35916 8.43917 13.3322 15.7772 14.1822 16.0534 7.49664 17.8685 4.78266 12.8925 13.306 17.169 14.7973 15.5112 16.3505 16.4532 13.1814 6.21134 8.13233 11.4324 11.2764 8.50221 5.95326 4.93094 5.64883 11.2664 10.867 9.47741 12.2353 2.96027 4.50082 13.359 9.75741 14.998 7.51235 10.1153 16.7314 13.5206 18.9381 10.1673 0 12.9928 6.47913 17.2961 10.579 4.95847 10.1484 14.8073 2.83561 18.9593 5.45709 10.2893 17.405 6.99339 15.0531 14.643 15.3389 6.75947 11.724 9.97745 10.7451 8.86078 4.50868 6.80625 16.6292 12.3774 10.2472 12.2337 6.97135 12.986 3.47559 9.09753 13.1252 0.321295 21.3963 4.85256 7.36449 7.1779 0.97588 11.5724 20.8286 17.423 3.64599 11.7618 8.26408 6.4931 3.3639 15.8479 10.6323 12.7318 16.4311 10.9886 12.8267 13.4462 17.6147 10.1729 17.1023 2.3726 
15.2274 4.41733 12.7584 10.3181 16.3701 7.5813 2.79245 15.4646 14.0997 16.158 5.72847 15.8688 2.06755 12.877 10.6357 1.85044 6.89496 13.8785 9.53774 5.68104 18.114 5.73877 12.5306 10.9426 4.84347 7.04252 8.44746 15.9268 5.96907 2.59962 13.0086 13.4676 10.1401 8.77788 0.42974 4.1969 5.03078 13.8147 3.23246 11.3536 7.05037 6.18902 3.38911 12.9928 0 16.9203 9.83258 2.85833 12.2973 5.21718 6.23209 15.8064 8.27145 11.0136 3.02557 12.3334 6.06662 3.88536 2.70218 13.9737 6.23383 4.19453 7.02392 5.38049 4.49808 8.60375 13.3654 10.2409 0.788599 6.59384 12.43 14.7302 13.1914 10.5471 11.2483 3.76368 12.771 8.97072 8.90324 7.93489 17.221 13.9605 7.56294 8.58471 14.6768 15.5203 15.5736 9.13303 13.0511 16.3268 9.81537 8.93934 4.24289 5.71206 14.299 0.17323 11.8174 17.1105 7.1142 7.45831 11.154 
5.20493 19.9646 12.4062 15.7623 3.16261 14.1165 19.4902 10.8993 13.9583 2.18783 20.5532 1.71101 16.0752 11.3014 17.0903 18.7605 16.8635 14.4431 16.7413 14.8478 2.41073 13.4513 9.39998 10.2079 12.083 10.5075 10.5499 1.01336 16.94 14.3841 7.03678 9.721 8.69169 10.113 17.3408 14.7963 17.1082 4.5233 14.7517 16.1922 14.5675 22.0455 14.9254 6.47913 16.9203 0 17.643 15.1925 4.66173 12.4786 16.3504 6.18143 20.6269 6.00442 14.873 16.546 11.1222 19.8596 17.7266 13.1392 11.2955 14.1627 15.8854 16.276 13.7193 9.88746 4.397 16.6145 16.1703 16.0637 10.3403 3.15165 10.7507 6.63399 15.5605 18.1849 6.38077 23.9888 8.12156 13.3698 0.760513 6.23157 12.3865 23.3015 15.3903 3.00127 7.84986 8.82026 4.49875 5.3057 15.8743 10.7771 17.9428 18.5502 7.76341 16.781 12.052 14.4075 16.1004 18.5555 6.5375 
18.8591 7.82924 6.60966 19.118 15.4252 3.97038 9.62875 9.89891 6.65121 15.8559 7.02533 17.5089 7.85278 7.53428 1.18807 10.1968 2.93776 6.12361 0.901837 4.78021 19.7517 13.772 8.80917 7.54257 10.178 12.7212 14.8149 16.9286 15.5186 9.08552 10.886 9.1029 15.47 14.8811 10.0182 12.9703 4.85911 13.176 11.8354 2.53658 3.89186 8.9139 12.1656 17.2961 9.83258 17.643 0 11.7561 13.6391 7.69452 3.63141 19.876 4.50295 12.4398 11.6853 3.24673 11.6725 13.2725 7.48422 7.07794 12.3599 6.78962 16.1838 14.7859 12.5079 14.4649 13.2482 1.2847 9.46252 15.8454 8.01185 14.5389 8.16001 13.8387 19.8721 13.5956 16.9814 8.84209 12.5099 16.0001 17.5157 18.1742 5.72866 8.07705 6.36361 17.9258 11.9305 9.26927 13.1823 19.8931 1.83497 6.97656 14.0624 4.86893 11.0383 9.90393 6.28844 9.53374 16.3362 3.06391 14.9244 
