50
12.635 13.7735 1.35595 0
4.86543 18.0791 1.29096 1
14.8087 18.014 1.43276 0
4.79445 5.61322 1.17279 0
11.7841 13.2486 2.20414 0
3.85016 9.05456 1.68384 0
17.927 22.2691 1.94797 0
2.61358 14.0876 2.09618 0
5.31658 14.3607 0.653663 0
13.6072 23.4864 15.8325 0
13.8579 15.7897 1.80132 1
10.5005 16.4288 1.58322 1
17.9303 22.7111 0.856173 0
1.85694 17.3223 18.082 0
5.0449 8.07247 1.42586 1
15.8181 23.4403 1.80254 0
7.30724 23.0328 0.675308 1
12.1925 16.7218 0.888159 1
5.04376 5.91157 1.34233 0
2.10078 21.1804 1.52781 0
4.33421 10.5481 0.754976 0
2.39428 16.0226 16.8088 0
3.45213 8.7574 0.896904 0
6.40217 21.5217 0.900708 0
15.9512 21.0562 17.6375 0
6.47623 7.00121 2.04622 0
9.95823 12.1112 1.82653 1
3.90726 16.5662 1.26357 0
15.9621 16.3372 0.303965 0
16.0754 18.3658 0.242045 0
0.711717 2.60984 0.632333 0
15.2706 18.4356 21.7108 0
0.839892 7.00251 1.9961 0
6.00669 11.5061 0.855567 0
10.0564 23.1687 1.09939 0
5.98574 18.9583 1.98662 0
10.2607 18.6191 2.18062 0
16.1124 18.7463 1.54023 0
7.51879 14.0742 1.20706 0
4.86856 19.2197 29.3553 0
0.290632 21.8135 1.94963 0
2.43735 20.0489 1.16823 0
4.78819 9.10873 1.51481 0
13.2401 19.9251 0.227879 1
1.91937 8.68169 23.2936 0
2.9769 14.8407 23.119 0
15.1335 18.7928 1.02677 0
6.52114 10.9443 1.49316 1
2.92267 19.8624 1.99516 1
13.7009 14.1605 2.03925 0
400 50 500
0.025 0.0125 10000 3000 15 1e+06 300000 2 2
0 10.7514 26.6692 14.9097 15.0694 16.7349 13.7541 3.21921 3.89322 13.6765 7.60004 15.4896 28.8528 16.8984 36.0146 11.9657 36.3494 11.0632 19.3426 10.3918 34.1548 18.3633 18.9691 17.5753 36.014 6.9994 32.7866 20.69 33.1575 12.0335 17.4341 3.86145 25.2418 34.3877 6.16857 4.01835 35.8874 30.4981 13.3823 26.5305 41.8132 36.5636 19.9545 2.93632 25.7095 13.413 7.4762 33.5643 27.4712 14.435 8.78446 
10.7514 0 21.7521 15.08 4.31989 8.02284 20.0167 13.6016 8.32038 4.45933 6.80002 9.68128 20.1825 15.0514 25.5179 18.5163 30.1531 13.3397 19.3928 3.05336 26.8077 10.6974 9.74483 8.99356 28.0298 9.67015 27.8309 10.0543 24.494 3.35717 15.0069 6.91325 21.1817 25.017 5.41505 10.028 28.3327 21.2396 19.5807 24.9058 34.5952 26.841 23.5862 7.86202 19.061 13.2453 6.83921 23.5905 17.3516 8.68883 9.29847 
26.6692 21.7521 0 36.7718 21.1874 27.5467 22.38 27.2287 27.2606 17.5462 19.3389 30.8662 11.0714 10.3666 33.4439 22.5445 9.96879 34.5145 11.4151 19.1724 9.79989 11.5498 14.2088 13.683 12.7088 19.8106 6.19701 23.4663 12.8679 24.7275 9.58822 24.194 2.30837 16.2487 25.4831 22.8549 11.5919 13.8432 22.1716 8.16108 16.1872 19.1902 18.4614 24.6094 4.79658 34.9216 19.4492 18.6781 30.0609 13.276 17.914 
14.9097 15.08 36.7718 0 17.0397 12.6936 28.6622 17.5474 11.5821 19.4796 18.7889 8.30988 34.5299 28.9699 31.1765 26.8743 45.1892 4.04189 32.6033 17.6204 41.6261 25.744 24.3257 23.913 42.5615 20.2494 42.8887 19.4911 38.6941 12.5307 29.167 14.3944 36.0475 38.5281 11.8634 18.1233 43.0537 35.0478 28.2868 39.0759 49.3614 39.7827 34.5925 14.6157 34.1149 1.85506 18.7258 36.2566 22.344 23.5395 21.2588 
15.0694 4.31989 21.1874 17.0397 0 6.39354 23.5492 17.9084 12.4591 4.35471 10.3981 9.86073 17.4905 16.5033 21.3288 22.1697 28.5804 16.1905 21.1543 5.97185 24.7068 9.63772 7.465 7.52276 25.5291 13.3534 26.9616 5.85082 21.6676 4.6642 16.2211 11.2329 21.0786 21.7181 9.50015 14.1653 26.0718 18.1022 23.1157 25.676 32.3856 23.28 26.2835 12.1812 17.7195 15.3322 10.4691 19.8951 13.4839 9.47656 12.5477 
16.7349 8.02284 27.5467 12.6936 6.39354 0 27.8692 19.9246 13.1359 10.5382 14.7678 4.43821 22.8585 22.5627 20.0067 26.2966 34.5781 13.2862 27.1015 10.9348 30.4202 16.0026 13.5671 13.8639 30.9022 17.5452 33.239 6.81143 26.7819 5.03708 22.3687 13.4495 27.4719 26.1989 10.5763 17.335 31.6456 22.9396 27.4345 31.991 37.9313 27.2436 31.6019 14.3214 23.9171 11.3378 14.7951 23.6865 11.0935 15.6665 17.3146 
13.7541 20.0167 22.38 28.6622 23.5492 27.8692 0 11.4597 17.2789 19.8919 13.2428 28.0515 29.6294 12.7095 44.4146 1.78871 32.1177 24.8 11.2375 17.5863 31.9293 20.5049 22.9972 21.2174 34.5852 10.3489 27.3477 29.2517 33.2767 22.8461 13.6304 15.151 20.2085 35.7479 18.2963 10.988 33.7664 32.1131 0.436012 18.1309 38.533 38.5061 7.28133 14.5618 24.0251 27.1338 13.1925 36.4345 37.0293 16.5977 11.0218 
3.21921 13.6016 27.2287 17.5474 17.9084 19.9246 11.4597 0 7.07852 16.0311 9.19459 18.6904 30.5522 17.0505 39.0376 9.69881 37.0987 13.567 18.7352 12.7736 35.3162 20.0547 21.0804 19.5557 37.3693 7.53501 33.2059 23.6339 34.7926 15.1567 17.7159 6.72734 25.5915 36.2831 9.34843 4.67778 37.0948 32.3906 11.1361 26.1068 42.8358 38.5931 18.1924 5.78108 26.8237 16.1838 9.06961 35.7329 30.5793 15.9098 9.50159 
3.89322 8.32038 27.2606 11.5821 12.4591 13.1359 17.2789 7.07852 0 12.1167 8.01972 11.6125 27.9006 18.2348 32.7867 15.5058 36.5737 8.06498 21.3848 9.03936 33.8738 17.6722 17.6027 16.4699 35.4538 8.82143 33.4545 17.7295 32.2408 8.74614 18.6043 3.13897 26.1113 33.0818 2.96138 6.54198 35.5266 29.2402 16.8843 28.2367 41.6415 35.0382 23.0112 3.08789 25.6193 9.93551 7.92319 31.8529 24.074 14.2511 10.1185 
13.6765 4.45933 17.5462 19.4796 4.35471 10.5382 19.8919 16.0311 12.1167 0 7.30925 13.3712 15.8686 12.15 24.5364 18.6557 25.7163 17.7905 16.8012 3.28656 22.3542 6.26439 5.48893 4.5464 23.6287 10.1351 23.5412 9.46875 20.2018 7.18364 11.8833 9.91172 17.1778 20.9683 9.44536 11.6996 23.892 17.1236 19.4662 21.4568 30.1446 22.9852 22.0896 10.7695 14.6353 17.6582 7.41203 19.9055 17.3441 5.14537 8.92217 
7.60004 6.80002 19.3389 18.7889 10.3981 14.7678 13.2428 9.19459 8.01972 7.30925 0 15.6597 21.3963 10.283 31.6028 11.7957 28.8572 15.7927 13.8441 4.44533 26.5561 10.886 11.9611 10.3837 28.4271 2.95526 25.5171 16.2054 25.6669 9.83122 10.6035 4.89368 18.1101 27.0895 6.92819 4.57856 28.2873 23.1965 12.807 20.3623 34.2273 29.4066 17.0189 5.27251 18.1213 16.9753 0.12626 26.5937 23.8678 6.84584 2.66683 
15.4896 9.68128 30.8662 8.30988 9.86073 4.43821 28.0515 18.6904 11.6125 13.3712 15.6597 0 27.0367 24.7304 23.4342 26.3611 38.4353 9.4504 29.0125 12.7198 34.466 19.3713 17.3177 17.3171 35.0983 18.0722 36.7531 11.2466 31.0492 6.35162 24.685 12.9494 30.5481 30.5852 9.79865 17.1039 35.7621 27.2596 27.6279 34.5603 42.0682 31.6744 32.6583 13.6547 27.5683 7.09275 15.651 28.1207 14.4679 18.2382 18.3248 
28.8528 20.1825 11.0714 34.5299 17.4905 22.8585 29.6294 30.5522 27.9006 15.8686 21.3963 27.0367 0 17.041 23.1046 29.1962 12.6857 33.426 20.3573 18.8643 7.83165 10.511 10.4377 11.4309 8.06281 23.2529 13.6228 16.8803 4.3402 22.0584 16.1282 25.3835 12.9185 6.11869 25.3098 25.8783 8.83191 2.81387 29.3082 19.1622 15.08 8.93372 27.7206 26.1246 6.61468 32.8113 21.5225 7.67108 21.5337 14.6608 21.3447 
16.8984 15.0514 10.3666 28.9699 16.5033 22.5627 12.7095 17.0505 18.2348 12.15 10.283 24.7304 17.041 0 34.6662 12.5323 20.3349 26.0748 4.7304 12.0119 19.4238 9.30987 12.4636 10.8648 21.9652 9.89954 16.1793 21.0191 20.5763 18.4008 0.921826 15.0972 8.56341 23.1492 17.1304 12.9259 21.2634 19.6304 12.4234 10.1064 26.4422 25.9671 11.2846 15.2903 11.3257 27.134 10.365 24.1594 28.7773 7.05999 8.19855 
36.0146 25.5179 33.4439 31.1765 21.3288 20.0067 44.4146 39.0376 32.7867 24.5364 31.6028 23.4342 23.1046 34.6662 0 43.1905 35.0969 32.8843 39.2522 27.1658 29.9111 25.3732 22.2116 23.8768 28.3926 34.5372 36.7255 15.4833 24.2981 24.0552 34.0047 32.3108 34.7374 21.283 29.9571 35.4912 30.0235 20.9105 43.9916 40.8753 34.864 19.9371 45.7778 33.2565 28.6478 30.3586 31.6861 17.3946 8.97831 28.2917 33.4556 
11.9657 18.5163 22.5445 26.8743 22.1697 26.2966 1.78871 9.69881 15.5058 18.6557 11.7957 26.3611 29.1962 12.5323 43.1905 0 32.4016 23.0115 11.7396 16.1979 31.9256 19.7327 22.0614 20.2862 34.4973 8.85852 27.7623 27.9261 32.9696 21.2636 13.4391 13.4344 20.4456 35.303 16.5856 9.26845 33.766 31.6014 1.43785 18.8994 38.7315 38.0092 8.76314 12.8211 23.8374 25.3493 11.7358 35.8064 35.6519 15.692 9.73499 
36.3494 30.1531 9.96879 45.1892 28.5804 34.5781 32.1177 37.0987 36.5737 25.7163 28.8572 38.4353 12.6857 20.3349 35.0969 32.4016 0 43.3679 20.9312 27.9645 5.18617 19.4565 21.1177 21.2944 7.31595 29.6168 5.20476 29.1918 10.8365 32.7395 19.5471 33.6033 11.959 14.1898 34.5096 32.6385 5.47475 14.2959 31.9395 15.4018 6.59809 16.4942 27.4157 34.1099 11.0976 43.3732 28.9743 17.9126 34.2187 22.3281 27.6836 
11.0632 13.3397 34.5145 4.04189 16.1905 13.2862 24.8 13.567 8.06498 17.7905 15.7927 9.4504 33.426 26.0748 32.8843 23.0115 43.3679 0 29.4174 15.4242 40.1446 23.9662 23.0182 22.3323 41.3427 16.8827 40.6948 19.7595 37.6981 11.5273 26.3642 11.0952 33.5892 37.9069 9.06195 14.5149 41.6717 34.2566 24.4352 36.15 47.9341 39.4298 30.9313 11.1528 32.2751 3.16446 15.7133 35.9898 23.9149 21.2478 18.0949 
19.3426 19.3928 11.4151 32.6033 21.1543 27.1015 11.2375 18.7352 21.3848 16.8012 13.8441 29.0125 20.3573 4.7304 39.2522 11.7396 20.9312 29.4174 0 16.3406 21.1786 13.8847 17.1009 15.5498 24.005 12.5933 16.1105 25.7494 23.3905 22.7483 5.26815 18.3232 9.15037 26.3297 20.7629 15.3459 22.9895 23.093 11.0955 7.41193 27.4108 29.2384 7.37018 18.315 14.0169 30.8036 13.8984 27.8149 33.5029 11.7648 11.3502 
10.3918 3.05336 19.1724 17.6204 5.97185 10.9348 17.5863 12.7736 9.03936 3.28656 4.44533 12.7198 18.8643 12.0119 27.1658 16.1979 27.9645 15.4242 16.3406 0 24.9611 8.70384 8.65226 7.43364 26.4429 7.39655 25.3225 11.7608 23.2041 6.41046 11.9944 6.65139 18.4379 24.1447 6.59625 8.55152 26.5748 20.2768 17.1521 21.9223 32.7516 26.2248 20.6987 7.49261 16.8883 15.7666 4.52406 23.1791 19.4551 5.91917 6.61788 
34.1548 26.8077 9.79989 41.6261 24.7068 30.4202 31.9293 35.3162 33.8738 22.3542 26.5561 34.466 7.83165 19.4238 29.9111 31.9256 5.18617 40.1446 21.1786 24.9611 0 16.2591 17.3044 17.8144 3.0479 27.7851 8.24004 24.6608 5.66669 29.0963 18.5387 31.064 12.1053 9.11612 31.5562 30.7005 1.84036 9.15667 31.689 17.1994 7.7957 11.6135 28.2581 31.6777 8.49263 39.851 26.6795 12.7597 29.2541 19.7557 25.8167 
18.3633 10.6974 11.5498 25.744 9.63772 16.0026 20.5049 20.0547 17.6722 6.26439 10.886 19.3713 10.511 9.30987 25.3732 19.7327 19.4565 23.9662 13.8847 8.70384 16.2591 0 3.27546 2.16091 17.7882 12.8601 17.3845 12.5454 14.7968 13.377 8.63148 14.9877 11.5542 16.2694 15.2974 15.3876 17.873 12.3918 20.1289 16.7019 24.0519 18.7135 20.537 15.6854 8.37093 23.9219 11.0121 16.1822 19.9476 4.25941 11.0152 
18.9691 9.74483 14.2088 24.3257 7.465 13.5671 22.9972 21.0804 17.6027 5.48893 11.9611 17.3177 10.4377 12.4636 22.2116 22.0614 21.1177 23.0182 17.1009 8.65226 17.3044 3.27546 0 1.77972 18.3286 14.4037 19.7012 9.40016 14.7537 11.7951 11.8342 15.2962 14.5113 15.4964 14.9231 16.5349 18.7349 11.6396 22.6011 19.8971 25.0379 17.5949 23.5886 16.1132 10.3514 22.5601 12.0813 14.6525 16.6823 6.40049 12.757 
17.5753 8.99356 13.683 23.913 7.52276 13.8639 21.2174 19.5557 16.4699 4.5464 10.3837 17.3171 11.4309 10.8648 23.8768 20.2862 21.2944 22.3323 15.5498 7.43364 17.8144 2.16091 1.77972 0 19.0971 12.726 19.4463 10.4884 15.771 11.4465 10.2864 13.9965 13.7145 16.8124 13.9156 14.9616 19.3457 12.9235 20.8215 18.7854 25.6019 19.0415 21.9017 14.7724 10.2828 22.11 10.5065 16.2182 18.0319 4.62103 11.0361 
36.014 28.0298 12.7088 42.5615 25.5291 30.9022 34.5852 37.3693 35.4538 23.6287 28.4271 35.0983 8.06281 21.9652 28.3926 34.4973 7.31595 41.3427 24.005 26.4429 3.0479 17.7882 18.3286 19.0971 0 29.873 11.1644 24.7777 4.40499 30.0619 21.0617 32.7606 15.0166 7.13822 32.9977 32.7131 1.84305 8.41295 34.3287 20.2389 7.14076 9.20921 31.1608 33.429 10.7363 40.8287 28.5524 11.0053 28.6152 21.5819 27.9086 
6.9994 9.67015 19.8106 20.2494 13.3534 17.5452 10.3489 7.53501 8.82143 10.1351 2.95526 18.0722 23.2529 9.89954 34.5372 8.85852 29.6168 16.8827 12.5933 7.39655 27.7851 12.8601 14.4037 12.726 29.873 0 25.8733 19.1573 27.4296 12.5433 10.4512 5.85503 18.2935 29.1226 8.68097 3.05109 29.568 25.2508 9.91298 19.6177 35.3035 31.5638 14.6707 5.7368 19.2925 18.5062 2.88643 28.9043 26.8207 8.61496 1.96858 
32.7866 27.8309 6.19701 42.8887 26.9616 33.239 27.3477 33.2059 33.4545 23.5412 25.5171 36.7531 13.6228 16.1793 36.7255 27.7623 5.20476 40.6948 16.1105 25.3225 8.24004 17.3845 19.7012 19.4463 11.1644 25.8733 0 28.6037 13.4087 30.7188 15.4901 30.3818 7.61738 17.0191 31.6727 28.9241 9.45528 15.9424 27.1984 10.2116 11.7822 19.712 22.3265 30.7834 9.39423 41.0424 25.626 20.3217 34.5609 19.4478 24.0089 
20.69 10.0543 23.4663 19.4911 5.85082 6.81143 29.2517 23.6339 17.7295 9.46875 16.2054 11.2466 16.8803 21.0191 15.4833 27.9261 29.1918 19.7595 25.7494 11.7608 24.6608 12.5454 9.40016 10.4884 24.7777 19.1573 28.6037 0 20.5104 9.06939 20.5621 16.9139 23.8994 19.5945 14.801 20.0081 25.7057 16.5552 28.8211 29.2473 31.8967 20.4867 31.4855 17.8639 19.232 18.0766 16.2818 16.9169 7.88293 14.0438 18.2302 
33.1575 24.494 12.8679 38.6941 21.6676 26.7819 33.2767 34.7926 32.2408 20.2018 25.6669 31.0492 4.3402 20.5763 24.2981 32.9696 10.8365 37.6981 23.3905 23.2041 5.66669 14.7968 14.7537 15.771 4.40499 27.4296 13.4087 20.5104 0 26.2774 19.6544 29.7134 15.0427 3.61636 29.6454 30.1151 5.79208 4.02138 32.9784 20.9655 11.5195 6.43432 30.7371 30.447 9.39016 36.9995 25.7932 7.09603 24.2129 18.8832 25.4996 
12.0335 3.35717 24.7275 12.5307 4.6642 5.03708 22.8461 15.1567 8.74614 7.18364 9.83122 6.35162 22.0584 18.4008 24.0552 21.2636 32.7395 11.5273 22.7483 6.41046 29.0963 13.377 11.7951 11.4465 30.0619 12.5433 30.7188 9.06939 26.2774 0 18.3385 8.53214 24.2953 26.3823 5.90775 12.3177 30.5258 22.7561 22.412 28.2089 36.8319 27.9208 26.7948 9.43874 21.7147 10.7712 9.84839 24.5085 15.4378 11.9034 12.4359 
17.4341 15.0069 9.58822 29.167 16.2211 22.3687 13.6304 17.7159 18.6043 11.8833 10.6035 24.685 16.1282 0.921826 34.0047 13.4391 19.5471 26.3642 5.26815 11.9944 18.5387 8.63148 11.8342 10.2864 21.0617 10.4512 15.4901 20.5621 19.6544 18.3385 0 15.466 7.87702 22.2341 17.3671 13.496 20.3775 18.7272 13.3429 9.95505 25.6058 25.0566 12.0758 15.7092 10.4093 27.3235 10.693 23.2742 28.2712 6.74457 8.67423 
3.86145 6.91325 24.194 14.3944 11.2329 13.4495 15.151 6.72734 3.13897 9.91172 4.89368 12.9494 25.3835 15.0972 32.3108 13.4344 33.6033 11.0952 18.3232 6.65139 31.064 14.9877 15.2962 13.9965 32.7606 5.85503 30.3818 16.9139 29.7134 8.53214 15.466 0 23.0013 30.7763 3.15379 4.166 32.7502 26.8993 14.7339 25.1123 38.8012 32.8761 20.3669 0.950479 22.7252 12.6553 4.79378 29.817 23.8943 11.336 7.00799 
25.2418 21.1817 2.30837 36.0475 21.0786 27.4719 20.2085 25.5915 26.1113 17.1778 18.1101 30.5481 12.9185 8.56341 34.7374 20.4456 11.959 33.5892 9.15037 18.4379 12.1053 11.5542 14.5113 13.7145 15.0166 18.2935 7.61738 23.8994 15.0427 24.2953 7.87702 23.0013 0 18.3461 24.5277 21.3441 13.8914 15.7253 20.0148 6.27929 18.3245 21.2952 16.1538 23.345 6.36061 34.1925 18.2135 20.5829 30.8293 12.527 16.4574 
34.3877 25.017 16.2487 38.5281 21.7181 26.1989 35.7479 36.2831 33.0818 20.9683 27.0895 30.5852 6.11869 23.1492 21.283 35.303 14.1898 37.9069 26.3297 24.1447 9.11612 16.2694 15.4964 16.8124 7.13822 29.1226 17.0191 19.5945 3.61636 26.3823 22.2341 30.7763 18.3461 0 30.3422 31.6332 8.85187 3.89423 35.4259 24.3962 13.7141 2.95004 33.6998 31.5732 12.3567 36.9134 27.2147 3.8914 22.1929 20.508 27.2507 
6.16857 5.41505 25.4831 11.8634 9.50015 10.5763 18.2963 9.34843 2.96138 9.44536 6.92819 9.79865 25.3098 17.1304 29.9571 16.5856 34.5096 9.06195 20.7629 6.59625 31.5562 15.2974 14.9231 13.9156 32.9977 8.68097 31.6727 14.801 29.6454 5.90775 17.3671 3.15379 24.5277 30.3422 0 7.31776 33.1628 26.5284 17.8774 27.235 39.3474 32.228 23.3346 3.87809 23.4574 10.0471 6.86811 28.9996 21.3315 12.2481 9.44916 
4.01835 10.028 22.8549 18.1233 14.1653 17.335 10.988 4.67778 6.54198 11.6996 4.57856 17.1039 25.8783 12.9259 35.4912 9.26845 32.6385 14.5149 15.3459 8.55152 30.7005 15.3876 16.5349 14.9616 32.7131 3.05109 28.9241 20.0081 30.1151 12.3177 13.496 4.166 21.3441 31.6332 7.31776 0 32.4685 27.743 10.5728 22.5125 38.2676 33.9759 16.4693 3.60569 22.2125 16.4703 4.45661 31.172 27.3702 11.2321 4.95493 
35.8874 28.3327 11.5919 43.0537 26.0718 31.6456 33.7664 37.0948 35.5266 23.892 28.2873 35.7621 8.83191 21.2634 30.0235 33.766 5.47475 41.6717 22.9895 26.5748 1.84036 17.873 18.7349 19.3457 1.84305 29.568 9.45528 25.7057 5.79208 30.5258 20.3775 32.7502 13.8914 8.85187 33.1628 32.4685 0 9.66532 33.5272 18.822 6.31393 11.0321 30.0354 33.3799 10.2815 41.2943 28.4113 12.6753 29.9085 21.4679 27.5994 
30.4981 21.2396 13.8432 35.0478 18.1022 22.9396 32.1131 32.3906 29.2402 17.1236 23.1965 27.2596 2.81387 19.6304 20.9105 31.6014 14.2959 34.2566 23.093 20.2768 9.15667 12.3918 11.6396 12.9235 8.41295 25.2508 15.9424 16.5552 4.02138 22.7561 18.7272 26.8993 15.7253 3.89423 26.5284 27.743 9.66532 0 31.7793 21.9583 15.5397 6.4095 30.4449 27.6903 9.42836 33.3915 23.3217 4.85863 20.2459 16.6395 23.39 
13.3823 19.5807 22.1716 28.2868 23.1157 27.4345 0.436012 11.1361 16.8843 19.4662 12.807 27.6279 29.3082 12.4234 43.9916 1.43785 31.9395 24.4352 11.0955 17.1521 31.689 20.1289 22.6011 20.8215 34.3287 9.91298 27.1984 28.8211 32.9784 22.412 13.3429 14.7339 20.0148 35.4259 17.8774 10.5728 33.5272 31.7793 0 18.0669 38.3371 38.1759 7.44268 14.1517 23.7461 26.7503 12.7565 36.083 36.5963 16.2031 10.5909 
26.5305 24.9058 8.16108 39.0759 25.676 31.991 18.1309 26.1068 28.2367 21.4568 20.3623 34.5603 19.1622 10.1064 40.8753 18.8994 15.4018 36.15 7.41193 21.9223 17.1994 16.7019 19.8971 18.7854 20.2389 19.6177 10.2116 29.2473 20.9655 28.2089 9.95505 25.1123 6.27929 24.3962 27.235 22.5125 18.822 21.9583 18.0669 0 21.9921 27.3314 12.3043 25.2288 12.638 37.239 20.439 26.8084 36.518 16.371 18.1219 
41.8132 34.5952 16.1872 49.3614 32.3856 37.9313 38.533 42.8358 41.6415 30.1446 34.2273 42.0682 15.08 26.4422 34.864 38.7315 6.59809 47.9341 27.4108 32.7516 7.7957 24.0519 25.0379 25.6019 7.14076 35.3035 11.7822 31.8967 11.5195 36.8319 25.6058 38.8012 18.3245 13.7141 39.3474 38.2676 6.31393 15.5397 38.3371 21.9921 0 15.0038 34.0003 39.3932 16.106 47.5979 34.3493 17.5744 35.6728 27.4715 33.3416 
36.5636 26.841 19.1902 39.7827 23.28 27.2436 38.5061 38.5931 35.0382 22.9852 29.4066 31.6744 8.93372 25.9671 19.9371 38.0092 16.4942 39.4298 29.2384 26.2248 11.6135 18.7135 17.5949 19.0415 9.20921 31.5638 19.712 20.4867 6.43432 27.9208 25.0566 32.8761 21.2952 2.95004 32.228 33.9759 11.0321 6.4095 38.1759 27.3314 15.0038 0 36.6082 33.7045 15.291 38.235 29.5306 3.58036 22.0276 22.9725 29.7286 
19.9545 23.5862 18.4614 34.5925 26.2835 31.6019 7.28133 18.1924 23.0112 22.0896 17.0189 32.6583 27.7206 11.2846 45.7778 8.76314 27.4157 30.9313 7.37018 20.6987 28.2581 20.537 23.5886 21.9017 31.1608 14.6707 22.3265 31.4855 30.7371 26.7948 12.0758 20.3669 16.1538 33.6998 23.3346 16.4693 30.0354 30.4449 7.44268 12.3043 34.0003 36.6082 0 20.0131 21.378 32.9317 17.0197 35.1388 39.3622 17.5696 14.3713 
2.93632 7.86202 24.6094 14.6157 12.1812 14.3214 14.5618 5.78108 3.08789 10.7695 5.27251 13.6547 26.1246 15.2903 33.2565 12.8211 34.1099 11.1528 18.315 7.49261 31.6777 15.6854 16.1132 14.7724 33.429 5.7368 30.7834 17.8639 30.447 9.43874 15.7092 0.950479 23.345 31.5732 3.87809 3.60569 33.3799 27.6903 14.1517 25.2288 39.3932 33.7045 20.0131 0 23.2977 12.9241 5.16074 30.6715 24.8239 11.9241 7.11345 
25.7095 19.061 4.79658 34.1149 17.7195 23.9171 24.0251 26.8237 25.6193 14.6353 18.1213 27.5683 6.61468 11.3257 28.6478 23.8374 11.0976 32.2751 14.0169 16.8883 8.49263 8.37093 10.3514 10.2828 10.7363 19.2925 9.39423 19.232 9.39016 21.7147 10.4093 22.7252 6.36061 12.3567 23.4574 22.2125 10.2815 9.42836 23.7461 12.638 16.106 15.291 21.378 23.2977 0 32.2926 18.2434 14.2831 25.4791 11.3895 17.3241 
13.413 13.2453 34.9216 1.85506 15.3322 11.3378 27.1338 16.1838 9.93551 17.6582 16.9753 7.09275 32.8113 27.134 30.3586 25.3493 43.3732 3.16446 30.8036 15.7666 39.851 23.9219 22.5601 22.11 40.8287 18.5062 41.0424 18.0766 36.9995 10.7712 27.3235 12.6553 34.1925 36.9134 10.0471 16.4703 41.2943 33.3915 26.7503 37.239 47.5979 38.235 32.9317 12.9241 32.2926 0 16.9147 34.7276 21.4418 21.6856 19.4676 
7.4762 6.83921 19.4492 18.7258 10.4691 14.7951 13.1925 9.06961 7.92319 7.41203 0.12626 15.651 21.5225 10.365 31.6861 11.7358 28.9743 15.7133 13.8984 4.52406 26.6795 11.0121 12.0813 10.5065 28.5524 2.88643 25.626 16.2818 25.7932 9.84839 10.693 4.79378 18.2135 27.2147 6.86811 4.45661 28.4113 23.3217 12.7565 20.439 34.3493 29.5306 17.0197 5.16074 18.2434 16.9147 0 26.7154 23.9343 6.97126 2.68409 
33.5643 23.5905 18.6781 36.2566 19.8951 23.6865 36.4345 35.7329 31.8529 19.9055 26.5937 28.1207 7.67108 24.1594 17.3946 35.8064 17.9126 35.9898 27.8149 23.1791 12.7597 16.1822 14.6525 16.2182 11.0053 28.9043 20.3217 16.9169 7.09603 24.5085 23.2742 29.817 20.5829 3.8914 28.9996 31.172 12.6753 4.85863 36.083 26.8084 17.5744 3.58036 35.1388 30.6715 14.2831 34.7276 26.7154 0 18.6323 20.4134 27.1345 
27.4712 17.3516 30.0609 22.344 13.4839 11.0935 37.0293 30.5793 24.074 17.3441 23.8678 14.4679 21.5337 28.7773 8.97831 35.6519 34.2187 23.9149 33.5029 19.4551 29.2541 19.9476 16.6823 18.0319 28.6152 26.8207 34.5609 7.88293 24.2129 15.4378 28.2712 23.8943 30.8293 22.1929 21.3315 27.3702 29.9085 20.2459 36.5963 36.518 35.6728 22.0276 39.3622 24.8239 25.4791 21.4418 23.9343 18.6323 0 21.8736 26.0162 
14.435 8.68883 13.276 23.5395 9.47656 15.6665 16.5977 15.9098 14.2511 5.14537 6.84584 18.2382 14.6608 7.05999 28.2917 15.692 22.3281 21.2478 11.7648 5.91917 19.7557 4.25941 6.40049 4.62103 21.5819 8.61496 19.4478 14.0438 18.8832 11.9034 6.74457 11.336 12.527 20.508 12.2481 11.2321 21.4679 16.6395 16.2031 16.371 27.4715 22.9725 17.5696 11.9241 11.3895 21.6856 6.97126 20.4134 21.8736 0 6.75614 
8.78446 9.29847 17.914 21.2588 12.5477 17.3146 11.0218 9.50159 10.1185 8.92217 2.66683 18.3248 21.3447 8.19855 33.4556 9.73499 27.6836 18.0949 11.3502 6.61788 25.8167 11.0152 12.757 11.0361 27.9086 1.96858 24.0089 18.2302 25.4996 12.4359 8.67423 7.00799 16.4574 27.2507 9.44916 4.95493 27.5994 23.39 10.5909 18.1219 33.3416 29.7286 14.3713 7.11345 17.3241 19.4676 2.68409 27.1345 26.0162 6.75614 0 
