50
1.73572 8.24069 1.09611 1
9.44985 22.9482 1.62906 0
4.46213 5.1593 0.492259 0
13.2401 19.1991 1.11715 1
12.0077 12.7697 0.372506 0
12.0554 14.6992 1.55492 0
4.50456 21.9977 1.95165 0
11.2407 19.4535 0.251518 0
16.3017 20.8342 2.19011 0
8.37101 12.448 1.4635 1
15.3125 16.1708 1.73864 0
16.5737 19.7479 0.768722 0
15.0997 19.1786 1.43427 0
2.9236 21.8028 2.00132 0
13.0387 18.8224 0.245149 0
4.02687 17.9214 1.34298 0
4.8703 17.3385 1.57882 0
10.3076 22.0159 0.34219 0
7.32489 23.1189 29.6877 0
8.6575 12.3632 0.327457 0
15.0322 15.0693 2.17258 0
8.43496 12.131 1.4201 1
12.6406 22.386 1.05491 1
2.24864 9.34653 1.59599 0
4.12414 15.7986 0.813013 0
18.9612 22.8112 2.07949 0
18.9972 21.9825 1.16529 0
8.85378 20.902 1.98493 0
11.9233 13.4958 1.1244 1
7.44934 20.92 0.22159 0
17.517 19.9525 1.80392 0
10.0538 15.9525 2.2336 0
18.2211 21.9501 0.912661 0
5.25203 15.964 1.59238 1
12.8661 14.3094 3.45108 0
3.88753 8.5078 1.4319 0
13.5428 23.5302 2.1909 0
12.9262 13.432 1.58423 0
9.49623 12.7813 1.63552 1
15.9319 22.4004 2.1275 0
3.84093 20.9874 0.682101 0
11.189 15.2441 29.429 0
3.26711 15.9423 1.50142 0
5.95978 12.3247 0.594819 1
13.4195 19.0647 1.99325 0
17.79 18.5317 0.352794 1
4.52113 14.8793 28.4822 0
5.63217 9.04997 0.291416 1
7.98898 18.5048 1.573 1
0.180718 1.64989 1.28374 0
400 50 500
0.025 0.0125 10000 3000 15 1e+06 300000 4 6
0 2.12645 12.9721 5.46508 11.4531 18.0315 18.4027 13.1378 5.14831 10.4835 6.8287 16.1675 17.9579 6.57083 9.61377 7.64721 12.1201 10.7605 12.7561 22.4893 13.247 16.7036 5.66032 16.9316 4.14394 16.6448 14.194 11.5728 21.0986 2.89505 14.2682 11.2557 10.7377 8.4047 11.2689 6.57947 15.4124 9.64188 6.19055 13.2941 11.4624 13.226 14.0027 8.3803 6.0669 5.9184 14.2708 9.81187 8.75389 16.5598 13.4095 
2.12645 0 13.0993 3.34652 11.7503 20.0953 20.3129 12.4451 7.01263 11.3432 6.71491 14.5337 19.813 4.45356 7.96087 8.75994 14.1539 8.64235 14.5348 24.4512 13.2704 17.9911 6.36796 18.8608 6.25913 18.1121 13.8425 11.8862 22.5388 4.56122 15.2196 13.2015 9.28262 6.73732 12.4848 6.78176 15.9221 9.92491 6.28845 15.4171 13.4709 13.3129 15.8572 8.87789 7.7631 3.88908 16.1089 11.2978 8.52619 16.2333 14.3548 
12.9721 13.0993 0 13.6202 1.74566 24.9455 17.2015 25.5052 11.0683 23.1895 6.39364 26.0119 16.1369 13.9541 19.9641 20.2084 14.9177 15.997 11.9785 21.2413 26.1919 28.4618 7.48724 25.6603 14.1897 27.8777 3.20275 1.70378 32.2035 10.9599 26.7604 13.1629 9.53002 18.8578 23.4569 19.5351 3.70412 3.37077 6.84502 19.3307 14.1387 26.1858 13.4961 4.80592 17.7339 15.3996 13.4597 8.56037 21.5616 4.59397 5.42147 
5.46508 3.34652 13.6202 0 12.598 23.4211 23.2447 12.4218 10.0396 13.5499 7.48577 12.5799 22.6636 1.1071 6.34403 11.3432 17.3026 5.29619 17.3198 27.4507 14.3204 20.5417 8.24798 22.0804 9.60488 20.8646 13.5768 12.7495 25.2265 7.54161 17.4203 16.2289 7.31648 5.25307 15.0487 8.56294 16.8997 10.8787 7.43022 18.7591 16.5851 14.4513 18.7346 10.2174 10.8749 1.82153 18.9608 13.764 9.54395 15.9107 16.0082 
11.4531 11.7503 1.74566 12.598 0 23.2765 16.0405 24.194 9.32914 21.5552 5.158 25.1231 15.0187 13.0451 18.9199 18.5645 13.3332 15.4744 10.5721 20.1767 24.6988 26.7383 5.86976 23.9338 12.4791 26.1394 4.58416 0.156595 30.4605 9.31042 25.0894 11.5823 9.44665 17.7781 21.7669 18.032 4.30244 1.82865 5.46317 17.6564 12.5402 24.6788 12.1329 3.13921 16.0403 14.3295 12.1268 6.96671 20.1263 6.28381 4.64992 
18.0315 20.0953 24.9455 23.4211 23.2765 0 13.1276 23.8658 15.14 15.07 21.9718 30.7411 13.9532 24.5238 25.3479 14.4007 10.2942 28.6853 13.9734 13.9888 20.2821 12.1859 19.3822 3.70092 13.9333 10.289 27.7664 23.278 12.0364 17.0026 14.6657 11.9883 27.9821 24.4381 12.7795 17.9751 24.6582 22.3205 21.1393 5.62226 10.9713 19.9243 13.0769 20.9382 12.994 23.3952 13.3352 16.4372 19.8217 29.5392 20.9893 
18.4027 20.3129 17.2015 23.2447 16.0405 13.1276 0 29.7783 13.3006 22.5382 17.8439 34.4435 1.16659 24.2328 27.9649 20.2344 6.71464 28.111 6.0644 4.30118 27.723 23.3139 15.6605 16.0485 15.1821 21.729 20.4042 15.9567 24.6649 15.7691 24.1863 7.15839 24.27 26.7745 21.0586 22.5264 15.1834 16.1275 17.2625 9.79742 7.14084 27.4787 4.53155 15.3706 17.3228 24.1971 4.34745 10.0614 25.0004 21.3343 11.878 
13.1378 12.4451 25.5052 12.4218 24.194 23.8658 29.7783 0 17.6963 8.83629 19.1126 7.95218 29.6393 12.6233 7.08397 9.88853 23.0639 14.0252 24.9658 33.3421 4.46708 14.7712 18.6816 20.9017 14.8379 16.1661 25.9036 24.3306 19.3584 15.9353 10.8192 22.8834 19.4957 7.60837 11.2067 7.29133 28.3565 22.3697 18.7309 21.6444 22.68 4.85102 25.8723 21.2958 12.5163 10.6339 26.1938 22.7149 4.79036 28.2682 26.5462 
5.14831 7.01263 11.0683 10.0396 9.32914 15.14 13.3006 17.6963 0 12.8468 6.84424 21.3093 12.8204 11.0774 14.7618 9.86612 7.29501 15.131 7.61181 17.4483 16.9094 17.4445 4.28827 15.0649 3.40641 16.8103 13.3203 9.3924 21.1409 2.49834 16.0812 6.20192 12.9437 13.5529 12.6686 10.5478 12.3965 7.8689 6.00666 9.73025 6.55489 16.7925 8.86309 6.37389 7.00287 10.899 9.12617 5.06346 13.0079 15.4329 9.55592 
10.4835 11.3432 23.1895 13.5499 21.5552 15.07 22.5382 8.83629 12.8468 0 17.285 16.2066 22.6346 14.3852 12.0898 3.00492 15.9913 17.7327 18.7463 25.6399 5.38163 7.20368 15.7025 12.0695 9.44194 8.01969 24.6559 21.6549 12.0269 12.2457 3.88883 16.3215 20.5527 11.6186 2.39041 5.06057 25.1185 19.8187 16.5968 13.4748 15.8309 5.07351 19.2523 18.416 5.91738 12.4489 19.5986 17.6962 5.51995 27.0064 22.402 
6.8287 6.71491 6.39364 7.48577 5.158 21.9718 17.8439 19.1126 6.84424 17.285 0 20.0568 17.0277 8.02624 13.7784 14.3841 13.2388 10.9756 11.802 22.1439 19.9 23.165 2.60557 21.8388 9.08365 22.8589 7.37122 5.30491 27.2953 5.53673 21.0155 11.6864 6.5131 12.6273 17.8765 13.2813 9.44237 3.39654 0.842567 16.4951 12.4123 19.9145 13.3973 2.89584 12.2953 9.18628 13.5255 7.78262 15.2137 9.7314 8.68394 
16.1675 14.5337 26.0119 12.5799 25.1231 30.7411 34.4435 7.95218 21.3093 16.2066 20.0568 0 34.0718 12.0803 6.57648 16.341 27.9102 10.8641 28.9209 38.3915 12.4185 22.6491 20.6635 28.1235 19.3394 23.9443 25.4201 25.2769 27.2927 19.0018 18.693 27.291 17.7623 7.79941 18.5856 12.8441 29.4219 23.4405 20.0039 27.6287 27.3534 12.8002 30.1295 22.7906 18.2184 10.9862 30.4087 25.8309 10.9437 27.5772 28.5589 
17.9579 19.813 16.1369 22.6636 15.0187 13.9532 1.16659 29.6393 12.8204 22.6346 17.0277 34.0718 0 23.6294 27.557 20.229 6.66326 27.4447 5.35907 5.18316 27.7467 23.7613 14.9232 16.7336 14.9197 22.2297 19.339 14.9302 25.3081 15.2535 24.4538 6.8162 23.4066 26.3562 21.2563 22.3607 14.0458 15.1785 16.4773 10.2595 6.96327 27.5157 3.95742 14.4832 17.2633 23.6833 3.70732 9.25796 24.851 20.2237 10.7833 
6.57083 4.45356 13.9541 1.1071 13.0451 24.5238 24.2328 12.6233 11.0774 14.3852 8.02624 12.0803 23.6294 0 6.13827 12.2855 18.3559 4.18972 18.2766 28.4549 14.8294 21.4409 9.04999 23.1563 10.7116 21.818 13.6569 13.1993 26.1559 8.58327 18.2336 17.2518 6.89209 5.17367 15.9676 9.35168 17.3422 11.3839 8.07241 19.8644 17.6302 14.9849 19.7135 10.843 11.9359 2.09477 19.9324 14.6498 10.115 15.9453 16.6575 
9.61377 7.96087 19.9641 6.34403 18.9199 25.3479 27.9649 7.08397 14.7618 12.0898 13.7784 6.57648 27.557 6.13827 0 11.2166 21.514 6.94335 22.3691 31.9768 10.4108 19.2149 14.1612 23.1554 12.9905 20.1048 19.7947 19.07 24.0441 12.43 15.46 20.8065 12.7461 1.2236 14.2594 7.54338 23.2169 17.1742 13.6347 21.6724 20.9213 10.6809 23.6061 16.405 12.4217 4.59214 23.8789 19.2561 6.64063 22.0812 22.1124 
7.64721 8.75994 20.2084 11.3432 18.5645 14.4007 20.2344 9.88853 9.86612 3.00492 14.3841 16.341 20.229 12.2855 11.2166 0 13.5676 15.9799 16.0529 23.5921 7.52848 9.24502 12.7219 11.9575 6.46886 9.53345 21.7462 18.6625 13.8841 9.25424 6.63276 13.7067 18.042 10.4803 3.73232 3.67557 22.1139 16.8384 13.6734 11.7559 13.3132 7.31806 16.683 15.4258 3.06547 10.5249 17.0237 14.769 5.45581 24.0827 19.4213 
12.1201 14.1539 14.9177 17.3026 13.3332 10.2942 6.71464 23.0639 7.29501 15.9913 13.2388 27.9102 6.66326 18.3559 21.514 13.5676 0 22.4259 3.81054 10.4818 21.0834 17.7235 10.7089 11.9163 8.5737 16.3875 17.9088 13.3114 19.9787 9.77578 17.993 1.7549 19.716 20.3498 14.7077 15.8183 14.3701 12.6758 12.4946 4.96332 0.830691 20.8528 3.49321 11.4667 10.62 18.0268 3.83767 6.36713 18.2877 19.4903 10.6968 
10.7605 8.64235 15.997 5.29619 15.4744 28.6853 28.111 14.0252 15.131 17.7327 10.9756 10.8641 27.4447 4.18972 6.94335 15.9799 22.4259 0 22.0878 32.3717 17.1492 24.9154 12.5876 27.2172 14.9011 25.4688 14.875 15.6307 29.7063 12.6589 21.4585 21.2454 6.99772 6.64676 19.5496 12.6918 19.6276 14.0523 11.2697 24.0536 21.6802 17.3794 23.5796 13.869 15.973 5.48127 23.7772 18.2945 12.8171 16.9019 19.5979 
12.7561 14.5348 11.9785 17.3198 10.5721 13.9734 6.0644 24.9658 7.61181 18.7463 11.802 28.9209 5.35907 18.2766 22.3691 16.0529 3.81054 22.0878 0 10.3631 23.5421 21.2554 9.5972 15.7267 10.1288 20.0184 15.1199 10.5169 23.7281 9.9766 21.1626 2.55179 18.2647 21.1572 17.7715 17.6849 10.8749 10.3449 11.204 8.77031 3.39441 23.3555 1.61605 9.43502 12.992 18.3837 1.72413 4.03895 20.1897 16.4313 7.20568 
22.4893 24.4512 21.2413 27.4507 20.1767 13.9888 4.30118 33.3421 17.4483 25.6399 22.1439 38.3915 5.18316 28.4549 31.9768 23.5921 10.4818 32.3717 10.3631 0 30.9515 25.4011 19.9558 17.4197 19.0553 23.6598 24.4369 20.0842 26.0007 19.937 26.8198 11.2498 28.5603 30.8027 23.9236 26.18 18.9218 20.3616 21.5636 12.2791 11.0558 30.6777 8.81054 19.6488 20.8258 28.3403 8.64258 14.3612 28.6084 25.2008 15.8434 
13.247 13.2704 26.1919 14.3204 24.6988 20.2821 27.723 4.46708 16.9094 5.38163 19.9 12.4185 27.7467 14.8294 10.4108 7.52848 21.0834 17.1492 23.5421 30.9515 0 10.3722 18.8886 17.0704 13.6517 11.8637 27.1129 24.8194 14.9006 15.683 6.45055 21.2276 21.6358 10.5035 7.51557 6.66767 28.6193 22.8834 19.3575 18.8417 20.8412 0.396393 24.2087 21.6221 10.5614 12.7347 24.5485 21.9518 4.81091 29.5038 26.3129 
16.7036 17.9911 28.4618 20.5417 26.7383 12.1859 23.3139 14.7712 17.4445 7.20368 23.165 22.6491 23.7613 21.4409 19.2149 9.24502 17.7235 24.9154 21.2554 25.4011 10.3722 0 21.1468 8.49367 14.2883 1.92824 30.4014 26.8107 4.83208 17.7062 3.95684 18.7065 27.2717 18.8037 5.51274 12.2237 29.732 25.162 22.3888 13.519 17.9059 9.97639 21.2164 23.6782 10.8711 19.5714 21.5597 21.521 12.5785 32.6564 26.535 
5.66032 6.36796 7.48724 8.24798 5.86976 19.3822 15.6605 18.6816 4.28827 15.7025 2.60557 20.6635 14.9232 9.04999 14.1612 12.7219 10.7089 12.5876 9.5972 19.9558 18.8886 21.1468 0 19.3426 6.8804 20.7063 9.27071 5.97787 25.1089 3.48536 19.289 9.21289 9.00833 12.9518 16.0194 12.2241 9.75248 4.11669 1.80315 13.8917 9.88834 18.8543 11.1507 2.74361 10.3198 9.68556 11.3138 5.71009 14.4075 11.51 7.99077 
16.9316 18.8608 25.6603 22.0804 23.9338 3.70092 16.0485 20.9017 15.0649 12.0695 21.8388 28.1235 16.7336 23.1563 23.1554 11.9575 11.9163 27.2172 15.7267 17.4197 17.0704 8.49367 19.3426 0 13.086 6.59011 28.247 23.9593 8.64318 16.4938 11.1675 13.4127 27.4077 22.3566 9.69566 15.6294 25.8958 22.7431 20.9964 6.96397 12.4227 16.6974 15.145 21.2842 11.2445 21.7827 15.4478 17.444 17.1911 30.2081 22.3116 
4.14394 6.25913 14.1897 9.60488 12.4791 13.9333 15.1821 14.8379 3.40641 9.44194 9.08365 19.3394 14.9197 10.7116 12.9905 6.46886 8.5737 14.9011 10.1288 19.0553 13.6517 14.2883 6.8804 13.086 0 13.8289 16.151 12.5588 18.2426 3.54992 12.7084 8.1084 14.3221 11.8529 9.32267 7.55696 15.7627 10.8747 8.26448 9.16296 8.04748 13.5112 11.0706 9.39437 3.61385 9.8954 11.3837 8.33124 10.0613 18.378 12.9601 
16.6448 18.1121 27.8777 20.8646 26.1394 10.289 21.729 16.1661 16.8103 8.01969 22.8589 23.9443 22.2297 21.818 20.1048 9.53345 16.3875 25.4688 20.0184 23.6598 11.8637 1.92824 20.7063 6.59011 13.8289 0 29.9758 26.2021 4.45674 17.3371 5.42799 17.4865 27.3413 19.5924 5.93007 12.8385 28.9277 24.6338 22.0579 11.9707 16.6363 11.468 19.8674 23.1396 10.6332 20.042 20.2054 20.5909 13.5305 32.1793 25.6231 
14.194 13.8425 3.20275 13.5768 4.58416 27.7664 20.4042 25.9036 13.3203 24.6559 7.37122 25.4201 19.339 13.6569 19.7947 21.7462 17.9088 14.875 15.1199 24.4369 27.1129 30.4014 9.27071 28.247 16.151 29.9758 0 4.62031 34.3714 12.6963 28.3737 16.1603 7.94667 18.7897 25.1942 20.5642 6.22911 5.50389 8.07532 22.1447 17.1108 27.1523 16.6585 6.97236 19.5447 15.3983 16.633 11.5456 22.354 2.39089 8.60085 
11.5728 11.8862 1.70378 12.7495 0.156595 23.278 15.9567 24.3306 9.3924 21.6549 5.30491 25.2769 14.9302 13.1993 19.07 18.6625 13.3114 15.6307 10.5169 20.0842 24.8194 26.8107 5.97787 23.9593 12.5588 26.2021 4.62031 0 30.5175 9.40933 25.1804 11.5591 9.59344 17.9271 21.8528 18.1522 4.1503 1.96166 5.60059 17.6592 12.5214 24.7978 12.0722 3.24115 16.1256 14.4793 12.0619 6.9443 20.2534 6.27039 4.5224 
21.0986 22.5388 32.2035 25.2265 30.4605 12.0364 24.6649 19.3584 21.1409 12.0269 27.2953 27.2927 25.3081 26.1559 24.0441 13.8841 19.9787 29.7063 23.7281 26.0007 14.9006 4.83208 25.1089 8.64318 18.2426 4.45674 34.3714 30.5175 0 21.7662 8.67405 21.2515 31.7843 23.6349 10.19 17.0187 33.0981 28.994 26.4897 15.2244 20.3362 14.5114 23.3851 27.4979 15.0893 24.3277 23.7089 24.6814 17.4055 36.5518 29.7058 
2.89505 4.56122 10.9599 7.54161 9.31042 17.0026 15.7691 15.9353 2.49834 12.2457 5.53673 19.0018 15.2535 8.58327 12.43 9.25424 9.77578 12.6589 9.9766 19.937 15.683 17.7062 3.48536 16.4938 3.54992 17.3371 12.6963 9.40933 21.7662 0 15.8052 8.69626 10.9932 11.2111 12.5371 9.07823 12.9821 7.59328 4.72391 11.808 9.04701 15.6182 11.2991 6.17161 6.85142 8.43208 11.5485 6.91683 11.413 14.9705 10.6846 
14.2682 15.2196 26.7604 17.4203 25.0894 14.6657 24.1863 10.8192 16.0812 3.88883 21.0155 18.693 24.4538 18.2336 15.46 6.63276 17.993 21.4585 21.1626 26.8198 6.45055 3.95684 19.289 11.1675 12.7084 5.42799 28.3737 25.1804 8.67405 15.8052 0 18.6399 24.441 15.1431 3.4527 8.88298 28.4694 23.3975 20.2988 14.5613 17.9931 6.05418 21.4236 21.9596 9.09527 16.2646 21.7736 20.6783 8.83046 30.7035 25.5537 
11.2557 13.2015 13.1629 16.2289 11.5823 11.9883 7.15839 22.8834 6.20192 16.3215 11.6864 27.291 6.8162 17.2518 20.8065 13.7067 1.7549 21.2454 2.55179 11.2498 21.2276 18.7065 9.21289 13.4127 8.1084 17.4865 16.1603 11.5591 21.2515 8.69626 18.6399 0 18.1914 19.6166 15.2652 15.5935 12.6725 10.959 10.9717 6.53386 1.01808 21.0245 2.99707 9.78502 10.6682 17.0905 3.32907 4.61559 18.0932 17.7357 9.01196 
10.7377 9.28262 9.53002 7.31648 9.44665 27.9821 24.27 19.4957 12.9437 20.5527 6.5131 17.7623 23.4066 6.89209 12.7461 18.042 19.716 6.99772 18.2647 28.5603 21.6358 27.2717 9.00833 27.4077 14.3221 27.3413 7.94667 9.59344 31.7843 10.9932 24.441 18.1914 0 11.9455 21.7673 15.7204 13.2341 8.49226 7.22372 22.6685 18.8938 21.7677 19.8708 8.9328 16.8045 8.95557 19.9832 14.2273 16.8587 9.90726 13.9988 
8.4047 6.73732 18.8578 5.25307 17.7781 24.4381 26.7745 7.60837 13.5529 11.6186 12.6273 7.79941 26.3562 5.17367 1.2236 10.4803 20.3498 6.64676 21.1572 30.8027 10.5035 18.8037 12.9518 22.3566 11.8529 19.5924 18.7897 17.9271 23.6349 11.2111 15.1431 19.6166 11.9455 0 13.6939 6.84493 22.0696 16.0198 12.4597 20.6288 19.7471 10.7383 22.4033 15.2222 11.4647 3.45829 22.674 18.0325 6.33351 21.0992 20.9123 
11.2689 12.4848 23.4569 15.0487 21.7669 12.7795 21.0586 11.2067 12.6686 2.39041 17.8765 18.5856 21.2563 15.9676 14.2594 3.73232 14.7077 19.5496 17.7715 23.9236 7.51557 5.51274 16.0194 9.69566 9.32267 5.93007 25.1942 21.8528 10.19 12.5371 3.4527 15.2652 21.7673 13.6939 0 6.90981 25.0646 20.1072 17.1291 11.657 14.6578 7.16773 18.0965 18.651 5.72749 14.1437 18.4463 17.2264 7.80599 27.4961 22.1117 
6.57947 6.78176 19.5351 8.56294 18.032 17.9751 22.5264 7.29133 10.5478 5.06057 13.2813 12.8441 22.3607 9.35168 7.54338 3.67557 15.8183 12.6918 17.6849 26.18 6.66767 12.2237 12.2241 15.6294 7.55696 12.8385 20.5642 18.1522 17.0187 9.07823 8.88298 15.5935 15.7204 6.84493 6.90981 0 21.9638 16.2182 12.712 14.8548 15.4082 6.65083 18.5813 14.9553 5.4584 7.39073 18.9024 15.6077 2.50509 22.9512 19.7555 
15.4124 15.9221 3.70412 16.8997 4.30244 24.6582 15.1834 28.3565 12.3965 25.1185 9.44237 29.4219 14.0458 17.3422 23.2169 22.1139 14.3701 19.6276 10.8749 18.9218 28.6193 29.732 9.75248 25.8958 15.7627 28.9277 6.22911 4.1503 33.0981 12.9821 28.4694 12.6725 13.2341 22.0696 25.0646 21.9638 0 6.05567 9.67657 19.1725 13.6905 28.5725 12.1699 7.06648 19.3766 18.6253 12.0419 8.47571 24.1583 6.35022 3.68105 
9.64188 9.92491 3.37077 10.8787 1.82865 22.3205 16.1275 22.3697 7.8689 19.8187 3.39654 23.4405 15.1785 11.3839 17.1742 16.8384 12.6758 14.0523 10.3449 20.3616 22.8834 25.162 4.11669 22.7431 10.8747 24.6338 5.50389 1.96166 28.994 7.59328 23.3975 10.959 8.49226 16.0198 20.1072 16.2182 6.05567 0 3.64149 16.7056 11.8567 22.8673 11.9529 1.49632 14.3905 12.5822 11.9996 6.43496 18.3 7.56416 5.59677 
6.19055 6.28845 6.84502 7.43022 5.46317 21.1393 17.2625 18.7309 6.00666 16.5968 0.842567 20.0039 16.4773 8.07241 13.6347 13.6734 12.4946 11.2697 11.204 21.5636 19.3575 22.3888 1.80315 20.9964 8.26448 22.0579 8.07532 5.60059 26.4897 4.72391 20.2988 10.9717 7.22372 12.4597 17.1291 12.712 9.67657 3.64149 0 15.6737 11.6712 19.3591 12.7852 2.78728 11.5178 9.05576 12.9277 7.21939 14.7168 10.4112 8.58889 
13.2941 15.4171 19.3307 18.7591 17.6564 5.62226 9.79742 21.6444 9.73025 13.4748 16.4951 27.6287 10.2595 19.8644 21.6724 11.7559 4.96332 24.0536 8.77031 12.2791 18.8417 13.519 13.8917 6.96397 9.16296 11.9707 22.1447 17.6592 15.2244 11.808 14.5613 6.53386 22.6685 20.6288 11.657 14.8548 19.1725 16.7056 15.6737 0 5.52312 18.5454 8.20659 15.3352 9.41572 19.022 8.51888 10.8509 17.0947 23.9236 15.5308 
11.4624 13.4709 14.1387 16.5851 12.5402 10.9713 7.14084 22.68 6.55489 15.8309 12.4123 27.3534 6.96327 17.6302 20.9213 13.3132 0.830691 21.6802 3.39441 11.0558 20.8412 17.9059 9.88834 12.4227 8.04748 16.6363 17.1108 12.5214 20.3362 9.04701 17.9931 1.01808 18.8938 19.7471 14.6578 15.4082 13.6905 11.8567 11.6712 5.52312 0 20.6231 3.43949 10.6395 10.3165 17.3528 3.78902 5.57977 17.8936 18.7185 10.0298 
13.226 13.3129 26.1858 14.4513 24.6788 19.9243 27.4787 4.85102 16.7925 5.07351 19.9145 12.8002 27.5157 14.9849 10.6809 7.31806 20.8528 17.3794 23.3555 30.6777 0.396393 9.97639 18.8543 16.6974 13.5112 11.468 27.1523 24.7978 14.5114 15.6182 6.05418 21.0245 21.7677 10.7383 7.16773 6.65083 28.5725 22.8673 19.3591 18.5454 20.6231 0 24.0007 21.5919 10.3659 12.8906 24.3416 21.8249 4.91487 29.5427 26.2254 
14.0027 15.8572 13.4961 18.7346 12.1329 13.0769 4.53155 25.8723 8.86309 19.2523 13.3973 30.1295 3.95742 19.7135 23.6061 16.683 3.49321 23.5796 1.61605 8.81054 24.2087 21.2164 11.1507 15.145 11.0706 19.8674 16.6585 12.0722 23.3851 11.2991 21.4236 2.99707 19.8708 22.4033 18.0965 18.5813 12.1699 11.9529 12.7852 8.20659 3.43949 24.0007 0 11.051 13.6543 19.7305 0.349978 5.65024 21.0828 17.8978 8.54748 
8.3803 8.87789 4.80592 10.2174 3.13921 20.9382 15.3706 21.2958 6.37389 18.416 2.89584 22.7906 14.4832 10.843 16.405 15.4258 11.4667 13.869 9.43502 19.6488 21.6221 23.6782 2.74361 21.2842 9.39437 23.1396 6.97236 3.24115 27.4979 6.17161 21.9596 9.78502 8.9328 15.2222 18.651 14.9553 7.06648 1.49632 2.78728 15.3352 10.6395 21.5919 11.051 0 12.9283 11.8344 11.1337 5.41768 17.106 9.05994 5.81622 
6.0669 7.7631 17.7339 10.8749 16.0403 12.994 17.3228 12.5163 7.00287 5.91738 12.2953 18.2184 17.2633 11.9359 12.4217 3.06547 10.62 15.973 12.992 20.8258 10.5614 10.8711 10.3198 11.2445 3.61385 10.6332 19.5447 16.1256 15.0893 6.85142 9.09527 10.6682 16.8045 11.4647 5.72749 5.4584 19.3766 14.3905 11.5178 9.41572 10.3165 10.3659 13.6543 12.9283 0 10.5446 13.9924 11.7805 7.80281 21.8213 16.5323 
5.9184 3.88908 15.3996 1.82153 14.3295 23.3952 24.1971 10.6339 10.899 12.4489 9.18628 10.9862 23.6833 2.09477 4.59214 10.5249 18.0268 5.48127 18.3837 28.3403 12.7347 19.5714 9.68556 21.7827 9.8954 20.042 15.3983 14.4793 24.3277 8.43208 16.2646 17.0905 8.95557 3.45829 14.1437 7.39073 18.6253 12.5822 9.05576 19.022 17.3528 12.8906 19.7305 11.8344 10.5446 0 19.9769 15.0097 8.02698 17.7308 17.5778 
14.2708 16.1089 13.4597 18.9608 12.1268 13.3352 4.34745 26.1938 9.12617 19.5986 13.5255 30.4087 3.70732 19.9324 23.8789 17.0237 3.83767 23.7772 1.72413 8.64258 24.5485 21.5597 11.3138 15.4478 11.3837 20.2054 16.633 12.0619 23.7089 11.5485 21.7736 3.32907 19.9832 22.674 18.4463 18.9024 12.0419 11.9996 12.9277 8.51888 3.78902 24.3416 0.349978 11.1337 13.9924 19.9769 0 5.75594 21.4048 17.8309 8.44267 
9.81187 11.2978 8.56037 13.764 6.96671 16.4372 10.0614 22.7149 5.06346 17.6962 7.78262 25.8309 9.25796 14.6498 19.2561 14.769 6.36713 18.2945 4.03895 14.3612 21.9518 21.521 5.71009 17.444 8.33124 20.5909 11.5456 6.9443 24.6814 6.91683 20.6783 4.61559 14.2273 18.0325 17.2264 15.6077 8.47571 6.43496 7.21939 10.8509 5.57977 21.8249 5.65024 5.41768 11.7805 15.0097 5.75594 0 18.0578 13.145 5.03272 
8.75389 8.52619 21.5616 9.54395 20.1263 19.8217 25.0004 4.79036 13.0079 5.51995 15.2137 10.9437 24.851 10.115 6.64063 5.45581 18.2877 12.8171 20.1897 28.6084 4.81091 12.5785 14.4075 17.1911 10.0613 13.5305 22.354 20.2534 17.4055 11.413 8.83046 18.0932 16.8587 6.33351 7.80599 2.50509 24.1583 18.3 14.7168 17.0947 17.8936 4.91487 21.0828 17.106 7.80281 8.02698 21.4048 18.0578 0 24.7444 22.0942 
16.5598 16.2333 4.59397 15.9107 6.28381 29.5392 21.3343 28.2682 15.4329 27.0064 9.7314 27.5772 20.2237 15.9453 22.0812 24.0827 19.4903 16.9019 16.4313 25.2008 29.5038 32.6564 11.51 30.2081 18.378 32.1793 2.39089 6.27039 36.5518 14.9705 30.7035 17.7357 9.90726 21.0992 27.4961 22.9512 6.35022 7.56416 10.4112 23.9236 18.7185 29.5427 17.8978 9.05994 21.8213 17.7308 17.8309 13.145 24.7444 0 9.4709 
13.4095 14.3548 5.42147 16.0082 4.64992 20.9893 11.878 26.5462 9.55592 22.402 8.68394 28.5589 10.7833 16.6575 22.1124 19.4213 10.6968 19.5979 7.20568 15.8434 26.3129 26.535 7.99077 22.3116 12.9601 25.6231 8.60085 4.5224 29.7058 10.6846 25.5537 9.01196 13.9988 20.9123 22.1117 19.7555 3.68105 5.59677 8.58889 15.5308 10.0298 26.2254 8.54748 5.81622 16.5323 17.5778 8.44267 5.03272 22.0942 9.4709 0 
