200
16.8932 17.7903 1.77995 0
11.8061 23.5392 6.83137 0
1.62675 17.2304 1.66903 0
14.3935 19.3294 1.57446 0
0.653495 9.14589 27.5957 0
7.93194 19.9171 1.88537 0
15.6775 18.1358 0.469123 1
5.33515 16.9106 1.39853 0
6.80411 15.5416 0.960003 0
18.1423 22.287 1.2823 1
2.77201 13.8454 0.917223 1
8.62589 17.366 0.726812 0
12.8826 21.9155 2.22768 0
8.71357 8.95734 0.901378 0
15.551 17.3398 17.3375 0
7.5996 8.88655 0.655114 1
9.53839 10.2198 20.0037 0
11.8552 12.3043 2.00003 0
17.0443 19.6511 1.3405 0
18.9976 21.974 1.44472 0
9.90828 21.4535 25.4607 0
9.11243 9.716 1.2072 0
16.5896 21.4173 0.397445 0
17.7546 22.0398 18.1881 1
2.57089 15.2247 0.76193 0
12.827 16.4807 26.711 1
8.04494 17.615 1.61455 0
10.8546 11.8598 0.839597 0
9.90124 21.1416 1.69494 0
9.14176 9.44895 0.377394 0
18.7752 22.5533 1.04008 0
16.5115 22.6098 1.16574 0
12.2552 21.5243 0.884284 0
3.93118 17.1195 2.25574 0
4.45386 17.86 14.3746 0
7.02769 19.7645 0.806255 0
3.12519 14.9825 0.348366 0
17.7001 23.4926 21.1511 0
1.60486 14.4228 1.61718 0
7.00686 19.1796 0.59563 0
0.999372 8.38735 0.955071 0
1.70652 18.9397 0.28719 0
12.0154 23.0753 7.16841 0
6.2175 22.5767 0.398112 0
9.82341 22.8197 1.44955 1
0.453128 20.5701 0.357181 0
4.60939 15.4554 0.636301 0
12.5653 20.7733 0.273761 0
1.17087 15.9464 0.89021 1
6.91825 11.5998 1.11882 0
0.362376 16.2367 0.675358 1
15.9145 17.3662 16.4048 0
7.13519 8.22755 1.93334 0
12.4753 12.5466 27.0828 1
9.48621 20.6741 0.645542 0
10.1079 10.3877 0.913424 1
17.3078 20.8156 2.19022 0
15.5846 18.3366 1.4706 0
3.48043 14.7055 1.91069 0
13.9123 20.822 0.756702 0
17.3369 22.6393 0.396695 0
11.3679 19.2778 1.27187 0
12.2024 14.3269 0.334215 0
7.71181 18.0478 0.985879 0
16.5952 22.8491 0.212041 1
11.8706 16.9563 1.44047 0
4.48328 9.25307 0.359169 0
12.7814 17.6622 1.58083 0
3.34169 10.7054 26.4668 0
16.7034 16.8397 0.335136 1
14.4847 20.8151 1.81919 1
9.86391 15.3011 0.204696 1
17.543 20.2981 2.14112 1
5.61659 10.8352 1.18458 0
10.1465 11.0233 0.603637 0
4.57936 9.30573 0.80543 0
18.3826 19.5174 2.35558 1
17.6759 21.0281 2.09114 0
17.3164 19.841 1.61484 0
13.1622 15.7755 1.92301 1
8.44768 23.0275 2.11998 0
0.0400885 8.411 1.66758 0
16.7272 22.6974 0.200014 1
17.5813 21.8706 1.213 0
14.4023 14.4223 0.916717 0
5.39144 6.03765 26.6254 0
4.75404 17.1738 2.36925 1
8.26703 10.9659 0.249233 1
1.51739 13.1753 2.02691 0
11.4536 20.0533 2.26716 0
16.8219 17.2949 2.07593 0
7.49407 23.2167 2.21495 0
4.41782 16.5106 0.703473 0
13.255 23.0186 0.577524 0
14.2339 23.9337 1.89171 0
4.61124 17.0408 12.9126 0
18.279 19.0994 1.40529 0
4.29651 23.1302 2.04984 0
1.91379 9.00759 0.29083 0
3.99167 14.5392 1.97312 0
18.0736 23.9182 21.9583 1
15.2188 22.95 2.16102 0
18.8865 19.6071 1.86281 0
4.39114 20.0803 0.86199 1
16.4011 17.6946 2.22501 1
5.48845 7.43164 0.912469 0
16.2657 23.8031 9.085 0
11.7372 14.7332 0.408698 0
11.9616 20.4299 0.250828 0
6.70446 12.3526 2.02256 0
7.32203 9.54819 0.240639 0
8.6012 16.5797 2.14279 0
18.5016 23.2144 1.75924 0
3.84707 13.8157 0.992115 1
11.7145 15.6278 1.43377 0
6.93926 17.8166 0.878424 0
2.65 8.19526 1.69046 0
8.06479 10.4925 0.739231 1
0.55624 17.8527 0.432437 0
7.45622 8.11674 0.55644 0
6.88304 11.6365 1.25946 1
9.79802 17.2657 8.13492 0
1.63845 21.0593 0.631532 0
13.548 22.9944 1.026 0
0.328518 6.93548 1.72639 0
8.94953 19.1294 1.16432 0
2.81074 11.2485 0.552675 0
2.55791 6.97426 1.10457 0
13.8854 15.2337 0.389055 0
9.60213 14.0384 1.53388 0
0.695943 13.1703 0.590968 0
14.5494 18.9254 3.41327 0
17.1061 17.2928 1.45473 0
11.8947 14.3386 14.4461 0
10.8328 22.6293 0.415313 0
17.993 22.5009 2.16489 0
17.7478 19.2441 14.1697 1
2.53444 22.267 0.444961 0
6.17701 15.6224 0.353761 1
14.2257 23.8418 0.611473 0
14.843 18.3481 1.85703 0
18.6216 22.9784 1.00631 0
5.97301 21.0291 1.65696 0
16.6512 18.0967 2.16529 1
14.5564 16.3493 0.586456 0
10.3248 17.2367 1.09661 0
8.11408 18.7462 1.34476 1
16.9279 18.1665 1.53247 0
10.5644 22.6312 0.347306 0
11.6622 20.0541 19.5612 0
8.86756 16.3888 1.86112 1
6.72798 8.33459 0.303846 0
2.51402 4.79263 0.953344 1
4.10807 21.0073 1.78221 0
11.2865 17.0844 1.40096 0
9.61664 23.704 2.19625 1
15.8683 21.5881 1.75755 0
13.8539 21.971 2.22123 0
15.1818 19.5575 0.261833 0
10.6009 14.1493 18.7114 0
11.2237 20.4062 0.294677 0
11.1073 13.1568 0.244938 0
10.0734 10.4276 1.24528 1
18.1618 18.7503 1.79902 0
12.251 18.7505 12.888 0
12.3625 14.8184 1.24461 0
4.7428 9.21912 1.0923 0
6.96832 21.4816 1.30268 1
5.04504 10.8741 1.48405 0
0.138788 3.95924 0.666187 0
2.77987 11.2617 0.5017 0
13.7288 15.623 21.4448 1
11.8842 18.388 1.63895 0
18.3212 23.7402 1.14313 0
13.5431 20.0518 10.8292 0
13.3714 21.7893 1.57668 0
0.740428 17.7571 0.202984 0
10.218 14.695 3.7086 1
18.2305 18.8547 0.470377 0
4.37492 17.6303 24.0703 0
9.27102 13.6065 0.956999 0
9.43822 16.5488 1.82262 0
4.28556 13.8238 2.23491 0
18.4812 18.6426 0.571375 0
7.79764 8.68702 1.27738 1
18.8748 21.9854 1.49658 0
13.2671 19.1925 1.94769 0
1.64635 21.025 0.949088 0
5.85838 6.68922 1.55394 0
9.53279 9.87047 1.66626 0
4.75985 14.2647 29.433 0
17.7593 18.6373 2.18682 1
4.80577 9.9745 1.86716 0
4.81073 9.35498 17.7098 0
7.95617 17.3916 0.691377 1
11.1115 23.8838 1.61775 0
6.20436 7.00271 0.79907 0
0.278733 21.8073 2.09723 0
3.70843 15.6573 2.01108 0
9.06213 11.7669 1.99468 1
400 50 500
0.025 0.0125 10000 3000 15 1e+06 300000 8 12
0 17.579 16.9429 10.6974 13.7486 18.2938 18.7379 19.7212 10.9984 14.8403 3.46933 15.1031 9.98586 9.16453 9.60479 0.432941 16.6675 13.436 11.1593 0.958777 20.0627 13.6019 9.3747 16.2928 13.4549 21.1053 9.83854 18.0932 15.0938 18.0331 5.54164 14.1151 19.8841 13.8404 13.5556 4.65747 4.8029 4.2041 15.6537 16.9003 17.7004 20.0189 5.05963 9.03852 10.4697 16.3597 16.2005 17.3479 10.812 18.2247 2.91663 6.3503 17.2808 7.97876 20.215 4.76556 9.6482 7.40514 12.2979 18.94 10.4653 6.24938 15.1046 6.14443 14.4475 4.81011 22.3137 5.18922 20.719 8.27903 19.1077 7.89115 16.5277 3.19746 13.9964 9.49361 17.3363 16.8692 12.0531 0.2083 18.6535 11.1688 23.1757 4.16808 22.1406 9.67782 18.2866 15.5069 10.3329 3.2365 19.9576 4.83028 18.7677 19.3208 10.3944 11.9762 12.3753 9.03027 16.0112 14.6084 11.0202 15.6514 14.8652 17.6219 10.2259 13.716 16.9631 13.0508 11.3286 8.92073 17.0275 10.6805 4.13859 12.813 5.47407 13.0678 12.73 12.9981 8.70874 16.91 14.5293 10.8341 4.54575 6.02424 17.3324 6.52245 13.2982 8.98481 10.6834 14.1913 17.1752 11.5803 5.84047 3.7599 11.8022 13.5902 7.17531 10.2841 1.53375 18.1329 9.04844 10.6808 15.3668 4.41333 14.8375 7.8334 3.18307 12.923 5.96471 17.6979 10.3527 13.8014 21.5946 4.25313 7.28144 14.2051 17.6926 19.515 6.49234 10.1836 13.267 18.299 10.8363 5.73164 19.1884 2.22719 21.2509 6.6788 19.3886 13.1685 12.6072 9.75802 17.4691 12.7206 18.0833 13.235 13.1248 5.54814 4.99812 5.23762 13.2527 2.81648 16.4829 5.39945 1.77816 13.8282 14.0719 10.0391 3.23136 9.03383 13.5504 7.21007 20.1194 13.3481 17.4162 4.66857 17.4802 9.03894 19.6707 10.2962 6.78886 
17.579 0 5.36591 9.27575 13.576 13.1426 1.59249 9.21217 8.12201 9.64648 14.9399 3.59163 7.82569 9.81627 7.99871 17.6358 7.57603 18.0667 10.3874 16.624 10.8955 9.61974 11.4557 1.88485 16.9637 8.08177 9.61352 12.26 10.3069 16.3661 19.4136 5.69983 10.6593 18.838 5.27341 13.8339 12.7769 13.805 5.79857 15.6436 12.9604 8.75996 16.8028 8.62445 10.2971 3.902 19.7027 12.0423 11.4691 4.24689 17.8114 18.477 0.684752 15.6452 7.56541 14.0497 9.29471 10.2143 5.50028 9.981 9.10989 13.6239 2.65218 13.1286 8.18541 19.1779 8.25973 12.3904 5.72912 12.5808 11.0703 19.3657 17.5401 19.2348 4.3394 9.15633 0.69246 9.72839 13.4512 17.5503 1.30238 16.8931 8.73863 14.4131 7.4598 16.7639 5.58349 9.39786 7.9475 14.5682 5.20548 14.0188 7.72736 5.59719 7.32253 10.9771 18.9076 11.6414 12.7311 10.3293 10.0913 12.6725 19.4584 10.4718 8.30111 8.78469 11.1455 18.3094 7.18709 16.6996 1.84805 15.747 16.0084 4.96585 12.105 14.7887 18.7323 4.58208 16.8808 12.2903 9.9288 10.2475 19.4264 11.7797 11.547 12.8119 10.1916 17.0095 8.0378 6.37829 1.99734 9.97751 19.8157 18.2866 9.4208 8.60018 11.2786 10.4389 18.8768 9.67998 19.1277 8.1656 20.1867 13.3399 14.163 12.3772 14.4931 9.46417 16.3666 5.2079 7.83215 12.2052 8.09761 14.7164 10.7308 6.38073 17.1404 8.69873 15.5889 9.38679 8.40222 20.474 7.59642 11.9659 4.03946 15.4343 5.72133 12.2422 7.30478 15.2874 4.98187 9.22958 8.2799 7.16968 14.4358 8.95306 5.90097 12.3455 17.7377 12.4446 15.1599 19.9017 1.09731 12.2002 15.8315 8.6366 18.7404 10.8983 14.4057 8.57348 19.6578 12.8926 5.01554 9.97907 7.10454 14.0219 1.06314 14.652 10.3907 15.0429 10.8495 
16.9429 5.36591 0 6.55333 8.9445 7.78877 4.78812 4.24763 10.5946 4.76976 13.7066 7.67049 9.08465 7.86054 8.63098 16.8662 2.25073 13.6935 13.3045 16.0627 5.74976 13.4137 8.58733 6.49421 12.5181 4.36682 7.29096 6.90128 5.33457 11.1289 17.1945 9.54399 5.50364 14.4355 8.64777 12.4729 12.4251 14.0262 1.33491 10.5032 7.6357 4.04033 14.652 9.34267 7.25296 8.724 14.9246 6.72226 7.94046 1.83714 16.2838 15.953 5.88943 12.6459 3.50875 12.5312 7.34102 9.87925 5.50772 4.71146 6.64912 14.8486 4.41201 11.2805 12.2841 17.1553 5.40996 12.1339 3.93041 9.90212 5.75698 16.4683 12.5569 17.7302 7.70079 10.9525 4.67777 4.40374 9.28591 16.8526 5.07068 12.9892 6.25103 13.0476 5.20099 13.2529 1.34366 4.32894 6.66949 13.7083 3.22382 14.6864 2.72501 2.40617 8.52819 14.211 14.8316 8.8837 7.60148 14.4062 12.9304 7.60406 14.9009 5.10959 6.72302 12.6242 5.83957 14.0371 9.51696 13.3996 3.52715 11.9471 14.2312 5.21928 11.8571 10.3461 14.5623 5.97099 13.6425 7.02015 5.13969 7.0241 17.5118 12.1467 6.21703 10.8963 5.83309 13.6952 10.2464 10.3318 7.15929 6.44846 17.5513 16.5166 5.95248 4.40052 12.3541 12.9937 17.9424 4.33121 15.8974 10.4278 15.5966 13.3941 9.30043 9.96418 13.7742 5.39487 13.9581 0.791417 9.60888 7.55988 4.76051 13.1941 9.67296 2.78951 11.9771 3.77359 13.0707 11.7139 4.44381 15.4417 9.70524 12.1416 2.97039 15.1094 4.58321 10.5039 2.80458 10.8337 6.04039 11.2472 2.91735 4.27249 9.12343 4.84928 3.90355 11.3982 15.5856 12.5225 10.6822 18.7114 5.13123 11.7632 15.3935 4.30368 14.2827 13.3948 14.1585 8.51074 15.3837 14.4204 3.49903 13.6833 1.76122 14.6102 4.31746 11.3752 5.22071 11.3586 10.3913 
10.6974 9.27575 6.55333 0 5.77313 8.61603 9.7919 9.03334 8.4691 4.42418 7.31248 8.89152 6.15547 1.63191 5.1874 10.5616 5.97332 9.31275 10.9541 9.88938 9.51589 12.251 2.20024 8.98452 8.37163 10.4732 0.884271 8.13176 4.8787 10.026 10.6779 9.58449 9.31719 10.0818 8.51235 6.07737 6.6797 8.5605 5.2185 8.94056 8.08568 9.32186 8.11066 5.61721 1.06865 10.4476 11.4833 7.4456 2.44369 8.14063 9.75812 9.5102 9.34609 6.41503 9.58844 6.07359 1.34688 4.69255 4.33354 8.3442 0.435404 10.2251 6.69324 4.76489 11.8332 10.6107 11.7492 6.51114 10.4778 3.43595 8.67906 10.2066 10.0027 11.1977 8.09577 7.86434 8.73886 6.35759 4.84042 10.5809 9.87313 7.7742 12.6287 6.62653 11.6956 7.50073 7.86368 4.99608 2.2824 7.49265 9.75215 9.54004 8.0847 8.95409 5.85826 12.094 9.84458 2.43204 6.71176 13.4885 10.5655 6.41901 10.8768 7.21061 1.82933 11.7038 6.81138 9.43308 7.67467 7.42498 7.92797 6.60368 7.68787 4.74269 6.28693 6.40653 9.74616 5.75063 7.61158 7.19197 4.224 1.18129 10.9606 7.11031 7.25831 4.37457 3.20386 7.73473 7.93095 10.227 10.0044 1.49829 11.0461 9.9651 1.32464 2.93386 8.02182 10.2515 11.5467 7.54176 9.86891 8.10562 11.6183 7.86256 6.80348 3.42084 7.63588 2.4964 7.46037 7.34307 7.0461 4.83231 10.9916 6.71608 3.80403 3.7744 10.3065 8.81792 6.59577 9.0288 2.57979 12.8285 7.50332 6.91691 9.24229 9.12944 11.1064 4.05326 8.75249 6.86196 5.37744 8.32852 6.77697 2.35333 9.02842 2.64113 3.40625 5.32468 9.04921 7.13818 6.78888 12.2294 8.3237 6.04236 9.32438 3.18208 10.0575 10.4885 8.30536 4.26587 10.7344 10.1824 9.99112 12.3332 6.75171 9.40019 8.66673 5.37653 9.08265 5.86255 4.92653 
13.7486 13.576 8.9445 5.77313 0 4.89855 13.518 8.60527 14.2409 4.18309 10.3953 14.188 11.9212 6.89924 10.9416 13.4588 6.97308 4.79285 16.6862 13.2146 7.94864 18.022 5.09753 13.8702 3.59871 10.9977 6.29524 5.04947 3.70584 4.51385 11.1715 15.1891 7.88175 5.51216 14.1061 9.42377 11.1723 13.1102 7.96131 3.36119 4.32125 9.2414 9.323 11.3191 4.93131 15.6847 6.13033 4.36909 3.66031 10.7731 11.678 9.62099 13.8639 6.26202 10.3045 9.16333 6.93111 9.9901 9.75299 7.25864 6.19703 15.2844 11.3823 7.89955 17.5573 11.4844 12.441 11.1685 12.3376 5.68908 6.77964 9.38819 4.25645 12.8575 13.5548 13.573 12.9193 5.43555 1.69687 13.5728 13.7288 4.70459 13.2826 9.74672 12.8357 5.6452 9.79194 4.72978 8.05108 11.0659 11.8157 14.2848 8.6341 10.79 11.6313 17.8342 6.14587 5.34839 2.64472 19.2568 16.3018 2.31695 5.96111 5.59728 7.60245 17.4629 4.51832 5.19691 13.4413 6.17178 11.8481 4.07012 9.73364 10.0314 11.033 1.52616 5.79334 11.1426 6.47705 3.78579 3.80482 4.64903 11.9644 12.1797 4.63197 7.60316 3.40015 6.36997 13.7013 15.8757 14.8257 4.32968 11.3891 11.4238 4.7507 4.98249 13.3859 15.9473 14.0173 6.63016 8.33689 13.8745 6.66691 12.4271 1.14575 6.27515 11.3558 4.20691 8.33852 9.59469 12.8158 1.3907 11.6056 9.54382 8.74317 7.20023 4.58806 8.72531 7.52837 14.7584 5.22613 7.15124 13.2764 11.8746 11.8813 12.9341 13.0715 7.79485 9.57814 1.95936 10.8359 14.0467 7.03245 6.75046 4.36289 4.66439 8.07819 9.61549 10.0127 11.9364 1.79204 14.202 12.8653 10.6699 12.9411 4.93966 5.34421 16.1518 12.4172 9.96085 6.51219 15.4481 12.1693 18.1063 7.89409 14.1038 12.6927 4.89342 7.80123 3.92927 9.99462 
18.2938 13.1426 7.78877 8.61603 4.89855 0 12.5136 5.18568 16.4525 4.428 14.8501 14.94 14.3197 10.172 13.4687 18.0421 5.56866 8.75643 19.1343 17.665 3.81231 19.9464 9.04708 14.0745 7.64742 7.74529 9.42828 0.897449 3.81458 3.73505 16.0666 16.4736 3.86742 9.28106 15.4351 13.7556 15.0735 17.0131 7.50141 3.64569 0.596044 5.91724 14.139 14.0261 8.26596 16.2188 8.6743 1.24328 7.53604 9.28501 16.4401 14.5188 13.6322 11.1315 7.3449 13.5662 9.96269 13.3067 11.2357 3.78049 9.02842 18.8349 11.6962 12.2136 19.1279 16.3642 9.08057 14.9745 9.88698 10.0223 2.76851 14.2537 5.97131 17.6761 14.6435 16.1898 12.4512 3.43299 6.49172 18.132 12.8218 9.41619 9.79081 14.1658 9.74915 10.5076 7.96591 4.19722 10.5272 15.3781 9.6246 18.0759 6.02644 8.62527 13.8858 20.217 10.4278 9.37312 2.31607 21.0955 18.7387 2.67628 9.26059 2.6879 10.2042 19.2541 2.11077 9.29666 15.4756 11.0631 11.2955 8.93677 14.4252 11.2878 14.7815 6.20838 9.97913 12.3774 11.3689 1.43435 4.47895 7.88914 16.8394 15.709 1.64727 11.8633 5.41845 11.2515 15.9652 17.2431 14.8503 7.22043 16.2874 16.2486 7.29259 6.14159 16.6251 18.5501 18.7129 3.65944 13.1414 16.1531 9.77922 16.311 4.15598 10.512 15.6207 6.15217 13.1699 8.1022 15.1271 4.49814 8.31363 14.0409 12.3117 7.66265 4.80377 5.54459 12.3261 17.2644 6.57097 8.42847 15.4597 15.4895 10.1628 17.2019 10.5912 11.8865 6.89512 6.46392 12.2173 16.6173 4.9213 8.17645 1.53918 6.19343 9.16834 13.5745 14.8692 15.6654 6.29666 18.9918 12.7886 14.4828 17.283 5.91925 9.00762 18.8469 16.5396 12.7355 10.4017 18.7933 10.0085 20.124 6.11055 17.9212 12.1027 9.73152 3.93774 8.82742 13.5029 
18.7379 1.59249 4.78812 9.7919 13.518 12.5136 0 8.18244 9.64999 9.42712 15.9485 5.18257 9.18148 10.5545 9.24787 18.7684 7.03538 18.1556 11.9656 17.7899 9.91727 11.2068 11.9921 3.47732 17.0144 6.75734 10.2501 11.618 10.0438 15.9158 20.226 7.29231 9.692 18.9173 6.84456 14.7997 13.9414 15.0881 5.5614 15.2848 12.3982 7.65431 17.6117 9.90771 10.7541 5.42189 19.5953 11.4908 11.8054 3.2678 18.7813 19.2008 2.25339 16.2069 6.34205 14.9821 10.016 11.3351 6.47518 9.11477 9.6915 15.0594 3.63339 13.9682 9.75999 20.039 6.78976 13.5678 4.25774 13.1931 10.2348 19.9892 17.3013 20.2208 5.89245 10.6192 1.46183 9.17823 13.5928 18.6968 0.374999 17.1655 7.21526 15.3856 5.94859 17.1742 4.63689 9.06913 8.7797 15.6531 3.82319 15.3772 6.77617 4.39504 8.65426 12.5679 19.1261 12.2133 12.3765 11.896 11.6641 12.3626 19.4668 9.82602 9.07649 10.3719 10.6178 18.4436 8.68493 17.1785 1.86629 16.0483 16.9026 5.94661 13.2796 14.8271 18.9116 5.80004 17.381 11.8057 9.75665 10.65 20.3161 13.0628 10.9802 13.6296 10.2091 17.4865 9.53538 7.96835 3.46853 10.2783 20.6189 19.2032 9.72364 8.63435 12.6696 11.994 19.9847 8.92566 19.6474 9.67133 20.1812 14.5882 13.9882 13.0585 15.6063 9.57113 17.1034 4.41332 9.26894 12.1288 6.70491 15.6566 11.7088 6.47341 16.7629 7.67085 16.2877 10.9138 8.51111 20.2049 9.07404 13.2177 2.72559 16.635 4.17556 13.0933 6.21168 15.3244 6.15994 10.721 7.59258 7.52976 13.8905 9.03261 6.39215 13.3803 18.5546 13.6856 15.1852 20.9621 2.46918 13.3391 17.0144 8.62415 18.7938 12.4515 15.6106 9.70428 19.7975 14.3611 3.57943 11.5684 6.40307 15.3679 1.25771 15.1174 9.43828 15.3783 11.9591 
19.7212 9.21217 4.24763 9.03334 8.60527 5.18568 8.18244 0 14.7356 5.14327 16.3015 11.8868 13.0445 10.6184 12.454 19.5702 3.15152 13.2412 17.4663 18.9224 1.75791 17.6577 10.5384 10.6044 12.0513 2.56941 9.90621 4.37067 5.20473 8.91992 18.8754 13.7898 1.55523 13.8807 12.894 15.0775 15.5927 17.3714 4.89093 8.70692 5.35738 0.731566 16.5399 13.1402 9.30644 12.8497 13.6747 4.67095 9.36975 4.97486 18.5316 17.4487 9.82356 13.9602 2.20217 15.0304 10.1899 13.2467 9.48459 1.44297 9.30045 18.556 8.65437 13.6703 16.5294 18.9945 3.9558 15.3661 4.82775 11.8172 2.43706 17.5939 11.0187 19.9226 11.9483 14.9545 8.56793 3.24766 9.66268 19.5993 8.53784 13.2656 4.73938 15.6056 4.56711 13.9788 3.63011 4.42214 10.0065 16.5257 4.71903 18.1916 1.5336 3.84702 12.5079 18.4064 14.7295 10.8813 6.28036 18.6537 17.0854 6.48437 14.0583 3.04183 9.90014 16.8707 4.15605 13.7127 13.664 14.3425 7.49405 12.459 16.4274 9.28738 15.1117 10.1299 14.348 10.1463 14.6293 5.22516 5.53999 8.96485 19.416 15.6486 4.21471 13.2784 6.75171 14.598 14.3535 14.577 11.1477 8.23099 19.1768 18.5796 7.93874 6.13426 16.102 17.0999 20.5007 1.97591 16.7272 14.539 14.6549 16.6959 8.41619 12.0876 16.6668 6.88368 15.6883 4.07635 13.6575 7.47512 3.15459 15.6397 12.7111 6.00262 9.97369 0.514011 14.7805 15.804 6.45598 13.602 13.8119 15.5656 5.52978 18.1409 5.49384 13.0483 1.98733 10.5355 10.1663 15.2881 2.25833 7.30358 6.72417 6.5082 7.56305 14.3333 17.4118 15.8827 10.3624 21.0749 9.21211 14.9342 18.3517 5.90084 13.6499 17.4828 17.277 12.1148 14.9613 18.2397 5.09119 17.9227 2.71281 18.0862 8.15602 12.5446 1.34874 12.077 13.659 
10.9984 8.12201 10.5946 8.4691 14.2409 16.4525 9.64999 14.7356 0 12.0291 9.52521 4.74017 2.33423 7.53457 3.3356 11.1986 11.8302 17.2905 2.74046 10.0742 15.968 3.83069 9.67151 6.34973 16.5256 14.7838 8.00426 15.7681 12.6733 18.4275 14.6261 3.19305 15.7245 18.019 2.96375 8.87367 6.7188 6.80508 9.8613 17.3733 16.0126 14.6215 12.3147 3.15636 9.35277 5.61727 19.7302 15.2107 10.7346 10.8436 12.2859 14.2723 7.57866 12.7269 14.0015 9.25652 7.36728 5.22599 5.33478 14.7775 8.0439 5.75431 6.59038 9.10433 3.84582 14.1414 15.4766 6.32074 13.1538 10.0371 15.5606 15.6199 18.4531 13.4996 3.79494 1.50817 8.2185 13.3912 13.1745 11.0417 9.4123 15.3308 16.1578 9.30583 14.8933 14.4925 11.6692 12.2954 6.20267 8.73363 12.4478 6.54089 13.2712 12.3199 2.62399 3.76976 17.3662 9.60182 14.922 5.08547 2.35341 14.6774 18.9303 14.3334 6.64043 3.4231 14.3935 17.2726 1.07828 14.0686 8.54381 14.2123 11.1295 5.45711 6.11732 14.756 17.4132 4.62756 14.1084 15.1298 12.0279 9.60188 14.2096 5.07055 14.8738 9.00035 11.389 14.3439 0.549569 3.19287 6.94441 9.94027 15.0434 13.02 9.60135 10.3249 3.84507 2.42851 12.4932 14.1207 15.9696 0.409311 19.654 6.62142 15.2674 9.49446 8.49064 10.5249 12.3505 11.0455 1.43055 13.2587 15.0373 9.7571 6.54615 9.02545 18.766 14.3035 11.9093 1.26482 9.90195 21.2298 0.994117 5.44959 11.3346 8.78218 13.3944 8.37793 13.3796 15.1752 4.56983 1.28482 12.8167 8.27628 17.1868 10.338 7.40794 7.26659 13.0917 5.91522 15.127 13.7137 7.18964 6.44371 9.24992 10.5384 18.0635 2.86187 7.83458 4.41485 18.4401 4.89762 12.4195 3.87361 12.0299 6.61604 8.54617 12.4425 15.4408 13.4535 5.69608 
14.8403 9.64648 4.76976 4.42418 4.18309 4.428 9.42712 5.14327 12.0291 0 11.3788 10.8398 9.89329 6.04988 9.05298 14.6527 2.83339 8.95942 14.7065 14.0996 5.22421 15.5634 5.50063 10.214 7.7733 7.20138 5.29452 3.80306 0.696755 6.86828 13.7324 12.2087 5.05196 9.69018 11.148 10.1855 11.087 12.9818 3.88004 6.03739 3.98609 5.63149 11.4093 9.62646 4.38133 12.2274 10.1752 3.19131 4.23882 6.59266 13.4552 12.3126 10.0139 8.83037 6.41333 10.0873 5.74786 9.07283 6.86114 4.13471 4.79732 14.5994 7.73433 8.70913 14.8088 13.8544 8.62691 10.9312 8.21883 6.73401 4.29112 12.5157 7.90029 14.8255 10.418 11.77 8.96733 2.03457 4.75294 14.703 9.66237 8.47623 9.50332 10.6785 8.88661 8.99135 5.62442 0.721516 6.13744 11.7224 7.66279 13.9614 4.72217 6.64903 9.45785 15.7913 10.1926 5.84757 3.16884 16.7308 14.3108 3.05418 10.1325 2.80704 5.84646 14.8903 2.43618 9.33083 11.0618 9.28847 7.84954 7.53953 11.3545 6.96232 10.7102 5.62328 9.88784 8.07639 9.56583 3.11327 0.421832 4.01027 14.2796 11.5088 2.90622 8.32432 1.61338 9.55785 11.5389 12.9619 11.0986 3.26552 14.0355 13.4647 3.1343 1.7152 12.3093 14.1249 15.5089 3.33588 11.7279 11.7266 10.8269 12.2826 4.56114 7.06171 11.9092 1.95358 10.5477 5.41163 10.6992 2.81046 7.79585 10.6613 8.22508 3.48243 7.53928 5.0929 9.64065 12.8374 2.14626 10.8289 11.0357 11.3322 7.69826 13.4493 8.94714 8.18381 5.62144 6.10085 7.87783 12.1936 3.11503 3.75818 5.24435 1.82359 4.83438 9.6785 12.2735 11.5619 5.94367 16.0135 9.0624 10.4577 13.603 1.49153 9.52706 14.4261 12.6752 8.36075 10.6663 14.4874 8.00872 15.7285 3.77692 13.8234 8.69773 7.4254 4.85136 7.06776 9.34458 
3.46933 14.9399 13.7066 7.31248 10.3953 14.8501 15.9485 16.3015 9.52521 11.3788 0 12.9264 7.91378 5.85138 7.26609 3.27567 13.2824 10.7007 10.5252 2.825 16.6027 12.8095 5.90548 13.8774 10.5197 17.7749 6.47799 14.6319 11.625 14.7736 5.10857 12.3518 16.4268 11.2173 11.5971 1.23809 2.83921 3.86596 12.393 13.6264 14.2584 16.6228 3.05387 6.87058 7.01841 14.3353 13.4885 13.8875 7.34793 15.0974 2.90128 4.98178 14.7327 5.10213 16.8872 1.29623 6.36561 4.83133 9.48001 15.4882 7.11661 6.54163 12.3524 2.6754 13.3035 4.61948 19.0225 3.21788 17.5566 4.82779 15.6406 6.49741 13.4684 4.29818 11.8319 8.07074 14.6108 13.4101 8.71104 3.32557 15.909 8.39357 19.8946 0.700379 18.9044 6.99991 15.0459 12.0508 7.25817 1.02633 16.8035 5.08631 15.3971 16.1059 8.1872 11.5508 9.94271 5.56095 12.5806 13.9695 10.2773 12.2224 12.252 14.1553 7.07012 12.7116 13.4944 10.403 9.53966 6.29507 14.1596 7.69727 1.75038 10.0132 3.40808 9.8452 10.2113 10.4051 6.16143 13.4575 11.0635 7.3784 4.72043 4.59824 13.8656 3.05554 9.83034 6.4481 9.08746 12.6043 14.8329 8.12428 5.52382 3.52652 8.36642 10.1674 6.15536 9.59704 4.24259 14.6815 7.2516 9.14366 12.8386 3.4789 11.5078 4.36566 1.39971 9.47121 3.53155 14.4784 8.51865 10.3675 18.2819 0.871449 4.24145 10.9326 14.5204 16.112 3.65799 9.06301 9.85972 15.5013 9.07543 4.16971 16.1132 2.70743 18.1255 3.26057 16.0542 10.0029 9.98517 8.46129 14.0569 9.44206 14.6938 9.79981 9.99326 2.60132 3.65699 3.78432 10.0681 5.04801 13.8479 3.09591 2.59726 10.4011 11.4045 9.50077 2.65329 6.4318 11.141 7.23122 16.9926 12.6492 14.0614 4.86985 14.7001 5.89025 16.2167 7.1953 4.19804 
15.1031 3.59163 7.67049 8.89152 14.188 14.94 5.18257 11.8868 4.74017 10.8398 12.9264 0 5.12139 8.81302 5.66039 15.2281 9.5496 18.19 6.81839 14.1471 13.4184 6.08603 10.8314 1.71106 17.2056 11.2529 8.89347 14.117 11.5365 17.7004 17.79 2.11938 13.1717 18.9621 1.77966 11.9738 10.4077 11.0654 7.4955 16.8105 14.6347 11.575 15.2514 6.1113 9.95705 1.56318 20.22 13.7353 11.3224 7.219 15.8238 17.0939 2.96335 14.7448 10.6056 12.2703 8.38818 8.10179 4.55867 12.3467 8.58191 10.4463 3.29277 11.6339 4.7417 17.4377 11.643 9.9988 9.15476 11.697 13.3344 18.2066 18.3969 17.1778 1.10787 5.98437 3.88791 11.5459 13.6305 15.1078 4.88801 16.6343 12.1996 12.5136 10.9131 16.1873 8.36829 10.8246 6.90774 12.3608 8.54254 11.0583 10.3532 8.70403 4.75921 7.38553 18.7141 10.9168 14.0031 6.90224 6.53736 13.8567 19.7255 12.4205 7.36833 5.25328 12.8371 18.3238 3.96241 15.9622 4.60809 15.4614 14.2622 4.18877 9.73278 15.1366 18.6327 3.14138 16.0869 13.842 11.0049 10.0418 17.6092 9.09886 13.2928 11.3906 10.8537 16.2667 4.77623 2.8403 2.20722 10.0329 18.2065 16.4252 9.52552 9.37966 8.28122 6.93508 16.5125 11.8663 18.2241 4.86802 20.4676 10.7121 14.9986 11.3316 12.2106 9.99942 15.0094 7.83477 4.81839 12.9283 11.3689 12.8921 8.99803 7.36309 18.3019 11.3931 14.3527 5.98449 9.04758 21.3264 4.43403 9.37172 7.36468 12.8878 9.2386 10.763 10.1679 15.6187 3.52909 5.95431 10.4414 7.44187 16.0226 9.59872 6.13379 10.3607 16.141 9.86565 15.5219 17.6434 2.91328 9.92755 13.3252 9.50843 18.9249 7.39755 11.872 6.5668 19.6251 9.62728 8.41847 6.4283 9.38777 11.097 4.29013 14.0238 12.8877 14.7059 8.72983 
9.98586 7.82569 9.08465 6.15547 11.9212 14.3197 9.18148 13.0445 2.33423 9.89329 7.91378 5.12139 0 5.20535 1.00424 10.1068 10.0094 14.9804 4.8403 9.02878 14.1373 6.16037 7.34992 6.35565 14.1999 13.4147 5.67082 13.6751 10.5138 16.1499 12.9153 4.47463 13.8994 15.7145 3.68393 7.07332 5.29781 6.01615 8.16278 15.0824 13.8561 13.0174 10.4731 1.0504 7.02178 6.44735 17.4009 13.0846 8.4008 9.67394 10.7874 12.3952 7.43062 10.5676 12.5816 7.41646 5.03344 3.21084 3.58285 12.9281 5.7267 5.95375 5.68442 7.05166 6.0041 12.5011 14.2713 4.88725 12.1256 7.77581 13.629 13.6584 16.1244 12.1074 4.01363 1.92236 7.72231 11.3891 10.8403 9.98784 9.0219 13.0563 15.0219 7.57221 13.8018 12.2763 10.2843 10.2193 3.91049 7.27716 11.3797 6.19882 11.6484 11.077 0.56537 5.96063 15.1066 7.29199 12.6933 7.41312 4.44625 12.4359 16.616 12.3311 4.33192 5.70268 12.2977 14.9763 1.77384 11.891 7.72927 11.9256 9.37485 3.88392 4.62755 12.4218 15.1364 3.46133 11.951 12.9651 9.85731 7.27657 12.6314 4.00997 12.7765 6.89801 9.14387 12.175 1.78721 4.83538 7.20034 7.63762 13.3346 11.4386 7.32212 8.17844 3.50102 4.23263 11.3912 12.2264 13.8996 1.95534 17.3424 5.6131 12.9588 7.2579 7.10783 8.2935 10.3901 9.64556 0.904383 10.967 13.7401 7.98815 4.4047 7.13056 16.461 12.6485 9.86568 2.94548 7.74868 18.8958 1.43487 4.25826 10.3577 7.77671 12.4781 6.26178 11.8867 12.8413 3.20307 2.30966 10.9969 6.18651 14.9793 8.149 5.51328 5.43339 11.3113 4.75137 12.7928 12.5283 6.76111 4.85162 8.20891 8.40444 15.7524 4.54931 6.75645 2.10731 16.1624 5.38944 11.4189 6.20725 10.3361 6.19707 7.96014 10.1913 13.6211 11.1633 3.78535 
9.16453 9.81627 7.86054 1.63191 6.89924 10.172 10.5545 10.6184 7.53457 6.04988 5.85138 8.81302 5.20535 0 4.20119 9.05374 7.52095 9.79814 9.8353 8.32948 11.1435 11.3645 2.15926 9.21355 8.99535 11.9444 0.755858 9.72353 6.48219 11.3156 9.67557 9.14215 10.943 10.5422 8.1148 4.61509 5.04791 6.93193 6.54269 10.1951 9.62711 10.8766 7.06358 4.47192 2.00297 10.3718 12.1959 9.02474 3.26407 9.30984 8.45539 8.66598 9.77491 5.9543 11.0548 4.67389 0.544508 3.16937 4.43231 9.96712 1.31808 8.66951 7.16606 3.47706 11.1361 9.51793 13.1749 4.88158 11.7357 2.88594 10.3109 9.57105 11.0079 9.9071 7.88385 6.71181 9.35818 7.9893 5.67168 9.0583 10.5828 7.97061 14.0451 5.1875 13.0549 7.38909 9.19745 6.62794 1.93099 5.93724 10.9895 7.92888 9.60772 10.2636 5.03508 10.9906 10.048 2.15495 8.17671 12.618 9.458 7.86392 11.4247 8.84135 1.52128 10.8974 8.41941 9.82351 6.88523 7.14959 8.69885 6.8128 6.4502 4.93596 4.6612 7.24678 10.0316 5.74176 7.27927 8.74034 5.83514 2.34615 9.82393 5.5384 8.8593 3.1122 4.75667 7.45456 6.98526 9.70265 10.2365 2.95497 10.066 8.75907 2.92487 4.55634 6.55917 9.06733 10.0927 9.16645 9.45087 7.14442 12.1552 6.23301 7.99895 2.57786 6.05681 4.10912 6.55919 8.63685 6.10884 6.15996 12.4416 5.34138 2.17524 5.08166 11.4868 10.3826 5.77272 7.91315 4.18659 13.7233 6.62704 5.3206 10.3639 7.52377 12.3258 2.65469 10.2261 7.65222 5.32114 7.19204 8.36004 3.59137 10.4884 4.27299 4.26891 3.71552 8.00818 5.52153 7.61149 10.8528 8.78483 4.41085 7.73576 4.80642 10.5671 9.25819 6.68204 3.13289 11.0511 8.68832 11.1962 11.3994 8.25225 7.78441 9.35692 5.23044 10.7059 6.04589 3.33153 
9.60479 7.99871 8.63098 5.1874 10.9416 13.4687 9.24787 12.454 3.3356 9.05298 7.26609 5.66039 1.00424 4.20119 0 9.68634 9.3662 13.9784 5.77115 8.64679 13.464 7.16387 6.34617 6.70094 13.1957 12.9931 4.67554 12.8502 9.65513 15.2021 12.1765 5.30374 13.2302 14.7137 4.4162 6.3374 4.82133 5.8418 7.61374 14.1254 12.9912 12.4746 9.68429 0.716631 6.03093 7.08561 16.3969 12.2405 7.40375 9.39392 10.1636 11.5804 7.67773 9.6264 12.1397 6.65434 4.03714 2.44884 3.16258 12.2496 4.75548 6.22524 5.64789 6.17812 6.98796 11.7975 13.9267 4.4226 11.8865 6.79338 12.9003 12.8005 15.1345 11.5239 4.56695 2.72449 7.80936 10.6278 9.84133 9.5871 9.12633 12.0651 14.7067 6.86505 13.5168 11.308 9.88324 9.41699 2.97848 6.72203 11.1287 6.22714 11.105 10.7411 0.970814 6.90727 14.12 6.29109 11.7828 8.417 5.38078 11.5169 15.6131 11.5655 3.37633 6.70441 11.4748 13.9778 2.73523 10.9395 7.66646 10.9307 8.63693 3.56899 4.1432 11.4224 14.1439 3.44826 11.0082 12.0966 8.99342 6.29346 11.9565 3.81933 11.9512 5.99873 8.2285 11.2269 2.7871 5.73316 7.61558 6.6778 12.5949 10.7697 6.38418 7.33944 3.72723 5.10374 10.9509 11.5253 12.9924 2.95078 16.34 5.34618 11.9888 6.28775 6.59509 7.39123 9.54367 9.24454 1.90778 10.0124 13.3531 7.2569 3.50862 6.47441 15.4927 12.0804 8.98103 3.85099 6.90749 17.8977 2.4332 3.97308 10.1648 7.43937 12.2898 5.35965 11.4118 11.8399 3.09776 3.16751 10.3468 5.40768 14.0799 7.27924 4.89115 4.71045 10.5475 4.44757 11.7926 12.0387 6.90803 4.29453 7.84455 7.57291 14.7501 5.38114 6.41042 1.11895 15.1694 5.80244 11.2008 7.20642 9.76393 6.19049 7.99983 9.21052 12.9563 10.1674 3.07096 
0.432941 17.6358 16.8662 10.5616 13.4588 18.0421 18.7684 19.5702 11.1986 14.6527 3.27567 15.2281 10.1068 9.05374 9.68634 0 16.5349 13.0519 11.4465 1.1297 19.8768 13.8827 9.16957 16.3846 13.0903 20.998 9.71201 17.8589 14.8892 17.7144 5.10994 14.2923 19.7017 13.4469 13.7063 4.49272 4.86681 4.43504 15.5684 16.5859 17.4478 19.8816 4.66721 9.14049 10.294 16.5084 15.8112 17.1127 10.5863 18.1798 2.48746 5.92292 17.3527 7.62351 20.1084 4.56544 9.54816 7.43492 12.3118 18.7638 10.3442 6.58297 15.137 5.94439 14.6957 4.37922 22.2215 5.26377 20.6663 8.04313 18.9085 7.46077 16.1751 2.79453 14.1204 9.69109 17.3772 16.6847 11.7621 0.23807 18.6925 10.7923 23.0873 3.97558 22.0667 9.29698 18.2094 15.3262 10.2885 3.16988 19.9067 5.13905 18.6426 19.2521 10.499 12.2851 11.9714 8.82367 15.7519 14.9059 11.2966 15.3915 14.4698 17.4243 10.1621 13.9764 16.7458 12.6602 11.4928 8.53836 17.0404 10.3272 3.79465 12.8317 5.5439 12.7466 12.3308 13.0538 8.32136 16.6663 14.3341 10.654 4.12086 6.18306 17.1083 6.32834 13.098 8.59563 10.8678 14.3899 17.2798 11.3998 5.41113 3.32725 11.6391 13.4361 7.39616 10.5624 1.29615 17.9572 8.62438 10.8721 14.9651 4.58528 14.5394 7.61873 3.16704 12.7469 5.58728 17.6269 10.5064 13.5458 21.4942 4.01721 7.23016 14.1147 17.3567 19.3739 6.14326 10.4182 13.1218 17.9153 11.0017 5.86882 19.1575 2.41939 21.2085 6.52205 19.2791 12.8365 12.6569 9.97122 17.3223 12.6268 17.8029 13.0726 13.073 5.49492 4.57762 5.37591 12.924 2.53617 16.5387 5.43677 1.94884 13.6715 13.6814 10.3299 3.38108 9.07184 13.1437 7.53062 20.0759 13.6369 17.2976 4.96862 17.511 8.71413 19.4921 9.95986 6.80935 
16.6675 7.57603 2.25073 5.97332 6.97308 5.56866 7.03538 3.15152 11.8302 2.83339 13.2824 9.5496 10.0094 7.52095 9.3662 16.5349 0 11.7646 14.5706 15.8474 4.14048 14.9824 7.67 8.55162 10.5718 4.59327 6.82941 4.69175 3.2728 8.88043 16.2054 11.2624 3.8988 12.4842 10.2845 12.0491 12.4569 14.223 2.0696 8.27683 5.39164 3.35571 13.7663 10.0402 6.37557 10.7375 12.8094 4.47594 6.69244 3.93854 15.6331 14.854 8.06463 11.4205 3.74017 12.031 7.07305 10.0953 6.50729 2.9481 6.20801 15.421 6.26002 10.6934 13.985 16.2567 5.96357 12.2234 5.38571 8.98379 3.81553 15.1832 10.3757 17.0504 9.40385 11.93 6.88411 2.15701 7.5705 16.5531 7.32118 11.2995 6.85107 12.593 6.11992 11.7519 2.82712 2.24482 6.85614 13.4522 4.84288 15.0404 2.12821 3.8208 9.48841 15.5612 13.025 8.00183 5.39234 16.0516 14.1825 5.42266 12.8767 2.91874 6.75005 14.2297 3.58952 12.1505 10.7755 11.9991 5.72824 10.3373 13.5352 6.38433 11.9669 8.4425 12.7159 7.35131 12.2655 4.77042 3.24724 6.06488 16.6534 12.4982 3.97457 10.3004 4.22608 12.2793 11.4139 12.0488 9.29436 5.36772 16.5334 15.7494 4.99167 3.18702 12.9788 14.1421 17.5092 2.34193 14.4689 11.602 13.5534 13.5496 7.19839 9.18113 13.5778 4.08158 12.9743 2.72053 10.6731 5.62543 5.15593 12.6601 9.58248 2.89178 9.74161 2.868 12.067 12.8384 3.43728 13.2354 10.8763 12.4141 4.98285 15.03 6.11491 10.0218 2.90924 8.91326 7.30197 12.2868 0.989102 4.15206 6.8762 3.6135 4.49646 11.2273 14.6699 12.7326 8.75259 18.1471 7.23737 11.7966 15.2547 2.98794 12.3082 14.5067 14.1508 8.9795 13.4793 15.1282 5.19666 15.2139 0.948985 14.9347 6.54154 10.0586 3.61728 9.8282 10.5112 
13.436 18.0667 13.6935 9.31275 4.79285 8.75643 18.1556 13.2412 17.2905 8.95942 10.7007 18.19 14.9804 9.79814 13.9784 13.0519 11.7646 0 19.3919 13.2161 12.3442 21.1165 7.63957 18.13 1.19974 15.7075 9.46526 9.233 8.49863 6.15275 9.15734 18.8522 12.3231 0.775363 17.7926 10.1853 12.5356 14.2687 12.6414 5.41523 8.29889 13.9115 8.38831 14.1563 8.25951 19.7383 2.78902 8.69493 6.87129 15.5288 10.7427 7.66226 18.2835 5.5987 15.0496 9.79567 10.0648 12.3293 13.6338 11.8379 9.65435 16.8165 15.6981 8.98966 20.9341 9.72053 17.1455 12.6876 17.1296 7.34088 11.1785 6.69307 3.72419 11.4971 17.4082 16.308 17.4372 10.1689 4.62439 13.2323 18.341 2.30718 17.9672 10.2418 17.5862 3.76111 14.5797 9.52233 11.4701 11.6382 16.6075 15.5281 13.3961 15.5827 14.833 20.5459 1.76712 7.68936 6.9807 22.3723 19.0376 6.75761 1.65311 10.1995 10.9901 20.6828 9.08612 0.583839 16.6825 4.51557 16.4176 3.17981 9.36287 14.0111 12.6576 3.34774 1.27031 15.0543 4.73233 8.10121 8.5676 8.14983 10.2161 13.9967 9.07987 8.8778 7.94785 4.46264 16.7416 19.4569 19.1262 8.20036 9.20712 10.1565 8.73798 9.52293 15.4684 18.5454 13.1677 11.2877 5.32094 16.8912 2.36416 13.6826 4.82915 7.94275 11.9998 8.6106 7.47388 14.3649 15.8783 6.14896 16.3149 9.85918 10.9465 11.716 5.28283 13.4122 7.06728 17.5182 9.67574 4.8634 16.4114 13.6027 16.6477 13.4042 17.8638 9.36141 14.3446 2.86061 14.6884 16.7922 11.8077 10.9675 7.56251 9.13641 12.2997 11.0904 8.66692 13.4896 3.01579 12.9088 17.2631 12.239 13.2406 9.53336 0.774653 18.6474 13.2415 12.8783 1.72707 17.2468 16.9597 21.1223 12.6869 15.3193 17.2495 5.09721 12.2924 3.89216 12.092 
11.1593 10.3874 13.3045 10.9541 16.6862 19.1343 11.9656 17.4663 2.74046 14.7065 10.5252 6.81839 4.8403 9.8353 5.77115 11.4465 14.5706 19.3919 0 10.3307 18.7084 2.45193 11.8949 8.52422 18.7181 17.4427 10.3934 18.4676 15.3381 20.9732 15.5734 4.80769 18.4648 20.0919 5.1239 10.1615 7.71774 7.07706 12.5981 19.8945 18.6811 17.339 13.5194 5.37046 11.7574 7.21812 21.9395 17.8953 13.0943 13.46 13.0073 15.481 9.77859 14.4631 16.678 10.5785 9.75596 7.06724 8.07298 17.5179 10.5206 5.0606 9.18446 10.7474 3.58485 14.999 18.0754 7.38285 15.6949 12.0538 18.2969 16.9406 20.8413 14.0357 6.0984 3.12374 10.5904 16.1156 15.505 11.251 11.6895 17.3146 18.725 10.4798 17.4489 16.3275 14.3457 14.9984 8.74175 9.58801 15.0118 6.34056 15.994 14.9499 5.24899 1.15791 19.2883 11.7741 17.5335 3.47959 0.39568 17.2752 21.044 17.0584 9.14745 2.73224 17.091 19.317 3.80338 15.8214 11.0566 16.2458 12.2483 8.19559 7.26834 17.0755 19.388 7.33412 15.8177 17.7928 14.6854 12.0394 14.9776 5.94945 17.5709 10.7285 13.9835 16.0741 3.1816 4.34355 8.90685 12.4475 15.9778 13.8283 12.1527 12.9949 4.37116 0.928262 12.693 16.8595 17.4785 2.99232 21.7508 7.16804 17.7481 11.4633 9.27305 13.1338 13.7394 13.7291 4.00746 15.7828 17.6716 10.9557 8.45114 11.7609 21.2523 17.0297 13.4482 1.9278 12.5677 23.5462 3.70726 6.38683 13.8718 9.0866 15.8826 10.1534 16.0767 17.4681 7.30078 2.64357 15.5571 10.9679 19.8185 12.9819 10.1407 8.70316 14.1822 6.74183 17.4354 13.9725 9.56422 7.66908 9.55913 13.2151 20.1662 1.12487 8.31379 6.72674 20.4109 4.0553 14.9555 2.19066 14.7637 6.4926 10.9539 14.3925 18.1809 15.5065 7.36764 
0.958777 16.624 16.0627 9.88938 13.2146 17.665 17.7899 18.9224 10.0742 14.0996 2.825 14.1471 9.02878 8.32948 8.64679 1.1297 15.8474 13.2161 10.3307 0 19.3136 12.7629 8.67674 15.334 13.1519 20.2534 9.02084 17.4299 14.3806 17.5681 5.87775 13.1772 19.1299 13.6654 12.6062 3.92998 3.85033 3.3055 14.7825 16.4252 17.0744 19.2022 4.94752 8.07979 9.71916 15.4099 15.9986 16.6871 10.1466 17.3176 3.14531 6.4702 16.3233 7.66838 19.3627 4.09894 8.79973 6.46148 11.358 18.1771 9.63943 5.51816 14.1566 5.45853 13.5667 5.17402 21.4458 4.23362 19.8171 7.64503 18.3809 8.04349 16.1733 3.79099 13.0402 8.56735 16.3852 16.1209 11.5267 0.969354 17.7028 10.9228 22.3039 3.49989 21.2557 9.45854 17.4061 14.7544 9.43067 2.39673 19.0544 4.04855 17.937 18.4324 9.43575 11.1845 12.2624 8.33643 15.4016 13.7955 10.1755 15.044 14.6977 16.8938 9.34028 12.8496 16.2696 12.8632 10.3842 8.71314 16.0866 10.346 3.85362 11.8708 4.51926 12.6206 12.5885 12.0438 8.52612 16.2667 13.8011 10.0894 4.98925 5.07609 16.6508 5.82232 12.5807 8.80899 9.74906 13.2663 16.2168 10.8343 6.21764 4.03568 11.0294 12.8015 6.26704 9.44232 2.41965 17.37 9.10635 9.75063 15.2327 3.46981 14.3221 7.16077 2.28907 12.1675 5.7659 16.8123 9.40393 13.1882 20.7351 3.67094 6.39074 13.3399 17.2799 18.7035 6.17562 9.28847 12.4668 18.0665 9.89232 4.77665 18.2713 1.29216 20.3411 5.91633 18.5398 12.7534 11.6544 8.84354 16.6664 11.8605 17.5186 12.4586 12.2257 4.66619 5.06648 4.28265 12.8274 3.66487 15.5281 4.45539 0.827767 13.0428 13.8809 9.21681 2.27753 8.08578 13.4516 6.44646 19.2106 12.5214 16.5788 3.87012 16.5323 8.61978 18.9108 9.90598 5.85017 
20.0627 10.8955 5.74976 9.51589 7.94864 3.81231 9.91727 1.75791 15.968 5.22421 16.6027 13.4184 14.1373 11.1435 13.464 19.8768 4.14048 12.3442 18.7084 19.3136 0 19.0547 10.7203 12.213 11.1826 4.09765 10.4001 3.13962 5.04895 7.50177 18.7237 15.2536 0.247681 12.9295 14.3166 15.4063 16.1865 18.0348 6.1367 7.44977 4.12404 2.41095 16.5167 14.1235 9.59592 14.4537 12.4757 3.65428 9.39718 6.6832 18.6367 17.2401 11.4901 13.7506 3.9089 15.3115 10.7726 13.9861 10.6478 1.21579 9.8399 19.4219 10.1452 13.9333 17.9918 18.9099 5.33827 15.9969 6.54814 11.9305 1.17369 17.2278 9.77814 19.9838 13.3985 16.0593 10.2384 3.19361 9.23705 19.9264 10.2686 12.6522 6.00376 15.9024 6.08824 13.5262 5.31953 4.55927 10.8178 16.9296 6.47257 18.9368 3.16845 5.60342 13.6218 19.6909 13.9311 11.0673 5.39885 20.0914 18.3209 5.67268 12.9971 2.51126 10.6414 18.2855 3.46072 12.8526 14.9104 13.9689 9.13847 11.9655 16.5432 10.5164 15.7584 9.43629 13.5151 11.4552 14.2664 4.252 5.55327 9.22899 19.3543 16.4214 3.32032 13.5485 6.79893 14.2015 15.5542 16.0426 12.8039 8.4829 18.9969 18.6004 8.29639 6.58861 17.0169 18.2822 20.7261 1.98582 16.2555 15.7423 13.5465 17.3442 7.54396 12.2807 17.1052 7.14614 15.6136 5.70528 14.812 7.01826 4.62003 15.8837 13.2987 7.0069 8.59672 2.25716 14.7174 16.9783 6.97359 12.207 15.0164 16.296 7.28281 18.6287 7.19106 13.3977 3.7432 9.78994 11.4271 16.4221 3.15214 8.12485 5.3266 6.88333 8.62573 14.8342 17.3462 16.5737 9.61594 21.2017 10.8298 15.5408 18.7996 6.33765 12.6748 18.6451 17.8208 13.0035 14.0368 19.1829 6.84233 19.3005 4.04618 18.8155 9.83426 12.3177 0.534285 11.6809 14.3387 
