20
2.37877 8.92372 1.83315 0
4.96278 15.2636 1.21823 0
8.7772 10.9015 0.776509 0
5.50427 23.6184 2.12442 0
7.97887 13.3542 1.12309 1
8.71962 12.9313 2.19018 1
12.1417 20.0569 1.86225 0
18.6667 18.733 1.01432 0
0.971821 20.9794 1.21581 0
9.09482 10.5664 1.10664 1
1.50163 13.2934 0.729224 0
15.1558 17.569 1.52515 0
7.89419 17.7369 0.769609 0
2.47185 11.3338 1.38849 0
2.43441 18.4169 0.388212 0
11.0625 14.3069 1.00725 0
12.0613 23.2131 13.6102 0
11.4821 13.4727 1.5696 1
5.98235 23.2535 0.650797 1
1.9425 3.94708 1.57447 0
400 50 500
0.025 0.0125 10000 3000 15 1e+06 300000 2 2
0 2.45817 3.69233 7.08721 11.5256 11.864 6.63777 16.0489 12.714 7.99688 3.52195 3.10439 11.1854 10.6129 9.043 7.42728 13.7888 3.36745 10.5905 7.05989 8.76096 
2.45817 0 3.42855 7.10967 13.9828 14.2445 8.98591 17.4851 14.8537 7.39495 3.36401 4.54158 13.6421 13.0169 10.2487 8.61693 15.2397 3.29008 11.9468 8.1148 10.347 
3.69233 3.42855 0 3.69578 13.4644 14.584 9.64066 14.4442 12.8482 4.31368 0.196466 6.78428 13.1127 13.2608 12.7315 5.59044 12.2409 0.360441 8.93266 5.00722 7.62853 
7.08721 7.10967 3.69578 0 14.3194 16.213 11.8622 11.7474 11.9356 1.98511 3.79225 10.1622 13.9797 14.8737 16.0228 3.81788 9.70665 3.9026 6.58656 3.19938 6.10466 
11.5256 13.9828 13.4644 14.3194 0 3.58856 5.90476 13.5496 6.45522 16.2303 13.2828 11.0151 0.351744 3.04584 11.8198 11.0481 12.0749 13.1441 11.1169 11.4581 9.53201 
11.864 14.2445 14.584 16.213 3.58856 0 5.26768 17.0499 10.019 17.9864 14.3896 10.4113 3.67225 1.34171 9.41082 13.428 15.4611 14.233 14.1277 13.7169 12.3192 
6.63777 8.98591 9.64066 11.8622 5.90476 5.26768 0 16.0238 10.1144 13.433 9.4442 5.26788 5.63658 4.09566 6.64263 9.89 14 9.28121 11.6907 9.97498 9.60874 
16.0489 17.4851 14.4442 11.7474 13.5496 17.0499 16.0238 0 7.15943 13.2269 14.4122 18.1569 13.4027 16.1215 22.486 8.88718 2.26027 14.4167 5.53996 9.44079 7.29989 
12.714 14.8537 12.8482 11.9356 6.45522 10.019 10.1144 7.15943 0 13.896 12.7242 13.7589 6.34676 9.22357 16.7536 8.11781 5.99509 12.646 6.332 8.74211 5.85346 
7.99688 7.39495 4.31368 1.98511 16.2303 17.9864 13.433 13.2269 13.896 0 4.47682 11.0958 15.8876 16.6447 17.0399 5.78279 11.3047 4.62959 8.33955 5.17588 8.05003 
3.52195 3.36401 0.196466 3.79225 13.2828 14.3896 9.4442 14.4122 12.7242 4.47682 0 6.61899 12.9311 13.0669 12.564 5.54393 12.2018 0.1654 8.8919 4.97157 7.55052 
3.10439 4.54158 6.78428 10.1622 11.0151 10.4113 5.26788 18.1569 13.7589 11.0958 6.61899 0 10.7123 9.33152 5.9494 10.0105 15.924 6.46702 12.9086 9.75307 10.9077 
11.1854 13.6421 13.1127 13.9797 0.351744 3.67225 5.63658 13.4027 6.34676 15.8876 12.9311 10.7123 0 3.00273 11.6482 10.7273 11.8869 12.7924 10.8549 11.1311 9.24087 
10.6129 13.0169 13.2608 14.8737 3.04584 1.34171 4.09566 16.1215 9.22357 16.6447 13.0669 9.33152 3.00273 0 9.00886 12.1272 14.4413 12.9112 12.9479 12.4025 11.091 
9.043 10.2487 12.7315 16.0228 11.8198 9.41082 6.64263 22.486 16.7536 17.0399 12.564 5.9494 11.6482 9.00886 0 15.2981 20.3758 12.4103 17.7419 15.1719 15.6417 
7.42728 8.61693 5.59044 3.81788 11.0481 13.428 9.89 8.88718 8.11781 5.78279 5.54393 10.0105 10.7273 12.1272 15.2981 0 6.66217 5.53919 3.35207 0.650146 2.30194 
13.7888 15.2397 12.2409 9.70665 12.0749 15.4611 14 2.26027 5.99509 11.3047 12.2018 15.924 11.8869 14.4413 20.3758 6.66217 0 12.2005 3.31038 7.23386 5.04448 
3.36745 3.29008 0.360441 3.9026 13.1441 14.233 9.28121 14.4167 12.646 4.62959 0.1654 6.46702 12.7924 12.9112 12.4103 5.53919 12.2005 0 8.89013 4.97683 7.51646 
10.5905 11.9468 8.93266 6.58656 11.1169 14.1277 11.6907 5.53996 6.332 8.33955 8.8919 12.9086 10.8549 12.9479 17.7419 3.35207 3.31038 8.89013 0 3.92728 2.10426 
7.05989 8.1148 5.00722 3.19938 11.4581 13.7169 9.97498 9.44079 8.74211 5.17588 4.97157 9.75307 11.1311 12.4025 15.1719 0.650146 7.23386 4.97683 3.92728 0 2.94708 
8.76096 10.347 7.62853 6.10466 9.53201 12.3192 9.60874 7.29989 5.85346 8.05003 7.55052 10.9077 9.24087 11.091 15.6417 2.30194 5.04448 7.51646 2.10426 2.94708 0 
