100
11.3071 17.1905 1.43502 1
6.72862 15.5093 1.59082 0
9.86866 16.869 0.256663 0
10.6958 18.6886 0.298935 1
14.9098 23.6591 1.37958 0
5.23658 19.7162 1.69949 0
14.8047 18.9683 2.25652 0
8.04557 18.3153 0.916411 0
10.7003 14.4863 1.39509 0
5.01204 6.02173 1.87214 0
17.8859 22.1861 0.252616 1
3.00374 16.5275 1.15435 0
8.29964 23.3739 1.80682 0
12.0004 17.061 1.53004 0
15.0371 19.9813 1.93645 0
10.6848 20.8049 0.704001 0
5.32742 14.8648 2.12654 1
8.22863 8.32693 17.9603 0
18.9021 21.568 0.56886 0
6.76749 22.1554 1.10057 0
16.8447 22.5462 1.20916 0
15.4753 15.5788 1.58581 0
10.3399 20.5553 0.593845 1
6.20722 9.51255 0.634107 1
10.0551 11.0338 1.74503 0
13.3487 22.7704 1.6917 0
1.30745 13.6559 1.80301 0
6.75182 17.8298 1.54924 1
15.6412 19.3376 0.569392 0
16.1556 23.2181 0.378586 0
9.47533 15.3337 0.800965 0
3.13258 9.99975 2.05643 0
2.91311 11.038 5.77502 0
16.6897 20.808 0.710754 0
2.18283 18.66 0.590663 0
13.4135 20.8976 1.14684 0
10.5474 17.3189 1.18075 0
14.6178 16.6616 2.19146 1
11.8798 16.8825 0.233098 0
14.3755 20.693 0.581523 0
2.12637 8.26364 2.06203 0
1.37276 8.28902 1.0685 0
14.128 21.349 1.84375 0
13.5175 16.2169 0.53654 0
2.85724 13.3577 1.58045 0
17.2106 20.611 0.458965 1
4.96114 7.35556 0.724933 1
5.59653 7.87102 0.540381 1
9.78478 12.302 1.70978 1
9.732 11.7582 2.24936 0
17.0911 20.8042 0.657004 1
1.11379 9.49608 0.244165 0
10.8054 20.7155 0.993048 0
18.2762 21.4545 0.611542 0
11.8542 16.0993 1.21454 1
9.55835 16.6981 0.286774 0
12.1271 22.2641 2.13577 1
9.90606 18.4383 1.01439 0
2.58487 15.9754 1.6482 0
13.998 17.9391 27.8492 0
18.8269 21.6974 28.7729 0
10.6904 11.9829 3.09246 0
16.333 20.3617 1.80159 0
10.1418 17.2268 1.43678 0
3.4705 20.804 1.28428 0
7.91443 14.3066 1.87077 0
3.11292 11.6514 18.3847 0
1.5783 12.2478 0.310289 0
11.7743 14.5317 1.45591 1
2.00175 4.43674 1.87235 0
11.112 17.0183 0.490411 0
0.202822 15.7554 0.551849 1
11.2825 18.6656 0.558073 0
9.52508 10.4641 2.25106 0
9.53156 19.3332 1.60672 0
8.6803 23.9121 1.97673 0
14.0403 23.9763 0.420018 0
15.1337 22.9282 1.05141 1
1.03092 3.73142 1.85222 0
6.10105 20.7892 0.809398 1
4.45396 22.1035 1.95363 1
0.109826 16.7007 1.84836 0
13.77 13.9062 6.52178 0
5.36108 13.5773 0.677894 0
12.9162 22.5899 1.30428 0
6.18834 11.5955 9.28352 0
12.5515 13.8608 1.68495 0
2.64559 16.7519 0.538334 0
12.9142 13.0584 0.605188 0
18.2859 20.1096 1.8415 0
2.59378 18.0551 2.10405 0
13.7745 19.1691 2.03626 0
3.13523 6.72541 1.89858 0
18.0939 22.2152 2.08858 0
1.45952 7.54618 2.87914 1
8.61762 17.7285 2.25891 0
1.79994 21.4357 1.51513 0
13.6783 23.6777 2.97154 0
0.775239 17.791 1.52449 0
1.29854 13.0351 1.77137 0
400 50 500
0.025 0.0125 10000 3000 15 1e+06 300000 6 9
0 11.1991 9.13297 5.66477 9.2503 12.6516 6.30224 5.7502 4.93037 12.8375 10.7965 10.7953 9.16313 8.35743 15.6702 12.0163 14.6913 14.4887 14.2074 16.5335 12.8242 14.0322 7.2071 8.2359 5.82332 7.53052 10.0841 17.1879 15.656 9.91287 10.0779 6.60755 11.2037 12.6485 5.5071 9.85749 12.3523 7.64687 13.1568 10.1126 18.3757 10.9323 8.09212 8.10805 7.1903 7.88584 5.33727 6.33506 7.95506 5.31397 18.0461 11.8787 9.97538 6.33757 6.04875 12.9511 11.7268 9.32851 6.75212 6.24471 11.618 2.4941 14.6336 5.52102 1.60823 6.06244 8.26302 9.76682 9.29118 1.16013 9.07529 11.3447 3.26779 14.8733 13.4838 4.36038 9.92508 1.92303 3.05376 1.51256 13.788 12.125 5.10779 10.8035 2.27322 11.5374 7.63294 4.49588 11.5631 10.5706 15.6116 7.21575 16.5652 8.58381 7.92103 9.18894 9.31981 5.28268 10.0498 9.55513 15.4518 
11.1991 0 4.47201 7.85008 16.9596 12.4305 5.94829 13.1799 6.74905 14.0168 4.64565 19.5553 17.7745 6.718 11.7585 9.75547 7.74768 6.58461 12.9592 14.5719 15.8413 3.74235 6.23299 2.99639 8.40478 17.2839 9.74552 16.0652 9.00045 16.979 3.51819 9.67594 18.6509 1.46449 16.4941 3.69629 3.56095 14.2564 14.193 4.08972 15.7433 13.4438 9.43357 13.3948 12.2752 9.63258 14.4278 9.55475 15.3318 14.9715 14.7547 9.0467 14.5008 10.3391 10.5044 8.4389 7.24812 6.36737 6.05461 13.2867 14.2408 9.04551 10.5054 5.68813 12.7927 14.4663 4.98174 7.64525 18.2318 12.3136 10.9066 4.61134 14.4347 6.05397 7.8281 11.7766 3.32888 12.3681 12.9067 11.3006 4.13058 7.40742 13.436 9.25557 9.98314 12.7626 3.74727 13.6502 17.6221 13.4924 13.6214 6.04742 14.209 18.5073 6.99975 11.1671 6.08902 6.16221 4.90762 9.12879 10.281 
9.13297 4.47201 0 8.32924 12.896 8.12872 2.83175 9.37177 4.21972 9.61205 8.07843 15.6191 13.8771 8.67744 8.44879 5.66654 5.82732 5.3956 8.88444 10.7738 11.3716 8.20647 7.55511 3.13751 8.97484 13.7724 5.30877 12.1204 6.96591 12.7942 1.21433 10.4974 14.4671 5.63254 13.7262 6.75951 3.41481 14.4852 9.80682 7.26136 12.2078 8.9718 5.01709 9.13677 8.08619 5.24253 13.6436 10.2742 11.2979 11.6032 11.3969 5.04225 10.098 10.9512 6.46749 5.04875 3.63741 1.94394 2.46696 9.37188 9.76968 7.74941 7.17874 4.74886 10.6984 10.7556 6.94989 3.25564 14.401 10.0548 6.44716 2.21855 12.035 5.74497 5.01054 11.3435 1.25263 10.7848 9.88534 9.81425 4.89484 3.9585 9.83059 4.94472 8.83082 8.32073 4.54188 12.7728 13.2747 9.02495 9.77721 7.36317 10.5071 14.9967 8.71202 6.70701 1.66957 4.02737 7.93894 4.67032 7.44383 
5.66477 7.85008 8.32924 0 14.5162 15.0111 6.37329 10.6461 5.35812 15.8461 5.60727 16.3559 14.6591 2.74029 16.605 13.3252 14.0364 13.3159 16.2568 18.4437 16.6114 9.53535 1.90312 5.68403 0.645597 13.1812 11.9979 19.5159 15.2338 15.0139 8.64864 2.17491 16.4723 9.06303 10.9767 5.07385 10.4513 6.44876 16.1323 5.13768 20.0921 14.3297 10.4051 12.3845 11.2387 10.3631 6.78435 1.94496 13.0417 10.9107 19.4387 12.8858 14.1369 2.64664 9.50873 13.2989 11.8854 9.63055 7.02316 11.0399 15.1365 3.30063 15.37 3.68585 6.82549 11.3594 3.27551 10.6763 14.8562 6.74123 11.877 10.2699 8.61647 13.2375 13.3395 4.07551 8.39561 5.74668 8.58133 4.81173 11.5923 12.2386 10.2923 12.2531 3.4694 14.4279 4.29758 6.11109 16.4175 14.108 17.4416 2.01814 18.2974 14.2482 2.27629 12.085 9.46412 4.96245 4.80293 11.3068 15.7569 
9.2503 16.9596 12.896 14.5162 0 9.63348 11.058 3.97967 10.6582 8.39148 18.5966 2.85541 1.53764 16.9436 14.1632 11.2324 16.0068 16.6139 11.1675 13.0517 6.59789 20.579 15.6029 14.253 14.8314 3.62268 9.33028 12.7666 16.3497 1.03954 14.1068 15.8109 1.96162 18.3285 6.98795 17.3598 16.0941 16.3929 8.64938 17.7644 14.8249 6.58509 8.19552 3.97785 4.84097 7.89736 13.3875 15.5299 1.63136 4.32101 15.142 11.6672 4.29687 15.5837 6.46759 13.3328 12.9118 11.5742 10.9052 3.73217 6.58818 11.243 13.7817 12.5647 9.01312 3.19322 16.2342 10.8654 2.21566 8.57401 7.4001 14.4002 8.07734 17.5459 14.4232 13.4594 14.1377 10.4643 6.22172 10.6703 17.4929 13.2032 4.22708 10.4136 11.4553 7.97988 14.5588 12.8075 2.9613 6.11917 12.5305 15.5378 13.4022 4.14331 16.5915 7.2271 11.7842 11.3361 18.0023 9.44381 15.0561 
12.6516 12.4305 8.12872 15.0111 9.63348 0 8.73802 8.54131 9.65817 1.89758 16.1628 12.3594 11.1321 16.2335 4.57136 2.84839 7.60949 8.69792 1.6637 3.94136 4.36949 16.0347 14.9244 11.0964 15.6037 12.4722 3.04132 4.58238 7.47036 8.90221 8.91489 17.0843 10.2123 13.3102 14.4898 14.8214 9.77445 19.9781 1.93289 15.3231 5.82233 3.05517 4.70966 6.17415 6.22947 4.8429 17.9887 16.8093 8.67171 11.3588 5.76723 3.58772 5.34481 17.2936 6.64872 4.97877 5.49682 6.19216 8.12062 8.11113 3.27743 12.8682 4.45085 11.4611 13.6546 9.68608 14.6976 4.87935 11.8116 12.9155 3.58901 8.08055 14.0292 9.85863 6.15437 16.5453 9.11979 14.5652 11.1966 14.0102 10.7181 5.5362 9.50989 3.18857 13.7697 1.65461 12.2895 17.1406 8.14344 3.51439 3.12972 14.7595 4.09065 13.4292 16.1365 3.51103 6.46173 10.0676 15.9449 3.74851 5.77079 
6.30224 5.94829 2.83175 6.37329 11.058 8.73802 0 7.23332 1.42116 9.78741 8.0199 13.6124 11.8292 7.52827 10.3284 6.95655 8.49828 8.19877 9.90527 12.0721 10.9991 9.52108 6.19508 3.21483 6.99582 11.3903 5.69797 13.1776 9.55117 11.1505 3.8424 8.51797 12.8095 7.36775 11.0048 6.68078 6.13774 12.0793 10.0474 7.15046 13.7227 8.58286 4.39008 7.69612 6.5223 4.4538 10.9486 8.26005 9.42671 9.11964 13.097 6.54613 9.06891 8.841 4.67215 7.15931 5.79307 3.39128 0.651791 7.35584 9.41661 5.07619 9.13144 2.73259 7.86713 8.52154 6.11665 4.317 12.2835 7.22825 5.96812 5.04281 9.23041 8.57592 7.44761 8.79556 3.72935 7.98132 7.21801 7.03634 7.60648 6.17858 7.50317 5.88173 6.15234 8.37617 3.8644 10.0693 11.9906 8.48094 11.0692 6.03553 11.9248 12.6181 7.40641 6.212 3.28648 1.45532 7.60976 4.99353 9.68365 
5.7502 13.1799 9.37177 10.6461 3.97967 8.54131 7.23332 0 6.70969 8.06018 14.6198 6.3819 4.59627 13.001 12.601 9.14577 13.3739 13.7296 10.205 12.4339 7.40206 16.7268 11.6483 10.3791 11.0054 4.53411 7.02687 12.6684 13.9598 4.3708 10.5819 12.092 5.88968 14.5873 5.94863 13.391 12.7184 13.3091 8.37844 13.7905 14.3153 5.99992 5.32105 2.66823 2.31791 5.00284 10.6099 11.8047 2.41205 2.85071 14.3049 9.36638 4.44874 11.9453 2.98873 10.9101 10.1583 8.36426 7.16994 0.529806 6.4927 7.42932 11.902 8.5879 6.01062 1.42335 12.2555 7.97249 5.06127 5.38936 5.2534 11.1375 5.78171 14.5218 11.8509 10.1062 10.5727 7.32129 3.09725 7.25438 14.1721 10.5078 0.985267 8.07264 7.79309 7.04162 10.6043 9.88791 5.85059 5.54519 11.6705 11.5774 12.6285 5.72333 12.6633 5.20926 8.52619 7.38543 14.0227 6.86503 13.0449 
4.93037 6.74905 4.21972 5.35812 10.6582 9.65817 1.42116 6.70969 0 10.5108 7.99164 13.0551 11.2653 6.93745 11.6122 8.14012 9.91935 9.60634 10.9435 13.1722 11.4472 10.103 5.55252 3.78945 5.94566 10.5663 6.66093 14.1841 10.9673 10.8804 5.15006 7.43119 12.5011 8.20848 9.84586 6.71813 7.43241 10.7551 10.7916 7.14148 14.8779 9.09132 5.05738 7.66209 6.46743 5.0351 9.53332 7.15941 9.04003 8.23503 14.3125 7.79369 9.22885 7.67947 4.59875 8.51978 7.17504 4.75305 1.98997 6.92742 9.91494 3.67816 10.4424 2.06252 6.51584 7.87559 5.78828 5.55493 11.6611 5.90547 6.56335 6.43794 7.95619 9.94798 8.85302 7.42787 5.00477 6.5689 6.16576 5.6162 8.88111 7.56493 6.80359 7.00595 4.74757 9.09055 3.90091 8.65298 11.9289 8.91797 12.1786 5.42292 13.0645 11.7837 6.73222 6.78354 4.67215 0.678332 7.46182 5.98077 11.0501 
12.8375 14.0168 9.61205 15.8461 8.39148 1.89758 9.78741 8.06018 10.5108 0 17.5162 10.9794 9.92463 17.3116 6.2174 4.69045 9.50695 10.5887 2.93233 4.66302 2.51284 17.6801 15.9628 12.4301 16.4074 11.5334 4.31259 4.6181 9.34371 7.55096 10.5036 17.8389 8.70092 14.9778 13.9311 16.1634 11.5422 20.3697 0.322697 16.6609 6.4696 2.06317 5.4563 5.45597 5.8707 5.48297 18.1384 17.5558 7.67971 10.745 6.75366 5.41606 4.15113 17.9748 6.8087 6.86764 7.3007 7.6722 9.21589 7.5714 1.80417 13.4085 6.27495 12.4443 13.65 9.00818 15.8748 6.37455 10.6054 12.9322 3.97911 9.81102 13.7799 11.7445 8.0473 16.9505 10.6881 14.7065 10.9738 14.2758 12.5461 7.37309 9.04512 4.79705 14.2212 1.42045 13.5158 17.3217 6.53072 2.53374 4.1731 15.8103 5.015 12.3825 17.1691 3.78985 7.94966 11.0024 17.2357 4.98803 7.58626 
10.7965 4.64565 8.07843 5.60727 18.5966 16.1628 8.0199 14.6198 7.99164 17.5162 0 20.8467 19.0717 3.18489 16.1824 13.7383 12.3721 11.23 16.9614 18.7891 18.9659 4.28473 3.73047 5.0862 5.88299 18.002 13.2218 20.1836 13.6296 18.8642 7.57107 6.5894 20.471 5.06726 16.2906 1.35537 8.19343 11.1595 17.7408 0.86969 20.1066 16.5349 12.3272 15.6166 14.424 12.4318 12.2664 6.59437 16.995 15.6455 19.1853 13.0909 17.0773 7.34112 12.5474 12.7823 11.4708 9.9831 8.46459 14.8824 17.3666 8.30575 14.9085 6.03196 12.1827 15.6596 2.5336 11.2895 19.3949 11.948 13.907 9.00054 13.9768 10.6683 12.3204 9.5841 7.31448 11.2691 13.3371 10.2669 8.71128 11.7001 14.5619 13.0006 8.86085 16.1513 4.16483 11.6617 19.9032 16.4686 17.8049 3.66335 18.481 19.1587 3.6573 14.1601 9.72101 7.31861 0.807615 12.5322 14.8156 
10.7953 19.5553 15.6191 16.3559 2.85541 12.3594 13.6124 6.3819 13.0551 10.9794 20.8467 0 1.79011 18.9255 16.9184 14.0723 18.8621 19.4634 13.837 15.5956 8.91615 23.1073 17.6376 16.7585 16.5876 3.51136 12.1851 15.1439 19.1969 3.45726 16.8332 17.3881 2.48448 20.9535 7.03607 19.665 18.8714 17.2542 11.2106 20.0407 17.3045 9.3053 11.0216 6.83035 7.64138 10.7186 14.0794 17.1208 4.34397 5.48232 17.718 14.5179 7.02249 17.0581 9.15324 16.1855 15.7638 14.374 13.523 6.27793 9.20049 13.0569 16.5882 14.8446 10.1601 5.195 18.4061 13.704 1.50415 9.90096 10.2554 17.1993 8.8108 20.3858 17.2783 14.672 16.8488 11.6199 7.7805 12.0587 20.2861 16.0573 6.28868 13.2677 13.0675 10.7163 16.9248 13.647 4.72035 8.85789 15.1511 17.5956 15.9851 3.07331 18.535 10.0812 14.5756 13.7247 20.2046 12.2963 17.8729 
9.16313 17.7745 13.8771 14.6591 1.53764 11.1321 11.8292 4.59627 11.2653 9.92463 19.0717 1.79011 0 17.1979 15.6406 12.6225 17.314 17.857 12.683 14.5862 8.12077 21.3188 15.897 14.9698 14.914 2.43211 10.6619 14.3018 17.7115 2.49747 15.0914 15.7705 2.53966 19.1771 6.01309 17.8831 17.1578 15.9131 10.1846 18.2621 16.3622 8.09335 9.37644 5.28751 5.98327 9.06725 12.8023 15.4981 2.69132 3.89776 16.6725 13.0222 5.81258 15.4739 7.41028 14.6744 14.174 12.6862 11.7501 4.513 8.12069 11.3586 15.2187 13.0628 8.66191 3.41288 16.641 12.0745 0.681742 8.33425 8.72905 15.5064 7.47091 18.7489 15.7379 13.1756 15.1002 10.1297 6.11807 10.4854 18.5844 14.4819 4.50984 11.75 11.426 9.47751 15.1372 12.3006 4.27998 7.62158 14.0557 15.8503 14.9325 2.67987 16.8158 8.57535 12.8794 11.9352 18.436 10.7182 16.4794 
8.35743 6.718 8.67744 2.74029 16.9436 16.2335 7.52827 13.001 6.93745 17.3116 3.18489 18.9255 17.1979 0 17.1238 14.177 13.9108 12.9666 17.2948 19.345 18.3807 7.41735 1.39079 5.58479 2.83664 15.8325 13.1946 20.5758 15.1609 17.3626 8.61117 3.40533 18.8825 7.6199 13.7149 3.18503 9.92893 8.00314 17.5744 3.01498 20.858 16.0081 11.8802 14.4684 13.2865 11.9038 9.12828 3.41187 15.413 13.5285 20.0728 13.6301 16.1231 4.15643 11.4601 13.7113 12.309 10.3403 8.12235 13.3493 16.8363 5.91473 15.8506 4.90054 9.56353 13.8404 1.81554 11.5502 17.4345 9.45744 13.4363 10.223 11.356 12.6457 13.5118 6.47806 8.3399 8.47554 11.1898 7.55189 10.8012 12.6131 12.7526 13.2356 6.2029 15.8969 4.1361 8.56509 18.6404 15.8501 18.3391 1.51514 19.1224 16.9246 0.495983 13.6687 10.1205 6.36001 2.40345 12.4864 16.0149 
15.6702 11.7585 8.44879 16.605 14.1632 4.57136 10.3284 12.601 11.6122 6.2174 16.1824 16.9184 15.6406 17.1238 0 3.6629 4.6393 6.02023 3.32517 3.28567 8.70632 14.8435 15.9947 11.5536 17.2441 16.8161 5.72564 4.9545 3.8507 13.4629 8.64425 18.7769 14.7826 12.165 18.4594 14.956 8.35653 22.366 6.0949 15.4429 4.009 7.61568 7.7132 10.5156 10.3112 7.98009 20.8795 18.5322 13.1013 15.4508 3.00371 3.83522 9.89632 19.1483 10.1501 3.4249 4.81506 6.97759 9.6835 12.2408 7.8285 15.2325 1.27933 12.922 16.9303 13.8782 15.3775 6.06215 16.3158 16.1877 7.34824 7.18967 17.6378 7.16772 3.94999 19.0095 8.91058 17.5769 14.8663 16.8322 8.69958 4.52447 13.5148 4.87488 16.2604 6.20273 12.9878 20.0001 12.6916 8.06083 2.68873 15.8047 2.75927 17.8372 17.1596 7.39771 7.14135 11.7837 16.1914 6.14805 1.85503 
12.0163 9.75547 5.66654 13.3252 11.2324 2.84839 6.95655 9.14577 8.14012 4.69045 13.7383 14.0723 12.6225 14.177 3.6629 0 4.99405 5.94968 3.22846 5.16916 7.02875 13.2833 12.9453 8.77246 13.9511 13.5197 2.12902 6.45519 5.13835 10.6869 6.27777 15.4745 12.1823 10.5472 14.9048 12.4254 6.94355 18.8488 4.76919 12.927 6.76695 5.12769 4.06859 7.34872 6.92709 4.34746 17.2517 15.2163 9.97479 11.9752 6.17548 0.742657 7.18876 15.7866 6.53901 2.25915 2.65666 3.84209 6.30504 8.83539 5.6647 11.6859 2.76937 9.65355 13.2674 10.4863 12.5262 2.65473 13.2773 12.5248 3.9548 5.28538 13.996 7.08295 3.44576 15.4597 6.50637 13.9276 11.2455 13.2036 7.87033 2.68888 10.0168 1.2133 12.6906 3.86256 10.0938 16.3749 10.3275 5.45642 4.16264 12.7657 4.97799 14.6077 14.1451 4.0704 4.07637 8.39542 13.6033 2.48683 3.91051 
14.6913 7.74768 5.82732 14.0364 16.0068 7.60949 8.49828 13.3739 9.91935 9.50695 12.3721 18.8621 17.314 13.9108 4.6393 4.99405 0 1.39039 7.17158 7.8887 11.9501 10.4224 12.9981 8.44123 14.6783 17.8958 6.67932 9.54764 1.26084 15.5513 5.39733 16.1745 17.0982 7.85172 18.6702 11.287 4.18687 20.2957 9.51736 11.7368 8.55813 10.1206 8.06048 12.0406 11.3879 8.37938 19.4346 15.9708 14.6258 16.0554 7.42035 4.40818 12.1267 16.6805 10.4495 2.74121 3.22011 5.40668 7.96883 13.1723 10.6485 13.5431 3.66355 10.5555 16.1838 14.7868 12.0974 5.41627 17.9426 15.4887 8.60672 3.76747 17.3093 2.53018 1.58724 17.1701 5.6581 16.4531 14.8197 15.5304 4.15854 2.86641 14.1096 5.60365 14.6247 8.84301 9.91828 18.5583 15.3065 10.4379 7.14271 12.7993 7.38771 19.055 14.0536 8.78515 5.38213 9.82211 12.5369 6.6025 2.83549 
14.4887 6.58461 5.3956 13.3159 16.6139 8.69792 8.19877 13.7296 9.60634 10.5887 11.23 19.4634 17.857 12.9666 6.02023 5.94968 1.39039 0 8.41311 9.25221 12.9761 9.07651 12.1425 7.64425 13.9497 18.2633 7.37409 10.9048 2.51244 16.2312 4.70835 15.4154 17.8202 6.55798 18.7733 10.2082 3.06231 19.6725 10.6265 10.6389 9.94852 11.0133 8.49423 12.6363 11.8806 8.80897 19.0186 15.2277 15.1669 16.3114 8.80858 5.28341 12.9032 15.9609 10.7544 3.72123 3.70842 5.45773 7.74071 13.5776 11.6006 13.131 4.9979 9.97948 16.029 15.1524 11.1521 5.7916 18.465 15.3602 9.25508 3.1852 17.2671 1.18834 2.54553 16.6522 4.94456 16.1752 14.904 15.2097 2.79691 3.45131 14.3982 6.347 14.2103 9.80586 9.09454 18.1525 16.1294 11.2916 8.47968 11.9434 8.76025 19.4487 13.1455 9.45759 5.36321 9.4172 11.4496 7.1736 4.2258 
14.2074 12.9592 8.88444 16.2568 11.1675 1.6637 9.90527 10.205 10.9435 2.93233 16.9614 13.837 12.683 17.2948 3.32517 3.22846 7.17158 8.41311 0 2.3266 5.39061 16.4291 16.0266 11.9691 16.8657 14.0992 4.2951 3.28164 6.76717 10.3863 9.50026 18.3683 11.6075 13.6895 16.1535 15.6435 9.98852 21.4359 2.78194 16.1455 4.18922 4.59308 6.1648 7.81794 7.89295 6.3374 19.5392 18.0995 10.2788 13.0208 4.10649 3.91461 6.8715 18.6192 8.25137 4.84603 5.7501 7.01784 9.26558 9.77362 4.64401 14.2892 3.62035 12.6368 15.2567 11.343 15.6846 5.7543 13.3644 14.5148 5.19708 8.42342 15.6735 9.60069 5.91329 18.0078 9.73193 16.1271 12.8421 15.5351 10.7366 5.67239 11.1734 4.05935 15.2248 3.25285 13.2546 18.6832 9.45838 5.07175 1.46646 15.8531 2.42985 15.0337 17.2349 5.14141 7.26617 11.2944 16.8123 4.96303 4.86707 
16.5335 14.5719 10.7738 18.4437 13.0517 3.94136 12.0721 12.4339 13.1722 4.66302 18.7891 15.5956 14.5862 19.345 3.28567 5.16916 7.8887 9.25221 2.3266 0 6.77223 17.8586 18.1135 13.9045 19.0615 16.1638 6.5706 1.66885 7.13502 12.1932 11.2318 20.5751 13.2531 15.1389 18.3772 17.5018 11.3441 23.7337 4.403 18.0005 1.88423 6.61352 8.4796 9.96007 10.1371 8.65918 21.8643 20.3108 12.3144 15.22 2.14331 5.73498 8.80808 20.8512 10.5729 6.15333 7.34405 9.00584 11.4244 11.984 6.46703 16.5767 4.27451 14.7914 17.5796 13.5153 17.6832 7.81404 15.2665 16.8384 7.51507 9.96241 17.9697 10.4178 6.98541 20.3092 11.4818 18.4535 15.1369 17.8565 11.8513 7.16452 13.4109 6.19068 17.5253 5.39967 15.2521 21.0074 11.022 7.1006 1.00689 17.9344 0.581674 17.0381 19.314 7.44931 9.2322 13.4881 18.7028 7.21299 5.14062 
12.8242 15.8413 11.3716 16.6114 6.59789 4.36949 10.9991 7.40206 11.4472 2.51284 18.9659 8.91615 8.12077 18.3807 8.70632 7.02875 11.9501 12.9761 5.39061 6.77223 0 19.5634 16.9988 13.9284 17.1204 10.0497 6.14907 6.22884 11.8392 5.6346 12.3823 18.4622 6.51212 16.916 12.8929 17.6126 13.67 20.4698 2.61144 18.0981 8.40819 2.43324 6.6388 4.77182 5.64077 6.54676 17.9506 18.1726 6.30483 9.73802 8.91505 7.72046 2.95776 18.4974 7.13686 9.26381 9.53615 9.48908 10.508 6.87357 1.60864 13.8427 8.78625 13.4829 13.3587 8.00203 17.1005 8.26525 8.78287 12.6918 5.05962 11.9007 13.1591 14.1112 10.4522 17.1229 12.5357 14.5792 10.4903 14.3243 14.7733 9.65895 8.33671 6.88996 14.5162 3.21908 14.8488 17.1899 4.26104 2.53091 6.48477 16.8655 7.21756 10.7298 18.1783 4.80577 9.76568 12.0242 18.6001 6.72099 10.0988 
14.0322 3.74235 8.20647 9.53535 20.579 16.0347 9.52108 16.7268 10.103 17.6801 4.28473 23.1073 21.3188 7.41735 14.8435 13.2833 10.4224 9.07651 16.4291 17.8586 19.5634 0 7.64388 6.34928 9.9266 20.6537 13.4438 19.4201 11.5876 20.6456 7.1907 10.8096 22.3125 2.73961 19.4982 4.4615 6.51508 15.4196 17.8425 4.45092 18.8507 17.1751 13.175 17.0966 15.9607 13.3712 16.3145 10.7865 18.9477 18.3059 17.7759 12.5536 18.238 11.5539 14.158 11.7166 10.6794 10.0761 9.70795 16.8727 17.9669 11.6508 13.6499 8.61603 15.5578 17.959 6.25986 11.3309 21.7432 15.1869 14.6477 8.00807 17.2983 8.17208 10.9103 13.6066 7.02831 14.8726 16.1272 13.8182 6.28069 10.772 16.899 12.8915 12.4185 16.4573 6.44104 15.6438 21.3435 17.2309 16.9511 7.51754 17.4459 21.8634 7.8628 14.9081 9.79881 9.45669 5.02111 12.8438 13.1884 
7.2071 6.23299 7.55511 1.90312 15.6029 14.9244 6.19508 11.6483 5.55252 15.9628 3.73047 17.6376 15.897 1.39079 15.9947 12.9453 12.9981 12.1425 16.0266 18.1135 16.9988 7.64388 0 4.56511 2.29586 14.6054 11.8831 19.308 14.2327 16.0027 7.62424 3.4435 17.5352 7.33891 12.652 3.18548 9.16166 8.05341 16.2294 3.23456 19.6648 14.6322 10.5208 13.0803 11.8973 10.5366 8.6707 3.33297 14.0601 12.2801 18.9157 12.4244 14.7323 4.12106 10.0694 12.6038 11.1911 9.12677 6.80391 11.9868 15.4591 4.72229 14.7296 3.52808 8.51479 12.5218 1.39324 10.3021 16.1534 8.33759 12.0698 9.25614 10.3134 11.9295 12.4846 5.96327 7.35664 7.54703 9.94263 6.55975 10.1712 11.5126 11.4293 11.9691 5.16383 14.5457 3.08391 8.01148 17.2607 14.4688 17.1066 0.199184 17.9101 15.7206 1.2121 12.2998 8.91978 4.98556 2.93477 11.176 14.9677 
8.2359 2.99639 3.13751 5.68403 14.253 11.0964 3.21483 10.3791 3.78945 12.4301 5.0862 16.7585 14.9698 5.58479 11.5536 8.77246 8.44123 7.64425 11.9691 13.9045 13.9284 6.34928 4.56511 0 6.31207 14.3544 8.13732 15.2256 9.67049 14.364 3.05916 7.77121 16.0209 4.46056 13.4981 3.73472 4.77821 12.0959 12.6548 4.23406 15.3441 11.4952 7.30381 10.8985 9.73135 7.43558 11.8236 7.58456 12.622 12.0244 14.5195 8.16977 12.2059 8.32351 7.88673 8.13419 6.74024 4.95269 3.51563 10.535 12.3231 6.18971 10.2774 2.78073 9.83767 11.6125 3.82392 6.24158 15.3954 9.33706 8.87211 4.69135 11.4542 7.56122 7.93694 9.27042 2.79162 9.50109 9.92391 8.44198 5.99829 7.03461 10.5579 7.95722 7.18724 11.0683 1.48125 11.0033 15.1877 11.4561 12.9053 4.36707 13.6438 15.5727 5.66427 9.12879 4.70309 3.1779 4.8526 7.44622 10.4341 
5.82332 8.40478 8.97484 0.645597 14.8314 15.6037 6.99582 11.0054 5.94566 16.4074 5.88299 16.5876 14.914 2.83664 17.2441 13.9511 14.6783 13.9497 16.8657 19.0615 17.1204 9.9266 2.29586 6.31207 0 13.3534 12.5985 20.1198 15.8772 15.3626 9.28845 1.53286 16.7915 9.58306 11.0012 5.47615 11.0718 5.86031 16.6964 5.49043 20.7179 14.86 10.9775 12.8295 11.6975 10.9265 6.40046 1.29936 13.3858 11.1193 20.0719 13.5181 14.6028 2.01159 9.9991 13.9423 12.5292 10.2683 7.6467 11.4158 15.6613 3.58898 16.0109 4.32265 6.86493 11.6565 3.68896 11.3045 15.0846 6.8506 12.4328 10.9114 8.6356 13.8581 13.9851 3.70415 9.03443 5.6893 8.80764 4.82496 12.1955 12.8831 10.6044 12.8716 3.56687 14.9911 4.90862 5.77872 16.81 14.6271 18.0604 2.44518 18.9205 14.3917 2.34354 12.6364 10.104 5.57433 5.07553 11.9105 16.402 
7.53052 17.2839 13.7724 13.1812 3.62268 12.4722 11.3903 4.53411 10.5663 11.5334 18.002 3.51136 2.43211 15.8325 16.8161 13.5197 17.8958 18.2633 14.0992 16.1638 10.0497 20.6537 14.6054 14.3544 13.3534 0 11.4375 16.0709 18.4466 4.6619 14.9677 14.0465 4.97163 18.7295 3.60698 16.9023 17.1613 13.7431 11.8216 17.2367 17.9992 9.55283 9.83563 6.31307 6.59645 9.51673 10.5704 13.788 3.85372 2.36288 18.18 13.806 7.39631 13.6731 7.51404 15.3899 14.6847 12.8812 11.4462 4.72955 9.75522 9.91802 16.2343 12.1326 6.7261 3.11264 15.5009 12.5036 2.1367 6.54397 9.56696 15.6281 5.30527 19.0456 16.3614 11.2144 14.9327 8.16978 4.67133 8.68675 18.6285 15.0295 3.94226 12.5091 9.79308 10.8463 14.288 10.137 6.5713 9.06584 15.5301 14.5854 16.4512 1.22848 15.4146 9.47042 13.0334 11.2 17.3115 11.3444 17.4298 
10.0841 9.74552 5.30877 11.9979 9.33028 3.04132 5.69797 7.02687 6.66093 4.31259 13.2218 12.1851 10.6619 13.1946 5.72564 2.12902 6.67932 7.37409 4.2951 6.5706 6.14907 13.4438 11.8831 8.13732 12.5985 11.4375 0 7.52322 7.05737 8.88003 6.25327 14.0917 10.4508 10.7756 12.778 11.8719 7.56495 17.1649 4.52328 12.3713 8.35355 3.85003 2.00766 5.37581 4.84205 2.25866 15.3801 13.8203 7.98464 9.84976 7.96306 2.3755 5.53731 14.3292 4.42698 4.01262 3.68158 3.37939 5.0793 6.73117 4.5831 10.0061 4.89798 8.4242 11.262 8.38131 11.6748 2.11835 11.3023 10.5169 1.93355 5.78399 11.9138 8.39691 5.09392 13.7431 6.42074 12.0059 9.14199 11.3452 8.75508 3.92403 7.88971 1.08838 10.9592 3.01712 9.27903 14.5122 8.78094 4.03014 5.60107 11.7185 6.53083 12.5462 13.0952 2.10586 3.65785 7.0425 12.9669 0.708289 6.01808 
17.1879 16.0652 12.1204 19.5159 12.7666 4.58238 13.1776 12.6684 14.1841 4.6181 20.1836 15.1439 14.3018 20.5758 4.9545 6.45519 9.54764 10.9048 3.28164 1.66885 6.22884 19.4201 19.308 15.2256 20.1198 16.0709 7.52322 0 8.80373 11.8385 12.6656 21.6149 12.723 16.6906 18.5491 18.8769 12.9138 24.5591 4.30631 19.3781 2.3447 6.68032 9.29055 10.074 10.4408 9.42456 22.5227 21.3435 12.227 15.3624 3.26384 7.09339 8.67933 21.8467 11.1487 7.70408 8.81724 10.2816 12.5406 12.185 6.33034 17.4491 5.91349 15.91 18.1202 13.6235 18.9589 9.03081 14.9731 17.389 8.11498 11.4708 18.3525 12.0748 8.59546 21.1261 12.9074 19.0914 15.5309 18.5696 13.4744 8.67196 13.6536 7.34078 18.3517 5.70786 16.5275 21.683 10.4611 7.15156 2.47185 19.1347 2.21725 16.8541 20.5165 7.99992 10.5243 14.5552 20.0584 8.20942 6.80941 
15.656 9.00045 6.96591 15.2338 16.3497 7.47036 9.55117 13.9598 10.9673 9.34371 13.6296 19.1969 17.7115 15.1609 3.8507 5.13835 1.26084 2.51244 6.76717 7.13502 11.8392 11.5876 14.2327 9.67049 15.8772 18.4466 7.05737 8.80373 0 15.8239 6.61665 17.381 17.3181 9.06075 19.4236 12.5478 5.43982 21.451 9.31141 12.9972 7.59249 10.2054 8.64565 12.4242 11.8739 8.962 20.4997 17.1726 15.0403 16.7051 6.41127 4.68931 12.323 17.8741 11.1032 3.05764 3.97078 6.32784 8.99239 13.7182 10.6513 14.6207 3.14693 11.7124 17.1151 15.355 13.3486 6.1209 18.3563 16.4068 8.98544 4.9824 18.1666 3.50657 2.191 18.2864 6.88098 17.4536 15.6025 16.5564 5.30698 3.57849 14.7448 5.9698 15.7 8.85872 11.1501 19.62 15.4256 10.5652 6.49591 14.0341 6.59816 19.5788 15.2978 9.13643 6.34324 10.9133 13.7976 7.10258 2.00017 
9.91287 16.979 12.7942 15.0139 1.03954 8.90221 11.1505 4.3708 10.8804 7.55096 18.8642 3.45726 2.49747 17.3626 13.4629 10.6869 15.5513 16.2312 10.3863 12.1932 5.6346 20.6456 16.0027 14.364 15.3626 4.6619 8.88003 11.8385 15.8239 0 13.9943 16.4066 1.67456 18.3149 7.99035 17.5985 15.8982 17.201 7.79373 18.0194 13.9381 5.84846 7.94125 3.68206 4.71598 7.65991 14.2474 16.1219 1.97834 5.20871 14.3023 11.1687 3.56965 16.2173 6.48814 12.844 12.5229 11.3566 10.9387 4.01698 5.75967 11.7779 13.1535 12.8476 9.80079 3.8775 16.5577 10.5505 3.15024 9.3168 6.97628 14.1706 8.97132 17.2042 13.9641 14.1888 14.0449 11.2336 6.93721 11.3686 17.2647 12.7932 4.813 9.94807 12.0686 7.26023 14.7717 13.6382 1.94044 5.40382 11.7156 15.9263 12.5651 5.1549 17.0305 6.7789 11.5819 11.5575 18.3005 9.06548 14.4462 
10.0779 3.51819 1.21433 8.64864 14.1068 8.91489 3.8424 10.5819 5.15006 10.5036 7.57107 16.8332 15.0914 8.61117 8.64425 6.27777 5.39733 4.70835 9.50026 11.2318 12.3823 7.1907 7.62424 3.05916 9.28845 14.9677 6.25327 12.6656 6.61665 13.9943 0 10.7789 15.6661 4.53874 14.8302 6.31693 2.29535 14.9689 10.6765 6.80793 12.5387 10.0117 6.16796 10.3297 9.29109 6.40743 14.3591 10.578 12.5107 12.7809 11.6401 5.58875 11.24 11.2949 7.68182 5.2257 3.89999 2.8953 3.58312 10.5857 10.7921 8.49776 7.36557 5.27504 11.6659 11.9618 6.81754 4.14089 15.6144 11.0485 7.5448 1.63432 13.0699 4.851 4.90475 11.9524 0.271578 11.6479 11.0109 10.6442 3.76719 4.13484 11.0276 5.73746 9.56859 9.26681 4.54041 13.5014 14.4376 10.0953 10.2561 7.42623 10.9125 16.1934 8.71444 7.80236 2.62079 4.84066 7.54807 5.66178 7.41453 
6.60755 9.67594 10.4974 2.17491 15.8109 17.0843 8.51797 12.092 7.43119 17.8389 6.5894 17.3881 15.7705 3.40533 18.7769 15.4745 16.1745 15.4154 18.3683 20.5751 18.4622 10.8096 3.4435 7.77121 1.53286 14.0465 14.0917 21.6149 17.381 16.4066 10.7789 0 17.7714 10.7656 11.3942 6.46089 12.4995 4.64522 18.1323 6.37252 22.2406 16.2419 12.4323 14.066 12.963 12.3677 5.86502 0.290962 14.4295 11.9072 21.6015 15.0473 15.872 0.753607 11.3258 15.4738 14.0602 11.8008 9.16946 12.5311 17.0328 4.69746 17.5437 5.85508 7.37165 12.6184 4.76495 12.8306 15.8853 7.50487 13.86 12.4072 9.05419 15.2827 15.5063 3.38516 10.5215 6.02734 9.65862 5.36195 13.5736 14.4128 11.6038 14.3873 4.35826 16.427 6.33335 5.41868 17.9351 15.9902 19.5755 3.62864 20.4405 15.0158 2.94713 14.0565 11.6369 7.08763 5.80752 13.4084 17.9298 
11.2037 18.6509 14.4671 16.4723 1.96162 10.2123 12.8095 5.88968 12.5011 8.70092 20.471 2.48448 2.53966 18.8825 14.7826 12.1823 17.0982 17.8202 11.6075 13.2531 6.51212 22.3125 17.5352 16.0209 16.7915 4.97163 10.4508 12.723 17.3181 1.67456 15.6661 17.7714 0 19.9889 8.54423 19.2171 17.5564 18.2638 8.90914 19.6314 14.92 7.1962 9.59503 5.34456 6.39054 9.31815 15.2102 17.4907 3.48347 6.16656 15.3886 12.698 4.99556 17.5395 8.15457 14.3745 14.1152 13.0134 12.6074 5.59023 6.96976 13.2028 14.5602 14.4443 10.914 5.15309 18.1361 12.1799 2.96048 10.5017 8.57215 15.8219 9.87687 18.8123 15.512 15.3859 15.7182 12.3735 8.16609 12.6126 18.9142 14.3736 6.18719 11.5047 13.4151 8.60559 16.3989 14.6634 2.26334 6.78752 12.8669 17.4662 13.6674 5.06302 18.5359 8.36354 13.2418 13.1792 19.8927 10.6729 15.8671 
12.6485 1.46449 5.63254 9.06303 18.3285 13.3102 7.36775 14.5873 8.20848 14.9778 5.06726 20.9535 19.1771 7.6199 12.165 10.5472 7.85172 6.55798 13.6895 15.1389 16.916 2.73961 7.33891 4.46056 9.58306 18.7295 10.7756 16.6906 9.06075 18.3149 4.53874 10.7656 19.9889 0 17.9574 4.44982 3.81018 15.3921 15.1329 4.73086 16.1738 14.5503 10.6477 14.6996 13.6012 10.8658 15.7357 10.67 16.7048 16.4235 15.1222 9.81609 15.7285 11.4586 11.8628 8.98992 7.93979 7.43359 7.4325 14.678 15.329 10.4615 10.9534 7.13058 14.238 15.8891 6.00381 8.65749 19.6452 13.7678 12.0699 5.26884 15.8901 5.79513 8.21883 13.0601 4.40629 13.7805 14.369 12.7118 3.82522 8.03461 14.8676 10.1826 11.3764 13.7794 5.12423 14.9771 18.8894 14.6313 14.2236 7.16555 14.7355 19.9542 7.96118 12.3287 7.15951 7.6258 5.52559 10.1978 10.5567 
5.5071 16.4941 13.7262 10.9767 6.98795 14.4898 11.0048 5.94863 9.84586 13.9311 16.2906 7.03607 6.01309 13.7149 18.4594 14.9048 18.6702 18.7733 16.1535 18.3772 12.8929 19.4982 12.652 13.4981 11.0012 3.60698 12.778 18.5491 19.4236 7.99035 14.8302 11.3942 8.54423 17.9574 0 15.3644 17.1195 10.3781 14.2432 15.6178 20.2566 11.8704 10.8864 8.47518 8.26242 10.5864 7.14892 11.1668 6.62841 3.18987 20.2521 15.0231 10.0057 10.903 8.3879 16.4429 15.4806 13.3266 11.2624 6.39389 12.2657 7.98672 17.6739 10.9071 4.15142 4.93784 13.759 13.3036 5.73928 4.3484 11.1323 15.8221 2.36562 19.3724 17.2474 8.24464 14.7315 5.37043 3.86987 6.17799 18.5966 15.8619 4.98371 13.7608 7.51396 12.9795 13.0662 6.83811 9.93061 11.3975 17.6192 12.6766 18.577 4.06685 13.2522 11.1156 13.4102 10.3637 15.5338 12.4925 18.7414 
9.85749 3.69629 6.75951 5.07385 17.3598 14.8214 6.68078 13.391 6.71813 16.1634 1.35537 19.665 17.8831 3.18503 14.956 12.4254 11.287 10.2082 15.6435 17.5018 17.6126 4.4615 3.18548 3.73472 5.47615 16.9023 11.8719 18.8769 12.5478 17.5985 6.31693 6.46089 19.2171 4.44982 15.3644 0 7.14751 11.1051 16.3893 0.502406 18.8526 15.1813 10.9742 14.3079 13.1174 11.0813 11.8543 6.40594 15.7492 14.5402 17.955 11.7884 15.7458 7.18779 11.2416 11.5419 10.2075 8.65004 7.11485 13.6353 16.0126 7.39608 13.6785 4.82046 11.3126 14.4708 1.79836 9.95281 18.2278 11.017 12.5534 7.80203 13.09 9.74301 11.1361 9.1459 6.05441 10.5131 12.2574 9.47685 7.82677 10.4517 13.3764 11.6661 8.06642 14.7968 2.84457 11.183 18.5997 15.1176 16.5129 3.05612 17.2059 18.0763 3.56057 12.8068 8.39063 6.041 1.25144 11.1808 13.6435 
12.3523 3.56095 3.41481 10.4513 16.0941 9.77445 6.13774 12.7184 7.43241 11.5422 8.19343 18.8714 17.1578 9.92893 8.35653 6.94355 4.18687 3.06231 9.98852 11.3441 13.67 6.51508 9.16166 4.77821 11.0718 17.1613 7.56495 12.9138 5.43982 15.8982 2.29535 12.4995 17.5564 3.81018 17.1195 7.14751 0 16.874 11.6617 7.58246 12.3649 11.415 7.9625 12.2161 11.2533 8.23866 16.4851 12.3277 14.5294 15.0128 11.3225 6.20116 12.9179 13.0799 9.76508 5.21115 4.28796 4.54316 5.8609 12.6816 12.136 10.6774 7.14349 7.35134 13.9459 14.1184 8.11814 5.51308 17.7059 13.3362 9.1551 1.78326 15.3641 2.78634 4.40886 14 2.42789 13.8823 13.291 12.8629 1.48047 4.31812 13.2196 6.78794 11.7339 10.4622 6.16848 15.6408 16.1646 11.5768 10.4428 8.96343 10.9317 18.3825 10.1258 9.39992 4.31698 7.08784 8.39096 7.10358 6.78039 
7.64687 14.2564 14.4852 6.44876 16.3929 19.9781 12.0793 13.3091 10.7551 20.3697 11.1595 17.2542 15.9131 8.00314 22.366 18.8488 20.2957 19.6725 21.4359 23.7337 20.4698 15.4196 8.05341 12.0959 5.86031 13.7431 17.1649 24.5591 21.451 17.201 14.9689 4.64522 18.2638 15.3921 10.3781 11.1051 16.874 0 20.6841 11.0029 25.5099 18.5271 15.2809 15.7503 14.8322 15.1353 3.24117 4.72285 15.3265 12.0972 25.0207 18.5409 17.6173 3.93421 13.5653 19.2368 17.8576 15.4706 12.7098 13.8229 19.237 7.1688 21.1957 9.74086 7.40259 13.3416 9.40265 16.3051 15.8282 7.93944 16.4842 16.5572 8.4539 19.6567 19.4465 3.43304 14.7284 6.00001 10.3158 6.1464 18.0393 18.2359 12.5461 17.6774 6.21172 19.0219 10.743 3.61342 18.9849 18.1846 22.7653 8.22906 23.6867 14.421 7.56933 16.6314 15.3572 10.6371 10.4 16.5412 21.7558 
13.1568 14.193 9.80682 16.1323 8.64938 1.93289 10.0474 8.37844 10.7916 0.322697 17.7408 11.2106 10.1846 17.5744 6.0949 4.76919 9.51736 10.6265 2.78194 4.403 2.61144 17.8425 16.2294 12.6548 16.6964 11.8216 4.52328 4.30631 9.31141 7.79373 10.6765 18.1323 8.90914 15.1329 14.2432 16.3893 11.6617 20.6841 0 16.8877 6.19088 2.37942 5.7346 5.76866 6.19287 5.77006 18.4593 17.8497 7.9683 11.0561 6.50956 5.50314 4.43124 18.2735 7.12531 6.90954 7.40181 7.86408 9.46963 7.8882 2.07384 13.714 6.21617 12.7144 13.9724 9.3175 16.1247 6.55977 10.8646 13.2544 4.27536 9.94306 14.1014 11.7898 8.08161 17.2637 10.866 15.0271 11.296 14.5934 12.6378 7.45775 9.36321 4.95122 14.5316 1.70555 13.7575 17.6419 6.71873 2.84604 3.95818 16.0754 4.77465 12.6592 17.4369 4.09158 8.14061 11.276 17.4702 5.20864 7.51896 
10.1126 4.08972 7.26136 5.13768 17.7644 15.3231 7.15046 13.7905 7.14148 16.6609 0.86969 20.0407 18.2621 3.01498 15.4429 12.927 11.7368 10.6389 16.1455 18.0005 18.0981 4.45092 3.23456 4.23406 5.49043 17.2367 12.3713 19.3781 12.9972 18.0194 6.80793 6.37252 19.6314 4.73086 15.6178 0.502406 7.58246 11.0029 16.8877 0 19.3456 15.6675 11.4593 14.755 13.563 11.5628 11.8894 6.33991 16.1585 14.8766 18.4431 12.2888 16.2094 7.11202 11.6866 12.0314 10.7015 9.15242 7.5955 14.0451 16.4994 7.63401 14.1661 5.20547 11.5382 14.8492 1.9027 10.455 18.5958 11.2696 13.0396 8.28061 13.3244 10.1437 11.6124 9.18661 6.54658 10.6879 12.5805 9.66492 8.21193 10.9427 13.7528 12.1684 8.25389 15.2925 3.29778 11.2437 19.0437 15.5997 17.0122 3.1307 17.7026 18.4027 3.43364 13.2924 8.89304 6.46656 0.818425 11.6795 14.1174 
18.3757 15.7433 12.2078 20.0921 14.8249 5.82233 13.7227 14.3153 14.8779 6.4696 20.1066 17.3045 16.3622 20.858 4.009 6.76695 8.55813 9.94852 4.18922 1.88423 8.40819 18.8507 19.6648 15.3441 20.7179 17.9992 8.35355 2.3447 7.59249 13.9381 12.5387 22.2406 14.92 16.1738 20.2566 18.8526 12.3649 25.5099 6.19088 19.3456 0 8.46245 10.2994 11.8268 12.0205 10.4917 23.7 21.9814 14.1462 17.0954 1.23246 7.24157 10.6201 22.5442 12.4402 7.32934 8.64589 10.539 13.0715 13.8628 8.26471 18.3435 5.23921 16.4184 19.4443 15.3855 19.1555 9.41788 17.0403 18.702 9.38613 11.1498 19.8516 11.0565 7.95691 22.0931 12.7991 20.2976 17.0189 19.6807 12.6784 8.40659 15.2932 7.87194 19.3098 7.27717 16.7354 22.839 12.6678 8.94868 2.76441 19.481 1.82332 18.85 20.8543 9.32624 10.7457 15.1578 20.0751 8.9687 5.7231 
10.9323 13.4438 8.9718 14.3297 6.58509 3.05517 8.58286 5.99992 9.09132 2.06317 16.5349 9.3053 8.09335 16.0081 7.61568 5.12769 10.1206 11.0133 4.59308 6.61352 2.43324 17.1751 14.6322 11.4952 14.86 9.55283 3.85003 6.68032 10.2054 5.84846 10.0117 16.2419 7.1962 14.5503 11.8704 15.1813 11.415 18.5271 2.37942 15.6675 8.46245 0 4.20939 3.39571 3.8462 4.12951 16.1937 15.9544 5.70921 8.68597 8.63487 5.73853 2.29081 16.3222 4.98965 7.38108 7.42092 7.1169 8.08139 5.50878 0.83382 11.6958 7.36721 11.1075 11.6663 6.95332 14.6934 5.9364 8.77428 10.9589 2.62798 9.6337 11.736 12.1016 8.55991 15.1294 10.1544 12.7712 8.94209 12.3982 12.5903 7.59795 6.98441 4.72248 12.4447 1.4141 12.4245 15.392 5.2208 0.487119 5.9922 14.4938 6.90142 10.4536 15.821 2.37613 7.39086 9.64816 16.1756 4.36033 8.67831 
8.09212 9.43357 5.01709 10.4051 8.19552 4.70966 4.39008 5.32105 5.05738 5.4563 12.3272 11.0216 9.37644 11.8802 7.7132 4.06859 8.06048 8.49423 6.1648 8.4796 6.6388 13.175 10.5208 7.30381 10.9775 9.83563 2.00766 9.29055 8.64565 7.94125 6.16796 12.4323 9.59503 10.6477 10.8864 10.9742 7.9625 15.2809 5.7346 11.4593 10.2994 4.20939 0 4.26201 3.3932 0.318903 13.4038 12.1529 6.6933 8.06538 9.95647 4.13674 5.08104 12.6109 2.49852 5.60635 4.85488 3.41946 3.87279 5.11271 5.04233 8.15868 6.81926 6.99588 9.25448 6.72841 10.5067 2.70286 9.97535 8.50931 1.58284 6.22944 9.92828 9.37276 6.53006 11.8498 6.25949 10.0151 7.18124 9.38146 9.32393 5.19447 6.1021 2.88679 9.06948 4.0359 8.21673 12.5406 8.27041 4.15232 7.53597 10.3725 8.48247 10.9963 11.7235 1.83339 3.65353 5.5485 11.9674 1.60749 7.85528 
8.10805 13.3948 9.13677 12.3845 3.97785 6.17415 7.69612 2.66823 7.66209 5.45597 15.6166 6.83035 5.28751 14.4684 10.5156 7.34872 12.0406 12.6363 7.81794 9.96007 4.77182 17.0966 13.0803 10.8985 12.8295 6.31307 5.37581 10.074 12.4242 3.68206 10.3297 14.066 5.34456 14.6996 8.47518 14.3079 12.2161 15.7503 5.76866 14.755 11.8268 3.39571 4.26201 0 1.19477 3.97816 13.1806 13.7751 2.62624 5.2903 11.9184 7.7349 1.86735 14.0192 3.06992 9.38778 8.93405 7.67482 7.4079 2.152 3.83166 9.37489 9.9938 9.70955 8.58697 3.56168 13.4468 6.89998 5.93372 7.92369 3.44237 10.491 8.44981 13.5754 10.4601 12.4468 10.3892 9.82175 5.72883 9.61793 13.5858 9.22718 3.6381 6.46342 9.93397 4.57542 11.4633 12.426 4.29652 2.92264 9.26634 12.9766 10.2054 7.32279 14.1941 3.28905 7.89983 8.31983 15.1174 5.46617 11.2305 
7.1903 12.2752 8.08619 11.2387 4.84097 6.22947 6.5223 2.31791 6.46743 5.8707 14.424 7.64138 5.98327 13.2865 10.3112 6.92709 11.3879 11.8806 7.89295 10.1371 5.64077 15.9607 11.8973 9.73135 11.6975 6.59645 4.84205 10.4408 11.8739 4.71598 9.29109 12.963 6.39054 13.6012 8.26242 13.1174 11.2533 14.8322 6.19287 13.563 12.0205 3.8462 3.3932 1.19477 0 3.08435 12.3843 12.6721 3.30318 5.16023 11.9896 7.2138 2.90915 12.9436 1.87655 8.81677 8.21356 6.73624 6.25724 1.9296 4.45964 8.28709 9.65872 8.51596 7.83095 3.57203 12.2528 6.09295 6.5845 7.13275 2.98381 9.56253 7.91398 12.7657 9.82773 11.4828 9.33492 8.97928 5.10314 8.68586 12.6536 8.53464 3.2805 5.91781 8.90088 4.76337 10.2729 11.5991 5.48287 3.43488 9.35918 11.7914 10.3192 7.70735 13.018 2.91395 6.94379 7.1251 13.9228 4.78977 10.8376 
7.88584 9.63258 5.24253 10.3631 7.89736 4.8429 4.4538 5.00284 5.0351 5.48297 12.4318 10.7186 9.06725 11.9038 7.98009 4.34746 8.37938 8.80897 6.3374 8.65918 6.54676 13.3712 10.5366 7.43558 10.9265 9.51673 2.25866 9.42456 8.962 7.65991 6.40743 12.3677 9.31815 10.8658 10.5864 11.0813 8.23866 15.1353 5.77006 11.5628 10.4917 4.12951 0.318903 3.97816 3.08435 0 13.2086 12.0863 6.3865 7.75196 10.177 4.4382 4.86871 12.528 2.19979 5.92055 5.17335 3.69667 3.96733 4.79395 4.96313 8.03674 7.10586 7.00859 9.01798 6.40964 10.5645 3.01738 9.66365 8.27259 1.53327 6.51482 9.65776 9.68172 6.84854 11.7025 6.49022 9.80856 6.89805 9.19777 9.60988 5.51335 5.78802 3.1776 8.92715 4.065 8.30304 12.3492 8.03281 4.03706 7.7273 10.3925 8.67949 10.6776 11.7345 1.76597 3.92379 5.5535 12.0541 1.90675 8.15535 
5.33727 14.4278 13.6436 6.78435 13.3875 17.9887 10.9486 10.6099 9.53332 18.1384 12.2664 14.0794 12.8023 9.12828 20.8795 17.2517 19.4346 19.0186 19.5392 21.8643 17.9506 16.3145 8.6707 11.8236 6.40046 10.5704 15.3801 22.5227 20.4997 14.2474 14.3591 5.86502 15.2102 15.7357 7.14892 11.8543 16.4851 3.24117 18.4593 11.8894 23.7 16.1937 13.4038 13.1806 12.3843 13.2086 0 5.77352 12.442 9.06688 23.3404 17.055 15.0281 5.1435 11.377 17.9874 16.6818 14.2523 11.5163 11.1372 16.8432 5.89487 19.7916 9.13429 4.60041 10.4469 10.0566 14.8747 12.6777 5.26002 14.412 15.8349 5.33608 19.1981 18.3828 2.70891 14.1518 3.43431 7.52557 4.04821 17.7998 17.0759 9.76197 16.0447 4.81301 16.8593 10.6967 0.883545 16.0894 15.8091 20.9356 8.79897 21.8855 11.2039 8.63695 14.5229 14.1928 9.61914 11.4611 14.8227 20.5156 
