20
0.580331 1.37584 1.92981 0
7.89142 13.0513 0.611593 0
18.8418 23.2536 0.412735 0
12.7204 23.4317 8.46971 1
15.9849 19.0161 0.771251 0
16.64 20.1363 0.421172 0
3.10894 5.68691 1.08887 1
7.70338 20.0349 1.56925 0
13.3104 22.0405 1.66659 0
17.2406 22.7875 1.05043 0
3.61942 12.5417 0.53493 1
3.30728 22.3554 1.13354 0
5.95738 7.28867 0.814955 0
11.9701 23.6967 0.80494 0
15.2062 17.5183 0.392585 1
15.9078 22.7993 1.11331 0
10.2538 14.954 1.57265 0
11.3362 23.4297 0.20592 0
12.1205 23.2119 2.01961 0
6.77521 13.2606 0.345695 0
400 50 500
0.025 0.0125 10000 3000 15 1e+06 300000 2 2
0 3.24633 4.78685 3.49923 1.26455 3.96565 3.4881 4.80963 3.67485 3.60319 4.28289 2.41665 2.67355 2.44158 2.62365 1.30529 1.56705 1.2383 5.46247 1.86365 2.90651 
3.24633 0 1.88723 2.49265 2.21578 0.780026 2.41808 1.87783 2.97948 1.31482 2.72545 3.35583 1.09679 0.89383 2.87974 3.39684 2.11083 2.91693 3.23972 1.81961 0.372721 
4.78685 1.88723 0 2.31996 3.56227 1.76883 2.25069 2.56666 2.73348 2.90287 1.92026 3.93786 2.11848 2.737 3.32303 4.4954 3.32054 4.72274 1.6312 3.67324 2.23892 
3.49923 2.49265 2.31996 0 2.29991 3.0653 0.0786332 4.20583 0.49291 3.79056 0.821719 1.76735 1.55602 2.73385 1.15991 2.6771 1.97678 4.03626 2.12227 3.38683 2.56298 
1.26455 2.21578 3.56227 2.29991 0 2.98775 2.27832 3.98745 2.54945 2.94623 3.05229 1.71582 1.44531 1.60616 1.6416 1.22521 0.323133 1.80055 4.2025 1.56402 1.93836 
3.96565 0.780026 1.76883 3.0653 2.98775 0 2.98731 1.1525 3.55813 1.14401 3.12574 4.10606 1.83516 1.53336 3.60181 4.17613 2.89066 3.49033 3.33943 2.36521 1.06551 
3.4881 2.41808 2.25069 0.0786332 2.27832 2.98731 0 4.12745 0.570821 3.71784 0.810878 1.80892 1.49219 2.67164 1.19589 2.69226 1.9554 4.00259 2.09744 3.33669 2.49287 
4.80963 1.87783 2.56666 4.20583 3.98745 1.1525 4.12745 0 4.69778 1.28756 4.1992 5.2335 2.96808 2.4069 4.74556 5.20532 3.93895 4.09665 4.19776 3.01947 2.06417 
3.67485 2.97948 2.73348 0.49291 2.54945 3.55813 0.570821 4.69778 0 4.27091 0.974923 1.64333 2.00917 3.17458 1.11857 2.7058 2.23193 4.33267 2.26895 3.77015 3.03523 
3.60319 1.31482 2.90287 3.79056 2.94623 1.14401 3.71784 1.28756 4.27091 0 4.03536 4.41798 2.29863 1.35215 4.02885 4.16744 2.9737 2.81481 4.43119 1.76421 1.25054 
4.28289 2.72545 1.92026 0.821719 3.05229 3.12574 0.810878 4.1992 0.974923 4.03536 0 2.55438 2.03614 3.18702 1.96547 3.49881 2.73202 4.72214 1.31613 3.95793 2.89761 
2.41665 3.35583 3.93786 1.76735 1.71582 4.10606 1.80892 5.2335 1.64333 4.41798 2.55438 0 2.2709 3.08663 0.621829 1.19574 1.52627 3.40296 3.87049 3.26958 3.22085 
2.67355 1.09679 2.11848 1.55602 1.44531 1.83516 1.49219 2.96808 2.00917 2.29863 2.03614 2.2709 0 1.18078 1.78301 2.47404 1.22375 2.78476 2.94719 1.92627 1.04817 
2.44158 0.89383 2.737 2.73385 1.60616 1.53336 2.67164 2.4069 3.17458 1.35215 3.18702 3.08663 1.18078 0 2.74503 2.83131 1.62167 2.02311 3.93965 0.936804 0.521164 
2.62365 2.87974 3.32303 1.15991 1.6416 3.60181 1.19589 4.74556 1.11857 4.02885 1.96547 0.621829 1.78301 2.74503 0 1.58742 1.36599 3.4338 3.27794 3.09447 2.79455 
1.30529 3.39684 4.4954 2.6771 1.22521 4.17613 2.69226 5.20532 2.7058 4.16744 3.49881 1.19574 2.47404 2.83131 1.58742 0 1.28743 2.4507 4.78435 2.66135 3.14626 
1.56705 2.11083 3.32054 1.97678 0.323133 2.89066 1.9554 3.93895 2.23193 2.9737 2.73202 1.52627 1.22375 1.62167 1.36599 1.28743 0 2.10644 3.89546 1.75394 1.8748 
1.2383 2.91693 4.72274 4.03626 1.80055 3.49033 4.00259 4.09665 4.33267 2.81481 4.72214 3.40296 2.78476 2.02311 3.4338 2.4507 2.10644 0 5.73166 1.1252 2.54423 
5.46247 3.23972 1.6312 2.12227 4.2025 3.33943 2.09744 4.19776 2.26895 4.43119 1.31613 3.87049 2.94719 3.93965 3.27794 4.78435 3.89546 5.73166 0 4.82289 3.52397 
1.86365 1.81961 3.67324 3.38683 1.56402 2.36521 3.33669 3.01947 3.77015 1.76421 3.95793 3.26958 1.92627 0.936804 3.09447 2.66135 1.75394 1.1252 4.82289 0 1.4492 
2.90651 0.372721 2.23892 2.56298 1.93836 1.06551 2.49287 2.06417 3.03523 1.25054 2.89761 3.22085 1.04817 0.521164 2.79455 3.14626 1.8748 2.54423 3.52397 1.4492 0 
