50
11.0039 14.3051 1.05085 0
13.9363 21.2023 1.89953 0
0.849182 18.141 29.4064 0
1.29828 3.72675 1.48278 0
3.84668 16.213 0.821533 0
9.25608 15.6954 0.686854 1
10.2911 15.0418 1.75762 0
4.10899 23.4055 1.02187 1
15.1765 22.8998 0.289058 0
7.77423 8.85597 0.768172 0
1.55478 15.9827 1.7494 0
12.4479 12.9893 1.17613 0
17.6118 19.3038 0.649665 0
18.0938 21.8307 2.19697 0
3.49861 20.4524 1.69834 0
16.6322 19.3765 2.15194 0
13.6345 13.8069 0.212444 0
7.69264 18.4897 0.306579 0
15.9491 20.4076 0.441125 0
11.7935 23.7602 17.6314 0
6.93425 17.0404 1.27066 0
18.2655 21.1703 6.76078 1
17.4763 23.6473 1.19273 0
2.15333 20.697 1.55007 0
9.20347 23.0978 0.549485 1
17.5017 17.8146 1.79719 0
1.36722 16.4023 1.82718 1
14.776 23.9677 0.698155 0
16.9822 21.6315 1.95567 0
1.84529 4.54531 24.5484 0
2.93392 17.3945 8.94957 0
5.3017 10.3793 1.99866 0
8.5455 21.65 1.90823 0
6.99126 15.7094 1.70297 0
13.702 17.4824 1.7152 0
12.2889 23.4069 2.16773 0
11.4396 22.3824 2.08077 0
0.276849 12.6598 1.59004 0
11.8666 16.434 0.443776 0
8.62372 15.696 0.442176 0
18.3898 19.3933 7.22343 1
12.2662 17.7564 0.20299 0
15.0022 23.3812 16.0523 0
2.72163 7.26988 0.702275 0
18.3373 18.7209 1.70525 0
9.4784 17.5082 2.25715 0
6.58943 13.538 1.65776 0
18.2386 20.9587 1.57393 0
3.71652 22.5399 1.41714 1
13.7637 18.8501 14.5747 0
400 50 500
0.025 0.0125 10000 3000 15 1e+06 300000 4 6
0 25.1909 37.0469 38.2716 39.7199 28.1011 32.3304 36.4656 35.4214 7.12712 12.245 17.8967 37.3727 10.3795 22.782 3.91777 19.2067 27.4423 9.19795 9.1496 33.2016 12.0636 36.8893 41.0968 16.0844 36.0365 25.6671 4.90259 34.0533 22.1746 36.1524 37.5402 26.4987 28.0097 35.3274 25.3641 29.864 19.4852 14.5425 23.8557 35.7021 18.2635 27.7571 26.1998 25.3668 33.2676 18.5826 8.82702 20.4115 22.6154 29.3976 
25.1909 0 14.918 26.6824 37.2292 33.8463 36.6416 37.7764 27.1039 21.8492 13.7348 18.5943 24.9995 15.0955 24.5626 22.4132 31.7755 9.6988 31.7905 24.8166 27.0026 13.1836 14.3994 18.8352 35.1473 19.4984 0.685427 26.8492 30.3134 29.69 33.6441 25.6712 25.4944 4.12282 36.3127 28.7608 33.5943 10.7623 32.9391 6.99713 17.2395 9.17269 11.6003 28.8619 7.2224 20.6277 28.4941 20.4449 9.37201 33.4438 32.4826 
37.0469 14.918 0 17.5859 31.6659 34.2336 35.4489 34.4884 20.4231 31.6962 27.4491 23.4462 15.8781 26.7658 26.1449 33.5234 36.5098 9.81415 41.371 33.4427 21.9613 25.4407 0.79911 4.106 42.3725 9.0592 14.2326 37.1621 25.7933 32.4052 28.9435 16.7121 24.8087 15.9482 33.163 29.4381 32.8544 17.8423 40.2655 21.4875 6.04378 23.941 10.2297 29.0526 11.6849 13.4745 32.9327 29.8774 24.2825 36.7991 31.6814 
38.2716 26.6824 17.5859 0 14.7016 22.0266 21.4463 18.8003 4.63883 31.294 33.6432 20.438 1.76889 30.1835 17.8721 34.3576 28.6254 16.9946 38.5715 31.0199 7.53395 30.0457 18.3314 18.0304 36.3619 8.56865 26.1487 36.1194 10.5179 23.2102 12.8519 1.01204 14.4294 29.748 17.7499 18.8066 19.7649 21.0908 34.7356 33.5168 11.6286 33.1875 15.1574 17.99 19.6708 6.13868 25.5854 29.4806 34.7545 27.2802 18.7876 
39.7199 37.2292 31.6659 14.7016 0 13.8747 10.7182 5.8823 11.2487 32.7523 39.6123 23.3814 16.1503 34.8665 17.085 36.1761 23.6851 28.0669 36.5323 30.81 10.3259 35.6034 32.3474 32.6219 31.6867 22.6866 36.8614 36.0414 6.9568 18.5639 3.80632 15.3445 13.7347 40.9705 5.84979 14.5039 11.2557 28.359 30.8224 43.2882 25.6287 41.2611 26.1099 13.6046 30.0703 18.353 22.1573 31.3897 43.403 20.866 11.1235 
28.1011 33.8463 34.2336 22.0266 13.8747 0 4.24086 8.94016 17.3947 21.7868 31.361 15.7832 22.5442 26.1106 9.28376 25.085 10.0804 26.9248 23.3286 18.9561 14.5098 27.49 34.6896 36.6756 17.8888 26.8087 33.7217 23.7899 11.9687 5.95375 11.5943 22.0447 9.43009 37.9588 8.21813 5.12195 2.6753 23.2232 17.2072 38.3392 28.9403 34.7625 25.3368 5.24887 27.7275 21.7252 9.52717 20.9396 37.2595 7.01963 3.31241 
32.3304 36.6416 35.4489 21.4463 10.7182 4.24086 0 5.12563 16.8695 25.9473 35.1777 19.2081 22.2764 29.9735 12.3813 29.2713 14.1708 29.0144 27.4758 23.1823 14.2641 31.2481 35.9775 37.4974 21.7353 27.3931 36.4559 28.0305 10.9337 10.1612 9.40729 21.6588 11.2901 40.7137 4.87665 8.21106 3.0743 26.2562 21.2261 41.5475 29.8254 38.2698 27.2819 7.87691 30.1554 22.3333 13.7651 25.0301 40.7143 10.9161 4.15904 
36.4656 37.7764 34.4884 18.8003 5.8823 8.94016 5.12563 0 14.5596 29.7876 38.0605 21.7229 19.9489 33.0111 14.8806 33.1838 19.0199 29.3195 32.2332 27.3482 12.5423 34.0575 35.0971 36.024 26.7635 25.8664 37.5035 32.3921 8.7289 14.4528 5.95125 19.2239 12.5054 41.7329 1.46416 11.2692 6.67137 27.9527 26.145 43.2618 28.588 40.5289 27.447 10.5732 30.8889 21.0303 18.1375 28.6652 42.8556 15.8974 7.07217 
35.4214 27.1039 20.4231 4.63883 11.2487 17.3947 16.8695 14.5596 0 28.3271 32.1529 17.5508 5.44171 28.1732 13.8962 31.5472 24.3259 17.54 34.9019 27.6283 2.9587 28.3399 21.1001 21.5666 32.2011 11.494 26.6525 32.8494 5.99452 18.841 8.70536 4.79072 10.2267 30.5731 13.4038 14.3498 15.1273 19.8184 30.6743 33.6266 14.3931 32.524 15.5788 13.4973 19.8876 7.15645 21.4401 26.5967 34.36 22.7994 14.1494 
7.12712 21.8492 31.6962 31.294 32.7523 21.7868 25.9473 29.7876 28.3271 0 11.8293 10.8601 30.4679 7.25059 15.7266 3.42485 14.0549 21.8936 10.0034 3.75077 26.0783 9.33739 31.6491 35.6263 14.0046 29.6314 22.1795 5.4689 26.9567 15.8428 29.1345 30.5945 19.4008 25.3449 28.5842 18.5605 23.298 13.8556 11.9035 22.529 29.6177 17.2737 21.8691 19.3492 20.2496 26.5038 12.4965 1.89625 19.8123 17.1766 22.7246 
12.245 13.7348 27.4491 33.6432 39.6123 31.361 35.1777 38.0605 32.1529 11.8293 0 16.3688 32.311 5.28777 23.182 10.6066 25.3685 18.8973 20.4141 15.5609 30.7766 4.01814 27.1125 31.5477 25.7239 28.945 14.3132 15.2741 32.9296 25.767 35.8078 32.7289 25.9574 16.0028 36.6835 27.059 32.2128 12.5542 23.681 11.6154 27.7162 6.02541 19.9369 27.598 16.2276 27.7415 23.0723 11.4688 8.30471 28.1399 31.3646 
17.8967 18.5943 23.4462 20.438 23.3814 15.7832 19.2081 21.7229 17.5508 10.8601 16.3688 0 19.6525 11.4868 6.89723 14.0055 13.6123 14.0315 18.8693 10.9278 15.4794 12.354 23.6088 26.9908 18.93 19.5174 18.5859 15.7799 16.9376 11.1144 19.5972 19.752 9.65187 22.7044 20.3311 10.9974 16.159 7.84275 16.8413 22.5798 20.0806 19.0618 13.2233 11.4044 13.6439 15.8643 10.1257 9.07253 21.5179 14.895 15.2108 
37.3727 24.9995 15.8781 1.76889 16.1503 22.5442 22.2764 19.9489 5.44171 30.4679 32.311 19.6525 0 29.0137 17.6718 33.4549 28.599 15.3284 38.0637 30.3899 8.08029 28.7852 16.6159 16.4816 36.1899 6.83538 24.457 35.4111 11.4358 23.2775 14.0359 0.834703 14.439 28.0184 18.8268 18.9998 20.4024 19.7619 34.4914 31.8628 9.89298 31.665 13.5221 18.2343 18.0388 4.60852 25.442 28.6281 33.1781 27.4582 19.3725 
10.3795 15.0955 26.7658 30.1835 34.8665 26.1106 29.9735 33.0111 28.1732 7.25059 5.28777 11.4868 29.0137 0 18.1436 7.319 20.1882 17.3311 16.847 10.8019 26.5108 2.0902 26.5759 30.8421 21.2307 26.595 15.5116 11.8036 28.3445 20.4838 31.0782 29.3322 21.1386 18.3234 31.6586 21.907 27.0367 9.69371 19.1004 15.2788 25.8829 10.0926 17.8882 22.4863 15.0857 24.5828 17.7996 6.4518 12.6683 22.8859 26.2218 
22.782 24.5626 26.1449 17.8721 17.085 9.28376 12.3813 14.8806 13.8962 15.7266 23.182 6.89723 17.6718 18.1436 0 19.1403 11.0733 17.997 21.0723 14.199 11.1711 19.1838 26.4989 29.0774 18.5195 19.947 24.4405 19.5025 11.3143 6.28191 13.4181 17.4776 3.84665 28.6755 13.5165 4.23061 9.31293 13.9685 16.8635 29.1905 21.4792 25.9225 16.5764 4.52272 18.5533 15.207 7.77882 14.3098 28.3461 10.7001 8.32775 
3.91777 22.4132 33.5234 34.3576 36.1761 25.085 29.2713 33.1838 31.5472 3.42485 10.6066 14.0055 33.4549 7.319 19.1403 0 16.8828 23.8245 9.83012 6.38238 29.3705 9.27361 33.405 37.5387 15.4259 32.191 22.8302 4.68383 30.3446 19.1316 32.553 33.6235 22.7911 25.5604 31.9913 21.9723 26.6661 15.8015 13.5307 22.0139 31.9393 16.5072 24.0357 22.7677 21.8852 29.3574 15.6846 4.96029 18.8975 20.1485 26.1158 
19.2067 31.7755 36.5098 28.6254 23.6851 10.0804 14.1708 19.0199 24.3259 14.0549 25.3685 13.6123 28.599 20.1882 11.0733 16.8828 0 27.4992 13.3185 10.509 21.4068 22.0241 36.7683 39.732 8.11314 30.9528 31.8574 14.5047 20.1933 5.54276 20.878 28.3334 14.1975 35.8045 18.2371 10.1368 12.5051 21.2434 7.1507 34.61 32.295 30.0246 26.4568 11.073 27.2561 26.2773 3.57894 13.935 32.6274 3.46784 12.566 
27.4423 9.6988 9.81415 16.9946 28.0669 26.9248 29.0144 29.3195 17.54 21.8936 18.8973 14.0315 15.3284 17.3311 17.997 23.8245 27.4992 0 31.5627 23.6551 17.7441 16.2582 9.8216 13.7413 32.8317 10.3515 9.18902 27.3618 21.2871 24.0026 24.6464 15.9846 17.7486 13.0334 27.8767 21.8449 26.1045 8.05486 30.6878 16.5362 8.82058 16.847 1.96789 21.691 2.85196 10.9291 23.9377 20.067 18.0593 28.2569 24.9339 
9.19795 31.7905 41.371 38.5715 36.5323 23.3286 27.4758 32.2332 34.9019 10.0034 20.4141 18.8693 38.0637 16.847 21.0723 9.83012 13.3185 31.5627 0 8.01579 32.2393 18.9031 41.3776 45.2067 7.49786 38.3782 32.1432 5.14645 32.0366 17.9747 33.3821 38.0288 24.8898 35.1629 31.3515 22.181 25.6106 23.6276 6.67837 31.8358 38.767 26.3373 31.3193 23.1285 30.1168 34.6233 14.3885 11.6426 28.7158 16.7042 25.4866 
9.1496 24.8166 33.4427 31.0199 30.81 18.9561 23.1823 27.3482 27.6283 3.75077 15.5609 10.9278 30.3899 10.8019 14.199 6.38238 10.509 23.6551 8.01579 0 25.1381 12.8567 33.4765 37.2386 10.482 30.3966 25.0855 5.30379 25.4979 13.0251 27.3418 30.4142 18.0289 28.4887 26.2374 16.3469 20.7268 15.8352 8.31877 26.0325 30.7512 20.8892 23.338 17.2171 22.3674 26.7691 9.45015 4.45582 23.4521 13.7684 20.2906 
33.2016 27.0026 21.9613 7.53395 10.3259 14.5098 14.2641 12.5423 2.9587 26.0783 30.7766 15.4794 8.08029 26.5108 11.1711 29.3705 21.4068 17.7441 32.2393 25.1381 0 26.8669 22.5834 23.5272 29.3232 13.3593 26.6106 30.4036 3.83277 15.906 7.07777 7.54147 7.40611 30.6821 11.2558 11.3973 12.3229 18.7719 27.8376 33.2458 16.0458 31.6639 15.7852 10.5398 19.8073 8.49131 18.5848 24.4104 33.6523 19.8414 11.3031 
12.0636 13.1836 25.4407 30.0457 35.6034 27.49 31.2481 34.0575 28.3399 9.33739 4.01814 12.354 28.7852 2.0902 19.1838 9.27361 22.0241 16.2582 18.9031 12.8567 26.8669 0 25.2036 29.5387 23.3044 25.9003 13.6323 13.8321 28.9431 21.9973 31.7999 29.1581 21.9401 16.2966 32.676 23.0997 28.2638 9.09865 21.1663 13.1959 24.9682 8.08165 17.0156 23.619 13.8311 24.2691 19.4891 8.46306 10.675 24.6124 27.3968 
36.8893 14.3994 0.79911 18.3314 32.3474 34.6896 35.9775 35.0971 21.1001 31.6491 27.1125 23.6088 16.6159 26.5759 26.4989 33.405 36.7683 9.8216 41.3776 33.4765 22.5834 25.2036 0 4.46696 42.5199 9.78699 13.7145 37.1092 26.4162 32.7445 29.5865 17.449 25.2601 15.2881 33.7623 29.8575 33.3541 17.7956 40.4007 20.8876 6.75112 23.4728 10.3877 29.4922 11.5269 14.1079 33.1895 29.8447 23.7471 37.1273 32.1787 
41.0968 18.8352 4.106 18.0304 32.6219 36.6756 37.4974 36.024 21.5666 35.6263 31.5477 26.9908 16.4816 30.8421 29.0774 37.5387 39.732 13.7413 45.2067 37.2386 23.5272 29.5387 4.46696 0 45.9034 10.1679 18.1515 41.0952 27.301 35.359 30.2614 17.2992 27.3386 19.4701 34.7748 32.0785 35.0799 21.7961 43.8309 25.2042 7.7353 27.9326 13.9056 31.6037 15.7564 15.1682 36.1718 33.7887 28.1587 39.7774 33.9272 
16.0844 35.1473 42.3725 36.3619 31.6867 17.8888 21.7353 26.7635 32.2011 14.0046 25.7239 18.93 36.1899 21.2307 18.5195 15.4259 8.11314 32.8317 7.49786 10.482 29.3232 23.3044 42.5199 45.9034 0 37.8352 35.3756 11.2963 28.2861 13.6175 28.974 35.9936 21.9842 38.9037 26.107 18.2036 20.4419 25.524 2.2102 36.4966 38.8054 31.2782 32.1444 19.1501 31.9911 33.4529 10.778 14.9368 33.8117 10.8744 20.6047 
36.0365 19.4984 9.0592 8.56865 22.6866 26.8087 27.3931 25.8664 11.494 29.6314 28.945 19.5174 6.83538 26.595 19.947 32.191 30.9528 10.3515 38.3782 30.3966 13.3593 25.9003 9.78699 10.1679 37.8352 0 18.8883 34.9533 17.1394 26.1353 20.1462 7.66664 17.6653 22.0385 24.6088 22.4578 25.068 16.9037 35.9057 26.4919 3.05997 27.1976 9.02137 21.888 13.2025 5.09232 27.4936 27.7352 28.3376 30.5338 23.9337 
25.6671 0.685427 14.2326 26.1487 36.8614 33.7217 36.4559 37.5035 26.6525 22.1795 14.3132 18.5859 24.457 15.5116 24.4405 22.8302 31.8574 9.18902 32.1432 25.0855 26.6106 13.6323 13.7145 18.1515 35.3756 18.8883 0 27.2312 29.9598 29.658 33.298 25.137 25.2728 4.2582 36.0406 28.6242 33.4168 10.7432 33.166 7.62614 16.5979 9.84173 11.1116 28.7031 6.80477 20.1144 28.5445 20.7392 10.0565 33.4617 32.2973 
4.90259 26.8492 37.1621 36.1194 36.0414 23.7899 28.0305 32.3921 32.8494 5.4689 15.2741 15.7799 35.4111 11.8036 19.5025 4.68383 14.5047 27.3618 5.14645 5.30379 30.4036 13.8321 37.1092 41.0952 11.2963 34.9533 27.2312 0 30.801 17.9573 32.611 35.4772 23.3302 30.1234 31.3336 21.5473 25.7319 19.32 9.66196 26.6941 35.0351 21.1909 27.3267 22.437 25.6828 31.6195 14.2873 7.324 23.573 17.9532 25.375 
34.0533 30.3134 25.7933 10.5179 6.9568 11.9687 10.9337 8.7289 5.99452 26.9567 32.9296 16.9376 11.4358 28.3445 11.3143 30.3446 20.1933 21.2871 32.0366 25.4979 3.83277 28.9431 26.4162 27.301 28.2861 17.1394 29.9598 30.801 0 14.6687 3.35925 10.7757 7.556 34.0983 7.48189 10.0927 9.48902 21.4394 27.0297 36.3319 19.8665 34.3573 19.3488 9.14021 23.1857 12.3211 17.8397 25.4362 36.4712 18.1038 8.65635 
22.1746 29.69 32.4052 23.2102 18.5639 5.95375 10.1612 14.4528 18.841 15.8428 25.767 11.1144 23.2775 20.4838 6.28191 19.1316 5.54276 24.0026 17.9747 13.0251 15.906 21.9973 32.7445 35.359 13.6175 26.1353 29.658 17.9573 14.6687 0 15.5316 22.9671 8.84017 33.8063 13.456 4.59458 7.78271 18.9277 12.4258 33.5329 27.7492 29.5651 22.6971 5.5348 24.2575 21.2828 3.68493 15.0539 32.1175 4.42054 7.52963 
36.1524 33.6441 28.9435 12.8519 3.80632 11.5943 9.40729 5.95125 8.70536 29.1345 35.8078 19.5972 14.0359 31.0782 13.4181 32.553 20.878 24.6464 33.3821 27.3418 7.07777 31.7999 29.5865 30.2614 28.974 20.1462 33.298 32.611 3.35925 15.5316 0 13.2962 9.96385 37.4461 5.00356 11.2062 8.92448 24.5939 27.9372 39.5992 22.9641 37.4822 22.7075 10.2671 26.5321 15.4802 19.003 27.7245 39.6431 18.3451 8.46005 
37.5402 25.6712 16.7121 1.01204 15.3445 22.0447 21.6588 19.2239 4.79072 30.5945 32.7289 19.752 0.834703 29.3322 17.4776 33.6235 28.3334 15.9846 38.0288 30.4142 7.54147 29.1581 17.449 17.2992 35.9936 7.66664 25.137 35.4772 10.7757 22.9671 13.2962 0 14.144 28.7378 18.1235 18.6309 19.8548 20.1748 34.3283 32.5089 10.7229 32.2096 14.1513 17.8428 18.6657 5.1471 25.228 28.7682 33.7623 27.1021 18.8441 
26.4987 25.4944 24.8087 14.4294 13.7347 9.43009 11.2901 12.5054 10.2267 19.4008 25.9574 9.65187 14.439 21.1386 3.84665 22.7911 14.1975 17.7486 24.8898 18.0289 7.40611 21.9401 25.2601 27.3386 21.9842 17.6653 25.2728 23.3302 7.556 8.84017 9.96385 14.144 0 29.5284 11.0555 4.79325 8.3562 15.4518 20.4492 30.7763 19.6119 28.0666 16.0604 4.26552 18.8777 12.6631 11.2151 17.8924 30.365 13.0856 7.18552 
28.0097 4.12282 15.9482 29.748 40.9705 37.9588 40.7137 41.7329 30.5731 25.3449 16.0028 22.7044 28.0184 18.3234 28.6755 25.5604 35.8045 13.0334 35.1629 28.4887 30.6821 16.2966 15.2881 19.4701 38.9037 22.0385 4.2582 30.1234 34.0983 33.8063 37.4461 28.7378 29.5284 0 40.2709 32.8676 37.6737 14.88 36.7024 6.00188 19.4582 10.4584 14.9971 32.9554 10.9143 23.836 32.5589 24.0624 9.57233 37.5338 36.5551 
35.3274 36.3127 33.163 17.7499 5.84979 8.21813 4.87665 1.46416 13.4038 28.5842 36.6835 20.3311 18.8268 31.6586 13.5165 31.9913 18.2371 27.8767 31.3515 26.2374 11.2558 32.676 33.7623 34.7748 26.107 24.6088 36.0406 31.3336 7.48189 13.456 5.00356 18.1235 11.0555 40.2709 0 10.0281 5.7462 26.4982 25.385 41.8029 27.2917 39.0951 26.0101 9.28656 29.4307 19.7253 17.135 27.4195 41.4138 15.2361 5.95868 
25.3641 28.7608 29.4381 18.8066 14.5039 5.12195 8.21106 11.2692 14.3498 18.5605 27.059 10.9974 18.9998 21.907 4.23061 21.9723 10.1368 21.8449 22.181 16.3469 11.3973 23.0997 29.8575 32.0785 18.2036 22.4578 28.6242 21.5473 10.0927 4.59458 11.2062 18.6309 4.79325 32.8676 10.0281 0 5.17452 18.1975 16.9441 33.414 24.364 30.0592 20.2967 0.958522 22.6063 17.4529 7.82504 17.3984 32.5086 8.47461 4.3159 
29.864 33.5943 32.8544 19.7649 11.2557 2.6753 3.0743 6.67137 15.1273 23.298 32.2128 16.159 20.4024 27.0367 9.31293 26.6661 12.5051 26.1045 25.6106 20.7268 12.3229 28.2638 33.3541 35.0799 20.4419 25.068 33.4168 25.7319 9.48902 7.78271 8.92448 19.8548 8.3562 37.6737 5.7462 5.17452 0 23.1842 19.6558 38.4732 27.3635 35.2175 24.4099 4.80301 27.1654 19.9777 11.4668 22.2815 37.6541 9.6108 1.18099 
19.4852 10.7623 17.8423 21.0908 28.359 23.2232 26.2562 27.9527 19.8184 13.8556 12.5542 7.84275 19.7619 9.69371 13.9685 15.8015 21.2434 8.05486 23.6276 15.8352 18.7719 9.09865 17.7956 21.7961 25.524 16.9037 10.7432 19.32 21.4394 18.9277 24.5939 20.1748 15.4518 14.88 26.4982 18.1975 23.1842 0 23.3312 15.3397 16.2599 12.9256 8.28066 18.3925 6.53541 15.2079 17.8586 12.0508 15.0501 22.7268 22.1194 
14.5425 32.9391 40.2655 34.7356 30.8224 17.2072 21.2261 26.145 30.6743 11.9035 23.681 16.8413 34.4914 19.1004 16.8635 13.5307 7.1507 30.6878 6.67837 8.31877 27.8376 21.1663 40.4007 43.8309 2.2102 35.9057 33.166 9.66196 27.0297 12.4258 27.9372 34.3283 20.4492 36.7024 25.385 16.9441 19.6558 23.3312 0 34.3499 36.7976 29.1688 30.0358 17.901 29.8086 31.6121 9.26165 12.7665 31.7146 10.3196 19.6991 
23.8557 6.99713 21.4875 33.5168 43.2882 38.3392 41.5475 43.2618 33.6266 22.529 11.6154 22.5798 31.8628 15.2788 29.1905 22.0139 34.61 16.5362 31.8358 26.0325 33.2458 13.1959 20.8876 25.2042 36.4966 26.4919 7.62614 26.6941 36.3319 33.5329 39.5992 32.5089 30.7763 6.00188 41.8029 33.414 38.4732 15.3397 34.3499 0 24.2226 5.59223 18.3627 33.6712 13.8615 27.4122 31.6788 21.6012 3.83366 36.8068 37.4284 
35.7021 17.2395 6.04378 11.6286 25.6287 28.9403 29.8254 28.588 14.3931 29.6177 27.7162 20.0806 9.89298 25.8829 21.4792 31.9393 32.295 8.82058 38.767 30.7512 16.0458 24.9682 6.75112 7.7353 38.8054 3.05997 16.5979 35.0351 19.8665 27.7492 22.9641 10.7229 19.6119 19.4582 27.2917 24.364 27.3635 16.2599 36.7976 24.2226 0 25.4159 7.9955 23.8758 11.5706 7.56912 28.7656 27.7301 26.3414 32.1695 26.2067 
18.2635 9.17269 23.941 33.1875 41.2611 34.7625 38.2698 40.5289 32.524 17.2737 6.02541 19.0618 31.665 10.0926 25.9225 16.5072 30.0246 16.847 26.3373 20.8892 31.6639 8.08165 23.4728 27.9326 31.2782 27.1976 9.84173 21.1909 34.3573 29.5651 37.4822 32.2096 28.0666 10.4584 39.0951 30.0592 35.2175 12.9256 29.1688 5.59223 25.4159 0 18.3495 30.4446 13.9953 27.0685 27.3348 16.5347 2.60327 32.4812 34.2503 
27.7571 11.6003 10.2297 15.1574 26.1099 25.3368 27.2819 27.447 15.5788 21.8691 19.9369 13.2233 13.5221 17.8882 16.5764 24.0357 26.4568 1.96789 31.3193 23.338 15.7852 17.0156 10.3877 13.9056 32.1444 9.02137 11.1116 27.3267 19.3488 22.6971 22.7075 14.1513 16.0604 14.9971 26.0101 20.2967 24.4099 8.28066 30.0358 18.3627 7.9955 18.3495 0 20.0898 4.51666 9.05146 22.8798 20.0028 19.7078 27.0148 23.2339 
26.1998 28.8619 29.0526 17.99 13.6046 5.24887 7.87691 10.5732 13.4973 19.3492 27.598 11.4044 18.2343 22.4863 4.52272 22.7677 11.073 21.691 23.1285 17.2171 10.5398 23.619 29.4922 31.6037 19.1501 21.888 28.7031 22.437 9.14021 5.5348 10.2671 17.8428 4.26552 32.9554 9.28656 0.958522 4.80301 18.3925 17.901 33.6712 23.8758 30.4446 20.0898 0 22.5698 16.8503 8.78072 18.1407 32.8683 9.30244 3.807 
25.3668 7.2224 11.6849 19.6708 30.0703 27.7275 30.1554 30.8889 19.8876 20.2496 16.2276 13.6439 18.0388 15.0857 18.5533 21.8852 27.2561 2.85196 30.1168 22.3674 19.8073 13.8311 11.5269 15.7564 31.9911 13.2025 6.80477 25.6828 23.1857 24.2575 26.5321 18.6657 18.8777 10.9143 29.4307 22.6063 27.1654 6.53541 29.8086 13.8615 11.5706 13.9953 4.51666 22.5698 0 13.5538 23.7558 18.495 15.2313 28.3559 26.0167 
33.2676 20.6277 13.4745 6.13868 18.353 21.7252 22.3333 21.0303 7.15645 26.5038 27.7415 15.8643 4.60852 24.5828 15.207 29.3574 26.2773 10.9291 34.6233 26.7691 8.49131 24.2691 14.1079 15.1682 33.4529 5.09232 20.1144 31.6195 12.3211 21.2828 15.4802 5.1471 12.6631 23.836 19.7253 17.4529 19.9777 15.2079 31.6121 27.4122 7.56912 27.0685 9.05146 16.8503 13.5538 0 22.9011 24.6318 28.6163 25.6483 18.8418 
18.5826 28.4941 32.9327 25.5854 22.1573 9.52717 13.7651 18.1375 21.4401 12.4965 23.0723 10.1257 25.442 17.7996 7.77882 15.6846 3.57894 23.9377 14.3885 9.45015 18.5848 19.4891 33.1895 36.1718 10.778 27.4936 28.5445 14.2873 17.8397 3.68493 19.003 25.228 11.2151 32.5589 17.135 7.82504 11.4668 17.8586 9.26165 31.6788 28.7656 27.3348 22.8798 8.78072 23.7558 22.9011 0 11.9341 29.9254 5.14775 11.1952 
8.82702 20.4449 29.8774 29.4806 31.3897 20.9396 25.0301 28.6652 26.5967 1.89625 11.4688 9.07253 28.6281 6.4518 14.3098 4.96029 13.935 20.067 11.6426 4.45582 24.4104 8.46306 29.8447 33.7887 14.9368 27.7352 20.7392 7.324 25.4362 15.0539 27.7245 28.7682 17.8924 24.0624 27.4195 17.3984 22.2815 12.0508 12.7665 21.6012 27.7301 16.5347 20.0028 18.1407 18.495 24.6318 11.9341 0 19.1171 16.8495 21.637 
20.4115 9.37201 24.2825 34.7545 43.403 37.2595 40.7143 42.8556 34.36 19.8123 8.30471 21.5179 33.1781 12.6683 28.3461 18.8975 32.6274 18.0593 28.7158 23.4521 33.6523 10.675 23.7471 28.1587 33.8117 28.3376 10.0565 23.573 36.4712 32.1175 39.6431 33.7623 30.365 9.57233 41.4138 32.5086 37.6541 15.0501 31.7146 3.83366 26.3414 2.60327 19.7078 32.8683 15.2313 28.6163 29.9254 19.1171 0 35.0726 36.6695 
22.6154 33.4438 36.7991 27.2802 20.866 7.01963 10.9161 15.8974 22.7994 17.1766 28.1399 14.895 27.4582 22.8859 10.7001 20.1485 3.46784 28.2569 16.7042 13.7684 19.8414 24.6124 37.1273 39.7774 10.8744 30.5338 33.4617 17.9532 18.1038 4.42054 18.3451 27.1021 13.0856 37.5338 15.2361 8.47461 9.6108 22.7268 10.3196 36.8068 32.1695 32.4812 27.0148 9.30244 28.3559 25.6483 5.14775 16.8495 35.0726 0 9.8895 
29.3976 32.4826 31.6814 18.7876 11.1235 3.31241 4.15904 7.07217 14.1494 22.7246 31.3646 15.2108 19.3725 26.2218 8.32775 26.1158 12.566 24.9339 25.4866 20.2906 11.3031 27.3968 32.1787 33.9272 20.6047 23.9337 32.2973 25.375 8.65635 7.52963 8.46005 18.8441 7.18552 36.5551 5.95868 4.3159 1.18099 22.1194 19.6991 37.4284 26.2067 34.2503 23.2339 3.807 26.0167 18.8418 11.1952 21.637 36.6695 9.8895 0 
