100
8.11423 17.7965 0.640248 0
13.516 22.8117 1.36743 0
2.03683 12.7456 1.71604 0
7.47115 12.9613 1.18301 0
10.3034 18.6295 1.25799 1
14.3724 20.1823 1.7571 0
13.6723 17.8552 19.6354 0
8.29454 22.2745 1.74538 1
8.9269 19.8237 1.13917 1
2.06744 15.9684 9.37262 0
3.60837 15.6321 0.875588 0
6.82901 9.7746 20.5803 0
1.37931 11.5021 0.978941 1
0.753763 22.9651 1.06948 0
11.8576 13.9488 1.78851 0
9.35369 17.3824 0.585008 0
11.6061 20.9412 1.67051 1
17.6931 18.97 0.821138 1
4.10357 17.8653 1.87199 0
9.11452 10.2941 1.85531 0
10.2533 17.0919 21.9355 0
1.46748 4.56331 1.67771 0
8.51235 9.34788 0.778879 0
15.0748 19.4464 2.08141 0
16.328 20.9724 6.31764 0
15.7318 19.4147 1.64694 0
15.3688 17.9181 2.20865 0
5.60338 7.18739 1.79484 0
8.82701 10.3133 1.6182 0
15.0466 23.3467 1.66906 0
9.98217 11.0674 0.372415 0
7.85218 18.9878 9.55056 0
18.4549 19.9141 0.70263 1
4.95576 22.9124 0.641536 0
5.09277 15.5726 25.5465 0
12.7498 19.1786 1.93999 0
14.1946 23.7758 2.1154 0
13.3659 17.0718 0.239301 0
12.0877 20.2523 0.912886 0
12.3976 21.2748 0.882383 0
3.55598 13.2922 0.232076 0
10.6834 15.5192 1.26735 1
14.6466 22.3556 2.03035 0
0.253659 5.5126 1.86946 0
18.865 21.9674 0.989359 0
7.15586 9.28909 0.317324 0
1.50174 7.81798 1.995 0
14.8469 20.4963 7.46908 0
16.4693 18.7781 0.250825 0
6.39711 23.1644 13.4611 0
16.5006 21.2315 1.32174 0
16.5765 18.2943 0.420427 1
6.53285 15.2534 2.10419 1
16.8214 19.2794 0.320068 1
13.8436 17.2935 1.40043 0
2.28983 5.27583 7.99517 1
2.15072 19.2587 2.25097 0
16.5462 18.8753 0.832241 0
2.41168 17.2788 0.406612 1
17.1107 17.8776 1.19285 0
2.18009 3.42779 0.578853 0
9.87218 22.1868 1.99943 0
17.788 23.9701 23.1596 0
12.1363 19.9595 0.323417 0
8.27039 8.88576 2.03274 0
0.907778 12.473 0.24733 0
18.1438 21.4763 13.052 0
12.3743 21.7017 1.16094 0
1.51406 9.79094 0.670616 1
2.00243 4.88454 1.90667 0
6.9867 13.9117 1.5268 0
1.36337 16.19 8.67839 0
13.4785 18.468 0.567149 0
14.8174 22.9718 1.93741 0
5.6911 6.43935 1.42837 0
18.0962 19.3119 0.327158 1
2.71577 13.5279 1.73461 0
11.1055 23.9003 0.317012 1
10.788 22.8501 1.83498 0
9.2793 23.7333 0.46571 0
14.9495 19.8556 1.90676 0
15.9409 22.8521 1.20571 0
8.96557 15.4029 15.5271 0
12.0134 12.2399 1.17007 0
11.58 16.2132 1.09578 1
13.975 23.1776 0.740837 0
3.35429 18.2409 0.737043 1
6.19671 22.3317 2.20739 0
9.18963 17.5656 10.2216 0
14.9552 15.3772 0.938938 0
3.20943 21.2044 1.85565 0
4.59538 8.74931 1.97471 0
6.3297 16.5284 0.880049 0
17.2367 23.8283 13.7928 0
2.23128 7.21997 0.203833 0
6.02799 6.9204 0.314864 0
0.122937 22.8518 0.332082 1
5.98011 8.36385 0.561348 1
15.8688 20.0586 1.24352 0
18.2903 22.9686 1.67966 0
400 50 500
0.025 0.0125 10000 3000 15 1e+06 300000 6 9
0 29.7412 33.6089 9.20075 19.1945 28.1672 31.7296 10.0233 30.4707 9.07288 25.5003 32.761 18.5918 30.4481 26.7979 22.4012 7.54766 18.1203 30.8593 27.3347 8.20794 15.1717 33.0589 29.1108 13.8027 5.20287 34.2659 24.7179 17.3987 23.5146 28.1288 6.43288 32.4806 26.1134 32.0559 11.8633 23.1582 23.3102 33.3212 9.35048 23.7373 29.826 32.5361 9.17864 33.5514 6.42336 31.2616 23.0824 6.89003 14.4604 29.4991 23.5643 10.6416 25.8423 11.2919 22.1152 27.1559 17.6059 28.5859 21.6935 25.8739 29.9146 30.9511 25.4944 3.50974 31.1477 23.8901 27.9707 43.163 8.25098 17.0988 27.2813 17.4819 31.0698 10.083 14.5797 28.8121 39.7199 16.6228 16.8449 19.1774 10.3246 3.86006 22.1796 6.12964 34.8707 34.7646 18.031 24.9663 1.53678 17.7633 26.3887 16.7296 28.898 33.6234 32.1404 23.8987 12.7646 10.8934 9.84976 20.3847 
29.7412 0 23.4784 34.2557 33.9988 5.15231 31.8962 20.9263 26.7283 20.7129 44.2041 5.10869 21.3255 3.93206 43.5193 12.4696 30.7525 12.1084 5.02402 17.9371 29.7154 17.0544 21.9328 6.32445 17.6263 32.4461 12.256 12.4799 37.6983 14.5396 25.0203 29.424 8.5231 18.1941 28.477 18.3936 14.6649 6.46486 33.4752 34.4816 40.7765 12.6214 6.22126 27.9738 13.9996 23.3811 26.7192 20.9661 23.6213 15.9325 14.6429 6.55627 27.2474 7.18036 24.801 31.0558 45.5224 16.8165 8.02838 8.15387 31.16 12.7567 22.1995 30.1226 27.067 4.199 5.86236 29.1958 30.1366 34.3501 17.2692 4.98642 18.9968 19.6467 24.9855 15.1839 36.4022 31.6493 39.0837 15.0184 18.4433 35.2904 26.1553 33.0059 34.8603 14.5866 8.65846 32.0472 31.6922 29.6608 38.0524 19.6628 33.3214 5.5251 8.32697 27.8398 31.4251 23.8394 25.2519 22.0017 24.9676 
33.6089 23.4784 0 31.4968 23.2711 18.4245 11.1907 30.9863 6.26617 28.3109 31.681 28.3407 15.0571 27.392 29.6897 14.8484 39.1891 26.4102 28.4898 7.1905 38.8874 19.8694 1.56381 29.3511 21.3819 38.5418 13.2076 12.8931 29.1413 12.2551 7.01716 28.8124 16.052 8.04552 6.90054 24.0404 12.482 22.3588 12.1196 42.3187 28.2086 10.8598 18.6574 25.7781 10.7055 28.6496 5.55703 10.5561 27.1795 22.3831 8.87431 24.8867 38.4415 28.5014 36.6898 17.815 32.3197 16.993 30.7635 24.2048 14.8275 10.7267 2.65859 14.0534 33.2467 19.8881 22.5926 11.0003 9.59149 41.4805 17.3443 27.153 16.3161 3.94222 36.0596 25.5353 18.7649 8.31435 31.6518 29.9195 14.6792 31.8725 30.0837 19.8069 35.2494 11.0703 17.9475 22.128 16.1397 34.5863 29.3087 7.33683 24.4823 17.9556 17.1682 6.09963 16.7263 36.7413 36.8515 32.4588 14.5117 
9.20075 34.2557 31.4968 0 11.7383 31.4245 26.6874 17.7848 26.9486 15.5523 16.3749 38.1398 17.133 35.8581 17.8707 24.1268 16.4311 24.1104 36.4831 26.5832 17.283 17.4427 31.3712 35.1159 16.6556 13.2089 35.6902 26.0098 8.42728 24.2066 24.963 4.95223 34.8199 25.2782 28.1533 16.0743 23.8541 27.8938 28.0245 17.1466 14.9264 30.8191 35.5569 6.56577 34.3683 12.4931 27.8319 21.3002 11.2801 18.3671 29.8579 28.8892 19.8397 31.9553 20.3346 16.1913 18.0245 18.7618 34.9654 26.8918 20.3136 30.8684 28.9672 20.267 12.3663 34.6117 28.5288 23.3384 40.5707 15.8533 18.2063 32.9368 17.4915 29.9206 19.1147 20.1778 21.9264 36.0271 7.4221 23.9722 19.0039 1.20428 10.0772 15.4972 5.11382 35.6637 37.3747 11.2929 19.1081 10.6768 8.76234 25.0312 9.25193 31.9888 36.1529 28.454 18.0171 21.7245 19.977 18.1089 17.0163 
19.1945 33.9988 23.2711 11.7383 0 29.8206 15.8603 24.316 17.5963 21.2116 10.2123 38.7402 12.8262 36.6929 9.73494 21.7837 26.7266 27.1947 37.5708 20.6015 27.2549 17.7923 23.6396 36.8758 18.0082 24.0904 31.269 22.7262 5.9745 20.5243 16.2559 12.7871 31.6405 19.4199 18.2922 19.1753 20.2556 28.5195 16.9388 28.2324 6.80258 26.4001 33.1826 10.6035 29.3241 18.9314 18.494 15.0915 16.9609 20.2949 24.773 30.362 28.9847 34.1706 28.6805 5.57823 11.5342 17.235 37.2951 28.4812 9.48652 26.3936 21.147 9.80418 21.3218 32.9134 29.1336 13.1607 31.2847 26.9941 16.829 34.3969 15.0037 22.9793 27.5277 23.5705 10.197 25.9184 8.6242 28.6133 15.6743 11.3797 17.8964 4.07102 16.8122 30.4655 34.2989 1.97805 8.10657 20.7123 6.08954 18.5545 2.52548 30.0979 33.0857 18.7899 7.12465 29.7291 28.4795 25.2421 9.99239 
28.1672 5.15231 18.4245 31.4245 29.8206 0 26.7729 20.5199 21.5814 19.514 40.0224 10.2237 17.0028 8.9983 39.1501 8.03709 30.4319 12.3124 10.0961 12.794 29.5593 13.9858 16.8933 10.9687 14.9149 31.5637 8.46004 7.54081 33.9588 9.70304 19.9074 26.7989 5.11146 13.0946 23.325 16.3421 9.87897 6.10671 28.3386 34.1367 36.5249 7.61969 4.37781 24.9337 9.61965 21.7524 21.567 16.1028 21.5618 13.7413 9.55581 7.96026 27.5846 10.6497 25.2392 26.4681 41.2681 13.0339 12.4759 8.46914 26.2824 7.76151 17.0641 25.2407 25.9426 3.20327 5.88671 24.1533 25.5524 33.8118 13.5501 8.93506 14.985 14.5532 25.1735 14.2322 31.5108 26.6579 35.5685 15.8561 14.1466 32.3717 24.3831 28.4846 32.7095 10.4752 6.78077 27.9102 26.8937 28.349 34.2937 14.5602 29.391 0.874249 5.79833 22.6876 26.699 24.5613 25.6205 21.8066 20.4038 
31.7296 31.8962 11.1907 26.6874 15.8603 26.7729 0 32.5737 5.42036 29.4208 22.0384 36.993 14.9591 35.5838 19.6694 20.4433 38.6047 30.94 36.6583 14.0034 38.6929 21.947 12.4118 36.9666 23.158 36.9323 23.6957 19.5765 21.7199 17.8186 6.88588 25.7121 25.8673 13.7147 4.29067 25.6033 17.8214 28.8522 1.78153 41.0566 18.8867 20.0964 28.2647 22.6652 21.212 28.564 5.80254 12.0452 26.666 25.0033 17.9261 31.3361 39.2625 35.3191 38.0856 10.5609 22.3564 19.4708 38.0674 30.0625 6.43177 20.0025 10.677 6.42902 32.555 29.02 29.2789 3.86464 16.3522 39.9806 19.5119 34.5204 17.5914 13.4994 37.1734 28.7013 8.14354 10.3369 24.4118 33.8488 16.6196 26.6529 28.9819 11.8009 31.3707 21.8506 28.1443 15.5662 7.7639 33.042 21.7612 12.2463 17.898 26.5708 27.176 5.09115 8.79915 38.5996 38.0888 33.9215 11.6883 
10.0233 20.9263 30.9863 17.7848 24.316 20.5199 32.5737 0 29.7033 3.23753 32.797 23.2803 17.6619 20.9991 33.4453 17.0293 9.92977 8.82994 21.2814 23.907 9.0434 11.1894 30.0248 19.3735 9.73364 11.5884 27.9333 19.4483 24.7095 19.0893 27.232 13.1859 25.3919 22.9441 31.5597 7.09804 18.7908 14.827 34.3318 13.6533 30.2864 24.2711 24.8244 13.9951 27.8655 5.55271 30.3104 21.4478 7.39599 8.64688 24.6352 14.4289 7.5601 16.1135 5.7128 25.1094 34.4233 14.0537 18.7034 12.7918 27.9358 24.3917 28.4388 27.2294 6.68812 23.1239 15.3093 28.7276 40.4304 13.4379 13.7737 17.7682 15.2862 27.6442 5.11305 6.35958 32.1511 38.4087 24.7626 6.87077 16.6705 18.989 7.71007 26.0021 16.0541 29.1166 27.3004 22.5981 27.4815 9.40284 25.1049 23.7474 22.2872 21.3518 26.2918 31.3924 26.5826 6.02709 5.867 1.47701 21.0121 
30.4707 26.7283 6.26617 26.9486 17.5963 21.5814 5.42036 29.7033 0 26.7048 25.5182 31.8011 12.2503 30.4866 23.4612 15.8123 36.795 26.8884 31.5721 8.79364 36.7002 18.6249 7.24475 32.0191 20.0024 35.6036 18.2853 14.6272 23.5571 13.0952 2.47191 24.9913 20.4635 8.71597 1.93505 22.6072 13.1619 24.1386 6.80929 39.5975 22.0929 14.7149 22.8857 21.8825 15.8095 26.3752 0.903244 8.28338 24.6407 21.5528 12.5413 26.6657 36.8117 30.5793 35.3691 12.0289 26.105 15.8865 33.21 25.5557 8.67217 14.6169 5.28808 7.99205 30.7217 23.7059 24.516 4.77865 13.7711 38.6284 16.0555 29.6218 14.4171 8.09237 34.57 25.1181 12.5182 9.26435 26.1579 30.0558 13.1 27.1559 27.2895 13.8862 31.1671 16.4853 22.7251 16.7021 10.0333 31.6331 23.6853 7.29053 19.1064 21.3275 21.7628 1.70281 10.7298 35.6902 35.4414 31.1244 10.193 
9.07288 20.7129 28.3109 15.5523 21.2116 19.514 29.4208 3.23753 26.7048 0 29.9465 23.7033 14.5643 21.3888 30.4716 14.9265 11.3685 9.08437 21.8266 21.3433 10.7958 8.44504 27.431 20.1514 6.929 12.0561 26.3497 17.3567 21.9447 16.7178 24.2336 10.7212 24.1307 20.3072 28.5373 4.27562 16.3963 14.3235 31.172 14.9268 27.3177 22.3496 23.8877 11.0854 26.0274 3.0843 27.3408 18.4979 4.50534 6.3873 22.4817 14.4915 10.1646 16.8964 8.68777 21.8756 31.5561 11.3184 19.7521 12.6282 24.7072 22.4599 25.7204 24.0093 6.4386 22.3619 14.885 25.5665 37.8331 14.4406 10.976 18.2413 12.3144 25.1209 7.86698 5.52911 28.9157 35.5359 22.2097 8.42016 13.786 16.7427 5.81036 22.7915 14.6449 27.3141 26.2434 19.4568 24.2448 8.95603 22.3412 21.0069 19.2565 20.2962 25.1592 28.4015 23.3451 9.20466 8.73836 4.50412 17.8186 
25.5003 44.2041 31.681 16.3749 10.2123 40.0224 22.0384 32.797 25.5182 29.9465 0 48.9162 23.0204 46.8444 2.83011 31.9874 32.8049 36.8923 47.703 30.2364 33.6489 27.7879 32.349 46.9259 27.838 29.5101 41.0733 32.8586 8.17542 30.644 24.8324 19.8625 41.686 29.1394 25.6141 28.6494 30.3885 38.6443 22.4048 33.2905 3.59307 36.2915 43.3167 18.8613 38.996 27.245 26.3459 24.9094 25.4628 30.0855 34.5389 40.4024 36.0734 44.1313 36.3084 14.3564 1.6569 27.4169 47.2609 38.4854 16.8588 36.2727 29.9383 17.6381 28.4202 43.1013 39.265 20.7409 38.382 31.9829 26.9958 44.4705 25.2072 32.1391 35.0967 33.1135 14.0525 32.3067 9.11261 37.9089 25.8794 15.3614 25.5057 12.2131 20.9694 40.0663 44.3351 12.1569 15.5448 27.0077 7.79136 28.112 11.144 40.2857 43.1341 26.2849 15.0435 37.5775 36.0057 33.4691 19.9268 
32.761 5.10869 28.3407 38.1398 38.7402 10.2237 36.993 23.2803 31.8011 23.7033 48.9162 0 26.2038 2.3155 48.3408 17.4678 32.7064 14.645 2.12386 23.0172 31.5481 21.3844 26.7831 4.44524 21.7403 34.8497 16.3498 17.5837 42.1626 19.6237 30.1213 33.2237 12.7251 23.2979 33.5306 22.0756 19.7379 10.3998 38.5623 36.3782 45.5379 17.4982 10.1159 32.0721 18.4007 26.5978 31.7708 26.044 27.1408 19.8081 19.5828 9.29705 28.6993 7.35524 26.2435 36.0138 50.2744 21.5054 6.00642 11.2733 36.2319 17.6266 27.1873 35.1965 29.7921 8.50577 9.76143 34.3038 34.4637 36.4206 21.9204 5.51321 23.7574 24.573 26.6524 18.2931 41.4754 36.4089 43.3962 16.6846 23.333 39.2255 29.4042 37.9286 38.2412 18.7795 11.9824 36.774 36.7365 32.475 42.5271 24.7662 37.9244 10.499 12.097 32.8812 36.4417 25.051 26.7426 24.1283 29.9315 
18.5918 21.3255 15.0571 17.133 12.8262 17.0028 14.9591 17.6619 12.2503 14.5643 23.0204 26.2038 0 24.2692 22.2025 8.97156 24.5878 16.6382 25.2139 9.45437 24.4592 7.1105 14.6296 24.8109 8.21955 23.6082 19.0882 9.97346 17.3656 7.82061 9.80093 13.8653 18.9906 8.15012 14.0273 10.6468 7.52231 16.3078 16.7314 27.5037 19.5254 14.1409 20.3962 10.9326 17.4795 14.1282 12.9526 4.50206 12.4307 10.1872 12.889 18.4528 24.5992 22.4449 23.2521 9.90805 24.2708 5.13312 25.4903 16.7664 11.168 14.1635 12.4082 10.2638 18.532 20.0872 16.8806 11.1533 24.5789 26.5939 4.9584 22.2869 2.85558 12.9057 22.4018 13.9184 16.1612 21.3407 19.3242 19.1694 2.88307 17.7355 15.1874 11.7402 20.3733 18.7381 21.6501 10.9395 11.207 19.6343 17.6654 8.03441 12.6075 17.2716 20.4229 13.953 10.6469 23.6871 23.2928 19.0409 4.01789 
30.4481 3.93206 27.392 35.8581 36.6929 8.9983 35.5838 20.9991 30.4866 21.3888 46.8444 2.3155 24.2692 0 46.3328 15.6912 30.4856 12.3351 1.09838 21.6957 29.3432 19.2134 25.85 2.87877 19.5163 32.5774 16.0469 16.0408 39.996 17.988 28.6982 30.9358 12.3261 21.8699 32.2652 19.7876 18.0723 8.22758 37.1933 34.1702 43.4951 16.5411 9.86512 29.8266 17.8872 24.2826 30.5122 24.3667 24.8351 17.5486 18.5403 6.99112 26.5518 5.2425 24.0917 34.131 48.2228 19.4691 4.65408 8.97524 34.5197 16.6776 26.0601 33.4908 27.4906 7.97566 7.5962 32.7564 34.0268 34.1882 19.8641 3.24018 21.7513 23.5429 24.4638 15.9786 39.7601 35.5773 41.186 14.4601 21.417 36.9494 27.089 36.0089 35.927 18.4196 12.0754 34.7212 34.9672 30.1701 40.3635 23.3377 35.8123 9.43784 11.9524 31.645 34.6292 22.9387 24.5836 21.8716 28.0658 
26.7979 43.5193 29.6897 17.8707 9.73494 39.1501 19.6694 33.4453 23.4612 30.4716 2.83011 48.3408 22.2025 46.3328 0 31.1524 34.2358 36.899 47.2306 28.7714 35.0002 27.5257 30.4499 46.5866 27.7308 31.0796 39.6561 31.8308 9.44758 29.6077 22.9784 20.8483 40.4945 27.7379 23.41 28.7921 29.3756 38.1949 19.9147 34.9783 3.15935 34.9672 42.2513 19.4524 37.4956 27.9249 24.2584 23.6223 26.0538 30.0127 33.1274 40.0798 37.2358 43.9027 37.2956 12.9247 2.68712 26.8653 47.0259 38.2088 14.8936 34.9383 28.0911 15.7547 29.5239 42.1648 38.8027 18.6926 36.0171 33.6765 26.4841 44.0991 24.5863 30.4162 36.0977 33.2238 11.5729 29.8513 10.9827 38.1807 25.0852 16.9601 26.4177 10.7987 22.7015 38.5162 43.1235 11.7078 13.663 28.3265 9.10843 26.6228 11.255 39.3564 41.9414 24.1107 13.3151 38.4929 37.026 34.2229 18.8088 
22.4012 12.4696 14.8484 24.1268 21.7837 8.03709 20.4433 17.0293 15.8123 14.9265 31.9874 17.4678 8.97156 15.6912 31.1524 0 26.2911 11.5637 16.7034 7.72689 25.7037 7.24701 13.6205 16.681 8.6052 26.5808 11.9029 2.43219 26.0084 2.73764 13.6671 19.8073 10.6949 7.24856 17.7243 10.8643 2.65091 8.40983 22.1511 29.7989 28.4969 7.47644 11.6625 17.5617 11.1955 16.2976 16.0744 8.73172 15.515 8.54215 7.60628 10.8982 24.5861 14.8764 22.5708 18.5887 33.2421 5.36605 17.6706 9.74854 18.8335 7.5772 12.629 17.8078 20.9057 11.1571 8.85131 17.2898 23.8399 29.2153 5.92079 14.1843 7.03217 11.0991 22.1276 11.0174 24.0714 22.9681 27.7191 15.085 6.10954 24.9811 18.5446 20.5553 26.0918 12.5061 13.2735 19.8737 19.2817 22.9238 26.3349 8.56635 21.3867 8.35015 12.0448 17.2539 18.9739 22.3894 22.8144 18.4928 12.5006 
7.54766 30.7525 39.1891 16.4311 26.7266 30.4319 38.6047 9.92977 36.795 11.3685 32.8049 32.7064 24.5878 30.4856 34.2358 26.2911 0 18.6517 30.6352 32.4295 1.35852 19.5596 38.434 28.5481 18.0376 3.71595 37.6464 28.7196 24.7983 27.9936 34.3704 13.9423 35.2511 31.3167 38.4992 15.5015 27.6615 24.7482 40.2585 3.73189 31.2099 33.7172 34.7491 16.4892 37.3897 10.5433 37.5263 28.9257 12.1587 17.7555 33.8246 24.2087 4.88253 25.3777 6.92269 29.3987 34.4528 22.3576 27.5961 22.6658 33.0039 33.828 36.5499 32.5392 6.08022 33.0531 25.219 34.7768 48.7744 3.75805 21.9411 27.2494 22.886 36.2223 6.17517 16.2134 36.2154 45.9281 23.7789 16.0259 24.5099 17.4591 9.62282 29.6033 12.201 38.6722 37.2122 25.5091 32.1873 6.01827 25.1507 31.8537 24.272 31.2566 36.1878 38.4926 31.1424 8.4604 6.38244 8.75406 27.0081 
18.1203 12.1084 26.4102 24.1104 27.1947 12.3124 30.94 8.82994 26.8884 9.08437 36.8923 14.645 16.6382 12.3351 36.899 11.5637 18.6517 0 12.7441 19.2797 17.6396 9.73389 25.1575 11.0997 9.2106 20.3952 20.3938 13.6279 29.3563 14.2203 24.553 19.1602 17.3896 18.6935 28.8234 8.3311 14.0422 6.27426 32.7118 22.3828 33.8447 17.608 16.4241 18.6017 20.8463 12.0548 27.2761 18.9111 12.8562 6.91621 18.5733 5.60032 15.366 7.87448 12.9754 26.1173 38.4096 11.6048 10.855 4.03886 27.8061 17.7477 24.1721 26.893 15.1724 14.5828 6.66227 27.3667 35.245 22.242 11.6922 9.16192 13.7836 22.6227 13.0112 3.94418 32.7454 34.5115 30.1234 3.69694 14.3985 25.258 14.8508 27.6022 23.7043 21.9781 18.9911 25.2482 27.7954 17.8407 29.7446 19.8888 25.7696 13.1813 18.0921 28.4465 27.1444 12.2494 13.3813 9.89783 20.6298 
30.8593 5.02402 28.4898 36.4831 37.5708 10.0961 36.6583 21.2814 31.5721 21.8266 47.703 2.12386 25.2139 1.09838 47.2306 16.7034 30.6352 12.7441 0 22.7827 29.4668 20.0099 26.9475 2.35074 20.253 32.8306 17.0806 17.1046 40.7813 19.0327 29.7724 31.5479 13.3682 22.9459 33.3543 20.4099 19.1103 9.05889 38.2722 34.2977 44.3733 17.638 10.8756 30.5227 18.952 24.7639 31.6021 25.397 25.3918 18.2349 19.6387 7.59803 26.5932 5.26093 24.1395 35.0918 49.0943 20.3666 4.01483 9.5987 35.5366 17.7744 27.1569 34.5098 27.8368 9.02341 8.43885 33.8106 35.0894 34.3573 20.7488 3.58848 22.663 24.6413 24.5636 16.4844 40.7747 36.6723 41.9244 14.6254 22.3724 37.5866 27.5682 36.9535 36.4184 19.4646 13.023 35.5965 35.9675 30.5305 41.1515 24.413 36.6459 10.5352 12.9501 32.7362 35.6157 22.9365 24.641 22.0937 29.0363 
27.3347 17.9371 7.1905 26.5832 20.6015 12.794 14.0034 23.907 8.79364 21.3433 30.2364 23.0172 9.45437 21.6957 28.7714 7.72689 32.4295 19.2797 22.7827 0 32.0417 12.9143 6.11984 23.2849 14.4407 32.0735 10.8886 6.0313 25.9665 5.07506 7.19501 23.2013 12.2042 1.30511 10.5776 17.0696 5.29269 15.6585 15.5468 35.6947 26.6439 6.40369 14.4245 20.3497 8.76149 21.952 8.83303 5.58531 20.6517 15.2705 4.38751 18.2051 31.4111 22.0138 29.5926 15.895 31.2016 10.0757 24.5329 17.3152 14.4732 6.34336 4.90415 13.4565 26.6094 15.0393 15.9753 11.6874 16.5235 34.9341 10.4899 20.9257 9.8573 3.79272 29.0036 18.352 19.5001 15.2413 28.1977 22.7515 8.1606 27.1612 23.6485 18.0417 29.7283 9.868 14.6944 19.0182 15.3975 28.1758 26.213 2.1573 21.1197 12.5686 13.6015 9.98366 15.5218 29.5966 29.7731 25.3832 10.6712 
8.20794 29.7154 38.8874 17.283 27.2549 29.5593 38.6929 9.0434 36.7002 10.7958 33.6489 31.5481 24.4592 29.3432 35.0002 25.7037 1.35852 17.6396 29.4668 32.0417 0 19.1336 38.086 27.3552 17.6067 4.96869 36.9147 28.1358 25.5858 27.5039 34.2591 14.4794 34.4319 30.9579 38.4364 15.0149 27.1787 23.7963 40.3685 4.83106 31.9449 33.0878 33.851 16.8696 36.7367 10.3353 37.4117 28.7305 12.0846 17.163 33.2744 23.1619 3.52462 24.2061 5.602 29.7001 35.3013 21.9683 26.3695 21.6699 33.2155 33.202 36.2611 32.713 6.17071 32.1194 24.2498 34.8479 48.4579 5.04587 21.5746 26.1123 22.6297 35.8315 4.92701 15.3881 36.583 45.7772 24.6749 14.8885 24.2232 18.3468 9.78016 29.999 13.2514 38.0084 36.3388 25.9639 32.4467 6.67497 25.9458 31.5517 24.8319 30.3935 35.3347 38.4015 31.4167 7.12197 5.0621 7.77538 27.0452 
15.1717 17.0544 19.8694 17.4427 17.7923 13.9858 21.947 11.1894 18.6249 8.44504 27.7879 21.3844 7.1105 19.2134 27.5257 7.24701 19.5596 9.73389 20.0099 12.9143 19.1336 0 18.9889 19.1394 1.52699 19.5019 19.1459 9.54653 20.783 8.48424 16.1641 12.8404 17.6688 11.8629 20.5145 4.17129 8.14102 10.99 23.7275 22.9194 24.5579 14.6549 18.1706 10.9927 18.3809 9.22006 19.1913 10.3416 8.28169 3.07756 14.4246 12.6158 18.5766 16.3788 16.9006 16.3836 29.2295 2.87818 19.5046 10.7016 18.209 14.7446 17.2889 17.3385 13.8871 17.1693 11.626 18.1983 29.3887 22.2414 2.58875 16.6969 4.35642 16.7007 16.2132 6.80806 23.0527 27.2218 22.0473 12.0649 5.52672 18.4067 11.3229 17.8977 18.9505 19.6996 20.1257 15.818 18.1151 15.7541 21.1501 12.5814 16.673 14.57 18.9271 20.2974 17.4314 17.1055 17.0295 12.6473 11.0045 
33.0589 21.9328 1.56381 31.3712 23.6396 16.8933 12.4118 30.0248 7.24475 27.431 32.349 26.7831 14.6296 25.85 30.4499 13.6205 38.434 25.1575 26.9475 6.11984 38.086 18.9889 0 27.8335 20.5118 37.9205 11.6922 11.5707 29.4351 11.1042 7.52232 28.4759 14.4923 7.12966 8.15072 23.1554 11.3557 20.945 13.4498 41.6316 28.8369 9.31165 17.095 25.4849 9.18411 27.9154 6.64938 10.1741 26.5176 21.3903 7.35666 23.4629 37.5211 27.0356 35.7123 18.2831 33.0531 16.1273 29.2607 22.8368 15.5563 9.17719 2.49797 14.7196 32.546 18.3262 21.1609 11.8348 10.4084 40.828 16.5115 25.6543 15.6399 2.54281 35.1185 24.4392 19.7466 9.7916 31.8928 28.7053 13.9687 31.8028 29.465 20.3313 34.9576 9.6058 16.4108 22.3909 16.8168 33.9843 29.621 6.6702 24.7067 16.4123 15.6176 7.35345 17.3224 35.7111 35.8914 31.5007 14.5068 
29.1108 6.32445 29.3511 35.1159 36.8758 10.9687 36.9666 19.3735 32.0191 20.1514 46.9259 4.44524 24.8109 2.87877 46.5866 16.681 28.5481 11.0997 2.35074 23.2849 27.3552 19.1394 27.8335 0 19.2165 30.8573 18.58 17.4093 39.7957 19.179 30.0972 30.1653 14.8473 23.3179 33.85 19.0986 19.2129 8.506 38.624 32.1844 43.6661 18.5876 12.5014 29.3321 20.2737 23.1509 32.1142 25.4109 23.9171 17.0894 20.4784 6.5237 24.411 3.27003 21.9663 34.719 48.3574 19.816 1.78215 8.46654 35.436 18.7298 27.8415 34.4235 25.9972 10.5174 7.95125 33.9521 36.3881 32.286 20.1502 2.52683 22.1473 25.4457 22.4367 14.9687 40.6493 37.6134 40.8115 12.6053 22.0313 36.2433 25.9416 36.5078 34.7921 20.9005 14.8206 34.8978 35.7774 28.7055 40.1729 24.7705 35.8104 11.5493 14.6064 33.2684 35.3583 20.7247 22.4752 20.1058 28.726 
13.8027 17.6263 21.3819 16.6556 18.0082 14.9149 23.158 9.73364 20.0024 6.929 27.838 21.7403 8.21955 19.5163 27.7308 8.6052 18.0376 9.2106 20.253 14.4407 17.6067 1.52699 20.5118 19.2165 0 18.034 20.4658 10.9555 20.5794 9.98329 17.5346 11.9119 18.831 13.3842 21.8769 2.66446 9.64376 11.3615 24.9347 21.4118 24.7051 16.0597 19.1812 10.3609 19.7855 7.74173 20.5912 11.7286 6.92811 2.2944 15.9001 12.7264 17.0747 16.3152 15.4369 17.0592 29.3212 4.38983 19.4428 10.7524 19.1511 16.1539 18.7938 18.3197 12.3979 18.0618 12.0016 19.3697 30.9092 20.7484 4.05699 16.8376 5.61625 18.2276 14.7249 5.87324 23.8664 28.6797 21.6728 11.1551 6.93758 17.6713 9.94367 18.4464 17.8328 21.1008 21.2307 16.0525 18.9637 14.3259 20.9564 14.0822 16.694 15.5497 20.049 21.6843 18.221 15.6907 15.5524 11.181 11.9676 
5.20287 32.4461 38.5418 13.2089 24.0904 31.5637 36.9323 11.5884 35.6036 12.0561 29.5101 34.8497 23.6082 32.5774 31.0796 26.5808 3.71595 20.3952 32.8306 32.0735 4.96869 19.5019 37.9205 30.8573 18.034 0 38.2739 28.9693 21.635 27.9754 33.2399 11.4927 36.1725 30.8888 37.2136 15.7398 27.6272 26.2001 38.5234 4.1785 28.1188 34.057 35.9337 14.3554 37.7752 10.2936 36.3826 28.0703 11.422 18.2242 33.9264 25.994 8.39731 27.6204 10.0942 27.266 31.1464 22.1359 30.0564 24.2923 31.0611 34.1564 35.884 30.6924 5.69428 34.3691 26.7242 33.1705 48.1221 3.04856 21.6631 29.3419 22.2828 35.8444 9.11899 17.419 33.8839 44.8374 20.4228 18.2535 23.9637 14.1567 8.45898 27.2467 8.661 39.0827 38.2994 23.0498 30.1341 3.97656 21.9712 31.2617 21.5862 32.3504 37.2139 37.2809 29.0609 11.6848 9.57111 10.7515 25.5585 
34.2659 12.256 13.2076 35.6902 31.269 8.46004 23.6957 27.9333 18.2853 26.3497 41.0733 16.3498 19.0882 16.0469 39.6561 11.9029 37.6464 20.3938 17.0806 10.8886 36.9147 19.1459 11.6922 18.58 20.4658 38.2739 0 9.73817 36.3516 11.4946 17.4904 31.588 3.73292 11.9358 19.5996 22.5505 11.8429 14.4255 24.9363 41.2655 37.4806 4.94733 6.24004 29.1528 2.51186 28.0577 17.9263 16.1945 27.3926 20.0516 6.53568 16.4183 35.3014 18.9032 33.0542 26.7609 42.0705 17.0924 20.2659 16.7779 25.2686 4.92777 13.0237 24.2712 32.5796 8.07914 14.2892 22.1589 18.1209 40.7848 17.647 16.963 18.2038 10.1963 32.8453 21.5821 30.1492 20.6163 38.4009 24.0451 16.7579 36.4548 30.4059 28.9057 37.9506 2.44477 4.81791 29.5764 26.2532 34.7228 36.6291 13.0431 31.5239 7.62243 4.29633 18.8315 26.4073 32.5332 33.3898 29.3201 21.2768 
24.7179 12.4799 12.8931 26.0098 22.7262 7.54081 19.5765 19.4483 14.6272 17.3567 32.8586 17.5837 9.97346 16.0408 31.8308 2.43219 28.7196 13.6279 17.1046 6.0313 28.1358 9.54653 11.5707 17.4093 10.9555 28.9693 9.73817 0 27.308 2.22314 12.6961 21.8506 9.04635 5.91329 16.4841 13.2747 2.47112 9.62719 21.2193 32.219 29.3143 5.10851 10.4594 19.4547 8.83476 18.6784 14.7693 8.56298 17.8279 10.9737 5.19158 12.1738 27.0019 15.999 24.9667 19.0319 34.0355 7.35481 18.5831 11.3337 18.7428 5.1996 10.8703 17.7015 23.3032 10.3737 9.94956 16.7291 21.6296 31.6244 7.90898 14.9961 8.59005 9.02818 24.541 13.381 23.9743 21.1379 29.1659 17.2325 7.31175 26.81 20.8691 21.0877 28.2191 10.1531 11.6979 20.8804 19.3583 25.281 27.6163 7.36143 22.5773 7.59899 10.4666 15.9377 19.1858 24.7519 25.2182 20.9089 13.0233 
17.3987 37.6983 29.1413 8.42728 5.9745 33.9588 21.7199 24.7095 23.5571 21.9447 8.17542 42.1626 17.3656 39.996 9.44758 26.0084 24.7983 29.3563 40.7813 25.9665 25.5858 20.783 29.4351 39.7957 20.5794 21.635 36.3516 27.308 0 25.1827 22.1422 11.6921 36.3465 24.7274 24.2656 21.031 24.8776 31.7727 22.6923 25.5594 6.52077 31.4185 37.6411 10.9144 34.5608 19.1594 24.4566 20.3838 17.4411 22.7351 29.9608 33.3008 27.9246 36.856 28.133 11.5517 9.82897 20.9666 39.9738 31.3316 15.4141 31.4286 26.9372 15.7726 20.2533 37.1328 32.4082 19.1321 37.2588 24.2613 20.4785 37.4094 18.9855 28.6138 26.9216 25.4844 15.2736 31.8621 2.69548 30.0755 20.0185 7.55818 17.3402 9.93997 13.3404 35.7559 39.0031 7.0505 14.0155 18.9196 0.396472 24.0109 4.8481 34.3437 37.7732 24.7641 13.0712 29.4048 27.8316 25.3352 15.3089 
23.5146 14.5396 12.2551 24.2066 20.5243 9.70304 17.8186 19.0893 13.0952 16.7178 30.644 19.6237 7.82061 17.988 29.6077 2.73764 27.9936 14.2203 19.0327 5.07506 27.5039 8.48424 11.1042 19.179 9.98329 27.9754 11.4946 2.22314 25.1827 0 10.9943 20.22 11.1706 4.51443 15.0009 12.4965 0.361448 11.0632 19.5063 31.3947 27.0964 6.61714 12.6728 17.6868 10.2403 17.7031 13.3422 6.42833 16.6565 10.4525 5.98491 13.5783 26.638 17.5233 24.7284 16.8149 31.8153 5.91396 20.2493 12.4809 16.6238 6.67205 9.95296 15.5852 22.3713 12.5881 11.4687 14.7913 21.439 30.7256 6.4364 16.7131 6.71507 8.63018 24.202 13.3422 21.8644 20.2913 27.0923 17.6766 5.28133 24.9611 19.7048 18.8665 26.6676 11.5564 13.8308 18.6907 17.1966 24.1873 25.4848 5.83234 20.4264 9.80243 12.6051 14.5215 16.9971 24.6556 24.9366 20.5652 10.8003 
28.1288 25.0203 7.01716 24.963 16.2559 19.9074 6.88588 27.232 2.47191 24.2336 24.8324 30.1213 9.80093 28.6982 22.9784 13.6671 34.3704 24.553 29.7724 7.19501 34.2591 16.1641 7.52232 30.0972 17.5346 33.2399 17.4904 12.6961 22.1422 10.9943 0 22.7732 19.2891 6.83044 4.35278 20.1363 11.0231 22.0554 8.52745 37.2101 21.315 13.4715 21.5895 19.672 15.0992 23.9291 3.15599 5.826 22.2124 19.1064 11.3343 24.5617 34.344 28.5176 32.8972 10.8059 25.5619 13.4431 31.2234 23.3713 8.10734 13.3915 5.11424 7.22452 28.3023 22.233 22.4623 4.67132 15.6083 36.2566 13.6 27.6621 11.9458 7.55696 32.0991 22.6918 12.691 11.5978 24.6751 27.6684 10.6424 25.239 24.8932 12.8244 29.0354 15.9385 21.6855 15.1532 9.31978 29.2656 22.3032 5.36153 17.5274 19.7297 20.6492 4.16868 9.80017 33.2207 32.9699 28.6526 8.01396 
6.43288 29.424 28.8124 4.95223 12.7871 26.7989 25.7121 13.1859 24.9913 10.7212 19.8625 33.2237 13.8653 30.9358 20.8483 19.8073 13.9423 19.1602 31.5479 23.2013 14.4794 12.8404 28.4759 30.1653 11.9119 11.4927 31.588 21.8506 11.6921 20.22 22.7732 0 30.4408 21.9129 26.4388 11.1484 19.8599 23.0257 27.2396 15.671 17.7214 26.8165 31.0107 3.10976 30.4595 7.72162 25.8293 18.3041 6.35288 13.4986 26.0709 23.9584 16.4215 27.0031 16.466 15.7955 21.5122 14.5014 30.0152 21.9637 19.6665 26.8797 26.1917 19.3673 8.69756 29.9628 23.6574 22.0491 38.2005 14.4949 13.9451 27.9955 13.5937 26.7578 15.2611 15.226 22.4003 34.2448 11.5767 19.1202 15.2257 6.10035 5.65169 15.7639 6.52728 31.7738 32.9401 11.599 18.6855 7.9352 12.081 21.8989 10.3525 27.4036 31.7319 26.6104 17.6039 17.7154 16.1834 13.6964 14.7984 
32.4806 8.5231 16.052 34.8199 31.6405 5.11146 25.8673 25.3919 20.4635 24.1307 41.686 12.7251 18.9906 12.3261 40.4945 10.6949 35.2511 17.3896 13.3682 12.2042 34.4319 17.6688 14.4923 14.8473 18.831 36.1725 3.73292 9.04635 36.3465 11.1706 19.2891 30.4408 0 12.978 21.9725 20.6255 11.47 11.2168 27.2493 38.9286 38.1135 5.81975 2.64915 28.2556 5.68534 26.1311 20.2372 16.8799 25.7029 18.0437 7.96157 12.9964 32.5825 15.2474 30.2647 27.5816 42.7953 16.0609 16.5364 13.5802 26.6206 5.89755 15.3807 25.5911 30.4998 4.35158 10.9916 23.872 21.7554 38.5391 16.6152 13.2634 17.5802 12.582 30.1529 19.0463 31.6976 23.8574 38.2107 20.96 16.3574 35.6753 28.6399 29.6966 36.6187 6.09668 2.66122 29.8362 27.4619 32.794 36.6515 14.3047 31.597 4.23751 1.44833 21.2442 27.4714 29.6293 30.6324 26.7216 21.7601 
26.1134 18.1941 8.04552 25.2782 19.4199 13.0946 13.7147 22.9441 8.71597 20.3072 29.1394 23.2979 8.15012 21.8699 27.7379 7.24856 31.3167 18.6935 22.9459 1.30511 30.9579 11.8629 7.12966 23.3179 13.3842 30.8888 11.9358 5.91329 24.7274 4.51443 6.83044 21.9129 12.978 0 10.5849 16.0319 4.65772 15.4518 15.33 34.5461 25.5464 7.26419 15.0753 19.0514 9.90515 20.8128 8.88827 4.34813 19.4686 14.338 5.40023 17.9889 30.415 21.8752 28.6454 14.8288 30.137 8.99803 24.4945 16.9718 13.6445 7.22377 5.56404 12.6136 25.4584 15.5328 15.8132 11.1073 17.5259 33.7672 9.38369 20.9093 8.63177 4.95879 28.024 17.5392 18.756 15.8515 26.937 22.0894 6.93782 25.8567 22.4505 16.9723 28.4392 11.0528 15.5311 17.8052 14.4947 26.9775 24.9789 1.46914 19.8793 12.9529 14.4008 10.0637 14.5527 28.6999 28.8103 24.4176 9.4558 
32.0559 28.477 6.90054 28.1533 18.2922 23.325 4.29067 31.5597 1.93505 28.5373 25.6141 33.5306 14.0273 32.2652 23.41 17.7243 38.4992 28.8234 33.3543 10.5776 38.4364 20.5145 8.15072 33.85 21.8769 37.2136 19.5996 16.4841 24.2656 15.0009 4.35278 26.4388 21.9725 10.5849 0 24.4683 15.0755 26.0288 5.33878 41.2396 22.2878 16.2941 24.4477 23.3303 17.0975 28.127 1.76087 10.1787 26.3598 23.4588 14.124 28.5605 38.6201 32.4598 37.2122 12.7236 26.0833 17.7947 35.0641 27.4711 8.99019 16.1883 6.60804 8.50072 32.4204 25.353 26.3973 5.1377 13.0218 40.2479 17.9525 31.4683 16.2773 9.43877 36.3975 27.0371 12.1117 7.87498 26.9101 31.987 14.9946 28.2942 28.954 14.414 32.5088 17.6698 24.1512 17.5802 10.4005 33.2519 24.3651 9.17986 19.9864 23.0387 23.2336 0.801316 11.2361 37.5568 37.2757 32.9735 11.6868 
11.8633 18.3936 24.0404 16.0743 19.1753 16.3421 25.6033 7.09804 22.6072 4.27562 28.6494 22.0756 10.6468 19.7876 28.7921 10.8643 15.5015 8.3311 20.4099 17.0696 15.0149 4.17129 23.1554 19.0986 2.66446 15.7398 22.5505 13.2747 21.031 12.4965 20.1363 11.1484 20.6255 16.0319 24.4683 0 12.1679 11.9451 27.3728 18.9515 25.6955 18.3369 20.6979 10.2878 22.0473 5.51847 23.2123 14.35 5.26144 2.60256 18.3341 12.8149 14.4106 16.0032 12.7881 18.8912 30.1913 7.04769 19.0791 10.8177 21.3037 18.4398 21.4564 20.5234 10.0519 19.3813 12.568 21.7821 33.5577 18.3512 6.72122 16.8718 8.19142 20.8498 12.0622 4.46662 25.8329 31.3343 21.8098 9.45409 9.58207 17.1776 8.04674 20.0927 16.5031 23.3509 22.9024 17.2776 21.0022 12.1919 21.4204 16.7457 17.5771 17.0544 21.7602 24.2951 20.1901 13.0899 12.8946 8.53308 14.2025 
23.1582 14.6649 12.482 23.8541 20.2556 9.87897 17.8214 18.7908 13.1619 16.3963 30.3885 19.7379 7.52231 18.0723 29.3756 2.65091 27.6615 14.0422 19.1103 5.29269 27.1787 8.14102 11.3557 19.2129 9.64376 27.6272 11.8429 2.47112 24.8776 0.361448 11.0231 19.8599 11.47 4.65772 15.0755 12.1679 0 11.0363 19.5199 31.0556 26.8461 6.97309 12.9304 17.3315 10.6008 17.3581 13.4319 6.30647 16.3024 10.1488 6.34238 13.5386 26.3354 17.5019 24.4384 16.6076 31.5695 5.55572 20.2568 12.3957 16.496 7.0292 10.1456 15.4595 22.0274 12.801 11.4575 14.7415 21.709 30.3822 6.07677 16.7363 6.36295 8.89739 23.9026 13.0836 21.7389 20.477 26.7737 17.4723 4.94664 24.6119 19.3503 18.6485 26.3065 11.9172 14.1286 18.4131 17.0431 23.835 25.1816 5.93023 20.1298 10.0054 12.9008 14.6115 16.8232 24.3802 24.6424 20.2672 10.574 
23.3102 6.46486 22.3588 27.8938 28.5195 6.10671 28.8522 14.827 24.1386 14.3235 38.6443 10.3998 16.3078 8.22758 38.1949 8.40983 24.7482 6.27426 9.05889 15.6585 23.7963 10.99 20.945 8.506 11.3615 26.2001 14.4255 9.62719 31.7727 11.0632 22.0554 23.0257 11.2168 15.4518 26.0288 11.9451 11.0363 0 30.5557 28.4766 35.3213 12.3789 10.1499 21.7159 15.205 16.9305 24.3401 17.0615 17.1601 9.52942 13.7892 2.54676 21.6318 6.46685 19.2488 26.2155 40.0387 11.351 9.31375 2.36486 26.9806 12.5262 20.4737 25.9765 20.7254 8.33172 0.640152 25.6707 30.4953 28.2509 11.7126 5.98016 13.6703 18.4258 19.258 8.81179 32.178 30.6614 32.9987 9.75425 13.5263 28.9515 19.6971 28.0182 28.3962 16.2274 12.7203 26.544 27.2893 23.2794 32.1392 16.8503 27.5916 6.98094 11.8433 25.5153 26.8567 18.5059 19.6508 16.0216 20.221 
33.3212 33.4752 12.1196 28.0245 16.9388 28.3386 1.78153 34.3318 6.80929 31.172 22.4048 38.5623 16.7314 37.1933 19.9147 22.1511 40.2585 32.7118 38.2722 15.5468 40.3685 23.7275 13.4498 38.624 24.9347 38.5234 24.9363 21.2193 22.6923 19.5063 8.52745 27.2396 27.2493 15.33 5.33878 27.3728 19.5199 30.5557 0 42.6602 19.4083 21.5197 29.6893 24.2171 22.4355 30.2742 7.02629 13.8097 28.3639 26.7845 19.3458 33.0485 40.9844 37.0218 39.83 11.8365 22.5942 21.2513 39.7475 31.797 7.71222 21.42 11.9284 7.87701 34.2206 30.5118 30.9738 5.6055 16.2266 41.5701 21.2934 36.1893 19.3717 14.7626 38.9099 30.4828 8.35517 9.94391 25.3876 35.6292 18.3997 27.9369 30.6377 12.869 32.7829 23.0035 29.4664 16.8077 8.94613 34.6521 22.7068 13.8664 19.0877 28.1095 28.5308 6.118 10.0236 40.3566 39.828 35.6742 13.4075 
9.35048 34.4816 42.3187 17.1466 28.2324 34.1367 41.0566 13.6533 39.5975 14.9268 33.2905 36.3782 27.5037 34.1702 34.9783 29.7989 3.73189 22.3828 34.2977 35.6947 4.83106 22.9194 41.6316 32.1844 21.4118 4.1785 41.2655 32.219 25.5594 31.3947 37.2101 15.671 38.9286 34.5461 41.2396 18.9515 31.0556 28.4766 42.6602 0 32.0706 37.2532 38.4623 18.5227 40.9437 13.745 40.361 31.9249 15.1418 21.2928 37.2809 27.9357 8.02116 29.0371 10.3339 31.4422 34.9097 25.6593 31.1859 26.3977 35.2239 37.3606 39.6665 34.8426 9.08771 36.7769 28.9496 37.2783 51.9098 1.3082 25.2164 30.9376 26.0075 39.4828 9.74969 19.9085 38.0588 48.8043 24.1781 19.7123 27.6656 18.0182 12.3212 31.4219 12.3212 42.2347 40.9154 27.2192 34.3065 8.01799 25.882 35.0022 25.7213 34.9572 39.8823 41.2833 33.2348 11.7749 9.80137 12.4856 29.6181 
23.7373 40.7765 28.2086 14.9264 6.80258 36.5249 18.8867 30.2864 22.0929 27.3177 3.59307 45.5379 19.5254 43.4951 3.15935 28.4969 31.2099 33.8447 44.3733 26.6439 31.9449 24.5579 28.8369 43.6661 24.7051 28.1188 37.4806 29.3143 6.52077 27.0964 21.315 17.7214 38.1135 25.5464 22.2878 25.6955 26.8461 35.3213 19.4083 32.0706 0 32.7027 39.7684 16.2931 35.4039 24.7656 22.9363 21.3205 22.8955 26.9779 30.9461 37.1485 34.1262 40.9342 34.1549 10.7693 4.74765 24.0339 44.0614 35.2567 13.4207 32.6832 26.4108 14.1552 26.408 39.5859 35.9359 17.3281 35.1678 30.7746 23.631 41.1919 21.7903 28.5761 32.9594 30.1385 11.1506 29.2134 8.42066 35.0625 22.3964 14.0789 23.2733 8.62887 19.8598 36.4767 40.7602 8.77738 12.0739 25.2701 6.21884 24.5207 8.12856 36.7711 39.5618 22.9336 11.5151 35.3436 33.8901 31.0643 16.3537 
29.826 12.6214 10.8598 30.8191 26.4001 7.61969 20.0964 24.2711 14.7149 22.3496 36.2915 17.4982 14.1409 16.5411 34.9672 7.47644 33.7172 17.608 17.638 6.40369 33.0878 14.6549 9.31165 18.5876 16.0597 34.057 4.94733 5.10851 31.4185 6.61714 13.4715 26.8165 5.81975 7.26419 16.2941 18.3369 6.97309 12.3789 21.5197 37.2532 32.7027 0 8.17094 24.3039 3.72642 23.7716 14.5423 11.3822 22.9361 15.9652 2.17391 14.7689 31.785 18.0414 29.6611 22.0443 37.3337 12.383 20.072 14.5452 20.8635 0.148023 9.77363 19.841 28.3818 9.11305 12.4606 18.0537 18.158 36.6853 12.9289 16.4953 13.3292 7.08305 29.3174 18.0399 25.9034 19.0467 33.4552 21.3018 11.8427 31.5614 25.9776 24.1801 33.2367 5.04474 8.29225 24.6792 21.7508 30.3856 31.6993 8.53008 26.5971 7.1037 7.20121 15.5915 21.8161 29.3217 29.9464 25.7106 16.4184 
32.5361 6.22126 18.6574 35.5569 33.1826 4.37781 28.2647 24.8244 22.8857 23.8877 43.3167 10.1159 20.3962 9.86512 42.2513 11.6625 34.7491 16.4241 10.8756 14.4245 33.851 18.1706 17.095 12.5014 19.1812 35.9337 6.24004 10.4594 37.6411 12.6728 21.5895 31.0107 2.64915 15.0753 24.4477 20.6979 12.9304 10.1499 29.6893 38.4623 39.7684 8.17094 0 29.0247 8.32807 26.1246 22.7011 18.7396 25.8998 18.0955 10.3443 11.5242 31.7758 13.2472 29.3983 29.3909 44.4837 16.9347 14.2339 12.4465 28.6898 8.26928 17.8842 27.6523 30.3185 2.08416 9.79495 26.1093 24.3479 38.1584 17.4739 11.1432 18.6908 15.114 29.3896 18.5743 33.8298 26.5036 39.3813 19.8384 17.6372 36.4705 28.7432 31.4769 37.007 8.66398 2.61788 31.3266 29.4608 32.7264 37.9612 16.4622 32.9665 3.64562 2.10689 23.7335 29.4018 28.6423 29.7979 26.083 23.4475 
9.17864 27.9738 25.7781 6.56577 10.6035 24.9337 22.6652 13.9951 21.8825 11.0854 18.8613 32.0721 10.9326 29.8266 19.4524 17.5617 16.4892 18.6017 30.5227 20.3497 16.8696 10.9927 25.4849 29.3321 10.3609 14.3554 29.1528 19.4547 10.9144 17.6868 19.672 3.10976 28.2556 19.0514 23.3303 10.2878 17.3315 21.7159 24.2171 18.5227 16.2931 24.3039 29.0247 0 27.8875 8.47567 22.7219 15.3125 6.61429 12.2878 23.4194 22.939 18.402 26.2769 18.0872 12.9445 20.4713 12.1963 29.363 20.9406 16.7069 24.3573 23.1707 16.3595 10.8012 28.13 22.3556 18.9733 35.1284 17.391 11.641 27.0394 10.9794 23.837 16.9279 14.6819 19.7282 31.1351 11.523 19.1627 12.5407 7.4459 7.30496 13.13 9.47517 29.1913 30.8152 9.13979 15.7876 10.597 11.31 18.9572 8.37683 25.4762 29.592 23.5006 14.7212 19.173 17.8785 14.7875 11.69 
33.5514 13.9996 10.7055 34.3683 29.3241 9.61965 21.212 27.8655 15.8095 26.0274 38.996 18.4007 17.4795 17.8872 37.4956 11.1955 37.3897 20.8463 18.952 8.76149 36.7367 18.3809 9.18411 20.2737 19.7855 37.7752 2.51186 8.83476 34.5608 10.2403 15.0992 30.4595 5.68534 9.90515 17.0975 22.0473 10.6008 15.205 22.4355 40.9437 35.4039 3.72642 8.32807 27.8875 0 27.493 15.4326 14.2379 26.6617 19.6509 4.60757 17.4107 35.3453 20.2633 33.178 24.6485 39.9477 16.0776 21.8985 17.4943 22.9729 3.63702 10.5354 21.9898 32.0963 9.94611 15.1705 19.7704 16.1399 40.3898 16.6191 18.4628 16.9108 7.71718 32.8782 21.5811 27.7829 18.239 36.6941 24.5392 15.3644 35.0758 29.7037 26.7952 36.9049 1.32208 7.2606 27.6906 24.0006 34.1112 34.824 10.887 29.7163 8.87301 6.58196 16.3269 24.2044 32.7731 33.4807 29.2915 19.3482 
6.42336 23.3811 28.6496 12.4931 18.9314 21.7524 28.564 5.55271 26.3752 3.0843 27.245 26.5978 14.1282 24.2826 27.9249 16.2976 10.5433 12.0548 24.7639 21.952 10.3353 9.22006 27.9154 23.1509 7.74173 10.2936 28.0577 18.6784 19.1594 17.7031 23.9291 7.72162 26.1311 20.8128 28.127 5.51847 17.3581 16.9305 30.2742 13.745 24.7656 23.7716 26.1246 8.47567 27.493 0 27.0801 18.4033 2.02055 8.08733 23.6396 17.3293 10.7379 19.9088 9.91053 20.2274 28.8726 11.9178 22.8001 15.4106 23.4007 23.8695 26.0082 22.7995 4.67296 24.7245 17.5205 24.7019 38.2375 13.0273 11.4715 21.1754 12.3427 25.7418 8.84203 8.30913 27.2613 35.4423 19.2756 11.4923 13.9711 13.6882 2.8064 20.9083 11.655 28.8034 28.377 17.289 22.7867 6.67339 19.5549 21.3162 16.82 22.4905 27.2471 28.0773 21.8198 10.8303 9.7943 6.32134 16.8763 
31.2616 26.7192 5.55703 27.8319 18.494 21.567 5.80254 30.3104 0.903244 27.3408 26.3459 31.7708 12.9526 30.5122 24.2584 16.0744 37.5263 27.2761 31.6021 8.83303 37.4117 19.1913 6.64938 32.1142 20.5912 36.3826 17.9263 14.7693 24.4566 13.3422 3.15599 25.8293 20.2372 8.88827 1.76087 23.2123 13.4319 24.3401 7.02629 40.361 22.9363 14.5423 22.7011 22.7219 15.4326 27.0801 0 8.86337 25.3681 22.0838 12.3709 26.8765 37.4672 30.7587 35.9898 12.9242 26.9098 16.4188 33.3411 25.8225 9.51842 14.4377 4.9057 8.86363 31.4582 23.5943 24.6985 5.60884 12.8684 39.4025 16.6112 29.7412 15.0331 7.73962 35.2077 25.6125 13.2115 8.4584 27.0593 30.4957 13.6655 28.0466 28.0459 14.7688 32.0276 16.0501 22.4402 17.6053 10.8907 32.4095 24.5833 7.51013 20.0096 21.2782 21.5088 1.17956 11.6066 36.2816 36.0719 31.7399 11.0329 
