100
1.77964 9.23871 0.345036 0
15.5454 21.2334 0.897336 0
0.979707 17.1757 2.1828 0
17.9154 22.1708 2.14983 0
5.6297 18.0774 0.207883 0
13.9058 13.9889 1.00773 0
13.3525 16.1262 2.06895 0
2.521 16.4652 1.49383 0
5.03679 5.91903 2.02106 1
13.0103 23.6129 19.557 1
5.55367 23.0376 23.6266 0
2.99148 11.5449 1.1168 0
9.99182 16.1788 1.27378 0
4.58915 17.3626 0.767341 0
0.742909 20.0079 0.81734 0
1.77015 6.51813 0.240097 0
4.00744 22.9938 0.945787 1
9.44282 14.2872 2.23549 0
18.4657 18.9975 1.12583 0
4.08179 21.4667 0.345795 0
0.940094 2.43686 0.831339 1
6.70058 18.1144 0.417783 0
3.86092 17.9377 1.54779 0
10.9112 17.4193 1.71427 0
13.4642 19.8218 1.49792 0
9.82074 22.4849 0.522466 0
17.6644 21.8337 0.292577 0
11.0064 14.1199 1.12572 0
3.83465 13.699 1.58639 0
18.0662 19.318 24.7589 0
8.51535 14.0523 1.65659 0
13.5775 21.4831 29.6842 0
13.1469 21.2508 1.50602 0
2.20518 9.32648 0.242061 1
1.29631 12.8448 1.46962 0
2.05217 20.5273 10.115 0
2.32792 22.0491 1.47263 0
7.83227 18.4961 2.09081 0
1.18991 2.53451 1.99939 1
7.34269 23.39 0.877573 1
14.4701 15.4768 0.260012 0
7.11739 17.3377 1.86003 1
17.5747 21.5599 25.9346 0
7.28389 11.1105 1.64751 0
17.378 23.3602 1.3367 0
12.0067 17.4269 0.583233 1
2.29878 12.6611 1.35106 0
2.05208 22.1688 1.62815 0
17.7379 19.0012 2.1624 0
5.40007 20.544 1.30233 0
5.96605 6.78987 0.891554 0
13.3027 21.5229 1.6933 0
12.3448 20.9329 1.32947 0
17.4777 19.9871 2.06977 0
17.0239 19.953 1.75732 0
6.07067 11.2917 2.14382 0
4.91038 16.4332 1.69704 0
7.3336 17.7721 0.607039 1
9.6716 21.0701 1.25172 0
12.1192 22.587 1.47571 0
8.39472 10.5535 29.1983 0
15.1564 16.4037 0.37517 1
7.52446 9.01291 0.612484 0
1.65704 15.6054 0.485388 0
12.072 21.4355 1.86797 1
3.82204 13.7491 0.558774 0
11.0565 19.6421 1.61915 0
2.75856 4.68194 0.801916 0
5.14435 22.2811 2.26848 0
1.83867 19.0427 0.751403 0
0.0253418 20.3554 0.466608 0
8.69416 9.68559 0.931418 0
12.9041 16.5153 0.561704 0
17.1039 21.6393 27.4938 0
14.4234 21.6589 0.63262 1
1.69763 23.5722 1.63928 0
1.11122 16.8739 5.53784 0
12.4666 15.8572 0.351128 0
1.6741 12.5641 0.405223 0
12.2079 23.1259 25.8276 1
15.2215 22.2772 0.368472 0
1.73576 12.0038 1.91409 0
8.05146 10.2282 2.00821 0
4.57347 14.1578 1.92478 1
18.1882 19.4407 0.551193 0
14.8276 23.7702 28.8836 1
16.2916 23.2568 0.751773 0
18.8665 23.8817 2.00537 1
5.19576 23.4983 0.383881 0
15.5659 18.8648 1.61576 0
18.3988 21.2192 1.80882 1
5.04856 16.6011 0.307334 0
3.127 3.85598 2.14267 0
3.2561 22.4662 0.872906 0
5.7657 14.3419 0.633765 1
4.67421 4.78267 0.75318 0
8.60887 10.6761 1.92907 1
0.907129 3.77219 0.81783 0
4.43315 11.9471 27.1955 1
8.11252 9.94205 1.21694 0
400 50 500
0.025 0.0125 10000 3000 15 1e+06 300000 6 9
0 9.07342 18.593 19.4332 10.0928 12.1619 11.1035 4.82671 21.6704 30.8255 13.8422 16.5911 28.9153 25.8428 28.1684 27.0217 26.2846 16.1233 2.56275 6.56057 3.4914 9.82805 6.35985 9.10034 16.5838 21.5589 18.9465 11.0306 20.7516 31.5469 18.638 23.3448 23.6492 26.0649 24.5795 13.6358 11.462 22.6532 21.4008 11.0061 13.1652 29.3709 14.4328 10.5974 16.02 17.9218 4.6021 21.4994 9.30563 22.3467 17.4628 28.1626 26.3202 9.99715 17.7244 21.5395 18.6141 26.9587 12.0833 5.24704 16.5732 22.173 14.2884 22.2614 20.5699 14.0336 17.6385 16.0544 22.417 12.1545 16.009 22.0415 4.54305 17.2352 29.5004 23.9459 7.9254 21.9309 17.3415 16.324 24.7049 24.2263 24.7231 11.3822 10.6324 23.7199 12.7859 16.3295 16.5515 28.0891 22.529 11.3837 16.2266 9.29776 12.5301 18.9843 5.26977 16.6272 23.7945 0.72099 21.0679 
9.07342 0 26.4324 24.1807 18.9044 15.6197 16.4365 13.2149 26.3277 34.6787 16.2137 25.6645 34.6264 31.6331 31.6259 23.2716 27.6565 10.5728 11.6362 11.409 12.5503 1.112 7.93829 16.7736 21.9575 25.7202 13.5312 8.23532 29.8251 36.012 26.4647 27.1688 32.2961 21.871 27.377 22.7008 16.1459 31.3035 28.858 16.6454 5.93704 32.804 9.74029 17.1636 8.53815 24.3696 6.87877 16.1069 6.86228 19.7944 15.3662 30.8129 31.9024 6.62851 14.8316 25.6345 26.8808 28.6326 3.05989 3.92082 13.3996 31.2427 13.4904 22.9737 21.3558 20.4225 18.9335 20.6548 27.9247 11.2464 9.12832 24.2559 11.5274 11.9861 32.9257 26.7135 7.61775 24.5449 15.1686 23.2764 18.4102 33.1586 19.3856 12.266 16.7732 32.242 12.9131 12.7731 22.5844 23.2 27.4185 4.09759 7.155 5.30553 20.5375 27.977 8.64059 11.8056 26.9952 8.56132 30.1218 
18.593 26.4324 0 10.7102 15.3562 14.1952 24.4224 13.7681 11.5799 19.0863 15.7608 11.2333 13.3436 10.8032 18.1105 31.9546 21.6035 27.6412 16.6007 22.9436 16.2069 27.4446 19.0672 19.521 8.97325 12.8308 37.5084 22.6208 12.5316 18.2578 0.0727245 14.4286 20.7562 32.0538 17.4914 10.4275 25.4514 6.98311 3.21131 23.9381 31.5295 18.9914 32.9952 22.2426 34.395 5.59729 23.1266 30.8339 27.8502 26.8094 23.6285 19.9619 11.6693 23.0088 35.7631 12.9922 20.331 21.3629 28.9398 22.6743 24.7978 13.8885 31.8117 20.8119 19.931 7.35329 18.027 10.9904 9.5342 20.6254 29.1883 17.5933 20.2773 35.8014 19.1006 17.2336 26.3007 16.6638 23.6928 4.46736 34.6472 18.3275 33.0407 18.3008 10.2995 7.02024 19.2927 34.6445 7.15421 34.786 11.3046 29.6482 33.1327 23.4354 19.2049 8.89834 17.9732 35.1605 16.1506 18.7343 11.2429 
19.4332 24.1807 10.7102 0 21.6266 8.59514 28.8866 15.5116 2.24034 11.4648 8.65395 20.6162 10.6257 7.84155 9.14419 22.232 10.9282 21.2414 18.6708 25.6001 18.8611 25.2925 16.2962 24.6474 3.08606 2.50441 37.2429 17.5664 22.8589 12.139 10.6638 4.4213 30.608 22.6491 7.03244 18.6798 29.6539 17.5447 10.1105 28.5479 30.0438 10.297 32.9063 27.2648 32.7187 5.13563 23.7733 22.8551 28.121 17.4078 15.4639 10.0845 7.90143 18.6346 36.9348 2.59338 28.9076 10.7921 25.8149 21.2874 17.3288 24.3265 33.7099 10.3985 9.84591 6.41656 8.82364 3.54047 4.14908 14.6194 23.4426 6.9208 23.0116 35.5682 10.426 6.66593 27.124 5.96121 15.5982 6.90683 26.5356 28.6281 24.3943 12.5963 8.91795 17.2283 12.8066 35.3198 4.27073 25.4162 3.23962 28.1235 29.5272 19.5921 25.8511 19.2105 15.9476 35.1462 5.75175 19.17 21.7432 
10.0928 18.9044 15.3562 21.6266 0 17.7497 9.39042 8.49112 23.5749 32.6507 19.8978 7.77298 28.3433 25.4906 30.7231 35.5659 31.2108 25.8746 7.7193 9.83888 6.73332 19.4875 15.521 4.4701 18.5677 24.1186 25.4999 20.4908 11.683 32.5234 15.425 26.0433 13.5643 34.8764 28.2762 5.73571 10.5111 16.2302 18.5666 8.85315 21.7632 31.8365 21.2861 7.04064 24.4123 17.8402 12.6405 30.9899 16.5614 30.5065 25.8188 31.6262 26.2346 19.7431 22.4578 24.1844 8.88901 31.5338 21.9627 15.2657 25.5161 12.8696 18.1671 28.1996 26.6615 15.2106 23.7679 19.2161 22.9907 20.7129 26.0164 26.6652 7.952 23.9256 31.9631 27.7538 14.6587 26.1721 25.7492 15.7064 34.4085 14.2668 34.0874 19.1678 13.6752 17.6556 20.6748 21.9187 17.5344 37.1598 23.9796 20.3011 25.9507 19.2346 4.22445 11.1717 14.1087 23.1118 27.1516 10.7548 12.477 
12.1619 15.6197 14.1952 8.59514 17.7497 0 22.8291 9.65871 10.7118 19.2619 2.17335 19.9545 19.1679 16.2624 16.3621 18.8125 14.1944 13.6389 12.2613 18.7001 12.8039 16.7315 7.82674 19.4423 6.79444 10.132 28.8469 9.20234 23.3838 20.4305 14.1919 11.6898 29.6094 18.5549 12.4933 17.172 23.3759 20.8363 15.4818 22.6117 21.5165 17.5644 24.6033 21.7179 24.1549 10.0228 16.0136 16.6631 20.0276 13.5563 9.63689 16.0742 16.4341 10.1182 28.9224 10.0586 26.3241 14.8149 17.2264 12.9447 10.6086 24.9822 26.0432 10.5547 8.95384 6.8456 6.02529 5.12673 12.5106 6.61612 15.4922 9.88143 16.396 27.1964 17.6914 11.8466 19.2637 9.78694 9.66896 9.88093 20.4762 28.6313 19.0248 4.33263 4.76496 21.155 5.11485 27.182 7.99224 21.1781 11.8212 19.6092 21.0007 11.0167 21.7077 20.1374 7.73401 26.8284 11.824 11.716 22.8011 
11.1035 16.4365 24.4224 28.8866 9.39042 22.8291 0 13.4932 31.0324 40.3065 24.7011 16.746 36.9247 33.9497 37.9833 37.8612 37.0175 26.125 10.5761 5.1523 10.1442 16.4822 17.3672 4.95279 25.8238 31.2558 17.8964 21.6429 20.164 40.5652 24.4877 33.1484 18.6894 36.7802 34.8514 15.1091 1.164 25.5856 27.6196 0.576067 16.6171 39.1588 14.3744 2.44021 18.6662 25.9913 9.74004 31.7175 11.0491 33.3538 28.467 38.388 34.6094 20.3352 13.9616 31.2779 12.7012 37.5879 19.1965 14.1956 27.3681 21.0143 9.6599 33.2144 31.5387 22.6819 28.5823 25.8765 31.0371 23.1812 25.3058 32.6235 6.56834 16.5657 39.2886 34.253 9.35842 32.3732 28.3335 23.9717 34.5193 20.9009 35.0177 22.4841 20.072 27.0303 23.888 13.9714 25.2202 38.6024 31.6637 15.8345 22.3037 19.3117 7.17414 20.3696 16.3682 15.6735 33.9096 11.7439 21.2714 
4.82671 13.2149 13.7681 15.5116 8.49112 9.65871 13.4932 0 17.7054 26.975 11.7186 13.1303 24.4242 21.3609 24.5395 27.0763 23.6945 17.9117 3.21083 10.1635 3.36342 14.1211 7.51298 9.79012 12.5023 17.8203 23.7668 12.4091 17.2052 27.4472 13.8126 19.6945 21.5417 26.4078 21.3629 10.0591 14.1901 18.1006 16.5833 13.2063 17.8661 25.7244 19.2523 12.1462 20.7323 13.3536 9.39504 22.7548 14.116 22.0197 17.3308 24.8951 21.8991 11.9485 22.3499 17.8324 17.3576 24.1939 16.0405 9.30429 17.1112 18.7304 18.6813 20.2125 18.5984 9.60841 15.6472 12.3949 18.0872 12.2738 18.4705 19.2299 7.52106 22.0564 25.8544 20.7692 12.6534 18.9236 17.2638 11.6302 26.2992 21.4352 25.7672 10.6768 6.61266 19.0842 12.1839 21.0583 12.1768 28.7313 18.4396 16.0277 20.2803 11.7534 12.1772 14.9325 6.06814 21.4377 20.417 4.98901 17.2509 
21.6704 26.3277 11.5799 2.24034 23.5749 10.7118 31.0324 17.7054 0 9.27859 10.5506 22.0648 8.75734 6.2356 7.15647 22.8276 10.2264 22.9251 20.8771 27.8153 21.0457 27.4397 18.4722 26.7264 5.21316 1.52763 39.4472 19.5207 24.0151 9.89966 11.5239 2.85014 31.9822 23.4058 5.95322 20.3238 31.8172 18.122 10.355 30.6834 32.2096 8.2618 35.1234 29.3666 34.8647 6.30519 26.0134 24.1403 30.3536 18.2518 16.8333 8.49207 6.10256 20.6535 39.1727 1.72773 30.5913 9.84695 27.8871 23.4928 18.847 25.4268 35.9491 10.7065 10.504 8.42586 10.0749 5.74801 3.01117 16.4956 25.2146 6.90444 25.2157 37.7763 8.38853 5.77878 29.3635 5.84674 16.9855 8.34348 27.7371 29.8132 25.4435 14.5693 11.1307 17.6193 14.6509 37.5519 6.04701 26.1573 1.22953 30.2941 31.5306 21.6528 27.7955 20.3568 18.16 37.3621 4.60942 21.4099 22.7991 
30.8255 34.6787 19.0863 11.4648 32.6507 19.2619 40.3065 26.975 9.27859 0 18.467 30.2455 7.83544 8.72631 3.24236 25.2472 10.3038 29.4111 30.1349 37.0581 30.3206 35.7801 27.0708 35.9548 14.4917 9.27196 48.0695 27.1612 31.4815 2.72369 19.0173 7.57418 39.8246 26.3923 7.75467 28.9229 41.0956 24.3904 16.7079 39.9529 40.615 2.32638 43.8619 38.6135 43.1371 14.8773 35.0628 29.0695 39.257 22.0458 22.58 5.50401 7.80108 28.5161 48.1346 9.30239 39.1528 9.10675 35.8476 32.2058 24.9455 32.7152 45.0592 14.148 15.0609 17.6548 16.3613 14.772 9.78728 23.9724 31.9599 11.0579 34.476 46.4336 2.26044 8.36454 38.3847 10.4365 22.7784 17.0287 32.1629 37.2158 29.4037 22.4713 20.3815 23.4224 22.1211 46.4314 15.1752 28.887 8.6905 38.7412 39.1197 29.6677 36.85 27.9171 26.9651 46.0832 7.76804 30.523 30.0569 
13.8422 16.2137 15.7608 8.65395 19.8978 2.17335 24.7011 11.7186 10.5506 18.467 0 22.073 19.2542 16.4923 15.4198 16.7533 12.4526 12.7059 14.1774 20.4028 14.7779 17.3136 8.80692 21.4721 7.59085 9.6888 29.6525 8.97468 25.439 19.8896 15.7503 10.9933 31.7666 16.5759 11.2692 19.3186 25.1983 22.5516 16.7273 24.5084 22.1507 16.604 25.5336 23.6858 24.6764 11.1211 17.4121 15.1267 21.1718 11.4945 7.86879 14.7985 16.5427 10.1676 30.062 9.57717 28.4946 13.1782 17.4737 13.9586 9.18064 27.0345 27.3939 8.5364 6.89187 8.45005 3.93153 5.58371 12.7685 5.96613 14.8135 8.36367 18.2028 28.0385 16.727 10.6071 20.5668 8.46086 7.9321 11.3361 18.9316 30.7416 17.2857 4.05928 6.86719 22.7724 4.16098 28.2416 9.09121 19.24 11.7414 20.2849 21.0032 11.2482 23.8257 22.1365 9.03478 27.7311 10.795 13.3363 24.8069 
16.5911 25.6645 11.2333 20.6162 7.77298 19.9545 16.746 13.1303 22.0648 30.2455 22.073 0 24.4659 22.0305 29.0087 38.7436 31.331 30.9323 14.0284 17.5916 13.125 26.3959 20.6164 12.0632 17.9519 23.0443 33.2602 25.4171 4.16059 29.4909 11.3049 24.8556 10.0215 38.3797 27.6481 3.07211 17.9056 9.2519 14.0932 16.1773 29.1813 29.9737 29.0074 14.3075 31.9116 15.7645 19.9788 35.4823 24.1778 33.4969 29.2705 30.5518 22.9017 25.0643 30.1997 23.1674 9.19243 31.348 28.6648 21.8076 29.5728 5.61838 25.8914 29.3713 28.0869 14.8435 25.5047 19.3625 20.5311 24.7487 31.5981 26.9143 15.5294 31.6735 30.0892 27.2595 22.3001 26.1694 29.2549 13.7469 39.1478 8.68284 38.3106 22.7432 15.2058 10.7926 24.1541 29.6914 16.376 40.9088 22.0683 27.5972 32.8169 24.8778 9.92799 3.74543 19.1803 30.8679 26.3622 17.1246 4.71253 
28.9153 34.6264 13.3436 10.6257 28.3433 19.1679 36.9247 24.4242 8.75734 7.83544 19.2542 24.4659 0 3.07255 9.07625 30.4509 16.0264 31.6784 27.6205 34.5154 27.5546 35.7345 26.6923 32.2006 12.6886 9.92016 47.3966 28.191 24.9879 5.79013 13.2708 9.54486 33.4666 31.2799 11.9884 23.7504 37.8559 17.3774 10.3753 36.494 40.4136 9.16954 42.9715 34.9359 43.1459 11.0812 33.4575 32.6649 38.0157 26.3453 25.4668 11.8903 2.73385 29.2519 46.6382 10.0873 33.6312 15.0814 36.3888 31.5104 27.554 26.0567 43.0971 18.3723 18.6265 14.8826 18.7074 14.0433 6.70193 25.2172 33.9705 14.5508 31.8221 45.6991 9.20826 12.2917 36.8175 13.5565 25.6293 12.9808 36.1581 30.5464 33.7022 23.2217 18.3707 16.2229 23.3846 45.1774 12.3776 33.9643 7.53739 38.4816 40.1458 30.1844 32.3669 21.618 26.1736 45.213 11.0897 28.789 23.4482 
25.8428 31.6331 10.8032 7.84155 25.4906 16.2624 33.9497 21.3609 6.2356 8.72631 16.4923 22.0305 3.07255 0 8.84352 28.7402 14.9341 29.0606 24.5602 31.4648 24.5069 32.739 23.695 29.2648 9.67632 7.59783 44.3427 25.3657 22.9141 7.49077 10.7311 7.72498 31.3351 29.4338 10.6241 21.0929 34.8662 15.669 8.10545 33.5275 37.3958 9.33113 39.9114 31.9955 40.141 8.03204 30.3855 30.3735 34.9478 24.357 23.0668 11.4371 0.926584 26.3743 43.5657 7.78588 31.1284 14.163 33.4539 28.4736 25.0551 24.0905 40.0297 16.5653 16.5877 11.8104 16.3104 11.1395 3.753 22.4553 31.2828 12.6905 28.7745 42.6436 9.4082 10.7791 33.7452 11.6443 23.2175 9.97984 33.9563 28.5961 31.6196 20.3958 15.3034 14.7001 20.6477 42.1069 9.30685 32.1627 5.0175 35.4625 37.2626 27.2713 29.5642 19.4191 23.1442 42.1524 9.50519 25.7171 21.4425 
28.1684 31.6259 18.1105 9.14419 30.7231 16.3621 37.9833 24.5395 7.15647 3.24236 15.4198 29.0087 9.07625 8.84352 0 22.308 7.38842 26.1715 27.6459 34.5119 27.9019 32.7217 24.1196 33.7902 12.2302 6.72765 45.0683 24.0057 30.6401 5.53752 18.0463 4.84775 38.8119 23.3789 4.5139 27.4114 38.7228 24.0326 16.1582 37.657 37.5623 1.20503 40.9098 36.3997 40.0483 13.2965 32.2976 25.8695 36.3897 18.904 19.338 2.83233 8.00725 25.3871 45.2839 6.70791 37.6837 6.27568 32.7135 29.273 21.7035 31.9687 42.3216 10.948 11.8225 15.5377 13.151 12.1719 8.57698 20.8107 28.7252 7.82021 31.9815 43.4468 1.33368 5.13063 35.5905 7.23083 19.5361 15.4075 29.0118 36.431 26.2886 19.3807 17.9282 23.2387 18.9691 43.538 13.2031 25.9287 6.94782 35.7033 35.9313 26.5599 34.9454 27.0079 24.0946 43.1205 4.63244 27.8257 29.3106 
27.0217 23.2716 31.9546 22.232 35.5659 18.8125 37.8612 27.0763 22.8276 25.2472 16.7533 38.7436 30.4509 28.7402 22.308 0 14.951 12.7876 28.5092 32.8084 29.3749 23.9301 20.6689 35.9925 23.0377 21.3204 35.0405 16.2358 42.1881 27.8148 31.9305 21.0376 48.2357 1.78932 18.4917 35.8968 37.9713 38.9142 32.1738 37.859 27.7433 22.9398 32.377 37.6134 28.9791 26.6465 28.5002 7.88634 30.1092 5.25923 9.74865 19.7432 28.3036 17.6394 37.7006 21.1211 44.429 16.1407 22.0733 23.9372 10.4931 43.7849 36.7618 12.1765 12.394 24.9457 13.9276 20.9714 25.8297 14.9697 14.9069 16.051 31.4759 33.9067 22.9934 18.1595 30.5569 17.1022 9.82547 27.5016 8.64608 47.4261 5.68827 16.4053 23.5775 38.9248 14.9025 35.5531 24.8337 3.64951 23.9214 26.5906 22.7758 18.8095 39.0413 38.883 21.8896 34.0546 19.3703 26.3207 41.5549 
26.2846 27.6565 21.6035 10.9282 31.2108 14.1944 37.0175 23.6945 10.2264 10.3038 12.4526 31.331 16.0264 14.9341 7.38842 14.951 0 20.4259 26.443 32.8438 26.9433 28.6901 21.0315 33.4578 13.3794 8.82246 41.1628 19.5125 33.7617 12.8669 21.5538 7.56135 41.3522 16.0932 4.38777 29.1472 37.5701 28.3125 20.5814 36.7901 33.4678 7.99018 37.3264 35.8343 35.6841 16.0602 29.8022 19.1661 33.3167 11.9501 13.4709 4.80444 14.2958 21.0682 42.1298 8.64724 39.1814 1.24641 28.1494 26.0674 15.9141 35.2429 39.7125 4.78181 6.31081 16.5682 8.86998 12.135 13.0037 16.4116 23.0793 4.54751 30.5867 39.6415 8.04608 4.44985 32.8748 5.16771 13.6861 17.7812 22.0348 39.5112 19.2008 15.6886 17.5487 27.8441 14.7829 40.2082 15.0102 18.5863 10.9208 31.7342 30.8328 22.3646 35.3572 30.1217 21.4381 39.4481 5.67714 25.7879 32.6685 
16.1233 10.5728 27.6412 21.2414 25.8746 13.6389 26.125 17.9117 22.9251 29.4111 12.7059 30.9323 31.6784 29.0606 26.1715 12.7876 20.4259 0 18.2049 20.9741 19.1774 11.166 10.4253 25.177 20.247 21.8049 22.4933 5.51586 34.8927 31.3601 27.6462 22.6405 39.3358 11.3204 21.6577 27.8702 26.0553 33.939 29.1158 26.2173 15.0215 27.217 19.6126 26.3061 16.5026 23.6439 16.4348 5.61872 17.4351 10.0669 6.9619 24.5601 29.0208 6.14719 24.9261 21.653 34.6437 21.5973 9.31648 11.93 4.52232 36.4607 24.0324 15.7054 14.4569 20.3823 13.1871 18.2866 25.389 7.03995 2.66638 18.3534 20.1633 21.261 27.3197 21.0482 18.0576 19.0338 6.749 23.4655 8.58176 39.3452 8.92808 9.364 17.4442 34.449 8.60328 22.7838 21.6056 12.6635 24.1509 13.8068 10.7412 6.89215 28.6513 32.1778 11.8705 21.3528 21.7739 15.4053 34.7072 
2.56275 11.6362 16.6007 18.6708 7.7193 12.2613 10.5761 3.21083 20.8771 30.1349 14.1774 14.0284 27.6205 24.5602 27.6459 28.5092 26.443 18.2049 0 6.95664 0.986871 12.3839 7.98602 7.52998 15.6851 20.9426 20.946 12.9047 18.1889 30.6464 16.6508 22.7982 21.2755 27.6683 24.3391 11.0772 11.1765 20.2728 19.5359 10.3505 15.5644 28.8369 16.443 9.53078 18.3983 16.5433 6.60988 23.4309 11.301 23.6463 18.8117 27.8964 25.1055 12.06 19.2587 20.9467 16.4402 27.0135 14.6426 7.79564 18.1954 19.6123 15.5088 22.7115 21.0522 12.8191 18.0881 15.4769 21.298 13.5397 18.2975 22.0503 4.34157 19.2468 28.9669 23.7301 9.70149 21.8174 18.7129 14.7738 26.7672 21.7271 26.5927 12.379 9.75348 21.3904 13.8606 18.0549 15.3876 29.8192 21.6322 13.8328 18.7893 11.5163 10.5924 16.4584 6.65145 18.581 23.4432 3.12641 18.5131 
6.56057 11.409 22.9436 25.6001 9.83888 18.7001 5.1523 10.1635 27.8153 37.0581 20.4028 17.5916 34.5154 31.4648 34.5119 32.8084 32.8438 20.9741 6.95664 0 6.96307 11.5618 12.5125 6.14009 22.6336 27.8349 15.6688 16.5733 21.5145 37.6018 23.0008 29.668 21.9315 31.6906 31.0543 15.2214 5.16341 25.4998 26.0213 5.28126 12.4971 35.7085 11.4606 5.80846 14.9266 23.4349 4.60657 26.5702 6.97891 28.4046 23.5291 34.6317 32.0302 15.2254 12.9646 27.8309 16.14 33.5091 14.2746 9.0464 22.323 22.6535 8.87708 28.8041 27.1092 19.7658 24.1876 22.3437 28.246 18.2888 20.1728 28.5812 2.70302 14.0869 35.8384 30.4287 5.07074 28.4428 23.3862 21.593 29.3714 23.4983 29.8723 17.8006 16.6847 26.8037 19.1421 12.1798 22.3363 33.4739 28.585 11.3715 17.666 14.1755 9.83336 20.8263 11.6625 13.2765 30.2226 7.09224 22.3032 
3.4914 12.5503 16.2069 18.8611 6.73332 12.8039 10.1442 3.36342 21.0457 30.3206 14.7779 13.125 27.5546 24.5069 27.9019 29.3749 26.9433 19.1774 0.986871 6.96307 0 13.271 8.92052 6.76043 15.836 21.1813 21.4608 13.8571 17.2847 30.746 16.2598 23.0575 20.2887 28.5589 24.7074 10.2064 10.8271 19.6037 19.2053 9.87419 16.3103 29.086 16.9766 8.91469 19.1255 16.4755 7.2329 24.3822 11.8561 24.4745 19.6588 28.2471 25.0815 13.0346 19.5646 21.1945 15.4727 27.4782 15.5706 8.73816 19.0991 18.6928 15.7012 23.3126 21.6674 12.8549 18.7034 15.7578 21.3277 14.4079 19.2839 22.5118 4.26771 19.772 29.216 24.1088 10.1786 22.2378 19.565 14.6325 27.7348 20.755 27.5329 13.1677 9.97402 20.7597 14.6601 18.4501 15.426 30.7334 21.7557 14.616 19.697 12.5015 9.68448 15.6468 7.56205 19.08 23.7737 4.09057 17.6484 
9.82805 1.112 27.4446 25.2925 19.4875 16.7315 16.4822 14.1211 27.4397 35.7801 17.3136 26.3959 35.7345 32.739 32.7217 23.9301 28.6901 11.166 12.3839 11.5618 13.271 0 9.04397 17.1414 23.063 26.8302 12.4772 9.22178 30.5551 37.1211 27.478 28.2744 32.7851 22.4863 28.4619 23.4611 16.1154 32.2214 29.9015 16.7265 4.84204 33.8983 8.79563 17.3604 7.42624 25.4536 7.16608 16.6151 6.38521 20.6057 16.2633 31.8886 33.0111 7.63163 13.9681 26.744 27.2851 29.6769 2.71703 4.82323 14.2302 31.9519 12.8754 23.9919 22.3843 21.501 19.9938 21.7662 29.0326 12.2791 9.50629 25.3299 11.9298 10.9562 34.0197 27.7986 7.39531 25.6298 16.062 24.3384 18.7349 33.7542 19.8638 13.3535 17.8486 33.1832 13.9705 11.879 23.6777 23.7121 28.5304 3.04426 6.46492 6.32554 20.9233 28.7938 9.71767 10.8116 28.0903 9.36168 30.8957 
6.35985 7.93829 19.0672 16.2962 15.521 7.82674 17.3672 7.51298 18.4722 27.0708 8.80692 20.6164 26.6923 23.695 24.1196 20.6689 21.0315 10.4253 7.98602 12.5125 8.92052 9.04397 0 15.3558 14.0193 17.9559 21.0202 4.97225 24.6496 28.2518 19.0907 19.5056 28.921 19.7455 20.067 17.5448 17.6176 24.6127 21.2454 17.3099 13.7501 25.316 16.7942 16.9572 16.455 16.5107 8.84781 15.4758 12.3671 16.0012 11.114 23.605 23.9707 4.45005 21.2551 17.8847 24.3627 21.8592 10.0031 5.15973 10.2522 26.1946 18.681 16.6571 14.9591 12.609 12.1689 12.7588 19.9903 5.81513 10.9972 17.1481 10.8633 19.3707 25.4414 19.4063 11.8435 17.2666 10.9884 15.5627 18.9007 28.9426 18.6126 5.42711 9.00635 25.3604 6.66524 19.4441 14.6797 21.8445 19.5356 11.8276 14.1154 4.46664 18.5752 22.1557 1.4473 19.0125 19.5276 5.66912 24.5899 
9.10034 16.7736 19.521 24.6474 4.4701 19.4423 4.95279 9.79012 26.7264 35.9548 21.4721 12.0632 32.2006 29.2648 33.7902 35.9925 33.4578 25.177 7.52998 6.14009 6.76043 17.1414 15.3558 0 21.5621 27.0822 21.4996 20.1283 15.7429 36.0562 19.5873 28.999 15.8315 35.1009 30.9378 10.2057 6.05309 20.6995 22.7261 4.4375 18.6009 34.9436 17.4726 2.73824 21.0658 21.3908 9.98118 30.5949 13.1175 31.1697 26.3235 34.4107 29.9573 19.0796 18.1642 27.1226 10.1561 33.9199 19.7886 13.6172 25.608 16.7626 13.8427 29.99 28.3628 18.3058 25.4035 21.8566 26.4988 21.0338 24.8614 28.9665 5.25333 19.9933 35.0724 30.369 11.2052 28.6071 26.2199 19.3193 33.7503 17.3697 33.8233 19.9062 16.0712 22.1252 21.3902 17.7802 20.7869 37.1733 27.2697 17.3719 23.4761 18.3018 3.78816 15.5857 14.1029 19.1455 29.9117 9.82086 16.7039 
16.5838 21.9575 8.97325 3.08606 18.5677 6.79444 25.8238 12.5023 5.21316 14.4917 7.59085 17.9519 12.6886 9.67632 12.2302 23.0377 13.3794 20.247 15.6851 22.6336 15.836 23.063 14.0193 21.5621 0 5.55461 34.7458 15.9967 20.4906 14.9837 8.94287 7.48016 27.9728 23.2219 9.84851 15.8397 26.6044 15.9563 9.29539 25.479 27.7257 13.3816 30.3493 24.1832 30.4653 3.6569 21.013 22.592 25.4644 17.9538 15.2081 13.0782 9.98224 16.8697 34.2076 5.61682 26.0041 13.4235 23.8282 18.8299 16.7424 22.0094 30.8716 11.9104 10.9625 3.36731 9.13545 2.12039 5.99692 13.3179 22.2299 9.00739 20.0192 33.0549 13.5104 9.39516 24.376 8.22189 15.3058 4.63171 26.3687 26.1932 24.5007 11.0966 5.96875 15.892 11.6448 32.656 1.82084 25.9749 5.95826 25.7934 27.7127 17.6912 22.7912 16.8888 13.4878 32.5922 8.64491 16.3679 19.4988 
21.5589 25.7202 12.8308 2.50441 24.1186 10.132 31.2558 17.8203 1.52763 9.27196 9.6888 23.0443 9.92016 7.59783 6.72765 21.3204 8.82246 21.8049 20.9426 27.8349 21.1813 26.8302 17.9559 27.0822 5.55461 0 38.9747 18.648 25.1631 10.2992 12.7783 1.92555 33.0139 21.9217 4.67274 21.1625 31.9984 19.4901 11.7891 30.9295 31.6345 7.90565 34.7055 29.6804 34.2414 7.38532 25.7952 22.8045 30.0289 16.7914 15.5541 7.58462 7.36042 19.8537 38.8914 0.200461 31.4007 8.53201 27.1428 23.0479 17.6362 26.6032 35.7874 9.18517 9.02893 8.9088 8.79043 5.50519 4.53592 15.5572 24.1543 5.37682 25.2822 37.3193 8.03555 4.4068 29.1231 4.31945 15.7141 9.30101 26.3644 30.9503 24.0245 13.7456 11.2077 19.0373 13.695 37.216 6.75611 24.6685 2.61686 29.7335 30.6856 20.9073 28.3428 21.5061 17.7585 36.9368 3.34473 21.2514 23.994 
18.9465 13.5312 37.5084 37.2429 25.4999 28.8469 17.8964 23.7668 39.4472 48.0695 29.6525 33.2602 47.3966 44.3427 45.0683 35.0405 41.1628 22.4933 20.946 15.6688 21.4608 12.4772 21.0202 21.4996 34.7458 38.9747 0 21.6651 37.1546 49.2671 37.5557 40.5158 36.5857 33.4094 40.8754 30.8425 16.8714 40.9365 40.3472 18.4261 7.71677 46.2554 4.51455 20.0372 6.07115 36.6369 14.3821 27.2264 9.65826 32.4753 28.4767 44.3324 44.7159 20.0953 5.05827 38.9047 30.5975 42.1539 13.3233 15.9555 26.2714 38.2435 8.48904 36.4511 34.8544 32.6696 32.4647 33.7047 40.7369 24.7545 20.1522 37.7793 17.9051 1.71287 46.3788 40.2114 11.2866 38.0451 28.267 35.1846 28.1851 38.6789 30.1434 25.7704 29.0689 42.1607 26.4434 3.99376 35.0687 34.0244 40.4725 9.43654 12.4556 18.8002 24.7991 36.4586 21.2988 2.40247 40.4472 18.8903 37.9713 
11.0306 8.23532 22.6208 17.5664 20.4908 9.20234 21.6429 12.4091 19.5207 27.1612 8.97468 25.4171 28.191 25.3657 24.0057 16.2358 19.5125 5.51586 12.9047 16.5733 13.8571 9.22178 4.97225 20.1283 15.9967 18.648 21.6651 0 29.3861 28.7597 22.6325 19.8497 33.8848 15.141 19.609 22.3544 21.7359 28.6879 24.3699 21.6591 13.9591 25.1491 17.9751 21.5182 16.2059 19.1143 12.3057 10.5263 14.5497 12.0307 7.31049 22.9222 25.4677 1.62093 23.0092 18.5292 29.3205 20.5312 8.73469 7.78216 5.76417 30.9511 21.2331 14.7865 13.2017 15.5493 10.9719 14.2526 21.617 3.19874 6.57864 16.379 15.3461 20.1728 25.2653 18.953 14.6426 16.7973 7.13074 18.6419 13.9297 33.8365 13.7075 4.97119 12.3253 29.2815 5.04017 20.9833 17.115 17.0703 20.7034 12.2603 12.0397 2.95697 23.4624 26.7149 6.4027 20.0301 19.3954 10.3115 29.2244 
20.7516 29.8251 12.5316 22.8589 11.683 23.3838 20.164 17.2052 24.0151 31.4815 25.439 4.16059 24.9879 22.9141 30.6401 42.1881 33.7617 34.8927 18.1889 21.5145 17.2847 30.5551 24.6496 15.7429 20.4906 25.1631 37.1546 29.3861 0 30.3881 12.5951 26.8611 8.48706 41.9229 29.8327 7.1754 21.3271 8.02488 14.8108 19.5881 33.2891 31.5057 32.9683 17.7361 35.9994 17.7782 24.0917 39.3009 28.2141 36.929 32.8767 32.4628 23.8273 29.0995 33.895 25.3082 10.2714 33.6475 32.8241 25.9661 33.3285 1.60036 29.5656 32.2522 31.0827 17.6655 28.6574 22.1364 22.0631 28.5476 35.6452 29.4903 19.5696 35.596 31.6129 29.5133 26.3218 28.6608 32.8755 15.981 43.0065 5.80098 42.0491 26.4648 18.6229 9.51652 27.8316 33.5056 18.7751 44.5067 23.8198 31.7267 36.9775 28.958 13.0592 3.65866 23.2232 34.774 28.5075 21.2833 1.65677 
31.5469 36.012 18.2578 12.139 32.5234 20.4305 40.5652 27.4472 9.89966 2.72369 19.8896 29.4909 5.79013 7.49077 5.53752 27.8148 12.8669 31.3601 30.6464 37.6018 30.746 37.1211 28.2518 36.0562 14.9837 10.2992 49.2671 28.7597 30.3881 0 18.1862 8.91133 38.8216 28.9096 9.86393 28.4247 41.4093 22.9897 15.5896 40.1818 41.931 4.90645 44.9786 38.7556 44.5249 14.6957 35.9118 31.3364 40.2446 24.4286 24.6378 8.11051 6.59705 30.0412 49.0716 10.379 38.5473 11.7015 37.3609 33.3281 26.9521 31.538 45.833 16.4364 17.1997 17.9111 18.1958 15.6288 9.55935 25.603 33.8565 13.0844 34.9675 47.6073 4.86998 10.4113 39.263 12.3322 24.8288 16.8181 34.5273 36.0423 31.8203 23.9426 20.9522 21.9056 23.7367 47.4415 15.3531 31.4439 9.02557 40.0318 40.7839 31.1377 36.6736 26.9081 28.0166 47.2136 9.58771 31.3007 28.8989 
18.638 26.4647 0.0727245 10.6638 15.425 14.1919 24.4877 13.8126 11.5239 19.0173 15.7503 11.3049 13.2708 10.7311 18.0463 31.9305 21.5538 27.6462 16.6508 23.0008 16.2598 27.478 19.0907 19.5873 8.94287 12.7783 37.5557 22.6325 12.5951 18.1862 0 14.3722 20.8238 32.0335 17.4377 10.4998 25.5159 7.01374 3.14329 24.0037 31.5685 18.9258 33.0424 22.3093 34.4338 5.55456 23.1737 30.8274 27.8975 26.7878 23.6174 19.9019 11.5975 23.0254 35.8171 12.9401 20.4034 21.3102 28.9679 22.7096 24.7931 13.9495 31.8682 20.7752 19.8989 7.34862 18.003 10.9644 9.46972 20.6287 29.1989 17.5498 20.3336 35.8485 19.0348 17.1817 26.3503 16.6186 23.6823 4.44886 34.6406 18.3904 33.0287 18.3038 10.3128 7.03559 19.2912 34.6959 7.12456 34.7666 11.244 29.6863 33.1594 23.4559 19.2757 8.96324 18.0002 35.2085 16.0966 18.7771 11.3031 
23.3448 27.1688 14.4286 4.4213 26.0433 11.6898 33.1484 19.6945 2.85014 7.57418 10.9933 24.8556 9.54486 7.72498 4.84775 21.0376 7.56135 22.6405 22.7982 29.668 23.0575 28.2744 19.5056 28.999 7.48016 1.92555 40.5158 19.8497 26.8611 8.91133 14.3722 0 34.7977 21.7863 3.1916 23.0331 33.8805 20.9207 13.0998 32.8272 33.0999 6.04085 36.2924 31.5908 35.6597 9.12219 27.5211 23.1909 31.6853 16.804 16.1257 5.70803 7.26695 21.1324 40.5667 1.87648 33.2835 7.06929 28.4557 24.6345 18.3333 28.276 37.5334 8.87985 9.08491 10.8329 9.4626 7.32534 5.44412 16.6991 25.0759 5.02154 27.134 38.8741 6.17082 3.15585 30.832 4.01243 16.3016 11.1113 26.6352 32.658 24.1578 15.039 13.0848 20.3689 14.8317 38.8576 8.64411 24.4955 3.36387 31.2146 31.8783 22.2389 30.2675 23.2025 19.3917 38.5158 1.88768 23.0157 25.6491 
23.6492 32.2961 20.7562 30.608 13.5643 29.6094 18.6894 21.5417 31.9822 39.8246 31.7666 10.0215 33.4666 31.3351 38.8119 48.2357 41.3522 39.3358 21.2755 21.9315 20.2887 32.7851 28.921 15.8315 27.9728 33.0139 36.5857 33.8848 8.48706 38.8216 20.8238 34.7977 0 47.7343 37.6397 12.4704 19.7322 16.4159 23.2321 18.1616 34.4235 39.7285 32.9317 16.6275 36.8326 25.6788 25.7004 44.2954 28.8987 43.033 38.5935 40.4737 32.2414 33.2364 32.4954 33.1426 5.99043 41.3603 35.3522 28.7755 38.6055 7.61662 28.2754 39.325 37.9972 24.8517 35.3395 29.3667 30.2589 33.7493 39.5698 36.9329 20.8851 35.2355 39.8398 37.2627 26.9999 36.1909 38.554 23.7144 47.8107 3.73968 47.2982 31.943 24.9388 17.8444 33.4148 32.6535 26.384 50.1593 31.9084 33.1975 39.2022 32.7797 12.0993 11.9197 27.4829 34.3483 36.3438 24.3173 10.0756 
26.0649 21.871 32.0538 22.6491 34.8764 18.5549 36.7802 26.4078 23.4058 26.3923 16.5759 38.3797 31.2799 29.4338 23.3789 1.78932 16.0932 11.3204 27.6683 31.6906 28.5589 22.4863 19.7455 35.1009 23.2219 21.9217 33.4094 15.141 41.9229 28.9096 32.0335 21.7863 47.7343 0 19.3997 35.4816 36.8466 38.9755 32.4499 36.8001 26.1812 24.0719 30.8383 36.6278 27.3415 26.8637 27.3125 6.19533 28.7275 5.27271 9.14146 20.8976 29.0443 16.4709 36.1695 21.7247 43.7602 17.3101 20.5427 22.7422 9.49456 43.5228 35.3486 12.9118 12.9032 24.9182 14.0892 21.1239 26.3846 14.1757 13.3192 16.7672 30.4664 32.3051 24.1323 19.0211 29.249 17.7989 9.1812 27.5873 6.88655 47.0583 3.90684 15.7996 23.3038 39.0574 14.32 34.0168 24.9907 2.76776 24.5368 25.0834 21.0949 17.5889 38.2425 38.6899 21.0206 32.4749 20.1933 25.3554 41.3553 
24.5795 27.377 17.4914 7.03244 28.2762 12.4933 34.8514 21.3629 5.95322 7.75467 11.2692 27.6481 11.9884 10.6241 4.5139 18.4917 4.38777 21.6577 24.3391 31.0543 24.7074 28.4619 20.067 30.9378 9.84851 4.67274 40.8754 19.609 29.8327 9.86393 17.4377 3.1916 37.6397 19.3997 0 25.6654 35.5095 24.074 16.2781 34.5692 33.3028 5.58444 36.7968 33.4483 35.732 12.0547 28.5049 21.4786 32.4186 14.6722 14.8332 3.58435 10.0392 21.0304 41.3153 4.52454 35.852 3.8944 28.3376 25.224 17.1915 31.2757 38.5317 6.62543 7.34284 13.192 8.68312 9.0961 8.63347 16.4102 24.2139 3.30901 28.6245 39.2776 5.69383 0.663949 31.7365 2.83212 15.03 13.9304 24.7227 35.6171 22.0822 15.1114 14.8679 23.5478 14.5907 39.5088 11.2839 22.0427 6.55516 31.4694 31.475 22.235 32.484 26.1765 20.1813 38.9877 1.34439 24.1732 28.6666 
13.6358 22.7008 10.4275 18.6798 5.73571 17.172 15.1091 10.0591 20.3238 28.9229 19.3186 3.07211 23.7504 21.0929 27.4114 35.8968 29.1472 27.8702 11.0772 15.2214 10.2064 23.4611 17.5448 10.2057 15.8397 21.1625 30.8425 22.3544 7.1754 28.4247 10.4998 23.0331 12.4704 35.4816 25.6654 0 16.2387 10.495 13.5568 14.5635 26.4131 28.4388 26.5044 12.7258 29.1818 14.1248 17.2214 32.4622 21.5658 30.6654 26.3531 28.7389 21.9146 21.9924 28.0598 21.2677 10.2724 29.2549 25.6816 18.8218 26.5826 8.67663 23.8048 26.8939 25.5403 12.5793 22.8692 17.0478 19.136 21.7453 28.526 24.6609 12.965 29.22 28.5592 25.231 19.7229 23.9818 26.33 12.004 36.1121 11.6092 35.3209 19.7794 12.4737 11.9228 21.2099 27.3982 14.4097 37.9812 20.4765 24.7782 29.8558 21.8088 8.97048 5.61715 16.1083 28.4412 24.4205 14.1435 7.44227 
11.462 16.1459 25.4514 29.6539 10.5111 23.3759 1.164 14.1901 31.8172 41.0956 25.1983 17.9056 37.8559 34.8662 38.7228 37.9713 37.5701 26.0553 11.1765 5.16341 10.8271 16.1154 17.6176 6.05309 26.6044 31.9984 16.8714 21.7359 21.3271 41.4093 25.5159 33.8805 19.7322 36.8466 35.5095 16.2387 0 26.7225 28.6416 1.73917 15.9417 39.9041 13.4694 3.60304 17.8827 26.8839 9.62072 31.6652 10.4326 33.5541 28.6742 39.06 35.5122 20.3772 12.8457 32.0149 13.7418 38.1703 18.8167 14.1551 27.4864 22.1721 8.56348 33.6828 31.9985 23.5059 29.0517 26.5848 31.9006 23.4159 25.1226 33.2118 6.99579 15.5792 40.034 34.9034 8.84404 32.993 28.5339 24.8865 34.3745 22.0085 34.972 22.8285 20.7957 28.1614 24.2044 12.9232 26.0566 38.6036 32.4764 15.2701 21.7685 19.3051 8.3266 21.5228 16.6902 14.6826 34.5944 12.0676 22.4351 
22.6532 31.3035 6.98311 17.5447 16.2302 20.8363 25.5856 18.1006 18.122 24.3904 22.5516 9.2519 17.3774 15.669 24.0326 38.9142 28.3125 33.939 20.2728 25.4998 19.6037 32.2214 24.6127 20.6995 15.9563 19.4901 40.9365 28.6879 8.02488 22.9897 7.01374 20.9207 16.4159 38.9755 24.074 10.495 26.7225 0 7.8943 25.034 35.8136 24.752 36.5025 23.1828 38.6602 12.5163 26.8363 37.4897 31.4268 33.7473 30.4078 26.1964 16.5956 28.8486 38.4353 19.6656 17.9254 27.9683 34.0615 27.402 31.4217 8.82677 34.223 27.7689 26.912 14.1037 24.9891 17.9655 15.6432 27.0269 35.2536 24.4633 23.0636 39.2733 24.8465 23.8845 29.6747 23.5021 30.4588 11.4134 41.2998 13.2465 39.8256 24.7322 16.5138 1.55585 25.8505 37.6545 14.1373 41.695 17.6257 34.034 38.3061 29.0768 19.0849 5.5319 23.3474 38.5373 22.731 22.9799 6.37823 
21.4008 28.858 3.21131 10.1105 18.5666 15.4818 27.6196 16.5833 10.355 16.7079 16.7273 14.0932 10.3753 8.10545 16.1582 32.1738 20.5814 29.1158 19.5359 26.0213 19.2053 29.9015 21.2454 22.7261 9.29539 11.7891 40.3472 24.3699 14.8108 15.5896 3.14329 13.0998 23.2321 32.4499 16.2781 13.5568 28.6416 7.8943 0 27.1386 34.1448 16.9131 35.8333 25.45 37.0001 5.64453 25.9779 31.834 30.6993 27.1773 24.479 18.3034 9.01676 24.9301 38.7675 11.9746 23.2689 20.1675 31.2255 25.2006 25.9046 16.0107 34.8712 20.5064 19.8659 8.82171 18.3707 11.4158 7.75808 22.0797 30.8638 16.9718 23.3391 38.6359 17.0116 16.1333 29.2082 15.9628 24.5694 5.73797 35.6258 20.514 33.7956 19.7644 12.2594 7.26969 20.5764 37.5887 7.64378 35.2117 9.76892 32.2401 35.3606 25.4863 22.3937 11.3211 20.2701 38.0211 14.942 21.4849 13.3553 
11.0061 16.6454 23.9381 28.5479 8.85315 22.6117 0.576067 13.2063 30.6834 39.9529 24.5084 16.1773 36.494 33.5275 37.657 37.859 36.7901 26.2173 10.3505 5.28126 9.87419 16.7265 17.3099 4.4375 25.479 30.9295 18.4261 21.6591 19.5881 40.1818 24.0037 32.8272 18.1616 36.8001 34.5692 14.5635 1.73917 25.034 27.1386 0 17.0006 38.8291 14.8576 1.86977 19.0952 25.5847 9.88748 31.7981 11.4164 33.3083 28.4205 38.0975 34.1948 20.3781 14.5256 30.9547 12.1767 37.3448 19.4432 14.2895 27.3669 20.4386 10.2186 33.0321 31.3616 22.3149 28.4017 25.571 30.6451 23.1248 25.4538 32.3788 6.46321 17.0806 38.9587 33.975 9.68719 32.112 28.2906 23.5533 34.6438 20.3438 35.0936 22.3724 19.7619 26.4825 23.7894 14.5113 24.8451 38.6539 31.2993 16.1699 22.6193 19.3799 6.60028 19.8064 16.2759 16.1906 33.6135 11.6622 20.6976 
13.1652 5.93704 31.5295 30.0438 21.7632 21.5165 16.6171 17.8661 32.2096 40.615 22.1507 29.1813 40.4136 37.3958 37.5623 27.7433 33.4678 15.0215 15.5644 12.4971 16.3103 4.84204 13.7501 18.6009 27.7257 31.6345 7.71677 13.9591 33.2891 41.931 31.5685 33.0999 34.4235 26.1812 33.3028 26.4131 15.9417 35.8136 34.1448 17.0006 0 38.7397 4.70784 18.0951 2.86749 29.9495 9.20292 20.075 5.60025 24.8829 20.782 36.7236 37.6997 12.4023 10.0326 31.552 28.6298 34.472 5.71692 8.99859 18.6126 34.5785 10.234 28.745 27.1574 25.9739 24.815 26.5081 33.7151 17.0718 12.8657 30.1639 13.8198 6.30463 38.8612 32.6396 7.44676 30.4708 20.5738 28.7047 21.5499 35.8551 23.1637 18.1955 22.3195 36.8841 18.7915 7.87322 28.2414 27.0649 33.2834 1.93469 6.3486 11.1237 22.3288 31.9369 14.2615 6.33312 32.9313 12.8866 33.825 
29.3709 32.804 18.9914 10.297 31.8365 17.5644 39.1588 25.7244 8.2618 2.32638 16.604 29.9737 9.16954 9.33113 1.20503 22.9398 7.99018 27.217 28.8369 35.7085 29.086 33.8983 25.316 34.9436 13.3816 7.90565 46.2554 25.1491 31.5057 4.90645 18.9258 6.04085 39.7285 24.0719 5.58444 28.4388 39.9041 24.752 16.9131 38.8291 38.7397 0 42.1043 37.5608 41.2155 14.3141 33.5026 26.7656 37.5919 19.7234 20.3497 3.20663 8.45057 26.5425 46.4866 7.89243 38.7085 6.80592 33.865 30.4707 22.7328 32.8099 43.5266 11.8503 12.8145 16.6709 14.2602 13.3662 9.46972 21.9519 29.7862 8.89007 33.1738 44.6365 0.130014 6.2226 36.7953 8.35596 20.5507 16.4409 29.8411 37.2863 27.0779 20.552 19.1121 23.9038 20.1164 44.7382 14.3049 26.5765 7.96306 36.8842 37.0507 27.7231 36.0566 27.8876 25.2975 44.3136 5.80974 29.0296 30.149 
14.4328 9.74029 32.9952 32.9063 21.2861 24.6033 14.3744 19.2523 35.1234 43.8619 25.5336 29.0074 42.9715 39.9114 40.9098 32.377 37.3264 19.6126 16.443 11.4606 16.9766 8.79563 16.7942 17.4726 30.3493 34.7055 4.51455 17.9751 32.9683 44.9786 33.0424 36.2924 32.9317 30.8383 36.7968 26.5044 13.4694 36.5025 35.8333 14.8576 4.70784 42.1043 0 16.3045 4.98269 32.1633 9.8687 24.7581 5.14634 29.3356 25.0573 40.296 40.3028 16.365 5.33544 34.6431 26.9786 38.2712 10.3038 11.6598 22.9914 34.1138 6.12065 32.6788 31.0437 28.2028 28.5319 29.3755 36.3304 20.9446 17.5385 33.7681 13.5399 2.80629 42.2292 36.1335 6.82782 33.9757 24.8553 30.6874 26.2519 34.804 27.8648 21.7538 24.6191 37.7071 22.5457 3.17893 30.6224 31.7653 36.1255 5.85061 10.8352 15.0361 20.9486 32.1203 16.9648 2.24295 36.3074 14.3847 33.7189 
10.5974 17.1636 22.2426 27.2648 7.04064 21.7179 2.44021 12.1462 29.3666 38.6135 23.6858 14.3075 34.9359 31.9955 36.3997 37.6134 35.8343 26.3061 9.53078 5.80846 8.91469 17.3604 16.9572 2.73824 24.1832 29.6804 20.0372 21.5182 17.7361 38.7556 22.3093 31.5908 16.6275 36.6278 33.4483 12.7258 3.60304 23.1828 25.45 1.86977 18.0951 37.5608 16.3045 0 20.3368 24.1049 10.293 31.833 12.4973 32.9315 28.0522 36.9472 32.6834 20.3307 16.2886 29.7147 10.6808 36.3399 20.0687 14.4551 27.1476 18.6094 11.9633 32.2221 30.571 20.9587 27.6064 24.3942 29.2018 22.7425 25.7278 31.3762 6.17496 18.6367 37.69 32.8679 10.6682 31.0591 27.9339 22.0424 34.8168 18.6523 35.1064 21.8157 18.5882 24.6377 23.2688 16.1695 23.4594 38.5811 29.9361 17.1075 23.4613 19.4204 4.81165 17.9397 15.8182 17.757 32.4518 11.2936 18.8328 
16.02 8.53815 34.395 32.7187 24.4123 24.1549 18.6662 20.7323 34.8647 43.1371 24.6764 31.9116 43.1459 40.141 40.0483 28.9791 35.6841 16.5026 18.3983 14.9266 19.1255 7.42624 16.455 21.0658 30.4653 34.2414 6.07115 16.2059 35.9994 44.5249 34.4338 35.6597 36.8326 27.3415 35.732 29.1818 17.8827 38.6602 37.0001 19.0952 2.86749 41.2155 4.98269 20.3368 0 32.7573 11.9611 21.1564 7.9483 26.5349 22.7043 39.1033 40.4255 14.7157 9.70983 34.1523 30.9709 36.7248 7.55107 11.8268 20.4284 37.2623 11.0959 30.9261 29.3803 28.7859 27.159 29.1916 36.4443 19.3789 14.1084 32.5469 16.461 5.15235 41.3352 35.0708 9.86281 32.9036 22.4909 31.5413 22.1662 38.4 24.0776 20.6696 25.1295 39.7398 21.1556 7.6679 31.0264 27.9626 35.9566 4.76103 6.4317 13.4973 24.7375 34.7276 17.0393 5.585 35.4164 15.7508 36.5746 
17.9218 24.3696 5.59729 5.13563 17.8402 10.0228 25.9913 13.3536 6.30519 14.8773 11.1211 15.7645 11.0812 8.03204 13.2965 26.6465 16.0602 23.6439 16.5433 23.4349 16.4755 25.4536 16.5107 21.3908 3.6569 7.38532 36.6369 19.1143 17.7782 14.6957 5.55456 9.12219 25.6788 26.8637 12.0547 14.1248 26.8839 12.5163 5.64453 25.5847 29.9495 14.3141 32.1633 24.1049 32.7573 0 22.5007 26.2023 27.1276 21.5928 18.8374 14.7971 8.63415 19.8266 35.6375 7.53012 24.3945 15.8832 26.4929 20.9545 20.3012 19.2246 32.0343 15.2553 14.4515 3.97963 12.7745 5.77616 5.15055 16.6375 25.5063 11.9964 20.7432 34.9283 14.4345 11.746 25.8455 11.0732 18.9297 2.15147 29.9893 23.5651 28.1524 14.3506 7.63002 12.3363 15.0573 34.2395 2.04025 29.62 6.35323 28.0178 30.5153 20.5161 22.0128 14.1218 15.738 34.3952 10.73 17.8447 16.6259 
4.6021 6.87877 23.1266 23.7733 12.6405 16.0136 9.74004 9.39504 26.0134 35.0628 17.4121 19.9788 33.4575 30.3855 32.2976 28.5002 29.8022 16.4348 6.60988 4.60657 7.2329 7.16608 8.84781 9.98118 21.013 25.7952 14.3821 12.3057 24.0917 35.9118 23.1737 27.5211 25.7004 27.3125 28.5049 17.2214 9.62072 26.8363 25.9779 9.88748 9.20292 33.5026 9.8687 10.293 11.9611 22.5007 0 22.0462 4.72447 24.2942 19.4694 32.0828 30.8402 10.8608 13.1987 25.7606 20.1331 30.5801 9.83821 4.57032 18.0669 25.3963 10.0316 25.4964 23.7968 18.5879 20.9703 20.3185 26.911 14.3749 15.5685 25.7642 4.81661 12.6749 33.6311 27.8557 3.36492 25.7705 19.3107 20.9247 24.7822 26.852 25.3539 14.2749 15.1123 27.9822 15.4769 11.739 21.0813 29.0051 26.923 7.66342 13.5104 9.72742 13.767 22.7701 8.37769 12.0436 27.8199 4.66856 24.624 
