50
11.7962 13.4374 1.87273 0
5.02385 19.8242 0.613611 0
12.0649 17.4822 1.14356 0
1.19795 9.06159 0.542362 1
0.401632 21.5912 1.03741 0
12.7688 20.4775 24.3178 0
14.5579 22.2114 1.011 0
16.0773 18.342 2.18837 0
18.7386 23.1311 0.379725 0
8.74043 18.8413 0.43979 0
9.86397 18.6561 1.6383 0
6.53009 16.3399 0.526871 0
0.937622 20.0086 1.20424 1
7.1088 22.9235 1.33208 0
2.34068 8.36663 0.299519 0
17.1052 18.6687 1.02823 0
17.3537 23.4769 1.10597 0
18.7889 19.5768 25.6724 0
8.24678 19.324 1.30426 0
10.5969 17.1413 1.0888 0
18.7051 23.9451 1.3076 0
3.36769 4.26633 14.2352 0
13.7185 16.3705 1.58478 0
6.28588 9.97595 2.23846 0
14.7054 16.0606 1.52545 0
9.37776 10.1924 0.322835 1
8.5383 19.5144 0.524736 0
2.5705 22.9501 1.8111 1
5.45022 10.3361 1.61078 1
15.4516 20.3244 1.62017 1
17.4659 23.9155 0.41272 0
2.10327 20.543 1.28683 1
16.5153 18.7983 21.1745 0
0.181684 9.05568 1.44358 0
15.7328 20.4784 11.5837 0
1.4189 13.3685 1.22634 0
1.55636 9.19405 1.96837 0
14.9738 21.1777 2.23883 0
4.39718 9.4078 1.78451 0
2.4306 11.6824 7.00842 1
14.4742 19.5454 1.95614 0
6.56492 23.4154 0.467869 0
9.14845 15.117 6.80284 0
15.4145 22.1987 1.96245 0
4.22009 8.53965 0.208844 1
7.37344 17.9177 1.71858 0
5.19455 12.489 2.05213 0
18.4051 19.3018 0.414193 1
1.45418 17.9468 1.29635 0
3.83317 6.15805 1.59249 0
400 50 500
0.025 0.0125 10000 3000 15 1e+06 300000 4 6
0 25.2003 8.23172 12.2546 6.74588 2.43208 30.6502 18.5784 17.448 18.8201 20.3948 4.85978 22.2432 9.26128 8.72034 22.9565 20.5368 9.08431 27.242 9.7789 22.716 22.9866 21.5547 20.3899 13.3109 8.15683 20.3119 15.7983 4.5161 23.5332 23.2967 10.6713 22.906 24.2329 1.21806 20.1256 24.0768 17.5799 14.6064 11.6763 3.20709 13.3901 18.6024 10.7113 13.7551 20.4518 23.7102 14.5243 9.72739 3.46176 9.36394 
25.2003 0 22.5791 26.5531 28.1864 24.2761 7.49638 17.5059 12.573 8.5516 18.2037 21.0046 17.2537 24.4181 25.4284 3.41961 25.1306 33.298 7.02587 26.6402 15.7118 16.4461 10.1499 9.86405 14.7538 33.0122 20.8412 14.4186 29.2779 15.5237 13.3769 14.6802 14.6521 3.33375 24.4025 20.8867 5.43555 7.66997 19.4315 17.3389 26.1718 18.1283 16.563 25.8829 27.5371 22.2808 1.70258 14.536 24.603 28.2138 24.9633 
8.23172 22.5791 0 5.35469 14.9401 5.80377 26.346 22.3285 11.6965 18.8107 24.2197 9.53484 25.5597 2.12778 2.88 19.5989 12.3301 16.6891 22.5187 4.22087 25.4842 25.9593 22.4929 21.2002 15.6349 15.2447 12.2523 18.3255 9.39885 16.4735 25.2426 10.9758 16.0344 22.7255 7.05749 12.0572 19.8 15.9022 19.3185 5.51796 11.3745 6.14557 11.326 3.9967 6.88394 12.272 20.8999 16.9624 2.52168 8.72495 16.5441 
12.2546 26.5531 5.35469 0 18.9033 9.96136 29.2647 27.683 14.5183 23.772 29.5739 14.6424 30.8973 3.34391 3.53872 23.341 9.49105 19.2903 25.2989 2.65475 30.7854 31.2747 27.5742 26.2785 20.9683 17.5054 11.3489 23.6504 11.5103 17.3316 30.4545 16.2342 17.1897 27.1447 11.2721 11.1408 23.0103 20.5186 24.6309 9.30157 15.4442 8.53793 12.4328 1.55748 1.56723 10.7269 24.8507 22.2918 2.87866 11.3038 21.3076 
6.74588 28.1864 14.9401 18.9033 0 9.1702 34.5393 16.9436 22.8422 20.4902 18.4627 7.75943 20.6256 15.9972 15.3944 26.5884 27.2657 5.73917 31.541 16.3466 21.5752 21.6289 22.1462 21.2154 14.0581 6.56544 26.8296 15.8104 8.625 29.3965 22.8505 13.7796 28.6739 26.4892 7.88574 26.6509 28.2345 20.6087 12.5833 17.6956 3.56568 19.6606 24.7047 17.3801 20.3639 27.0648 26.9248 14.8796 16.4588 8.18744 5.07595 
2.43208 24.2761 5.80377 9.96136 9.1702 0 29.3033 19.5088 15.597 18.5575 21.374 5.52741 23.078 6.87369 6.4253 21.8012 18.1049 11.188 25.7579 7.58877 23.3802 23.7191 21.6296 20.4069 13.6426 10.0037 17.9389 16.2697 5.02878 21.4192 23.7078 10.2041 20.8359 23.6152 1.31695 17.7501 22.6852 16.7981 15.8003 9.60209 5.61494 11.1558 16.4106 8.40647 11.4905 18.0452 22.7157 14.9327 7.3466 4.00099 11.3986 
30.6502 7.49638 26.346 29.2647 34.5393 29.3033 0 25.0006 14.8086 15.9263 25.6859 26.988 24.657 27.8457 28.9978 7.96781 25.3214 39.2803 3.99014 29.9923 23.0666 23.7891 17.596 17.359 21.8077 38.7348 20.8578 21.7747 34.3127 14.1504 20.6539 20.7625 13.6262 10.6826 29.6918 20.9724 6.62667 14.0868 26.775 20.8285 32.1284 20.809 17.3906 28.9646 29.9165 22.3035 8.05442 21.7589 27.9109 33.3038 31.8051 
18.5784 17.5059 22.3285 27.683 16.9436 19.5088 25.0006 0 21.0144 9.35395 1.8943 13.9901 3.72668 24.3956 24.6895 18.0386 32.0071 22.6579 23.702 26.1105 4.68753 4.68574 7.72902 7.67213 6.91674 23.4174 29.1903 4.57793 22.9463 27.5892 6.48335 11.8683 26.6082 14.4687 18.661 29.1058 20.724 12.878 4.3603 20.312 17.2114 22.5094 25.1333 26.2845 29.2008 30.2009 17.1576 5.71832 24.8313 21.9696 11.9933 
17.448 12.573 11.6965 14.5183 22.8422 15.597 14.8086 21.0144 0 13.1567 22.6002 15.1671 22.9314 13.0645 14.2379 9.18315 12.8389 26.5177 10.8942 15.1907 22.0727 22.7569 17.1228 15.9781 14.6466 25.5494 8.90822 16.4596 20.3832 6.97399 20.7047 10.5819 6.09021 14.0176 16.3144 8.89459 8.49884 8.97053 20.1956 6.24379 19.7197 6.00748 4.47153 14.1582 15.2926 10.2272 10.9103 15.5154 13.1118 19.4738 21.849 
18.8201 8.5516 18.8107 23.772 20.4902 18.5575 15.9263 9.35395 13.1567 0 10.4398 14.1115 10.1645 20.909 21.6306 8.68598 25.5323 25.9386 14.3601 23.0221 9.05851 9.77741 4.02958 2.82571 6.50862 25.9723 21.9797 5.86771 23.2489 19.035 7.54854 8.36668 18.044 6.11207 18.3003 21.9424 11.3769 4.19663 10.8806 14.8104 19.0453 16.5484 17.5988 22.6867 25.0882 23.21 7.91838 6.06071 21.2347 22.1634 16.7556 
20.3948 18.2037 24.2197 29.5739 18.4627 21.374 25.6859 1.8943 22.6002 10.4398 0 15.8502 2.25811 26.2886 26.5837 19.0474 33.7949 24.1374 24.6505 28.0045 3.71594 3.44015 8.12595 8.36331 8.7562 24.9854 30.8991 6.29662 24.7296 29.0641 6.00483 13.7057 28.0779 15.0338 20.5073 30.8198 21.7863 14.2213 5.9573 22.1279 18.9241 24.3066 26.7873 28.1777 31.09 31.9367 18.0192 7.51814 26.7237 23.766 13.4395 
4.85978 21.0046 9.53484 14.6424 7.75943 5.52741 26.988 13.9901 15.1671 14.1115 15.8502 0 17.5854 11.3121 11.2778 19.0956 21.3607 12.3294 23.8616 12.6229 17.9584 18.2652 16.7098 15.5593 8.45118 12.026 20.0973 10.9592 9.37587 21.8718 18.4544 6.32895 21.1023 19.7359 4.70325 19.9392 20.5786 13.3355 10.3024 10.5204 5.17537 12.7009 17.4156 13.1165 16.2096 20.5789 19.6178 9.67143 11.7905 8.31668 7.30233 
22.2432 17.2537 25.5597 30.8973 20.6256 23.078 24.657 3.72668 22.9314 10.1645 2.25811 17.5854 0 27.6582 28.0303 18.4773 34.5841 26.3218 23.95 29.46 1.72905 1.23493 7.11995 7.68729 9.92963 27.1224 31.4703 7.26754 26.6395 29.1421 4.24418 14.7809 28.1511 13.979 22.2787 31.4048 21.2607 14.2179 8.05663 23.0556 20.9359 25.1588 27.2423 29.5461 32.3872 32.5765 17.2704 8.6116 28.0784 25.6527 15.6315 
9.26128 24.4181 2.12778 3.34391 15.9972 6.87369 27.8457 24.3956 13.0645 20.909 26.2886 11.3121 27.6582 0 1.22926 21.3549 11.4714 17.0568 23.9564 2.22242 27.6011 28.0711 24.6117 23.3183 17.7396 15.4368 12.1601 20.4344 9.41427 17.149 27.3703 13.1029 16.8198 24.6968 8.18915 11.9549 21.3765 17.9153 21.2925 7.13121 12.4678 7.17481 12.0127 1.88952 4.9072 11.9253 22.7274 19.0693 0.483908 8.95574 18.0853 
8.72034 25.4284 2.88 3.53872 15.3944 6.4253 28.9978 24.6895 14.2379 21.6306 26.5837 11.2778 28.0303 1.22926 0 22.4099 12.3772 16.1206 25.1228 1.43331 28.0452 28.4911 25.2592 23.9703 18.1495 14.4428 13.3001 20.8536 8.40291 18.376 27.9165 13.652 18.049 25.6054 7.73432 13.0936 22.5033 18.7798 21.4289 8.22157 11.9156 8.3843 13.2414 1.99104 5.06682 13.0052 23.7443 19.4835 1.42298 8.03173 17.7927 
22.9565 3.41961 19.5989 23.341 26.5884 21.8012 7.96781 18.0386 9.18315 8.68598 19.0474 19.0956 18.4773 21.3549 22.4099 0 21.7138 31.4173 5.69206 23.5705 17.1054 17.8507 11.451 10.7959 14.0002 30.9573 17.4391 14.3036 26.8298 12.3578 15.01 12.8241 11.4463 5.71033 22.0646 17.4811 2.79526 6.14938 19.2134 14.2303 24.2584 14.8542 13.145 22.7441 24.2715 18.8741 1.87586 14.0953 21.5104 25.7887 23.8647 
20.5368 25.1306 12.3301 9.49105 27.2657 18.1049 25.3214 32.0071 12.8389 25.5323 33.7949 21.3607 34.5841 11.4714 12.3772 21.7138 0 28.4963 21.441 12.021 34.0118 34.6347 29.5614 28.3379 25.1148 26.8101 4.46807 27.5039 20.7702 11.3346 32.9946 20.2023 11.7197 26.8396 19.38 4.36672 20.2754 21.4851 29.9656 11.7512 23.7011 9.50304 8.5703 10.633 8.72518 3.01847 23.5399 26.29 11.0632 20.3998 28.6157 
9.08431 33.298 16.6891 19.2903 5.73917 11.188 39.2803 22.6579 26.5177 25.9386 24.1374 12.3294 26.3218 17.0568 16.1206 31.4173 28.4963 0 36.0423 16.6391 27.3032 27.3433 27.8046 26.8353 19.6114 2.03767 28.9402 21.4929 7.77999 32.5858 28.5879 18.6496 31.9764 31.8325 10.2569 28.744 32.803 25.6392 18.2992 20.7365 7.15899 22.3425 27.5981 17.9408 20.5262 28.8931 31.9386 20.5096 17.4439 8.10165 10.6984 
27.242 7.02587 22.5187 25.2989 31.541 25.7579 3.99014 23.702 10.8942 14.3601 24.6505 23.8616 23.95 23.9564 25.1228 5.69206 21.441 36.0423 0 26.0838 22.495 23.2381 16.8443 16.3243 19.5758 35.3797 16.9729 19.9906 30.7317 10.434 20.2587 17.8118 9.81926 10.3168 26.2323 17.0791 3.33446 11.6512 24.8784 17.0052 28.9299 16.8746 13.4101 25.03 25.9332 18.4282 6.68066 19.7446 24.0057 29.7469 29.1995 
9.7789 26.6402 4.22087 2.65475 16.3466 7.58877 29.9923 26.1105 15.1907 23.0221 28.0045 12.6229 29.46 2.22242 1.43331 23.5705 12.021 16.6391 26.0838 0 29.4784 29.9237 26.6717 25.3816 19.5823 14.8667 13.4265 22.2865 8.85974 18.9041 29.3455 15.0784 18.6446 26.9046 8.87338 13.2178 23.5533 20.1061 22.8167 9.34194 12.9353 9.23299 13.8262 1.42931 4.0229 12.9776 24.9492 20.9163 2.08288 8.65243 18.9873 
22.716 15.7118 25.4842 30.7854 21.5752 23.3802 23.0666 4.68753 22.0727 9.05851 3.71594 17.9584 1.72905 27.6011 28.0452 17.1054 34.0118 27.3032 22.495 29.4784 0 0.745364 5.66135 6.40391 9.90399 28.0023 30.7446 7.19985 27.1719 28.0933 2.52454 14.5639 27.1024 12.4094 22.6607 30.6891 19.8988 13.2125 9.01451 22.6381 21.6301 24.6696 26.4487 29.4807 32.2466 31.8972 15.8173 8.5704 28.0055 26.1586 16.6653 
22.9866 16.4461 25.9593 31.2747 21.6289 23.7191 23.7891 4.68574 22.7569 9.77741 3.44015 18.2652 1.23493 28.0711 28.4911 17.8507 34.6347 27.3433 23.2381 29.9237 0.745364 0 6.40649 7.14171 10.3418 28.0935 31.4032 7.63928 27.4202 28.8118 3.18858 15.0751 27.8207 13.1395 22.968 31.3455 20.644 13.9192 9.04586 23.2161 21.8049 25.2682 27.121 29.9542 32.7455 32.5456 16.561 9.00822 28.4809 26.4175 16.6722 
21.5547 10.1499 22.4929 27.5742 22.1462 21.6296 17.596 7.72902 17.1228 4.02958 8.12595 16.7098 7.11995 24.6117 25.2592 11.451 29.5614 27.8046 16.8443 26.6717 5.66135 6.40649 0 1.29567 8.33432 28.102 25.9801 6.35214 26.0611 22.7445 3.66885 11.6832 21.7583 6.91993 21.1993 25.9469 14.2458 8.15611 10.7644 18.7552 21.2753 20.5487 21.5814 26.4275 28.9301 27.2239 10.1639 7.30525 24.9611 24.9881 17.8081 
20.3899 9.86405 21.2002 26.2785 21.2154 20.4069 17.359 7.67213 15.9781 2.82571 8.36331 15.5593 7.68729 23.3183 23.9703 10.7959 28.3379 26.8353 16.3243 25.3816 6.40391 7.14171 1.29567 0 7.26574 27.0721 24.8052 5.53804 24.8878 21.7515 4.72769 10.4121 20.7621 6.79976 20.0046 24.7676 13.5751 7.01034 10.2396 17.4715 20.211 19.2822 20.4236 25.1328 27.6351 26.033 9.66729 6.33582 23.6668 23.8113 17.0134 
13.3109 14.7538 15.6349 20.9683 14.0581 13.6426 21.8077 6.91674 14.6466 6.50862 8.7562 8.45118 9.92963 17.7396 18.1495 14.0002 25.1148 19.6114 19.5758 19.5823 9.90399 10.3418 8.33432 7.26574 0 19.8078 22.4328 2.70506 17.827 21.4876 10.0656 4.95202 20.5355 12.6072 13.0619 22.3376 16.3029 7.92811 5.62674 13.3998 12.9488 15.6122 18.5232 19.6256 22.4579 23.3878 13.7882 1.33425 18.1552 16.7667 10.2654 
8.15683 33.0122 15.2447 17.5054 6.56544 10.0037 38.7348 23.4174 25.5494 25.9723 24.9854 12.026 27.1224 15.4368 14.4428 30.9573 26.8101 2.03767 35.3797 14.8667 28.0023 28.0935 28.102 27.0721 19.8078 0 27.4565 21.8697 6.04066 31.4007 29.1347 18.3339 30.8334 31.7366 9.24271 27.257 32.1905 25.3431 19.066 19.6054 6.92955 21.0759 26.3482 16.2032 18.6923 27.3388 31.5919 20.8003 15.8012 6.53095 11.6412 
20.3119 20.8412 12.2523 11.3489 26.8296 17.9389 20.8578 29.1903 8.90822 21.9797 30.8991 20.0973 31.4703 12.1601 13.3001 17.4391 4.46807 28.9402 16.9729 13.4265 30.7446 31.4032 25.9801 24.8052 22.4328 27.4565 0 24.6203 21.5026 6.9686 29.5188 17.6996 7.27949 22.7275 19.0991 0.208908 15.871 17.8271 27.6374 9.67923 23.305 7.41296 4.4463 12.0067 11.1594 1.46504 19.2894 23.5038 11.8778 20.9256 27.3844 
15.7983 14.4186 18.3255 23.6504 15.8104 16.2697 21.7747 4.57793 16.4596 5.86771 6.29662 10.9592 7.26754 20.4344 20.8536 14.3036 27.5039 21.4929 19.9906 22.2865 7.19985 7.63928 6.35214 5.53804 2.70506 21.8697 24.6203 0 20.3049 23.1052 7.49845 7.51803 22.1304 11.8111 15.6291 24.5378 16.8467 8.65103 5.01297 15.8665 15.1399 18.0235 20.5559 22.3188 25.1316 25.6447 13.7364 1.37087 20.8467 19.2599 11.4817 
4.5161 29.2779 9.39885 11.5103 8.625 5.02878 34.3127 22.9463 20.3832 23.2489 24.7296 9.37587 26.6395 9.41427 8.40291 26.8298 20.7702 7.77999 30.7317 8.85974 27.1719 27.4202 26.0611 24.8878 17.827 6.04066 21.5026 20.3049 0 25.7994 27.8029 14.9903 25.3016 28.5144 4.96113 21.3007 27.6899 21.751 18.8543 14.2198 6.11478 15.426 20.6783 10.174 12.7597 21.3344 27.7297 19.0376 9.76842 1.08615 12.7348 
23.5332 15.5237 16.4735 17.3316 29.3965 21.4192 14.1504 27.5892 6.97399 19.035 29.0641 21.8718 29.1421 17.149 18.376 12.3578 11.3346 32.5858 10.434 18.9041 28.0933 28.8118 22.7445 21.7515 21.4876 31.4007 6.9686 23.1052 25.7994 0 26.4118 17.5557 0.991291 18.0409 22.3391 7.12012 10.138 14.9245 27.0826 11.8569 26.1081 10.3733 5.15587 17.585 17.504 8.34067 14.2148 22.2667 17.012 25.02 28.7428 
23.2967 13.3769 25.2426 30.4545 22.8505 23.7078 20.6539 6.48335 20.7047 7.54854 6.00483 18.4544 4.24418 27.3703 27.9165 15.01 32.9946 28.5879 20.2587 29.3455 2.52454 3.18858 3.66885 4.72769 10.0656 29.1347 29.5188 7.49845 27.8029 26.4118 0 14.2719 25.4252 10.0501 23.1109 29.4783 17.8025 11.738 10.526 21.9198 22.5394 23.8274 25.1463 29.2254 31.8658 30.7339 13.6095 8.79205 27.749 26.7584 18.1087 
10.6713 14.6802 10.9758 16.2342 13.7796 10.2041 20.7625 11.8683 10.5819 8.36668 13.7057 6.32895 14.7809 13.1029 13.652 12.8241 20.2023 18.6496 17.8118 15.0784 14.5639 15.0751 11.6832 10.4121 4.95202 18.3339 17.6996 7.51803 14.9903 17.5557 14.2719 0 16.6602 13.5616 10.0295 17.5912 14.4882 7.0102 9.94187 8.46341 11.5029 10.7029 14.0163 14.9661 17.6847 18.5806 13.2902 6.20587 13.4888 13.905 11.6086 
22.906 14.6521 16.0344 17.1897 28.6739 20.8359 13.6262 26.6082 6.09021 18.044 28.0779 21.1023 28.1511 16.8198 18.049 11.4463 11.7197 31.9764 9.81926 18.6446 27.1024 27.8207 21.7583 20.7621 20.5355 30.8334 7.27949 22.1304 25.3016 0.991291 25.4252 16.6602 0 17.1132 21.7207 7.41086 9.30153 13.9336 26.1374 11.2417 25.4217 9.89747 4.81896 17.3565 17.4502 8.70309 13.3106 21.3018 16.7088 24.4971 27.9127 
24.2329 3.33375 22.7255 27.1447 26.4892 23.6152 10.6826 14.4687 14.0176 6.11207 15.0338 19.7359 13.979 24.6968 25.6054 5.71033 26.8396 31.8325 10.3168 26.9046 12.4094 13.1395 6.91993 6.79976 12.6072 31.7366 22.7275 11.8111 28.5144 18.0409 10.0501 13.5616 17.1132 0 23.5632 22.7469 8.30585 6.89552 16.778 17.8441 24.8171 19.0104 18.3201 26.3051 28.2671 24.1228 3.93491 12.155 24.9401 27.4324 22.8651 
1.21806 24.4025 7.05749 11.2721 7.88574 1.31695 29.6918 18.661 16.3144 18.3003 20.5073 4.70325 22.2787 8.18915 7.73432 22.0646 19.38 10.2569 26.2323 8.87338 22.6607 22.968 21.1993 20.0046 13.0619 9.24271 19.0991 15.6291 4.96113 22.3391 23.1109 10.0295 21.7207 23.5632 0 18.9134 23.0977 16.8296 14.8306 10.4839 4.3222 12.1754 17.394 9.71844 12.7966 19.2507 22.8824 14.3188 8.66277 3.87553 10.1256 
20.1256 20.8867 12.0572 11.1408 26.6509 17.7501 20.9724 29.1058 8.89459 21.9424 30.8198 19.9392 31.4048 11.9549 13.0936 17.4811 4.36672 28.744 17.0791 13.2178 30.6891 31.3455 25.9469 24.7676 22.3376 27.257 0.208908 24.5378 21.3007 7.12012 29.4783 17.5912 7.41086 22.7469 18.9134 0 15.9411 17.7964 27.5264 9.53693 23.1241 7.2632 4.44486 11.7979 10.956 1.39542 19.3279 23.4151 11.6714 20.7263 27.2289 
24.0768 5.43555 19.8 23.0103 28.2345 22.6852 6.62667 20.724 8.49884 11.3769 21.7863 20.5786 21.2607 21.3765 22.5033 2.79526 20.2754 32.803 3.33446 23.5533 19.8988 20.644 14.2458 13.5751 16.3029 32.1905 15.871 16.8467 27.6899 10.138 17.8025 14.4882 9.30153 8.30585 23.0977 15.9411 0 8.37607 21.6738 14.2942 25.6727 14.4795 11.8272 22.5922 23.7868 17.3326 4.37291 16.5274 21.471 26.6847 25.8663 
17.5799 7.66997 15.9022 20.5186 20.6087 16.7981 14.0868 12.878 8.97053 4.19663 14.2213 13.3355 14.2179 17.9153 18.7798 6.14938 21.4851 25.6392 11.6512 20.1061 13.2125 13.9192 8.15611 7.01034 7.92811 25.3431 17.8271 8.65103 21.751 14.9245 11.738 7.0102 13.9336 6.89552 16.8296 17.7964 8.37607 0 13.3384 11.2895 18.505 12.7793 13.4254 19.5836 21.7296 19.0835 6.31877 8.19068 18.1841 20.6759 17.7208 
14.6064 19.4315 19.3185 24.6309 12.5833 15.8003 26.775 4.3603 20.1956 10.8806 5.9573 10.3024 8.05663 21.2925 21.4289 19.2134 29.9656 18.2992 24.8784 22.8167 9.01451 9.04586 10.7644 10.2396 5.62674 19.066 27.6374 5.01297 18.8543 27.0826 10.526 9.94187 26.1374 16.778 14.8306 27.5264 21.6738 13.3384 0 18.2355 12.9805 20.5271 23.9144 23.1598 26.1839 28.4899 18.7278 5.14929 21.7525 17.917 7.65268 
11.6763 17.3389 5.51796 9.30157 17.6956 9.60209 20.8285 20.312 6.24379 14.8104 22.1279 10.5204 23.0556 7.13121 8.22157 14.2303 11.7512 20.7365 17.0052 9.34194 22.6381 23.2161 18.7552 17.4715 13.3998 19.6054 9.67923 15.8665 14.2198 11.8569 21.9198 8.46341 11.2417 17.8441 10.4839 9.53693 14.2942 11.2895 18.2355 0 14.3136 2.30858 7.00984 8.54484 10.45 10.3453 15.6413 14.6098 7.28032 13.3524 17.7591 
3.20709 26.1718 11.3745 15.4442 3.56568 5.61494 32.1284 17.2114 19.7197 19.0453 18.9241 5.17537 20.9359 12.4678 11.9156 24.2584 23.7011 7.15899 28.9299 12.9353 21.6301 21.8049 21.2753 20.211 12.9488 6.92955 23.305 15.1399 6.11478 26.1081 22.5394 11.5029 25.4217 24.8171 4.3222 23.1241 25.6727 18.505 12.9805 14.3136 0 16.2031 21.3165 13.9063 16.932 23.515 24.7928 14.0015 12.9344 5.36902 6.645 
13.3901 18.1283 6.14557 8.53793 19.6606 11.1558 20.809 22.5094 6.00748 16.5484 24.3066 12.7009 25.1588 7.17481 8.3843 14.8542 9.50304 22.3425 16.8746 9.23299 24.6696 25.2682 20.5487 19.2822 15.6122 21.0759 7.41296 18.0235 15.426 10.3733 23.8274 10.7029 9.89747 19.0104 12.1754 7.2632 14.4795 12.7793 20.5271 2.30858 16.2031 0 5.27285 8.15637 9.41745 8.0388 16.4281 16.7947 7.17033 14.6544 19.977 
18.6024 16.563 11.326 12.4328 24.7047 16.4106 17.3906 25.1333 4.47153 17.5988 26.7873 17.4156 27.2423 12.0127 13.2414 13.145 8.5703 27.5981 13.4101 13.8262 26.4487 27.121 21.5814 20.4236 18.5232 26.3482 4.4463 20.5559 20.6783 5.15587 25.1463 14.0163 4.81896 18.3201 17.394 4.44486 11.8272 13.4254 23.9144 7.00984 21.3165 5.27285 0 12.5448 12.7989 5.80626 14.9698 19.5116 11.8931 19.9221 24.5374 
10.7113 25.8829 3.9967 1.55748 17.3801 8.40647 28.9646 26.2845 14.1582 22.6867 28.1777 13.1165 29.5461 1.88952 1.99104 22.7441 10.633 17.9408 25.03 1.42931 29.4807 29.9542 26.4275 25.1328 19.6256 16.2032 12.0067 22.3188 10.174 17.585 29.2254 14.9661 17.3565 26.3051 9.71844 11.7979 22.5922 19.5836 23.1598 8.54484 13.9063 8.15637 12.5448 0 3.11142 11.5483 24.1844 20.9545 1.47732 9.89493 19.7505 
13.7551 27.5371 6.88394 1.56723 20.3639 11.4905 29.9165 29.2008 15.2926 25.0882 31.09 16.2096 32.3872 4.9072 5.06682 24.2715 8.72518 20.5262 25.9332 4.0229 32.2466 32.7455 28.9301 27.6351 22.4579 18.6923 11.1594 25.1316 12.7597 17.504 31.8658 17.6847 17.4502 28.2671 12.7966 10.956 23.7868 21.7296 26.1839 10.45 16.932 9.41745 12.7989 3.11142 0 10.3562 25.8355 23.7772 4.43747 12.6325 22.8556 
20.4518 22.2808 12.272 10.7269 27.0648 18.0452 22.3035 30.2009 10.2272 23.21 31.9367 20.5789 32.5765 11.9253 13.0052 18.8741 3.01847 28.8931 18.4282 12.9776 31.8972 32.5456 27.2239 26.033 23.3878 27.3388 1.46504 25.6447 21.3344 8.34067 30.7339 18.5806 8.70309 24.1228 19.2507 1.39542 17.3326 19.0835 28.4899 10.3453 23.515 8.0388 5.80626 11.5483 10.3562 0 20.7192 24.4949 11.5974 20.8222 27.8811 
23.7102 1.70258 20.8999 24.8507 26.9248 22.7157 8.05442 17.1576 10.9103 7.91838 18.0192 19.6178 17.2704 22.7274 23.7443 1.87586 23.5399 31.9386 6.68066 24.9492 15.8173 16.561 10.1639 9.66729 13.7882 31.5919 19.2894 13.7364 27.7297 14.2148 13.6095 13.2902 13.3106 3.93491 22.8824 19.3279 4.37291 6.31877 18.7278 15.6413 24.7928 16.4281 14.9698 24.1844 25.8355 20.7192 0 13.7055 22.9088 26.6715 23.8924 
14.5243 14.536 16.9624 22.2918 14.8796 14.9327 21.7589 5.71832 15.5154 6.06071 7.51814 9.67143 8.6116 19.0693 19.4835 14.0953 26.29 20.5096 19.7446 20.9163 8.5704 9.00822 7.30525 6.33582 1.33425 20.8003 23.5038 1.37087 19.0376 22.2667 8.79205 6.20587 21.3018 12.155 14.3188 23.4151 16.5274 8.19068 5.14929 14.6098 14.0015 16.7947 19.5116 20.9545 23.7772 24.4949 13.7055 0 19.4833 17.9851 10.7895 
9.72739 24.603 2.52168 2.87866 16.4588 7.3466 27.9109 24.8313 13.1118 21.2347 26.7237 11.7905 28.0784 0.483908 1.42298 21.5104 11.0632 17.4439 24.0057 2.08288 28.0055 28.4809 24.9611 23.6668 18.1552 15.8012 11.8778 20.8467 9.76842 17.012 27.749 13.4888 16.7088 24.9401 8.66277 11.6714 21.471 18.1841 21.7525 7.28032 12.9344 7.17033 11.8931 1.47732 4.43747 11.5974 22.9088 19.4833 0 9.34278 18.5689 
3.46176 28.2138 8.72495 11.3038 8.18744 4.00099 33.3038 21.9696 19.4738 22.1634 23.766 8.31668 25.6527 8.95574 8.03173 25.7887 20.3998 8.10165 29.7469 8.65243 26.1586 26.4175 24.9881 23.8113 16.7667 6.53095 20.9256 19.2599 1.08615 25.02 26.7584 13.905 24.4971 27.4324 3.87553 20.7263 26.6847 20.6759 17.917 13.3524 5.36902 14.6544 19.9221 9.89493 12.6325 20.8222 26.6715 17.9851 9.34278 0 12.0138 
9.36394 24.9633 16.5441 21.3076 5.07595 11.3986 31.8051 11.9933 21.849 16.7556 13.4395 7.30233 15.6315 18.0853 17.7927 23.8647 28.6157 10.6984 29.1995 18.9873 16.6653 16.6722 17.8081 17.0134 10.2654 11.6412 27.3844 11.4817 12.7348 28.7428 18.1087 11.6086 27.9127 22.8651 10.1256 27.2289 25.8663 17.7208 7.65268 17.7591 6.645 19.977 24.5374 19.7505 22.8556 27.8811 23.8924 10.7895 18.5689 12.0138 0 
