20
3.38176 20.1098 1.89548 0
11.8157 15.2966 0.651343 0
3.07029 5.75192 0.455178 0
14.7588 19.8447 0.971442 0
12.6989 22.1047 1.99115 1
3.40607 13.7096 2.16231 1
4.44356 17.0099 0.257491 0
2.53581 20.5086 0.763594 1
2.05898 15.1554 19.605 0
9.66592 15.9826 1.18482 0
8.58411 17.023 1.9598 0
18.8733 23.7863 0.601233 0
0.772319 18.328 1.63683 0
13.2987 20.411 1.10544 0
2.08423 14.2589 0.802893 0
10.6361 21.8919 1.39305 0
5.61125 16.1801 1.9668 0
11.7639 22.9104 1.86623 0
14.4426 19.8382 1.60453 0
10.4495 23.4443 2.22285 0
400 50 500
0.025 0.0125 10000 3000 15 1e+06 300000 2 2
0 17.6246 15.1699 20.3688 18.6967 8.29014 16.7709 7.78372 12.3701 7.44754 8.43763 16.0965 14.4937 3.03433 16.6619 10.5613 18.4988 8.17346 13.5912 14.3687 7.57019 
17.6246 0 4.86999 11.3466 7.76509 10.8084 15.2555 9.89623 17.1185 15.4128 13.9871 3.40056 3.13094 14.6208 14.2139 11.6951 1.83238 10.2922 5.05015 9.30248 14.498 
15.1699 4.86999 0 7.7911 4.52938 7.22378 10.4586 8.28546 12.3715 11.3296 9.76956 1.52265 3.86318 12.4132 9.44297 7.1878 4.36484 7.05752 1.80722 4.43764 10.4354 
20.3688 11.3466 7.7911 0 3.58499 12.2051 7.03012 15.1223 12.0903 14.135 12.5777 8.50475 11.5741 18.1953 6.09831 9.93373 9.7919 12.6075 9.3875 6.02978 13.5045 
18.6967 7.76509 4.52938 3.58499 0 10.4123 8.81894 12.5305 12.7119 13.4303 11.7942 4.99247 8.13278 16.1991 7.73949 8.97382 6.2534 10.5765 6.28295 4.80744 12.6499 
8.29014 10.8084 7.22378 12.2051 10.4123 0 10.0607 4.34544 8.17054 4.75286 3.65101 8.42025 7.92603 5.99662 9.57785 3.20703 11.1567 0.941122 5.96324 6.17568 3.86193 
16.7709 15.2555 10.4586 7.03012 8.81894 10.0607 0 14.2249 5.68904 9.45592 8.33789 11.8594 13.989 15.478 1.08572 6.86592 14.2857 10.8742 11.1176 6.09943 9.20358 
7.78372 9.89623 8.28546 15.1223 12.5305 4.34544 14.2249 0 12.4242 8.27791 7.68205 8.84154 6.77766 4.75336 13.6287 7.48341 10.9265 3.42905 6.50525 9.38923 7.54857 
12.3701 17.1185 12.3715 12.0903 12.7119 8.17054 5.68904 12.4242 0 5.03373 4.82433 13.8928 14.9181 11.9165 6.22734 5.63796 16.7136 9.11057 12.1757 8.30359 5.29067 
7.44754 15.4128 11.3296 14.135 13.4303 4.75286 9.45592 8.27791 5.03373 0 1.63765 12.7094 12.637 6.91427 9.49472 4.4592 15.5528 5.52993 10.4156 8.63498 0.914804 
8.43763 13.9871 9.76956 12.5777 11.7942 3.65101 8.33789 7.68205 4.82433 1.63765 0 11.1789 11.3143 7.33216 8.2388 2.82174 14.0381 4.54357 8.95308 7.00256 0.935808 
16.0965 3.40056 1.52265 8.50475 4.99247 8.42025 11.8594 8.84154 13.8928 12.7094 11.1789 0 3.17766 13.2391 10.8231 8.66111 2.87335 8.13384 2.51654 5.9137 11.8057 
14.4937 3.13094 3.86318 11.5741 8.13278 7.92603 13.989 6.77766 14.9181 12.637 11.3143 3.17766 0 11.4917 13.0315 9.31513 4.25898 7.3173 2.89027 7.89314 11.7272 
3.03433 14.6208 12.4132 18.1953 16.1991 5.99662 15.478 4.75336 11.9165 6.91427 7.33216 13.2391 11.4917 0 15.1891 8.79366 15.5505 5.639 10.7606 12.1688 6.66031 
16.6619 14.2139 9.44297 6.09831 7.73949 9.57785 1.08572 13.6287 6.22734 9.49472 8.2388 10.8231 13.0315 15.1891 0 6.44111 13.2171 10.3433 10.1774 5.14161 9.14187 
10.5613 11.6951 7.1878 9.93373 8.97382 3.20703 6.86592 7.48341 5.63796 4.4592 2.82174 8.66111 9.31513 8.79366 6.44111 0 11.5341 4.06597 6.66361 4.19237 3.68389 
18.4988 1.83238 4.36484 9.7919 6.2534 11.1567 14.2857 10.9265 16.7136 15.5528 14.0381 2.87335 4.25898 15.5505 13.2171 11.5341 0 10.7777 5.19466 8.57967 14.6451 
8.17346 10.2922 7.05752 12.6075 10.5765 0.941122 10.8742 3.42905 9.11057 5.52993 4.54357 8.13384 7.3173 5.639 10.3433 4.06597 10.7777 0 5.62739 6.61166 4.66695 
13.5912 5.05015 1.80722 9.3875 6.28295 5.96324 11.1176 6.50525 12.1757 10.4156 8.95308 2.51654 2.89027 10.7606 10.1774 6.66361 5.19466 5.62739 0 5.03651 9.5026 
14.3687 9.30248 4.43764 6.02978 4.80744 6.17568 6.09943 9.38923 8.30359 8.63498 7.00256 5.9137 7.89314 12.1688 5.14161 4.19237 8.57967 6.61166 5.03651 0 7.87625 
7.57019 14.498 10.4354 13.5045 12.6499 3.86193 9.20358 7.54857 5.29067 0.914804 0.935808 11.8057 11.7272 6.66031 9.14187 3.68389 14.6451 4.66695 9.5026 7.87625 0 
