200
9.71556 19.0325 1.09667 1
7.12329 17.4434 0.880689 0
17.7271 18.5396 0.379702 1
14.3787 19.9202 1.17056 1
15.9462 19.4825 1.0755 0
14.8483 20.1552 1.41391 0
9.77265 21.3123 0.967139 0
7.32781 14.5872 1.14728 0
12.8684 23.8044 1.34577 0
3.86679 6.63158 10.0339 1
0.00160372 17.373 1.58973 0
14.4084 21.3689 0.845156 0
11.7259 23.1966 1.43296 0
3.65142 15.1076 0.460278 0
17.6287 22.3401 0.559221 0
3.22456 19.9549 0.642373 0
18.8501 21.4628 1.37382 0
0.792318 20.2393 0.877122 1
9.24664 12.9351 1.67706 0
0.0710841 15.9238 1.7441 1
10.6926 22.0053 0.440609 0
0.675301 17.3116 27.813 1
1.82368 15.0716 2.22822 0
0.790229 23.8885 1.41071 0
0.561592 1.87126 0.212957 0
7.7189 13.255 1.12063 1
14.7368 18.0449 0.695058 0
8.07764 18.1418 1.26514 0
18.1292 21.971 2.02642 0
14.0526 19.2165 1.67747 1
10.6806 13.2218 1.98717 0
9.92003 17.8569 1.99127 0
12.997 22.0196 1.40618 0
2.26682 4.13968 0.280806 0
5.61078 9.96878 1.36277 0
16.361 19.6925 0.893758 0
12.9569 21.9494 1.69086 1
11.4516 22.0435 1.10804 0
18.8434 22.8248 0.505843 0
6.98071 22.228 0.597321 0
2.43407 18.2307 6.34739 0
7.59261 17.8096 1.04049 1
7.53611 23.392 1.12909 0
5.65418 22.9448 0.691329 0
14.3356 22.8462 1.98398 0
14.3406 23.6781 1.45847 0
8.70023 18.8163 2.00243 0
11.8232 15.9131 0.614454 0
15.3993 16.7474 2.19009 0
7.88209 15.6498 1.43187 0
14.6214 18.2807 0.646646 0
4.28781 22.5362 1.29649 0
13.0273 20.9008 0.517224 0
6.27875 22.7503 1.52568 1
17.6739 22.9956 0.417684 1
15.9573 21.0957 1.15388 0
1.38766 6.81142 0.626772 0
9.47042 20.4852 2.17482 0
14.5817 14.7987 0.770285 0
10.9138 15.2348 11.8312 0
3.82193 7.1262 15.6755 1
0.894744 3.15261 1.58968 0
16.4333 22.11 15.292 0
4.2127 6.82717 2.13707 0
8.54095 17.133 1.25063 1
15.8308 23.4784 1.41467 0
12.0727 16.8737 0.791851 0
0.45711 7.64076 21.3375 1
7.54649 12.7318 0.606861 1
4.94493 20.7481 2.02077 0
13.823 17.7357 27.5442 0
18.6817 19.0357 1.53338 0
6.29901 7.53216 0.675285 0
14.662 21.8317 2.06031 0
5.70718 11.6095 0.525937 0
1.99272 23.0351 0.698462 0
3.10196 20.4226 25.9449 1
2.82678 9.54593 0.266146 1
1.78471 3.04683 1.12329 0
15.2358 23.2771 1.19665 0
3.81638 18.8538 0.449233 0
6.66779 13.9857 1.09998 0
15.2698 23.7359 0.445165 0
3.04271 17.0488 1.82193 0
14.0367 21.2853 2.62753 1
0.329761 5.5129 1.15252 0
13.329 16.6627 1.71886 0
6.60317 14.3419 1.90417 1
6.31605 12.2256 0.644749 0
17.3894 22.4986 3.05021 0
17.2906 19.421 1.86501 1
13.6541 18.906 0.652403 0
11.6497 18.048 1.00741 1
8.89272 23.8986 1.73743 0
17.129 22.2092 0.218392 0
13.7931 23.5059 1.6047 1
1.26001 12.073 1.27216 1
3.35863 17.836 0.459018 0
11.7154 15.5016 2.07202 0
17.0752 17.625 1.09191 0
2.25865 19.8691 2.16785 0
9.17321 22.7633 1.0273 1
2.59632 10.3058 1.45589 0
3.93702 22.6008 1.10206 1
16.2033 20.8478 0.967005 0
6.33775 20.8786 0.890953 1
18.5827 21.5093 19.5885 0
13.6174 22.4043 2.99581 0
3.68209 4.92395 0.670245 0
1.31743 7.65198 2.17336 0
9.32079 22.2196 0.956615 0
6.43346 7.96778 7.52061 0
16.4576 22.0538 1.52799 0
6.7121 16.7541 0.862669 0
11.5866 14.3718 1.82719 0
14.3675 19.6605 0.661175 0
0.879055 8.43985 18.8797 0
5.75508 17.7624 0.706555 0
12.7601 22.8417 1.93982 0
7.89562 12.7242 0.234881 0
17.3307 21.5397 0.746945 0
6.69218 10.726 0.812655 0
14.7188 19.1457 2.02216 0
8.60159 15.3577 0.835402 0
5.35385 17.1673 2.15052 0
10.0126 20.6171 0.550321 0
11.0306 14.2442 1.29856 0
3.59289 13.407 0.658316 1
3.21678 5.6993 0.985682 0
5.68335 16.337 0.479166 0
14.9825 21.0377 2.23995 1
12.6108 18.6507 1.04524 0
16.1233 17.4087 1.51052 0
15.6466 17.0683 13.5379 0
10.3955 14.3687 1.61517 0
12.6472 15.5526 1.58231 1
1.02193 7.66481 1.26386 0
17.4061 18.0902 9.57747 1
15.3634 23.6293 0.848946 0
7.15712 11.5892 0.378991 0
6.09375 12.9387 1.69038 0
12.7395 15.4856 0.278503 0
13.0763 19.9111 0.837231 0
12.6834 12.8433 14.5629 0
6.0928 14.047 1.5341 0
15.2287 15.2707 0.661717 0
12.1298 14.1635 2.0179 0
5.51111 7.63886 0.226764 0
11.5072 11.5805 27.1096 1
10.3371 20.0561 0.738573 0
9.74358 15.9944 0.895736 1
15.8501 16.4173 1.02927 0
15.1966 20.4295 1.54984 0
4.2422 14.2445 1.81033 0
2.21732 7.46472 5.17357 0
5.88492 14.0311 0.775743 0
5.21756 19.4859 2.12515 0
11.9385 20.4569 28.1439 0
18.3373 22.7668 1.29158 0
0.926408 9.79088 2.19551 1
0.3282 7.23897 1.83335 1
3.04681 21.8731 1.54186 0
12.6322 16.599 1.45667 1
10.4665 21.8592 2.22298 0
12.5292 20.4217 1.49068 1
6.03415 23.3126 1.39161 0
6.41611 13.2492 0.821446 1
8.63754 15.7165 1.39898 0
15.6018 19.8663 0.340365 0
3.47947 13.4315 1.88267 1
5.53339 12.7367 1.17431 0
13.9759 20.3933 12.061 0
7.79368 10.792 0.332558 1
7.59495 15.4241 1.59322 0
4.03172 21.5047 0.518488 1
5.70256 16.8448 1.40891 0
16.9711 17.1405 2.29063 0
3.60546 15.0294 1.12043 0
11.5282 14.3827 0.824984 0
9.59113 17.2097 2.24479 1
13.3934 23.514 1.70371 0
9.65847 14.2454 1.75994 0
14.7402 17.0289 0.728332 1
11.5831 19.0165 0.543153 0
14.0679 20.1198 1.29502 0
1.4616 21.4891 1.55521 0
1.96346 5.79661 1.03684 0
14.0302 14.4157 2.23797 1
12.7518 16.6692 0.546363 0
3.4023 5.53669 0.323339 1
4.46221 15.5751 24.1579 0
18.8648 19.1537 0.412082 0
9.1559 16.6701 0.967261 0
9.62502 13.7045 0.658632 0
5.20581 7.39533 1.70353 0
14.4368 23.9029 1.45411 0
0.902232 6.52185 0.837066 0
18.1217 23.0592 0.965252 1
16.4371 20.473 2.04937 0
6.07188 6.29699 1.23308 0
400 50 500
0.025 0.0125 10000 3000 15 1e+06 300000 8 12
0 17.8789 45.8972 9.83641 40.4261 49.1457 30.4654 7.61789 29.6829 46.1211 46.3957 17.8556 13.2548 10.3314 32.5335 32.3216 29.4476 26.5785 1.62643 31.6842 12.8891 25.2022 18.018 15.145 31.689 49.1613 26.2361 49.7659 22.06 15.751 23.3442 26.0536 41.4405 32.8052 8.29718 37.6309 20.6242 44.3036 17.228 30.8212 25.0811 34.1983 26.8656 36.8311 46.8013 36.5582 43.159 24.0966 34.9277 34.9011 18.0059 21.023 21.7676 17.2309 42.6483 23.2339 44.5751 22.5958 18.1128 24.3853 27.3827 26.6987 27.7595 28.6793 35.4037 22.3553 44.0915 16.0439 38.3704 40.3497 18.5013 11.5282 16.5411 49.3957 52.13 24.0177 18.5385 30.7315 23.1688 19.0902 27.8111 33.0312 5.44009 22.8388 11.3136 50.4849 12.7805 39.9663 25.2558 14.9702 6.07449 25.4479 41.2864 29.8769 36.2765 9.76093 13.8806 21.1747 20.5665 35.742 28.0402 13.7304 25.1642 41.284 50.0668 52.9694 42.1977 42.5817 17.4232 36.7755 25.8161 14.9303 8.01188 26.1523 10.4434 3.42776 34.3955 8.72185 45.8763 48.3571 28.685 12.1583 28.8589 9.53687 10.4698 33.0871 29.5453 30.0408 7.57535 23.0732 41.9185 15.357 24.5007 30.31 22.7489 2.71456 40.81 41.6617 29.4795 43.0883 14.1252 16.2667 27.9739 8.7191 14.7087 15.0952 19.2162 10.3028 49.561 29.0605 22.7174 23.6487 41.1734 19.8728 46.8565 25.5507 39.7411 19.9158 45.2344 47.1978 44.8158 39.9992 29.6711 22.8375 16.643 23.9394 3.22142 15.7958 16.8859 42.7327 22.9125 32.493 26.4848 22.8682 26.4537 31.001 32.1681 16.3473 45.9193 50.9967 21.3767 12.369 22.6292 29.5855 9.34047 5.32754 33.7028 35.748 51.0685 13.7978 42.0674 50.3422 43.9363 44.5627 43.9855 34.3783 44.4867 20.3104 10.1451 10.33 7.14592 
17.8789 0 51.3191 8.28338 32.175 45.5758 41.0869 15.1221 35.1031 49.3649 43.6316 34.9416 19.4837 7.5628 47.6232 34.9679 46.9395 42.375 17.3101 47.2695 28.4036 39.1042 24.6727 6.62112 29.39 54.8245 37.0985 55.2619 24.2269 2.37993 5.90656 14.2297 54.4909 45.9963 10.2789 43.7724 38.0047 43.2859 22.6384 47.7255 38.1742 32.486 43.9187 52.6466 47.2843 48.1981 48.8887 6.77381 27.7505 44.7706 33.0602 35.1565 36.971 30.364 52.9195 9.53571 49.2561 40.1619 26.2568 42.1078 18.1459 15.7586 40.8277 12.0366 48.9213 16.6015 36.5069 4.61303 46.9147 29.8615 8.79239 26.5195 32.8633 59.5151 59.3384 21.6535 1.73481 48.5946 7.21688 22.2622 21.9244 40.683 20.6735 12.9321 29.0458 61.683 20.6342 53.2622 22.9427 22.182 13.7054 13.7422 41.9302 39.0711 48.4941 21.5128 31.7509 21.9408 4.91203 34.5802 13.1877 7.06017 7.51874 32.787 61.3595 44.8139 33.5599 34.1199 19.8557 30.8217 43.3221 23.7842 25.8884 41.3029 24.4612 17.4462 34.536 10.8715 53.2044 52.4615 46.5501 17.5601 15.2732 14.9421 19.5091 47.1504 47.1328 22.3747 10.5354 11.1735 51.5291 18.8689 8.96989 30.7591 31.7128 18.8347 34.5958 40.3631 25.606 53.0275 21.4797 7.63521 20.44 12.6821 31.7766 4.89977 36.7235 28.1738 45.0911 34.1321 40.5939 6.69457 54.602 12.0747 49.5188 43.1355 38.5886 37.7896 57.3669 49.7161 53.3463 43.9592 32.7084 40.703 27.0817 7.05652 16.8544 31.825 33.8536 38.6218 23.6497 50.1362 36.0272 30.1309 30.1443 22.272 18.5962 34.1854 58.4569 44.6379 6.04347 5.941 10.6467 22.0227 27.2048 21.7231 51.561 39.5333 43.3025 30.6043 55.8162 43.4767 46.7218 34.879 52.5009 48.9771 51.2714 9.75996 27.9355 18.5762 15.7828 
45.8972 51.3191 0 49.4946 34.5949 24.1973 18.8261 52.8547 16.605 6.10722 21.7866 39.6266 33.9024 47.9567 31.1152 16.6194 44.0927 33.81 47.4652 33.1539 36.4183 28.052 28.3646 54.7419 24.9606 3.50748 21.8671 3.96867 27.1083 51.2648 56.1557 65.3942 24.2546 24.3009 49.9527 8.27245 41.339 17.4478 29.8469 39.9417 26.2571 22.4806 40.0452 35.2993 13.4851 19.0662 2.76298 51.7772 32.7279 15.0247 33.3196 30.1583 32.4629 30.6866 14.5629 60.8216 2.68393 53.6031 27.8425 45.1403 38.266 41.0738 25.1516 51.4207 25.2624 35.927 33.3536 53.9121 10.5386 39.6713 58.5404 36.3986 55.4798 16.1292 9.10678 30.4228 50.1583 53.32 58.391 29.3497 32.9166 13.2531 40.7082 63.4123 43.5365 20.5233 33.6727 24.9057 29.3863 31.4748 50.4635 64.8605 14.1266 17.235 20.8756 55.3779 46.8821 29.3817 56.2308 20.599 47.4725 44.6718 53.1975 35.2051 20.653 37.1449 35.6177 35.2497 31.7637 29.9108 43.1999 31.0438 45.3458 31.4687 54.8432 42.6924 18.955 51.3318 5.66895 4.19961 52.2293 57.7607 45.2046 54.6253 56.3669 27.2003 57.0624 34.878 46.0497 62.1885 12.4365 33.23 48.3841 21.5015 23.2992 43.2208 30.0074 18.5858 28.8559 13.5215 32.3583 43.6958 35.4044 52.735 52.4491 46.5775 52.4525 45.2469 26.5777 17.4528 49.0351 57.3655 25.6894 40.0163 7.67515 54.9233 18.815 47.0335 21.7678 8.0796 9.21989 7.76018 18.6492 49.7063 29.3982 57.7284 48.9982 36.3587 39.1747 25.0647 27.7193 58.2022 20.2944 23.079 21.2142 36.445 45.3921 45.1623 23.5885 31.7891 48.1337 47.2615 61.6446 34.8562 46.3067 49.6321 55.0896 11.9072 35.4403 52.8183 27.2459 32.8917 7.85025 38.5133 9.08924 29.2814 3.97452 42.8605 47.3865 36.3603 40.3091 
9.83641 8.28338 49.4946 0 36.3702 47.8318 36.6904 7.41728 32.8937 48.516 45.4742 27.4571 15.7223 1.92707 41.2403 34.0369 39.2358 35.603 9.09276 40.6379 21.5554 33.1862 21.3268 5.94056 30.5877 52.9392 32.4998 53.46 22.9395 6.01097 13.5214 17.4016 49.1501 40.5033 2.09227 41.4766 30.3607 44.3027 19.6676 40.3939 32.6049 33.5269 36.4894 45.9262 47.6799 43.4545 46.882 14.8902 31.2853 40.7881 26.5168 29.0624 30.4251 24.5704 48.8717 13.8774 47.7402 31.8861 22.3725 34.2196 22.2816 20.6799 35.3176 19.9079 43.307 18.6746 40.4813 6.33543 43.5776 35.0855 9.77735 19.8216 24.6492 55.6081 56.7908 22.4067 9.27323 40.4152 13.4047 20.3095 24.5217 37.624 13.5453 14.6238 21.1417 57.2845 16.3144 47.7936 23.7731 18.342 5.53593 16.7995 42.139 35.272 43.4857 13.7735 23.6056 21.1349 10.77 35.4322 20.1574 7.09766 15.774 37.1159 56.9135 49.1961 37.9743 38.4622 17.9802 33.8601 35.6044 19.3907 17.8165 34.8343 16.4563 10.1786 34.768 3.18902 50.5259 51.2642 38.3754 11.1724 21.633 7.90028 12.2247 41.2592 38.8557 25.9229 3.68569 14.197 47.7706 16.3112 16.1526 30.6935 27.7711 11.2621 37.87 41.4453 27.3938 49.1355 17.4927 9.77764 23.8078 5.30995 23.4966 7.11379 28.4453 20.1137 47.7596 32.0463 32.4529 13.8143 49.0805 14.7376 48.9421 34.8599 39.5566 29.7075 52.4886 49.2094 50.1125 42.6731 31.5068 32.5348 22.2635 14.1083 8.57108 24.8254 26.4254 40.9913 23.0112 41.864 31.9861 26.8715 28.5194 26.3662 25.0638 26.1755 53.3936 48.1817 12.9141 4.15039 13.6921 25.4984 19.0625 13.4403 43.3728 38.2181 47.4823 22.3354 50.1486 47.2389 46.0369 39.8198 49.2629 42.8447 48.8162 13.8349 19.7341 13.7404 10.0044 
40.4261 32.175 34.5949 36.3702 0 16.1081 38.1536 43.3157 26.6177 29.4647 15.7812 48.3052 29.0049 34.4627 51.6081 21.7497 59.0123 49.7291 41.205 52.6391 41.0396 43.3867 28.0138 38.4484 13.022 37.4882 36.6822 37.5125 21.976 33.7203 33.8593 44.8818 51.774 46.1293 38.1187 31.3296 51.5359 18.3765 26.8638 57.0565 41.2857 13.5807 54.6727 57.3483 23.4211 44.3431 33.5542 28.1553 5.57727 38.7602 42.4081 41.711 44.8671 37.8929 44.7878 40.2559 31.9113 60.1613 29.8986 56.5605 14.1934 16.4197 42.6974 24.6271 48.815 18.1589 4.38565 36.6241 37.524 5.34623 40.9502 39.4492 56.5153 49.3377 43.6406 17.2165 30.4493 65.2466 36.8984 24.1349 12.6433 32.5455 38.2775 44.6351 46.7646 53.2381 30.3949 51.4218 16.3484 29.222 40.8355 44.5651 20.5285 34.5831 45.7269 49.009 50.796 21.1499 36.0338 14.7216 20.8749 29.2726 29.015 0.942555 53.1832 12.8261 1.85139 2.15597 24.4396 5.51824 56.1883 30.972 45.773 47.4296 50.6741 37.396 17.1492 39.4952 39.3501 33.0726 63.3952 47.5366 18.0973 44.1979 48.1868 48.8229 66.3647 10.5176 34.9347 42.451 42.5277 26.2738 24.3043 17.6362 31.697 38.9753 4.80848 16.2961 12.2362 44.2057 29.5765 26.6356 12.6414 41.603 54.1313 29.67 57.3331 47.3035 14.6383 25.8051 57.8658 35.183 52.7206 21.6384 28.5704 62.7478 15.7866 54.8863 51.9004 28.4598 41.7028 27.4922 22.1218 58.3202 33.1164 35.4419 41.9879 43.716 47.2238 10.4705 20.2109 68.798 33.9485 28.7755 23.128 10.0398 15.947 51.3596 53.6264 12.6935 26.3437 32.307 42.0016 10.9616 47.334 45.7527 68.0012 25.1321 11.1662 53.5761 54.3907 11.3775 26.9821 4.94125 41.0871 51.3662 37.0269 22.8538 48.535 31.5457 33.4403 
49.1457 45.5758 24.1973 47.8318 16.1081 0 35.4498 53.8633 24.9902 18.127 3.19098 51.6395 36.0606 45.9226 49.794 19.7615 60.2326 49.9202 50.3106 51.3715 45.4823 43.2581 32.6128 51.2072 17.5095 26.0995 35.8228 25.861 27.2925 46.6497 48.3683 59.2375 46.4324 43.2577 49.2081 24.858 54.4388 7.49432 32.5177 57.161 41.0445 14.9721 55.79 55.0965 10.7439 39.6497 24.3682 42.8134 18.3305 34.1064 45.0071 43.1142 46.2308 40.7732 37.5943 54.4853 21.7691 65.1299 33.746 59.2307 27.7434 30.5486 41.4707 40.0318 45.3283 29.3612 12.5751 49.6328 31.1481 21.2346 54.2699 44.4088 63.6107 40.299 32.282 25.5679 43.9407 68.096 51.2847 30.2234 23.6954 28.5014 45.5107 58.4702 52.3443 44.6487 36.933 46.5979 24.225 35.0444 51.2573 58.8498 12.0263 32.0722 41.364 58.6608 56.3714 27.9714 49.9861 13.6712 36.0573 41.0314 43.8794 16.1541 44.7429 13.1465 16.0092 15.4074 31.7233 14.9469 58.1363 36.0894 52.4646 47.4136 59.5559 45.7658 15.6719 50.6797 29.7831 21.203 66.5074 58.572 33.2714 55.1346 58.4895 46.2715 70.413 23.3844 45.4877 56.5061 35.2544 33.7903 38.8974 19.3134 32.829 47.054 11.8063 8.59721 20.44 36.721 35.7261 38.8023 25.1828 52.6536 60.8391 42.0638 62.8754 53.4227 2.44366 24.7372 61.7444 49.7094 47.6865 33.7523 16.679 67.2897 10.2284 59.0265 45.0714 16.3583 33.026 19.5657 21.8578 62.3162 36.8333 50.0083 51.455 47.2261 50.7475 6.95404 26.2499 72.3687 33.062 30.4584 24.6286 23.9394 31.6666 55.9963 46.9086 7.73271 40.2926 44.1625 56.013 23.6839 53.8894 54.2224 70.5119 20.0111 11.6881 60.6339 49.3676 9.08492 16.6036 17.7595 32.6659 48.7689 27.7021 35.8179 55.1239 38.9861 42.0526 
30.4654 41.0869 18.8261 36.6904 38.1536 35.4498 0 38.0027 11.5751 22.1763 32.2976 20.9309 21.6147 35.6205 14.3463 16.8106 25.8244 15.3398 32.0916 15.9552 18.913 9.23873 16.5724 42.5388 25.2046 21.2611 4.24437 21.9788 19.6196 40.2382 46.7656 53.9415 14.4277 8.05885 36.4884 11.9055 22.5163 28.0543 18.7132 22.1277 7.45479 24.7901 21.5715 19.7678 27.0986 7.27614 16.2584 43.8604 33.8364 4.56334 14.9654 11.5955 13.6605 13.441 12.2404 49.8908 18.8546 34.8109 14.8372 26.3764 34.4786 36.5008 6.50495 45.4431 10.6614 29.8209 39.1188 42.3089 8.80357 41.8494 46.4292 19.4517 37.2863 19.0031 22.5105 25.2731 40.4433 34.7474 48.2507 19.996 30.0377 7.05957 25.0253 51.3097 25.5825 20.6503 20.5968 13.6844 25.0235 18.9068 35.9786 53.3519 23.51 3.59251 8.0701 39.1062 28.5619 21.9467 45.7204 24.3085 42.1905 34.0297 45.3426 39.0363 20.305 46.0372 39.7941 39.7193 22.0536 32.6354 24.5565 17.4306 27.9621 12.8843 37.9326 27.7881 21.6718 37.6443 16.6077 22.5988 33.5485 42.6162 40.7825 39.9029 40.6179 10.9524 38.2886 32.9719 33.006 50.6837 11.4753 22.4488 41.425 20.5295 9.44752 27.7746 34.9638 27.0656 27.3295 12.6273 19.6323 34.1745 32.3279 38.5425 34.2669 36.2168 33.8026 27.4349 37.2585 12.3492 30.209 47.7365 15.0565 32.4181 23.6136 36.0971 25.8685 28.2446 16.4069 24.085 14.7071 17.0333 16.0335 30.8805 14.4297 48.1045 33.6867 18.0902 20.5769 32.4411 21.2756 39.5451 5.22906 11.6507 15.4946 34.7745 42.3767 26.5649 17.6825 41.4859 39.9614 35.7724 50.1541 32.7114 28.6664 33.1181 36.7054 15.4406 43.9922 34.8001 16.6359 41.9122 21.41 43.0218 13.9268 13.5025 15.9542 35.1484 29.626 23.0054 26.697 
7.61789 15.1221 52.8547 7.41728 43.3157 53.8633 38.0027 0 36.3986 52.6412 51.3225 24.6152 19.2531 9.1309 39.889 38.4557 35.4983 33.8043 6.02426 38.917 20.4192 32.7833 24.5733 10.0033 36.3915 56.1892 33.7633 56.7693 27.637 12.7421 19.4163 19.4584 49.0251 40.4024 5.38522 44.6291 27.0164 49.7139 23.3919 37.4405 32.6973 39.1693 33.4342 43.9391 52.6623 44.1701 50.1457 21.8917 38.0721 42.3996 25.5241 28.6107 29.2106 24.8392 50.2117 17.4976 51.3785 26.069 25.0271 30.1122 29.3928 27.9699 35.3724 27.0799 42.9719 25.2986 47.3175 11.626 45.747 42.3159 12.3948 19.1332 18.034 56.9662 59.4174 28.2994 16.3896 35.1779 18.3463 24.7497 31.1159 40.2271 13.0146 16.0645 17.5452 58.0991 19.229 47.5378 29.6384 21.4504 2.61006 18.8705 47.1012 37.2573 43.8942 6.41481 18.9188 26.2594 16.0506 40.9239 27.5488 14.2305 22.5931 44.0966 57.6823 56.1157 44.9743 45.4363 22.6913 40.4246 31.916 21.8306 13.8561 33.5545 9.37939 10.3015 39.9169 4.32113 53.1438 55.0838 33.1859 4.94569 29.0496 1.91913 4.88938 40.6116 32.9435 32.8051 8.46006 16.7897 49.4291 20.7332 23.4955 35.7893 29.9779 10.249 44.4724 46.9419 33.5739 50.63 20.5682 16.9893 30.6797 2.48479 17.4161 14.518 22.6384 16.0122 53.9918 35.6844 27.5147 19.3196 48.7307 21.7329 53.2546 29.0086 45.0239 25.0796 52.8494 53.5668 52.2311 46.5949 35.8277 27.4708 23.9475 19.5322 4.47472 23.1436 23.7648 47.1616 28.1148 35.998 33.8679 29.7813 32.6662 33.3989 32.4802 21.9369 53.5223 54.7941 20.2651 11.5148 16.427 32.3667 14.6536 7.97843 38.0619 42.233 54.3411 16.1067 49.5901 53.9446 50.3253 46.9573 51.3947 41.8181 51.663 21.1321 14.9349 16.5624 12.6847 
29.6829 35.1031 16.605 32.8937 26.6177 24.9902 11.5751 36.3986 0 16.4912 21.7998 27.1497 17.3129 31.3741 25.5386 5.40659 35.2443 24.9821 31.2045 26.8702 21.9665 18.3166 11.8288 38.1982 13.7656 20.0461 10.9275 20.5679 11.0056 34.874 40.2315 49.0148 25.3192 19.6149 33.3541 8.68365 29.7242 18.0028 13.2423 32.285 16.0992 13.2161 30.8004 31.1527 18.5825 17.8578 13.9932 36.3184 22.5047 12.4657 20.434 18.2179 21.2859 16.5804 19.6833 44.524 14.9835 41.0551 11.5981 34.3886 24.5697 26.9968 16.8075 36.8257 22.2221 20.8646 27.5582 37.442 12.6437 30.4919 42.0234 21.4155 41.0899 25.586 24.2369 15.5895 34.065 43.2198 42.2693 12.8852 19.6082 6.51553 24.7224 46.916 29.1942 28.6785 17.1701 24.8619 14.9438 14.9519 33.9604 48.4678 13.7461 7.98607 19.1525 39.3412 32.9869 13.4377 39.9952 12.8343 33.161 28.2858 37.785 27.491 28.4896 34.6929 28.2367 28.1518 15.31 21.1023 33.1823 14.7554 30.2835 22.4895 39.1646 26.3773 10.2111 34.7405 18.1183 18.6979 41.6983 41.3297 31.3206 38.133 40.1134 22.4264 45.8382 22.3245 29.4457 45.7829 17.7477 16.6643 33.2689 9.06616 8.34629 27.0685 23.3964 16.398 16.346 19.423 15.8355 27.5574 22.0621 36.1797 38.1205 30.2744 39.2024 30.6447 26.5288 1.05206 37.2381 41.3805 26.1843 24.4364 17.3562 42.9598 14.9216 34.6912 26.0743 17.7353 18.6352 10.341 4.52722 37.846 13.7903 41.7486 32.6955 22.9922 26.3721 21.1592 12.0669 47.6254 8.12013 6.93909 5.23238 24.1119 32.3713 32.014 27.6727 30.369 32.5156 30.7613 45.2387 22.1315 31.4659 33.8165 45.5718 6.34127 32.6276 38.2335 27.8372 30.6563 14.4913 31.4648 17.8178 24.9847 16.1708 27.3098 32.6418 19.8453 23.7741 
46.1211 49.3649 6.10722 48.516 29.4647 18.127 22.1763 52.6412 16.4912 0 15.8254 42.1929 33.3981 46.8454 35.5883 14.5169 47.9716 37.5089 47.6195 37.5124 38.0143 31.3021 28.1388 53.4039 21.2833 8.18552 24.4021 8.10581 25.6092 49.586 53.8052 63.5799 29.7954 28.727 49.2207 10.3073 44.2668 11.6378 29.2578 44.0904 29.3004 18.4574 43.7467 40.1861 7.39151 23.9517 6.95023 49.0643 28.2414 19.1503 35.6123 32.7432 35.3832 32.3792 20.3053 58.8983 3.98819 56.2729 28.0822 48.4275 34.8144 37.7235 28.68 48.1429 30.096 33.273 27.8295 52.3723 15.0808 34.6824 57.0881 37.6814 57.2294 22.2355 14.4402 27.8592 48.0628 56.909 56.2423 28.2176 29.4955 15.5284 41.2121 61.8693 45.2541 26.6297 33.4665 30.2901 26.6709 31.2421 50.1431 63.0748 9.03789 19.767 25.7696 55.8124 48.8658 27.6273 54.2532 16.3813 44.1039 43.0642 50.4304 29.9993 26.7557 31.1443 30.3309 29.9159 30.5373 25.1677 46.708 31.2177 46.6254 35.0606 55.6511 42.7796 15.3347 50.6547 11.7628 3.62713 55.6641 57.5863 41.6657 54.3163 56.5116 31.7312 60.2865 31.0721 45.2663 60.4456 18.0611 32.2507 45.4745 18.683 24.3812 43.5315 24.7478 13.1888 25.3373 19.3168 32.1158 41.7479 31.8947 52.2353 54.223 44.8077 54.7952 46.8229 20.5246 17.0624 51.9783 55.0675 31.1835 37.6091 1.64455 57.8465 13.793 49.7389 27.6605 2.10586 15.2144 6.15561 17.0093 52.6306 30.2027 55.4212 49.0845 38.4947 41.5985 19.5141 25.8178 61.6667 22.2856 23.4196 20.048 32.4988 41.4711 47.4988 29.4943 25.7646 45.6017 45.8626 59.906 31.1167 47.7384 50.3075 58.8799 10.4085 29.4862 54.439 32.7939 26.9171 2.73984 33.0936 14.9863 33.9892 9.85664 40.3676 48.8847 36.0988 39.9581 
46.3957 43.6316 21.7866 45.4742 15.7812 3.19098 32.2976 51.3225 21.7998 15.8254 0 48.4933 33.2393 43.5795 46.6437 16.5827 57.0417 46.7305 47.5987 48.2069 42.4006 40.068 29.6191 49.0748 14.9382 23.9546 32.6334 23.784 24.4327 44.587 46.7173 57.4783 43.4851 40.1352 46.7789 21.8663 51.2753 4.53445 29.6081 53.9749 37.8541 12.2083 52.5993 51.9718 8.62546 36.6211 21.7241 41.2549 17.0306 31.0468 41.8499 39.9327 43.0458 37.6364 34.7959 52.7088 19.2619 62.0288 30.6926 56.0569 26.1067 28.9916 38.292 38.8029 42.243 27.2102 12.9148 47.5658 28.2103 21.0926 52.2471 41.3609 60.6486 37.7873 30.1958 23.0966 42.0329 64.9198 49.5752 27.3848 21.71 25.3737 42.6305 56.5593 49.3058 42.0883 34.0539 43.6076 21.7369 32.1214 48.7129 57.0696 8.9657 28.9036 38.3194 55.9755 53.3211 25.2498 48.1541 10.725 34.7657 38.7868 42.3866 16.0126 42.1595 15.3643 16.0512 15.5071 28.9824 13.5511 54.9511 33.1018 49.5049 44.2244 56.776 42.9979 12.5854 48.2562 27.2779 19.1177 63.3379 56.0823 32.0116 52.646 55.8914 43.1424 67.2673 21.7551 43.0025 54.667 32.4492 31.0443 37.3547 16.3411 29.6626 44.2471 11.0989 5.4115 18.1808 33.9532 32.8242 36.6599 23.411 50.1965 57.8541 39.9295 59.8086 50.4168 5.07296 21.5526 58.6021 48.0557 44.7173 31.6741 14.5004 64.1662 7.09231 55.898 42.2712 14.2378 30.3997 16.6486 18.7133 59.1775 33.7519 48.3662 48.7808 44.0956 47.6097 5.51377 23.484 69.2067 29.8713 27.3205 21.5329 22.5156 30.6978 52.8954 44.1038 10.0527 38.5406 41.9046 54.1636 22.0112 50.9139 51.4194 67.3289 16.8673 13.663 57.6767 46.4034 11.1053 14.0247 18.276 29.9966 45.6474 25.1285 33.881 52.1468 36.1741 39.34 
17.8556 34.9416 39.6266 27.4571 48.3052 51.6395 20.9309 24.6152 27.1497 42.1929 48.4933 0 20.295 27.5058 16.1231 31.9871 12.1446 9.79579 19.0795 14.7384 7.56333 12.1076 20.3139 32.9889 36.3106 42.1851 17.8489 42.8995 26.3681 33.07 40.7071 43.8274 26.7492 18.9801 26.1151 32.0164 3.35878 45.0312 21.4918 12.9664 13.5026 37.627 9.03265 19.4479 45.6456 24.243 36.9669 40.4018 42.8639 25.262 6.71668 9.48807 7.41037 10.8874 31.1852 41.0841 39.3255 14.0802 18.5596 8.32216 38.48 39.0282 15.2802 44.1825 20.7471 32.7762 50.896 33.7752 29.7085 50.0676 36.3378 9.45627 16.9264 37.3897 43.116 31.3132 35.2164 16.9506 40.8605 24.2184 36.4642 26.7286 14.2947 40.536 7.22524 37.1881 18.6757 25.1113 32.0122 19.2886 23.7782 43.225 40.8858 22.5247 23.2359 22.6263 8.32981 27.2317 38.2169 38.2816 42.4601 29.2042 41.6705 49.2457 36.6962 59.2999 50.153 50.3376 24.3705 43.3527 8.63671 17.3908 10.8931 10.5016 20.2354 17.501 36.0178 26.5697 37.4556 43.1859 15.1461 27.8775 42.3936 26.4015 24.9932 17.9848 18.774 39.4073 24.4489 40.9042 31.3564 22.9572 39.7663 32.8133 18.8993 16.2134 46.9032 43.1126 36.0744 31.9697 19.1233 30.9996 37.7675 26.3192 14.0369 31.1421 12.8737 9.07469 52.8527 27.1551 10.1148 41.1692 26.0605 32.5214 43.4369 15.8153 41.4115 7.57458 31.2932 43.8802 35.1438 36.3577 29.7821 10.7064 15.3044 41.483 20.3541 4.59491 1.16323 46.6452 28.0983 20.8136 19.9367 21.1852 27.1139 40.919 45.2354 5.71872 31.4663 55.8784 37.038 29.0396 40.4691 38.9873 10.5797 17.1346 19.7002 33.2494 57.2288 14.8995 26.5256 55.7591 40.8429 53.1105 34.4436 18.4243 36.885 34.1875 10.9637 18.7659 19.7165 
13.2548 19.4837 33.9024 15.7223 29.0049 36.0606 21.6147 19.2531 17.3129 33.3981 33.2393 20.295 0 14.36 29.2664 19.2382 32.0829 24.9095 14.5856 29.3273 12.7336 20.3851 5.60493 21.3043 18.7652 37.3145 17.6178 37.8563 8.82563 18.6478 25.222 32.5335 35.1242 26.7637 16.0539 25.8021 23.6508 31.0507 4.14044 31.4319 19.124 21.0885 28.1716 34.7127 33.6087 28.7159 31.2506 22.8389 23.4332 25.4191 15.7963 16.8601 19.3614 11.9654 33.5662 28.3413 32.2739 31.1766 6.82981 28.5854 18.1852 18.843 21.6754 25.4137 29.7375 12.4816 32.1941 20.8506 27.9372 30.0972 25.194 10.8967 27.9107 40.2348 41.0687 11.8188 18.9175 36.8859 26.6362 5.85914 16.5831 21.9141 9.55823 30.1131 17.7738 42.2416 1.64532 33.9595 12.8456 2.71891 16.7451 31.9562 28.0734 19.7773 29.0461 22.9823 21.7928 8.26682 24.1104 22.5429 22.9654 12.438 24.2902 29.9223 41.9083 40.9828 30.8468 31.1285 4.6102 24.6436 28.792 4.39682 16.9004 23.2997 23.5507 9.82838 21.1415 17.4297 34.8039 35.9147 34.9417 24.1986 22.4718 20.9186 23.3101 28.2139 37.513 19.3749 12.1779 29.2683 32.3021 2.75653 21.0674 17.0634 12.3122 11.009 28.5581 28.4252 17.159 33.7393 2.0035 12.9042 17.6035 18.8846 25.3382 14.6377 28.3296 18.3153 36.6162 16.5315 29.1818 26.1533 35.3189 12.705 34.0016 33.8123 26.5073 26.1573 37.8875 34.3152 34.4609 27.3811 16.5982 29.5828 7.81321 26.5198 15.9274 15.9439 19.1424 29.8424 9.84278 40.0668 16.6176 11.156 13.4188 20.7792 25.1067 22.5208 38.9997 38.4681 19.0065 14.2175 28.7307 18.9372 18.4337 18.1811 39.761 22.9932 38.9915 24.93 36.6109 37.9804 31.0723 33.5866 33.6105 30.263 33.1022 14.9 19.6552 2.93913 6.57112 
10.3314 7.5628 47.9567 1.92707 34.4627 45.9226 35.6205 9.1309 31.3741 46.8454 43.5795 27.5058 14.36 0 40.7893 32.3455 39.4374 35.3013 9.86865 40.285 21.248 32.5481 19.9428 6.95347 28.7071 51.4157 31.4666 51.9247 21.2422 5.56434 13.206 18.3235 48.3624 39.7454 3.75092 39.9963 30.5153 42.4525 18.1963 40.3704 31.8497 31.6603 36.5168 45.6177 45.8806 42.4901 45.3672 13.8452 29.3634 39.6319 26.0938 28.4734 30.0156 23.8556 47.7475 14.4626 46.1549 32.7633 21.1113 34.5575 20.3962 18.8574 34.5521 18.6665 42.5927 16.7479 38.5641 6.78886 42.2907 33.2401 10.8503 19.4358 25.8513 54.4629 55.38 20.5286 8.23961 41.0617 13.5302 18.6796 22.5947 36.2676 13.335 15.7645 21.4881 56.2558 15.0922 47.042 21.8954 17.0322 6.99982 17.7323 40.3484 34.0588 42.5927 15.3856 24.2116 19.3719 10.8621 33.5808 18.6339 5.19454 14.8568 35.213 55.896 47.2877 36.0743 36.5587 16.3169 31.933 35.8136 18.2239 18.3338 34.4044 17.9041 10.0217 32.9618 5.04357 49.1287 49.6413 39.0156 13.074 19.9788 9.76322 13.9939 40.6313 39.7335 24.006 3.07301 15.0707 46.5801 14.729 14.7347 28.9026 26.558 11.3232 35.9432 39.5876 25.4831 47.9767 16.206 7.90764 21.8894 7.16429 24.5222 5.43996 29.341 20.6158 45.8393 30.5043 33.0482 13.6804 48.3471 12.8257 47.2404 35.7333 37.7038 30.2313 51.5758 47.5004 48.818 41.0472 29.84 33.1679 21.2341 14.0026 9.62961 24.6032 26.4384 39.0754 21.2429 42.7153 30.8151 25.5095 26.8958 24.4677 23.4043 26.6226 52.5326 46.2554 11.5064 2.41179 14.5451 23.5803 19.6691 14.4776 44.0319 36.5859 45.5678 23.4207 49.4624 45.3151 44.3432 37.9468 47.9677 42.3036 47.3774 12.013 20.4332 12.6152 9.10916 
32.5335 47.6232 31.1152 41.2403 51.6081 49.794 14.3463 39.889 25.5386 35.5883 46.6437 16.1231 29.2664 40.7893 0 30.9165 13.7344 6.32735 33.991 2.19246 19.7519 8.95697 26.0501 47.1132 38.5921 32.6266 14.9281 33.3596 31.0218 46.1608 53.5296 58.417 11.3188 6.86296 40.3231 25.7042 15.3622 42.3841 28.0765 9.12078 10.6684 38.6244 10.6674 5.77236 41.1776 12.2023 28.9768 51.941 46.8673 16.4431 14.7237 12.5148 10.8262 17.4081 18.5936 55.1164 31.8761 26.7254 23.8947 16.7502 45.687 47.1644 8.91199 54.6717 6.32113 40.3539 52.9815 47.499 20.6496 54.8111 50.768 21.4204 32.379 23.5224 31.5059 36.8457 47.464 23.3145 54.2895 30.27 42.0245 21.3297 27.7573 55.3054 23.2006 22.2453 27.7492 9.66773 36.9644 27.0199 38.6071 57.809 37.8343 17.8017 10.4891 38.6301 24.2571 32.9301 51.6263 38.3725 52.0442 40.9711 53.3572 52.5218 21.7218 60.2203 53.3313 53.3213 31.6485 46.1296 14.17 24.9807 26.7224 6.41144 36.3496 31.1077 35.749 41.0798 27.1047 35.2449 22.7062 43.6111 51.1971 41.7626 40.8759 3.91899 27.9309 45.082 37.7683 55.3155 19.7424 31.181 50.3338 34.0686 20.2152 30.3015 48.803 41.404 40.0441 19.6288 27.392 42.0005 44.0297 41.2515 29.7166 43.1381 27.1058 25.1239 51.6016 26.1512 21.5622 54.2383 10.3299 41.7831 37.1408 26.9438 40.1706 20.897 16.1802 37.6198 23.849 31.0525 29.7645 22.2296 21.592 54.5847 35.4482 16.7539 16.629 46.6525 32.8702 28.3465 17.6928 23.1348 28.485 46.84 53.3766 21.1892 15.9441 55.7727 48.182 41.7488 54.8354 44.7518 26.6244 32.925 24.5748 29.783 58.1596 30.7498 10.5195 56.1455 35.2508 56.5381 23.3979 2.55402 27.464 44.1413 27.0794 29.2571 31.8654 
32.3216 34.9679 16.6194 34.0369 21.7497 19.7615 16.8106 38.4557 5.40659 14.5169 16.5827 31.9871 19.2382 32.3455 30.9165 0 40.5459 30.3472 33.7403 32.2719 26.2391 23.6868 14.3962 38.8873 9.43692 20.1085 16.3253 20.4745 11.1033 35.1062 39.6214 49.1505 30.0322 24.8693 34.808 10.4024 34.7125 13.0716 15.1338 37.6681 21.4703 8.17378 36.097 36.4997 14.5706 22.6191 14.4803 35.1613 18.1447 17.013 25.3103 23.3533 26.477 21.1926 23.3495 44.502 14.3664 45.6951 14.9115 39.4757 21.9213 24.6331 22.2125 34.8935 27.3789 19.3078 22.3522 37.8709 16.0564 25.9813 42.5793 25.4174 45.0448 28.5797 25.2894 13.8038 33.7253 48.3373 41.9435 13.7925 16.6356 10.797 27.7843 47.3746 33.3464 32.1201 19.5412 29.7231 12.7793 17.3609 35.9119 48.6362 9.2152 13.2263 24.054 42.0817 37.2711 13.1219 39.8726 7.49792 31.0021 28.5639 36.579 22.5856 32.0008 29.304 23.2805 23.1437 16.0614 16.2903 38.3816 17.7692 34.016 27.8634 42.2873 28.9128 4.86126 36.2565 19.6936 17.4967 46.7615 43.3955 28.8539 40.0675 42.5385 27.7344 50.7506 18.9594 30.8508 45.9925 21.188 17.8435 31.7709 5.10915 13.1036 29.8545 18.2256 11.1732 12.8059 22.889 18.1972 27.3344 19.1518 37.9028 42.1405 30.3431 43.6456 34.6395 21.2028 4.99696 42.1018 40.8519 31.0047 23.4388 14.9078 47.7334 9.59165 39.454 30.2529 15.1848 21.1368 9.02025 2.65053 42.6896 17.6861 41.2117 35.1339 27.6638 31.1384 15.7549 11.3366 52.644 13.5097 10.9378 5.87003 20.6658 29.393 36.5831 31.9466 24.9647 31.5397 31.3462 45.4513 18.8561 35.3133 36.8809 50.7521 4.72312 27.2433 42.1224 32.683 25.2525 12.0001 26.4975 20.4011 30.2915 17.4599 26.2677 36.5243 22.0659 25.7996 
29.4476 46.9395 44.0927 39.2358 59.0123 60.2326 25.8244 35.4983 35.2443 47.9716 57.0417 12.1446 32.0829 39.4374 13.7344 40.5459 0 10.5016 30.4772 11.5421 19.5137 17.0485 31.1747 44.538 46.4521 45.9268 24.4755 46.6635 37.1067 44.9926 52.6369 54.9508 24.6395 20.0183 37.7389 37.7288 8.94226 53.1236 32.6847 4.77556 19.2387 47.2768 4.45002 12.9493 52.7633 25.6916 41.7405 52.521 53.7384 29.0821 16.7034 17.443 14.2512 21.177 32.2966 52.5791 44.5067 14.8078 29.1745 5.60465 50.1834 50.9185 19.3293 56.3259 20.0496 44.4943 61.1928 45.4905 33.5586 61.2521 47.6667 21.4656 22.6121 37.1805 45.1846 42.4715 47.2827 9.5815 52.6131 35.3454 47.7244 32.7563 26.3808 51.5622 18.1649 35.548 30.4403 23.0601 43.0054 30.7328 35.0873 54.3596 48.6896 28.6575 24.0782 32.1703 16.7805 38.3412 49.9994 47.553 54.5559 41.3374 53.7748 59.9541 35.0169 69.2223 60.8375 60.9563 35.8576 53.8089 3.63187 28.7067 21.7347 13.001 29.1463 29.5044 45.0723 38.0218 40.528 48.102 9.12481 37.9721 54.4058 37.1275 34.8382 17.4604 14.393 50.7415 36.4097 52.1849 33.3211 34.6444 51.9085 42.449 27.8329 28.1153 57.0796 51.6423 46.8276 33.3145 30.7071 43.1427 49.2376 37.4796 20.6986 43.2538 16.4357 19.506 61.748 35.549 9.98058 53.0324 23.4174 44.5351 49.4305 14.1366 50.1348 11.0442 29.531 49.9033 37.4249 42.8019 38.7553 10.4939 26.0335 53.3346 31.5597 16.1557 13.2916 56.0331 38.9324 14.6145 27.1872 30.5944 36.5968 52.3383 57.1662 13.597 28.9818 65.3319 49.1803 41.0758 51.7834 50.3408 20.845 27.5831 11.0059 40.6331 67.1364 22.0412 23.0769 65.4247 47.2193 63.9093 36.9205 16.1638 40.6527 46.2856 20.6599 30.7937 31.8593 
26.5785 42.375 33.81 35.603 49.7291 49.9202 15.3398 33.8043 24.9821 37.5089 46.7305 9.79579 24.9095 35.3013 6.32735 30.3472 10.5016 0 27.9832 5.1136 14.0592 6.66627 22.643 41.4016 36.8932 35.8301 14.0978 36.5657 28.2161 40.7714 48.2686 52.5893 17.2269 10.3998 34.5524 27.2447 9.26058 42.7339 24.4682 7.37414 8.88342 37.4279 6.24888 10.3236 42.2701 16.1049 31.3858 47.1001 44.6602 18.7906 9.35796 8.28656 5.55619 12.9958 23.0227 49.4631 34.1019 21.2017 20.5061 11.6396 42.2859 43.4523 8.83663 50.2087 11.4597 36.738 51.5865 41.9156 23.3214 52.4227 44.9729 15.8769 26.2159 28.6905 35.6539 33.8871 42.3561 19.5102 48.8313 26.9337 39.1614 22.2547 22.0579 49.4128 16.8989 27.9578 23.3051 15.5681 34.2205 22.9786 32.6457 51.982 38.2696 18.1675 14.7291 32.3367 17.9636 29.8073 46.1633 37.5309 47.8748 35.9599 48.4758 50.6637 27.4478 59.3519 51.5197 51.5841 27.9317 44.378 9.44009 20.8862 20.4575 2.51561 30.025 25.4248 34.9908 35.2231 30.5854 37.7542 18.4648 37.3993 47.2935 35.6573 34.6182 8.6236 23.4503 42.2269 32.2433 49.5391 23.6865 27.1302 45.8105 32.6567 18.0795 24.48 47.4282 41.3509 37.7329 23.949 23.1909 37.2489 40.9443 35.2706 23.4896 38.0757 21.1957 18.8114 51.5089 25.3667 16.1378 48.8988 16.4151 37.609 38.9533 21.8387 39.9038 15.0233 21.9443 39.4248 27.726 32.3003 28.7227 16.8229 17.7068 49.2359 29.3983 10.8141 10.3237 45.9916 30.0818 24.4082 16.8691 20.971 26.8344 43.9201 49.7288 14.9523 21.9355 55.2673 43.4454 36.447 49.0724 41.8588 20.3139 26.6829 21.373 30.1903 57.2684 24.4853 16.7756 55.449 36.7206 54.665 27.1415 8.67316 30.5084 39.764 20.7539 24.4267 26.6055 
1.62643 17.3101 47.4652 9.09276 41.205 50.3106 32.0916 6.02426 31.2045 47.6195 47.5987 19.0795 14.5856 9.86865 33.991 33.7403 30.4772 27.9832 0 33.0948 14.4174 26.7644 19.4918 14.0629 32.822 50.7401 27.8626 51.3414 23.345 15.0937 22.5949 24.7521 43.0058 34.3793 7.34563 39.2025 21.7348 45.5981 18.6182 32.0255 26.6763 35.3918 28.0478 38.2001 48.183 38.1704 44.7306 23.7136 35.7453 36.5273 19.5302 22.5895 23.2573 18.8469 44.2728 22.1084 46.1192 22.895 19.6556 25.3059 27.927 27.0794 29.349 28.4573 36.9585 23.0698 44.9478 15.1141 39.9894 40.935 17.2709 13.109 16.2896 51.0194 53.7415 25.0346 18.1054 31.3224 22.233 20.3806 28.6362 34.6292 7.06641 21.488 12.313 52.0947 14.2107 41.5234 26.3002 16.4181 4.7014 24.1488 42.6549 31.4954 37.8765 8.4055 14.5235 22.351 19.6729 36.9806 28.0506 13.7721 24.7125 42.0489 51.6752 53.8233 42.9571 43.3582 18.6182 37.7035 26.8517 16.464 8.81453 27.6263 9.47898 4.84277 35.6991 7.54717 47.4851 49.8903 29.2828 10.5324 29.0204 7.94253 8.91278 34.6181 29.8657 30.7603 7.40726 21.8309 43.545 16.5613 24.3756 31.5978 24.3476 4.33476 41.7498 42.9282 30.4792 44.7143 15.5614 16.4139 28.6713 7.29132 14.7189 14.9322 19.4727 11.1063 50.6696 30.5654 23.3671 22.8184 42.7223 20.3249 48.3344 25.8655 41.0057 20.6517 46.8268 48.6708 46.4382 41.5073 31.0905 23.443 18.2484 23.095 1.59516 17.2384 18.1489 43.8319 24.1218 32.8516 28.103 24.4172 27.8787 31.6464 32.373 17.1839 47.4984 51.9803 21.1988 12.0688 21.4024 30.3066 9.98857 4.82612 34.2805 37.2342 51.9456 13.6886 43.5985 51.2854 45.4111 45.2476 45.6075 35.8708 46.0845 20.5382 10.6418 11.6902 8.25986 
31.6842 47.2695 33.1539 40.6379 52.6391 51.3715 15.9552 38.917 26.8702 37.5124 48.2069 14.7384 29.3273 40.285 2.19246 32.2719 11.5421 5.1136 33.0948 0 19.0827 9.42897 26.4811 46.4611 39.6518 34.7331 16.0679 35.4673 31.6944 45.7219 53.1723 57.6794 13.3825 8.85388 39.6246 27.5284 13.6447 44.0015 28.4413 6.94277 11.3966 39.8326 8.57962 5.40606 42.9548 14.3294 30.9677 51.8123 47.7858 18.3655 14.2138 12.4672 10.2985 17.37 20.7799 54.5088 33.8442 24.7055 24.3191 14.6874 46.1821 47.5396 10.0715 54.7303 8.51212 40.755 54.1607 46.9366 22.6539 55.6824 50.0545 20.8503 30.6298 25.6944 33.6886 37.4847 47.1895 21.1225 53.8122 30.7481 42.7106 22.9987 27.1001 54.514 21.9206 24.3303 27.7657 11.7465 37.6794 27.2064 37.7537 57.0718 39.4615 19.3055 12.6412 37.354 22.6901 33.4972 51.1447 39.6794 52.2333 40.7422 53.2087 53.5607 23.8042 61.5575 54.3857 54.3986 31.9854 47.1906 12.0706 25.1349 25.5177 6.04043 34.9554 30.4658 37.071 40.3151 29.2333 37.2638 20.5269 42.4829 51.4992 40.7683 39.6742 6.02721 25.7589 45.7772 37.2378 54.6174 21.9007 31.3802 50.3597 35.2 21.0385 29.5589 49.9816 42.9232 40.9138 21.8115 27.5131 41.9059 44.64 40.3809 28.0358 42.8843 25.2157 23.8062 53.1288 27.4245 19.5358 53.8347 12.3166 41.9557 39.0488 24.8392 41.6336 19.0155 18.2671 39.5273 26.0087 32.8374 30.9851 20.1963 21.8088 54.1756 34.5118 15.903 15.3574 48.0266 33.5562 26.1547 18.8793 23.9761 29.521 47.5154 53.7861 19.5476 17.9475 57.2012 48.1023 41.3588 54.1475 45.4329 25.3114 31.7546 22.3928 31.3785 59.4882 29.1158 12.3461 57.5243 37.0911 57.5778 25.5457 4.67386 29.5429 44.2272 25.6898 29.0978 31.4867 
12.8891 28.4036 36.4183 21.5554 41.0396 45.4823 18.913 20.4192 21.9665 38.0143 42.4006 7.56333 12.7336 21.248 19.7519 26.2391 19.5137 14.0592 14.4174 19.0827 0 12.3959 13.2599 27.3875 29.4209 39.3583 14.939 40.0316 19.259 26.7381 34.2774 38.6652 28.6269 20.0434 20.5747 28.3167 10.9212 39.2729 14.1775 19.4819 12.5576 31.016 15.8755 24.3816 40.498 24.2103 33.6659 33.4386 35.5457 23.4759 5.11684 8.26056 8.93088 5.73209 30.6906 35.4266 35.6477 19.6812 11.7854 15.8562 30.9187 31.4788 15.14 36.9553 22.5581 25.2152 43.8101 27.8597 27.4866 42.6126 31.0183 1.96711 19.2151 37.3363 41.3453 23.9242 28.4805 24.2837 34.7763 16.905 29.0125 23.166 8.02071 35.5627 7.24678 38.0297 11.1191 27.1253 24.6966 11.856 18.9344 38.0573 35.3983 19.3064 23.7284 20.4018 11.0447 19.8958 32.1085 31.8965 35.0573 22.2195 34.7654 41.9762 37.5882 52.3589 42.8908 43.1038 16.8791 36.2292 16.1218 10.0747 9.06435 13.3426 19.03 11.3844 29.8172 21.334 35.2776 39.548 22.3881 24.5592 34.8979 22.3284 22.186 20.2013 25.4263 31.9232 18.1863 35.5701 30.2902 15.4085 32.5305 26.2983 13.6867 10.5572 39.8999 37.1119 28.8496 31.265 11.6227 23.7972 30.247 21.5905 16.2112 24.2655 17.4249 8.84223 46.5069 21.7402 16.8426 34.8733 28.3119 25.0251 39.0787 21.9962 35.3183 13.9001 32.579 39.4902 33.6164 31.9329 23.8144 17.3209 8.6493 35.2068 15.9445 3.47114 6.409 40.0773 20.9056 27.7713 16.1255 15.3176 20.8697 33.4075 37.6993 10.5712 33.1676 49.198 29.9294 22.4636 35.0934 31.498 9.89924 14.3949 27.1137 28.2915 50.3047 16.4492 29.1818 48.967 36.3069 45.7914 32.8283 21.5126 34.2701 26.793 10.9684 11.2801 12.7279 
