50
13.7104 15.6586 1.17707 0
11.692 21.0692 1.67886 0
14.073 16.7201 0.746991 0
12.7449 20.8737 1.05968 0
9.73358 20.5775 1.21655 0
2.43481 20.9247 1.86333 0
0.725366 15.5966 0.318885 0
11.6701 12.9886 0.412296 0
11.4554 20.9142 2.22609 0
3.88152 14.3795 0.295656 0
16.1443 20.3399 12.619 0
7.7515 8.78881 2.05575 0
4.70545 4.98355 1.44397 0
5.24081 15.1671 1.57851 0
18.6939 21.652 2.13414 0
16.8317 22.8147 25.5687 0
16.9937 21.1454 0.302634 0
10.3376 17.5507 1.41013 0
3.52806 14.9226 0.869295 0
11.4436 14.2382 1.74405 0
5.60317 21.2397 0.80772 0
8.98815 17.0191 0.774361 1
16.2503 22.2299 14.9898 0
12.3706 17.9366 1.93628 0
14.9462 21.0508 1.83319 0
7.62631 18.0332 2.14279 0
15.7894 19.1908 2.01172 0
15.4631 16.3146 1.59162 0
10.3971 18.2935 1.7915 0
9.09497 10.1297 1.94487 0
7.01626 14.9125 1.61764 1
1.44487 17.0313 1.88966 0
12.6711 18.5656 0.873942 1
2.50179 23.4247 0.487146 0
14.5621 16.0207 1.23023 1
14.3731 23.4409 0.730074 0
7.31316 14.6958 15.9105 0
1.52113 11.9354 0.587942 0
7.20672 18.2949 0.331028 0
17.7645 23.1375 1.75536 1
2.0736 20.3305 1.95074 0
7.09816 8.55415 3.62519 0
15.7606 21.2378 0.711323 0
10.2676 23.8359 1.09741 0
9.58471 15.0644 13.5984 1
1.82755 11.3332 2.05823 1
0.473063 12.6606 0.412576 0
3.03317 14.2425 1.45172 0
4.28933 23.4457 2.11143 0
15.244 18.5257 0.472146 0
400 50 500
0.025 0.0125 10000 3000 15 1e+06 300000 4 6
0 1.14061 6.95524 3.116 5.97355 9.42185 5.24836 5.4617 8.62941 2.97411 2.10132 6.83037 4.28708 6.53159 7.20593 3.92407 0.328025 6.57208 3.07001 7.12101 7.69332 3.18799 5.89366 5.21348 6.22046 4.97297 6.2085 7.03011 8.69545 5.042 9.07534 2.72764 2.64771 5.72664 1.73624 9.23434 5.08058 8.78544 6.41757 5.38729 2.4265 1.59801 7.68152 5.3317 5.34733 5.04412 5.8321 7.21775 4.05488 7.61017 5.52154 
1.14061 0 8.08877 4.15955 6.83424 9.89734 6.28725 6.51111 9.28091 2.58391 2.36328 7.73836 5.40633 7.62622 7.80405 3.37881 1.07588 7.01606 3.88064 8.21813 8.39589 2.6818 7.00542 6.14455 6.8598 5.30443 6.82802 7.97696 8.88288 5.16192 9.16966 3.86579 3.7835 6.09438 0.718665 10.1705 5.17372 9.76936 7.54907 6.52101 1.29399 0.995698 8.52807 5.21285 5.30695 5.85261 5.95946 7.3183 4.64896 8.3701 6.65405 
6.95524 8.08877 0 4.19262 4.26805 8.648 2.70058 2.47452 6.91665 8.6001 7.07686 3.93579 2.72094 1.33597 6.57233 9.51158 7.10763 7.24682 5.24811 1.26122 6.03819 8.94971 1.3323 3.73712 5.94281 7.22535 6.06692 3.56253 9.87327 8.11496 10.6328 4.23157 4.41886 7.31009 8.57725 4.72476 8.23461 3.8858 1.79776 1.56796 9.34319 8.16161 4.8109 9.14149 8.86667 4.6887 8.45241 9.3518 5.93682 5.54369 1.43522 
3.116 4.15955 4.19262 0 3.12148 7.34791 2.13331 2.35221 6.15066 4.41942 2.88964 3.8439 1.52065 3.50606 4.9589 5.35658 3.36459 4.83443 1.28882 4.09945 5.13561 4.76649 2.95827 2.23574 3.95964 3.89548 4.00731 3.9774 7.44347 4.54902 8.04596 1.2379 1.74541 4.35726 4.5261 6.17697 4.6506 5.68418 4.28673 2.71055 5.32164 4.03945 4.79221 5.40295 5.20921 2.4311 5.13056 6.36255 2.47223 4.91606 2.81267 
5.97355 6.83424 4.26805 3.12148 0 4.64974 1.86438 1.97 3.16287 6.0083 4.79651 0.988921 3.25945 2.949 2.36317 6.65614 6.27022 2.99856 2.9542 3.29552 2.13942 6.34144 3.1107 0.942395 1.6807 3.41182 1.80921 1.39666 5.60566 4.38044 6.3657 4.26154 4.76369 3.23716 6.98448 3.40855 4.50308 3.20953 5.47986 3.69778 7.77258 6.3762 1.70856 5.47884 5.14166 1.03622 4.4868 5.1732 2.61443 1.82508 3.67078 
9.42185 9.89734 8.648 7.34791 4.64974 0 6.5122 6.59838 1.79634 7.95798 7.53414 4.71543 7.87183 7.32443 2.39479 8.04037 9.7497 2.88188 6.54118 7.46711 2.61396 8.16429 7.66977 5.5347 3.38869 4.63252 3.34845 5.09389 2.58501 5.10331 3.28695 8.58364 9.09295 3.83598 9.73091 5.09245 5.15847 5.69761 10.0698 8.33171 10.3767 9.09191 3.89286 5.79297 5.46098 4.94558 4.46675 3.72293 5.37811 3.10534 8.29347 
5.24836 6.28725 2.70058 2.13331 1.86438 6.5122 0 0.256635 4.96834 6.20695 4.74836 2.09793 1.52573 1.58778 4.21397 7.04439 5.49072 4.66461 2.78385 2.14183 3.96333 6.5593 1.39246 1.08708 3.41736 4.52494 3.52671 2.04939 7.34675 5.42153 8.07389 2.91654 3.35902 4.63084 6.62051 4.16595 5.54202 3.59413 3.65343 1.84264 7.42133 6.09654 3.14272 6.46202 6.17777 2.0117 5.75338 6.69187 3.26294 3.57465 1.82864 
5.4617 6.51111 2.47452 2.35221 1.97 6.59838 0.256635 0 5.01621 6.46224 5.00057 2.08067 1.59609 1.33303 4.33234 7.30097 5.69803 4.83916 3.03882 1.8852 4.02461 6.81465 1.18959 1.2741 3.5721 4.75676 3.68605 1.97324 7.51068 5.66056 8.2464 3.06962 3.49418 4.84081 6.85543 4.03245 5.78147 3.42701 3.51262 1.73344 7.65539 6.33712 3.12487 6.70602 6.41872 2.21823 5.97852 6.89397 3.5103 3.61307 1.70115 
8.62941 9.28091 6.91665 6.15066 3.16287 1.79634 4.96834 5.01621 0 7.72275 6.97054 3.01906 6.41881 5.60957 1.52321 8.02734 8.95033 2.70405 5.58946 5.71119 1.02683 7.98759 6.01529 4.09998 2.42163 4.37205 2.45517 3.35443 3.89939 5.12103 4.69414 7.35289 7.86251 3.66362 9.24198 3.37007 5.21071 3.9206 8.41133 6.73305 9.96171 8.59752 2.11829 6.04907 5.68329 3.73037 4.70368 4.47582 4.63199 1.40797 6.68004 
2.97411 2.58391 8.6001 4.41942 6.0083 7.95798 6.20695 6.46224 7.72275 0 1.53257 6.99564 5.93458 7.7654 6.19984 1.00319 3.19338 5.14505 3.42365 8.34083 7.00426 0.352602 7.32334 5.63116 5.42008 3.37727 5.34397 7.35923 6.54928 2.89697 6.73706 4.84447 5.03454 4.15174 2.06975 9.39792 2.87028 9.20309 8.59403 7.12814 2.51052 1.58906 7.53124 2.68721 2.84157 4.97645 3.64954 4.92583 3.40912 7.13024 7.23201 
2.10132 2.36328 7.07686 2.88964 4.79651 7.53414 4.74836 5.00057 6.97054 1.53257 0 5.76264 4.40259 6.28196 5.47358 2.49775 2.41011 4.65278 1.98181 6.86451 6.12793 1.87741 5.81193 4.28403 4.56066 2.95358 4.51654 6.07987 6.61679 2.94145 6.97713 3.35769 3.59858 3.73752 2.27493 8.20322 2.97928 7.92326 7.07262 5.59652 3.0232 1.6338 6.42545 3.28849 3.26879 3.76579 3.73375 5.11848 2.36233 6.15711 5.70142 
6.83037 7.73836 3.93579 3.8439 0.988921 4.71543 2.09793 2.08067 3.01906 6.99564 5.76264 0 3.62155 2.60903 2.71651 7.64351 7.11539 3.65217 3.87495 2.79236 2.1029 7.3296 2.99943 1.62248 2.35586 4.33343 2.49349 0.484723 6.08916 5.30196 6.87992 4.87709 5.35709 4.06624 7.92255 2.44539 5.42334 2.22297 5.39257 3.74628 8.71595 7.3238 1.04582 6.40056 6.05435 2.01985 5.33735 5.8797 3.60321 1.61948 3.68265 
4.28708 5.40633 2.72094 1.52065 3.25945 7.87183 1.52573 1.59609 6.41881 5.93458 4.40259 3.62155 0 2.29506 5.5064 6.87687 4.46999 5.71363 2.72593 2.86833 5.39812 6.27991 1.61278 2.33998 4.59961 5.13065 4.68549 3.56337 8.40445 5.89384 9.07628 1.63093 1.97409 5.44713 5.86724 5.61314 6.00386 4.96574 2.82374 1.19455 6.64173 5.44114 4.66454 6.82019 6.59643 3.03006 6.39099 7.51699 3.71385 5.04831 1.30504 
6.53159 7.62622 1.33597 3.50606 2.949 7.32443 1.58778 1.33303 5.60957 7.7654 6.28196 2.60903 2.29506 0 5.23729 8.62088 6.73533 5.94152 4.34483 0.593645 4.71166 8.118 0.746317 2.50923 4.62887 6.04336 4.75563 2.26014 8.5487 6.96473 9.31366 3.92569 4.25073 6.06206 8.02848 3.73823 7.08656 2.9593 2.8643 1.59427 8.8205 7.54414 3.52216 8.02175 7.727 3.46066 7.24224 8.07802 4.83553 4.22416 1.46792 
7.20593 7.80405 6.57233 4.9589 2.36317 2.39479 4.21397 4.33234 1.52321 6.19984 5.47358 2.71651 5.5064 5.23729 0 6.52229 7.53072 1.29803 4.22264 5.49231 1.02093 6.4665 5.46753 3.18595 1.01291 2.8584 1.00116 3.17818 3.37676 3.65002 4.17352 6.19265 6.70267 2.18298 7.73892 4.11365 3.74721 4.40367 7.84302 6.05495 8.44973 7.09378 2.28801 4.63219 4.26282 2.55084 3.32143 3.40153 3.16467 1.45262 6.03195 
3.92407 3.37881 9.51158 5.35658 6.65614 8.04037 7.04439 7.30097 8.02734 1.00319 2.49775 7.64351 6.87687 8.62088 6.52229 0 4.11751 5.35611 4.28272 9.186 7.40573 0.736171 8.21667 6.38202 5.85202 3.66665 5.75832 8.0374 6.34387 2.95287 6.41297 5.83814 6.03645 4.36985 2.7547 9.99257 2.88682 9.86566 9.57032 8.06648 2.95888 2.42323 8.08056 2.36915 2.63465 5.64551 3.58796 4.70037 4.04513 7.59432 8.16548 
0.328025 1.07588 7.10763 3.36459 6.27022 9.7497 5.49072 5.69803 8.95033 3.19338 2.41011 7.11539 4.46999 6.73533 7.53072 4.11751 0 6.90003 3.38248 7.3217 8.01041 3.38424 6.08179 5.49545 6.54352 5.29728 6.53271 7.30437 9.0143 5.35144 9.38709 2.87712 2.74184 6.0529 1.74901 9.50936 5.38749 9.04558 6.49227 5.54165 2.36508 1.73096 7.97875 5.61336 5.63967 5.3514 6.14364 7.52858 4.3817 7.92096 5.6785 
6.57208 7.01606 7.24682 4.83443 2.99856 2.88188 4.66461 4.83916 2.70405 5.14505 4.65278 3.65217 5.71363 5.94152 1.29803 5.35611 6.90003 0 3.8284 6.29081 2.31217 5.38029 6.02566 3.57762 1.32276 1.77393 1.1905 4.13638 2.69709 2.42295 3.40931 6.05759 6.55045 0.995724 6.85502 5.36447 2.50907 5.57856 8.3039 6.47403 7.51537 6.21422 3.46853 3.35386 2.98597 2.70361 2.02707 2.23121 2.58097 2.69482 6.47924 
3.07001 3.88064 5.24811 1.28882 2.9542 6.54118 2.78385 3.03882 5.58946 3.42365 1.98181 3.87495 2.72593 4.34483 4.22264 4.28272 3.38248 3.8284 0 4.91771 4.63271 3.77614 3.9394 2.32743 3.21455 2.66055 3.22321 4.15059 6.32341 3.26436 6.87909 2.34656 2.79969 3.20709 4.04945 6.31823 3.36428 5.98143 5.54011 3.87189 4.84567 3.46066 4.64857 4.11847 3.92052 1.98162 3.8699 5.14202 1.28742 4.54031 3.95451 
7.12101 8.21813 1.26122 4.09945 3.29552 7.46711 2.14183 1.8852 5.71119 8.34083 6.86451 2.79236 2.86833 0.593645 5.49231 9.186 7.3217 6.29081 4.91771 0 4.87409 8.6934 1.27285 2.98153 4.96883 6.51395 5.10031 2.37589 8.84477 7.44984 9.62329 4.49863 4.80696 6.48295 8.62212 3.49161 7.57242 2.66687 3.00351 2.05062 9.41405 8.13705 3.59459 8.51889 8.21529 3.91811 7.68954 8.46482 5.35258 4.36494 1.9119 
7.69332 8.39589 6.03819 5.13561 2.13942 2.61396 3.96333 4.02461 1.02683 7.00426 6.12793 2.1029 5.39812 4.71166 1.02093 7.40573 8.01041 2.31217 4.63271 4.87409 0 7.2909 5.06392 3.0742 1.58731 3.74744 1.6606 2.49877 4.21373 4.60029 5.02204 6.33139 6.8404 3.14107 8.40229 3.1091 4.70377 3.45967 7.46468 5.75184 9.14389 7.76164 1.39266 5.61504 5.24553 2.72794 4.3247 4.40651 3.76687 0.527822 5.70569 
3.18799 2.6818 8.94971 4.76649 6.34144 8.16429 6.5593 6.81465 7.98759 0.352602 1.87741 7.3296 6.27991 8.118 6.4665 0.736171 3.38424 5.38029 3.77614 8.6934 7.2909 0 7.67473 5.97749 5.71072 3.62452 5.63046 7.69777 6.66392 3.07293 6.81153 5.1662 5.34136 4.38466 2.09915 9.72484 3.03387 9.54032 8.92695 7.47391 2.431 1.70652 7.84898 2.7385 2.93305 5.3117 3.797 5.02817 3.73571 7.43069 7.57869 
5.89366 7.00542 1.3323 2.95827 3.1107 7.66977 1.39246 1.18959 6.01529 7.32334 5.81193 2.99943 1.61278 0.746317 5.46753 8.21667 6.08179 6.02566 3.9394 1.27285 5.06392 7.67473 0 2.46319 4.74852 5.90621 4.86545 2.73666 8.68993 6.78736 9.43087 3.23662 3.53457 6.02288 7.44169 4.42784 6.90656 3.67409 2.40077 0.866968 8.22519 6.98555 3.9919 7.80995 7.53706 3.40203 7.14137 8.08106 4.6054 4.60939 0.754709 
5.21348 6.14455 3.73712 2.23574 0.942395 5.5347 1.08708 1.2741 4.09998 5.63116 4.28403 1.62248 2.33998 2.50923 3.18595 6.38202 5.49545 3.57762 2.32743 2.98153 3.0742 5.97749 2.46319 0 2.34194 3.53668 2.44703 1.83366 6.26191 4.46833 6.98692 3.33461 3.83264 3.57301 6.36635 4.02772 4.59089 3.65442 4.73361 2.91082 7.16575 5.78643 2.55828 5.53927 5.23379 0.954186 4.73417 5.62057 2.4059 2.76627 2.90733 
6.22046 6.8598 5.94281 3.95964 1.6807 3.38869 3.41736 3.5721 2.42163 5.42008 4.56066 2.35586 4.59961 4.62887 1.01291 5.85202 6.54352 1.32276 3.21455 4.96883 1.58731 5.71072 4.74852 2.34194 0 2.23138 0.137646 2.84025 3.94163 3.14938 4.69088 5.19615 5.70494 1.76878 6.83524 4.29922 3.26269 4.39498 7.07074 5.25221 7.568 6.19234 2.34954 4.21917 3.85583 1.58558 3.03897 3.5314 2.21146 1.74572 5.24523 
4.97297 5.30443 7.22535 3.89548 3.41182 4.63252 4.52494 4.75676 4.37205 3.37727 2.95358 4.33343 5.13065 6.04336 2.8584 3.66665 5.29728 1.77393 2.66055 6.51395 3.74744 3.62452 5.90621 3.53668 2.23138 0 2.1237 4.78927 3.76517 0.969422 4.25162 5.00688 5.45179 0.797129 5.10101 6.50186 1.09164 6.51273 7.92218 6.12547 5.74645 4.46481 4.55315 2.06854 1.73036 2.5968 1.26094 2.48188 1.43059 3.97323 6.17 
6.2085 6.82802 6.06692 4.00731 1.80921 3.34845 3.52671 3.68605 2.45517 5.34397 4.51654 2.49349 4.68549 4.75563 1.00116 5.75832 6.53271 1.1905 3.22321 5.10031 1.6606 5.63046 4.86545 2.44703 0.137646 2.1237 0 2.97787 3.8249 3.03181 4.56912 5.24499 5.75249 1.63891 6.78957 4.42328 3.144 4.52813 7.17927 5.3578 7.51633 6.1457 2.47519 4.09668 3.73232 1.66132 2.90689 3.39477 2.17984 1.84953 5.3532 
7.03011 7.97696 3.56253 3.9774 1.39666 5.09389 2.04939 1.97324 3.35443 7.35923 6.07987 0.484723 3.56337 2.26014 3.17818 8.0374 7.30437 4.13638 4.15059 2.37589 2.49877 7.69777 2.73666 1.83366 2.84025 4.78927 2.97787 0 6.55448 5.75864 7.34839 4.93055 5.39195 4.54346 8.19679 2.20502 5.88059 1.84651 5.09774 3.53459 8.995 7.61106 1.2648 6.85775 6.51478 2.39267 5.8126 6.36432 3.99229 1.98961 3.45588 
8.69545 8.88288 9.87327 7.44347 5.60566 2.58501 7.34675 7.51068 3.89939 6.54928 6.61679 6.08916 8.40445 8.5487 3.37676 6.34387 9.0143 2.69709 6.32341 8.84477 4.21373 6.66392 8.68993 6.26191 3.94163 3.76517 3.8249 6.55448 0 3.72195 0.808772 8.63783 9.11308 3.11696 8.54634 7.22577 3.71738 7.6652 10.9944 9.1666 9.05972 7.95262 5.5989 3.97473 3.73414 5.40067 2.92745 1.64379 5.03601 4.73097 9.16841 
5.042 5.16192 8.11496 4.54902 4.38044 5.10331 5.42153 5.66056 5.12103 2.89697 2.94145 5.30196 5.89384 6.96473 3.65002 2.95287 5.35144 2.42295 3.26436 7.44984 4.60029 3.07293 6.78736 4.46833 3.14938 0.969422 3.03181 5.75864 3.72195 0 4.03747 5.55862 5.96156 1.46708 4.83445 7.44274 0.12328 7.47505 8.71157 6.94588 5.38714 4.23279 5.49181 1.09912 0.767329 3.54215 0.798909 2.17802 2.20005 4.87115 7.00093 
9.07534 9.16966 10.6328 8.04596 6.3657 3.28695 8.07389 8.2464 4.69414 6.73706 6.97713 6.87992 9.07628 9.31366 4.17352 6.41297 9.38709 3.40931 6.87909 9.62329 5.02204 6.81153 9.43087 6.98692 4.69088 4.25162 4.56912 7.34839 0.808772 4.03747 0 9.21604 9.67862 3.68893 8.77944 8.0307 4.00923 8.47396 11.7107 9.87964 9.23667 8.21148 6.4061 4.07484 3.89609 6.10195 3.24346 1.85954 5.59858 5.53848 9.88716 
2.72764 3.86579 4.23157 1.2379 4.26154 8.58364 2.91654 3.06962 7.35289 4.84447 3.35769 4.87709 1.63093 3.92569 6.19265 5.83814 2.87712 6.05759 2.34656 4.49863 6.33139 5.1662 3.23662 3.33461 5.19615 5.00688 5.24499 4.93055 8.63783 5.55862 9.21604 0 0.511099 5.53172 4.39347 7.08169 5.64923 6.49658 3.79799 2.66474 5.13664 4.04949 5.87573 6.30362 6.15682 3.65419 6.20407 7.48854 3.61765 6.08049 2.80138 
2.64771 3.7835 4.41886 1.74541 4.76369 9.09295 3.35902 3.49418 7.86251 5.03454 3.59858 5.35709 1.97409 4.25073 6.70267 6.03645 2.74184 6.55045 2.79969 4.80696 6.8404 5.34136 3.53457 3.83264 5.70494 5.45179 5.75249 5.39195 9.11308 5.96156 9.67862 0.511099 0 6.00103 4.36758 7.52254 6.04746 6.91341 3.77154 2.8746 5.07387 4.09206 6.36436 6.66029 6.53257 4.16524 6.6294 7.93281 4.08215 6.58488 3.01709 
5.72664 6.09438 7.31009 4.35726 3.23716 3.83598 4.63084 4.84081 3.66362 4.15174 3.73752 4.06624 5.44713 6.06206 2.18298 4.36985 6.0529 0.995724 3.20709 6.48295 3.14107 4.38466 6.02288 3.57301 1.76878 0.797129 1.63891 4.54346 3.11696 1.46708 3.68893 5.53172 6.00103 0 5.8981 6.05737 1.56577 6.16113 8.17195 6.34726 6.54152 5.26155 4.11246 2.48062 2.11225 2.6226 1.27463 2.07795 1.92003 3.43829 6.3746 
1.73624 0.718665 8.57725 4.5261 6.98448 9.73091 6.62051 6.85543 9.24198 2.06975 2.27493 7.92255 5.86724 8.02848 7.73892 2.7547 1.74901 6.85502 4.04945 8.62212 8.40229 2.09915 7.44169 6.36635 6.83524 5.10101 6.78957 8.19679 8.54634 4.83445 8.77944 4.39347 4.36758 5.8981 0 10.367 4.83058 10.0177 8.13856 7.01503 0.802532 0.645258 8.65072 4.75321 4.88698 5.97223 5.62088 6.94673 4.6357 8.42164 7.14335 
9.23434 10.1705 4.72476 6.17697 3.40855 5.09245 4.16595 4.03245 3.37007 9.39792 8.20322 2.44539 5.61314 3.73823 4.11365 9.99257 9.50936 5.36447 6.31823 3.49161 3.1091 9.72484 4.42784 4.02772 4.29922 6.50186 4.42328 2.20502 7.22577 7.44274 8.0307 7.08169 7.52254 6.05737 10.367 0 7.55797 0.850658 6.49485 5.29388 11.1611 9.76918 1.95099 8.51826 8.15502 4.44385 7.31061 7.51321 5.98937 2.671 5.18131 
5.08058 5.17372 8.23461 4.6506 4.50308 5.15847 5.54202 5.78147 5.21071 2.87028 2.97928 5.42334 6.00386 7.08656 3.74721 2.88682 5.38749 2.50907 3.36428 7.57242 4.70377 3.03387 6.90656 4.59089 3.26269 1.09164 3.144 5.88059 3.71738 0.12328 4.00923 5.64923 6.04746 1.56577 4.83058 7.55797 0 7.59449 8.82289 7.06032 5.36909 4.23549 5.60698 0.977276 0.644132 3.66527 0.790339 2.15059 2.3156 4.98048 7.11622 
8.78544 9.76936 3.8858 5.68418 3.20953 5.69761 3.59413 3.42701 3.9206 9.20309 7.92326 2.22297 4.96574 2.9593 4.40367 9.86566 9.04558 5.57856 5.98143 2.66687 3.45967 9.54032 3.67409 3.65442 4.39498 6.51273 4.52813 1.84651 7.6652 7.47505 8.47396 6.49658 6.91341 6.16113 10.0177 0.850658 7.59449 0 5.66509 4.54027 10.8181 9.44083 2.11885 8.56856 8.2141 4.22974 7.43364 7.78583 5.82295 2.96057 4.4208 
6.41757 7.54907 1.79776 4.28673 5.47986 10.0698 3.65343 3.51262 8.41133 8.59403 7.07262 5.39257 2.82374 2.8643 7.84302 9.57032 6.49227 8.3039 5.54011 3.00351 7.46468 8.92695 2.40077 4.73361 7.07074 7.92218 7.17927 5.09774 10.9944 8.71157 11.7107 3.79799 3.77154 8.17195 8.13856 6.49485 8.82289 5.66509 0 1.83191 8.84184 7.83797 6.36201 9.64373 9.41929 5.6115 9.18256 10.2499 6.52125 7.00734 1.82629 
5.38729 6.52101 1.56796 2.71055 3.69778 8.33171 1.84264 1.73344 6.73305 7.12814 5.59652 3.74628 1.19455 1.59427 6.05495 8.06648 5.54165 6.47403 3.87189 2.05062 5.75184 7.47391 0.866968 2.91082 5.25221 6.12547 5.3578 3.53459 9.1666 6.94588 9.87964 2.66474 2.8746 6.34726 7.01503 5.29388 7.06032 4.54027 1.83191 0 7.77764 6.61163 4.76853 7.9146 7.67104 3.77964 7.38278 8.42451 4.74639 5.32584 0.144508 
2.4265 1.29399 9.34319 5.32164 7.77258 10.3767 7.42133 7.65539 9.96171 2.51052 3.0232 8.71595 6.64173 8.8205 8.44973 2.95888 2.36508 7.51537 4.84567 9.41405 9.14389 2.431 8.22519 7.16575 7.568 5.74645 7.51633 8.995 9.05972 5.38714 9.23667 5.13664 5.07387 6.54152 0.802532 11.1611 5.36909 10.8181 8.84184 7.77764 0 1.3988 9.43055 5.16771 5.34626 6.75532 6.15383 7.43526 5.38324 9.18031 7.9081 
1.59801 0.995698 8.16161 4.03945 6.3762 9.09191 6.09654 6.33712 8.59752 1.58906 1.6338 7.3238 5.44114 7.54414 7.09378 2.42323 1.73096 6.21422 3.46066 8.13705 7.76164 1.70652 6.98555 5.78643 6.19234 4.46481 6.1457 7.61106 7.95262 4.23279 8.21148 4.04949 4.09206 5.26155 0.645258 9.76918 4.23549 9.44083 7.83797 6.61163 1.3988 0 8.03177 4.22589 4.33263 5.35712 5.02517 6.36781 3.99603 7.78736 6.73477 
7.68152 8.52807 4.8109 4.79221 1.70856 3.89286 3.14272 3.12487 2.11829 7.53124 6.42545 1.04582 4.66454 3.52216 2.28801 8.08056 7.97875 3.46853 4.64857 3.59459 1.39266 7.84898 3.9919 2.55828 2.34954 4.55315 2.47519 1.2648 5.5989 5.49181 6.4061 5.87573 6.36436 4.11246 8.65072 1.95099 5.60698 2.11885 6.36201 4.76853 9.43055 8.03177 0 6.56786 6.20516 2.68046 5.37289 5.66771 4.13082 0.868502 4.69769 
5.3317 5.21285 9.14149 5.40295 5.47884 5.79297 6.46202 6.70602 6.04907 2.68721 3.28849 6.40056 6.82019 8.02175 4.63219 2.36915 5.61336 3.35386 4.11847 8.51889 5.61504 2.7385 7.80995 5.53927 4.21917 2.06854 4.09668 6.85775 3.97473 1.09912 4.07484 6.30362 6.66029 2.48062 4.75321 8.51826 0.977276 8.56856 9.64373 7.9146 5.16771 4.22589 6.56786 0 0.369597 4.62528 1.35689 2.33124 3.20469 5.91803 7.97868 
5.34733 5.30695 8.86667 5.20921 5.14166 5.46098 6.17777 6.41872 5.68329 2.84157 3.26879 6.05435 6.59643 7.727 4.26282 2.63465 5.63967 2.98597 3.92052 8.21529 5.24553 2.93305 7.53706 5.23379 3.85583 1.73036 3.73232 6.51478 3.73414 0.767329 3.89609 6.15682 6.53257 2.11225 4.88698 8.15502 0.644132 8.2141 9.41929 7.67104 5.34626 4.33263 6.20516 0.369597 0 4.30938 1.00348 2.09531 2.93614 5.55023 7.73051 
5.04412 5.85261 4.6887 2.4311 1.03622 4.94558 2.0117 2.21823 3.73037 4.97645 3.76579 2.01985 3.03006 3.46066 2.55084 5.64551 5.3514 2.70361 1.98162 3.91811 2.72794 5.3117 3.40203 0.954186 1.58558 2.5968 1.66132 2.39267 5.40067 3.54215 6.10195 3.65419 4.16524 2.6226 5.97223 4.44385 3.66527 4.22974 5.6115 3.77964 6.75532 5.35712 2.68046 4.62528 4.30938 0 3.78158 4.68018 1.60133 2.57593 3.79249 
5.8321 5.95946 8.45241 5.13056 4.4868 4.46675 5.75338 5.97852 4.70368 3.64954 3.73375 5.33735 6.39099 7.24224 3.32143 3.58796 6.14364 2.02707 3.8699 7.68954 4.3247 3.797 7.14137 4.73417 3.03897 1.26094 2.90689 5.8126 2.92745 0.798909 3.24346 6.20407 6.6294 1.27463 5.62088 7.31061 0.790339 7.43364 9.18256 7.38278 6.15383 5.02517 5.37289 1.35689 1.00348 3.78158 0 1.38608 2.68373 4.66645 7.42508 
7.21775 7.3183 9.3518 6.36255 5.1732 3.72293 6.69187 6.89397 4.47582 4.92583 5.11848 5.8797 7.51699 8.07802 3.40153 4.70037 7.52858 2.23121 5.14202 8.46482 4.40651 5.02817 8.08106 5.62057 3.5314 2.48188 3.39477 6.36432 1.64379 2.17802 1.85954 7.48854 7.93281 2.07795 6.94673 7.51321 2.15059 7.78583 10.2499 8.42451 7.43526 6.36781 5.66771 2.33124 2.09531 4.68018 1.38608 0 3.89044 4.85296 8.45041 
4.05488 4.64896 5.93682 2.47223 2.61443 5.37811 3.26294 3.5103 4.63199 3.40912 2.36233 3.60321 3.71385 4.83553 3.16467 4.04513 4.3817 2.58097 1.28742 5.35258 3.76687 3.73571 4.6054 2.4059 2.21146 1.43059 2.17984 3.99229 5.03601 2.20005 5.59858 3.61765 4.08215 1.92003 4.6357 5.98937 2.3156 5.82295 6.52125 4.74639 5.38324 3.99603 4.13082 3.20469 2.93614 1.60133 2.68373 3.89044 0 3.80169 4.80088 
7.61017 8.3701 5.54369 4.91606 1.82508 3.10534 3.57465 3.61307 1.40797 7.13024 6.15711 1.61948 5.04831 4.22416 1.45262 7.59432 7.92096 2.69482 4.54031 4.36494 0.527822 7.43069 4.60939 2.76627 1.74572 3.97323 1.84953 1.98961 4.73097 4.87115 5.53848 6.08049 6.58488 3.43829 8.42164 2.671 4.98048 2.96057 7.00734 5.32584 9.18031 7.78736 0.868502 5.91803 5.55023 2.57593 4.66645 4.85296 3.80169 0 5.27214 
5.52154 6.65405 1.43522 2.81267 3.67078 8.29347 1.82864 1.70115 6.68004 7.23201 5.70142 3.68265 1.30504 1.46792 6.03195 8.16548 5.6785 6.47924 3.95451 1.9119 5.70569 7.57869 0.754709 2.90733 5.24523 6.17 5.3532 3.45588 9.16841 7.00093 9.88716 2.80138 3.01709 6.3746 7.14335 5.18131 7.11622 4.4208 1.82629 0.144508 7.9081 6.73477 4.69769 7.97868 7.73051 3.79249 7.42508 8.45041 4.80088 5.27214 0 
