100
13.0487 18.9892 0.673709 0
4.60225 15.4494 0.898298 0
17.8068 22.0975 0.249185 1
6.2161 13.9342 1.97719 1
4.14252 8.19531 2.23996 1
17.4017 22.6211 0.854761 0
9.30175 22.3454 1.60725 1
8.66093 11.0111 1.20784 0
17.3059 17.3822 0.747292 1
1.57597 7.47385 1.66233 0
17.077 22.3886 0.741014 0
13.9066 15.4122 25.8441 0
8.67114 21.6596 0.705263 1
5.31006 20.1309 1.02441 0
10.4628 22.4773 1.69468 0
0.587796 13.5935 1.74061 0
3.45536 23.5097 1.58379 0
0.0326322 13.0805 21.1384 0
2.45328 20.1694 0.854685 0
3.36668 23.5764 1.07265 0
14.4837 15.5741 1.46012 0
15.6056 21.9951 1.33925 0
8.10466 12.0398 0.45469 0
9.22573 21.6554 0.237903 0
5.69098 14.6075 0.615514 0
6.12201 11.7496 0.416645 0
13.8166 14.1419 1.92433 0
18.0231 22.293 1.79013 0
1.99394 13.4821 0.83712 0
13.8028 19.8283 1.14206 0
11.3307 21.4205 2.21661 0
13.9595 21.9873 12.746 0
1.46789 11.2649 1.3343 0
10.9177 18.2823 0.721068 1
9.01142 10.944 1.48256 0
6.13202 19.7669 0.776894 0
7.4545 13.9215 1.77064 0
10.4681 14.2213 0.886964 1
7.94672 13.4166 0.575536 0
10.4529 12.7476 14.2607 0
15.0368 18.0422 1.81673 0
17.0578 20.0659 1.72453 0
2.44003 16.4559 1.77212 0
8.6415 16.9563 1.12193 0
2.81179 3.49024 13.1319 0
15.837 21.8021 0.967544 0
16.5195 23.4482 1.35914 0
3.82865 12.1634 1.61606 1
9.69052 13.658 1.94503 1
13.7534 20.2336 17.2896 0
4.01637 12.0127 0.245566 1
1.30639 11.954 0.70116 0
17.7438 19.4242 0.779192 0
9.42159 12.0451 9.0981 1
8.9314 20.3313 1.62421 0
3.11669 22.9461 1.40547 1
7.38989 19.6629 2.01014 0
0.931459 15.8552 0.355846 0
9.15538 23.6669 0.975911 0
18.3033 20.4752 1.21548 1
13.2668 18.6757 1.42927 0
17.5854 21.6672 0.296982 1
8.84928 19.4527 0.375831 0
7.7499 11.8744 16.4201 0
16.0922 18.2897 2.14486 0
17.0194 20.0051 2.14809 0
3.6858 19.4111 1.67063 0
0.425647 2.39486 2.10004 0
11.9048 12.1171 2.20431 0
0.100137 17.3345 12.9275 1
0.998646 5.68424 2.11083 0
12.5662 19.9344 0.968725 0
17.024 19.0712 2.12584 0
1.24899 9.55512 1.13235 0
1.1951 12.3866 1.58337 0
14.8736 21.7158 0.769245 1
0.443678 7.72668 1.57075 0
0.8045 2.4043 0.821498 0
17.7026 23.8466 1.9669 0
14.6955 16.2241 1.99098 0
2.34892 12.5792 0.670222 0
18.3375 23.1956 1.96634 0
12.3572 17.8331 2.19178 0
12.5846 18.8609 1.06294 0
4.20916 20.3411 1.93039 0
7.95319 20.2101 1.80656 0
6.31701 21.1363 0.721272 0
0.0725906 2.43413 22.2569 0
14.0854 20.8856 1.89246 1
16.3651 18.5051 1.85365 0
4.01688 9.03846 1.71918 1
17.4668 20.8192 1.21118 0
17.2566 19.0635 0.965886 0
4.26811 12.4157 1.74004 1
13.1728 23.7199 0.44202 0
8.27779 18.8192 1.70042 0
2.19663 14.4234 0.414768 0
10.012 13.0971 1.78892 0
17.5394 21.4409 0.549545 0
5.31382 21.0601 1.41251 0
400 50 500
0.025 0.0125 10000 3000 15 1e+06 300000 6 9
0 13.232 13.4489 5.64701 18.7401 15.5507 18.9229 9.66789 17.2249 22.1113 2.96804 20.2185 12.0432 17.7981 18.4843 10.3885 22.1982 17.2357 3.72605 12.6508 20.5512 9.27794 12.9996 11.6456 15.7183 14.1187 7.10482 6.4805 12.0167 18.9003 11.5225 15.4803 22.8091 8.31557 14.546 18.0701 17.7704 17.4928 14.8647 15.1367 6.41085 13.3046 10.9863 6.7562 19.6578 16.3055 11.7185 9.06427 14.4109 19.2187 3.20842 6.36636 18.3715 14.7989 19.151 18.9079 10.9896 17.715 14.1384 17.4382 14.7466 18.0154 18.4654 17.0214 15.6811 16.3706 19.4885 22.6215 9.12754 6.55994 8.10796 5.49416 13.6313 20.6721 15.8965 12.0129 13.9308 11.2589 19.9262 18.0361 12.9362 9.53745 12.7511 7.8155 10.8643 18.1934 13.7788 2.88447 11.747 15.5364 3.6658 11.8277 16.8339 16.1294 12.2237 14.6165 6.39657 13.9369 9.32259 12.8839 14.7896 
13.232 0 7.79315 7.64815 9.45725 3.78873 8.98642 9.44869 4.49817 10.6048 10.4572 9.04626 13.9289 7.54585 5.75718 3.10682 10.4807 9.23015 9.51562 4.25469 7.96691 9.69878 6.84335 2.57729 5.61198 6.01677 8.2105 7.84074 1.77904 9.89488 9.88513 7.25394 10.9342 5.61401 1.6603 8.03265 10.0393 6.21119 2.95181 6.13886 6.86307 5.69139 2.91525 9.40764 11.0372 6.7848 3.94755 8.45969 7.57111 6.84977 14.0974 7.03274 5.50082 13.1716 9.41242 8.84056 4.66686 6.90007 7.8007 5.97142 10.8779 8.26726 5.33879 6.21587 6.46062 5.55662 10.6918 10.5271 6.86138 10.393 9.97749 8.23548 5.32907 7.45802 3.86334 9.74917 2.24872 2.23842 7.00154 5.25242 9.84202 7.76737 4.07998 11.2217 13.1012 5.11178 3.71648 13.8812 2.71198 5.24677 9.77421 12.6721 8.80722 8.44798 2.14989 10.8369 7.0608 5.63822 9.58189 7.67924 7.33585 
13.4489 7.79315 0 8.83012 5.52131 5.89698 16.7159 15.0605 11.5019 9.68586 10.62 7.83203 7.30972 5.32195 12.5124 6.45716 9.94586 3.82342 10.7327 3.54244 9.71605 15.1062 14.0563 9.41653 13.4051 13.6086 12.4796 11.5158 6.32542 5.57729 3.32271 14.9663 10.6223 6.21894 9.20649 15.7804 17.8015 6.0499 6.0225 13.8831 8.45635 13.1179 5.83044 6.83527 18.8263 14.5774 10.9057 4.50311 15.068 8.41667 15.8123 8.09287 8.77996 5.49503 6.06417 16.5572 11.2158 14.5764 0.734116 6.21709 3.08483 16.0361 11.3805 5.33672 3.37484 13.3052 18.4781 10.6947 4.42733 14.397 5.98561 8.26203 2.63282 11.7259 6.29642 2.85875 10.0409 6.5377 9.95707 8.39102 2.40355 3.92205 3.71323 7.04757 6.9685 11.3532 4.34348 15.493 5.3968 4.31932 11.472 6.00255 16.5613 16.1532 9.37776 3.04489 7.95705 2.47813 15.0234 0.567191 1.70217 
5.64701 7.64815 8.83012 0 13.6565 9.9442 14.44 7.62649 11.8379 16.6579 2.8095 14.7938 10.4549 12.4701 13.1168 4.74175 16.7082 12.3776 2.08072 7.23208 14.9276 7.47067 9.12207 6.40375 10.9642 9.77178 4.49695 3.37502 6.37031 13.8899 8.05431 11.2805 17.2985 2.84865 9.05799 13.5077 13.9631 11.9867 9.23519 10.6493 0.78669 8.97044 5.34898 3.95593 15.6626 11.7774 6.90604 5.28921 10.5443 13.6082 7.20409 0.785698 12.7251 11.9043 13.9821 14.3815 6.4146 12.8934 9.42125 11.906 10.9386 13.5421 12.9507 11.5696 10.4323 11.4693 15.422 17.0733 4.46546 5.89264 5.46967 1.22518 8.36364 15.0513 10.2772 8.37745 8.6237 5.61596 14.2799 12.3915 9.14211 5.34359 7.30269 6.14539 9.26363 12.6973 8.25252 6.91429 6.12567 10.0948 2.68953 9.65153 12.8425 12.1878 6.92803 10.8245 0.887651 8.7073 7.4345 8.30699 9.85295 
18.7401 9.45725 5.52131 13.6565 0 5.78842 16.996 18.5312 11.2437 4.58146 15.8243 3.09863 11.9436 2.04078 11.7842 9.92235 4.96922 1.90155 15.6947 6.60262 6.17726 18.6933 16.2942 11.8824 14.3779 15.3317 16.5093 15.7295 8.8905 0.505376 8.58222 16.3577 5.62758 10.8245 10.1348 16.2027 18.8804 3.73961 6.54858 15.2137 13.1155 15.1087 9.13979 12.2959 19.3784 15.5239 13.3586 9.9944 16.9174 5.39445 20.8415 12.8744 6.78757 8.83313 0.690561 16.7994 13.9741 14.8527 4.78731 4.06169 6.35484 16.5515 10.2983 3.38364 3.31881 13.9413 19.0042 5.91463 9.61392 18.6243 11.5067 13.3461 5.3289 9.21568 5.8903 8.03736 11.3949 9.50608 7.1465 6.54178 7.22894 9.35246 6.60218 12.5462 11.9563 10.4424 6.08864 20.54 8.36733 4.23978 16.3451 10.7661 17.729 17.5225 11.5694 6.44397 12.7714 4.96693 18.5893 6.07137 3.97237 
15.5507 3.78873 5.89698 9.9442 5.78842 0 11.4996 13.1819 5.887 6.99757 12.6053 5.31868 13.0547 3.80403 6.74479 5.32379 6.9474 5.92369 12.0012 3.33818 5.0111 13.4063 10.5541 6.33758 8.64173 9.54512 11.6326 11.0698 3.82018 6.25532 8.89215 10.5814 7.47825 7.25726 4.35129 10.6414 13.1644 2.43305 0.856148 9.43703 9.2273 9.34432 4.62048 10.2994 13.808 9.80551 7.7361 8.57025 11.1319 3.66807 16.9689 9.19429 3.15336 11.3236 5.67144 11.3158 8.44198 9.32571 5.56505 2.21742 8.73222 10.9625 5.50985 2.45039 3.25737 8.27661 13.4391 7.18068 7.3237 13.8221 10.2823 10.1204 3.35214 6.03214 0.428344 8.55747 5.6084 4.588 4.61195 2.76033 8.2844 7.78407 3.15869 11.5519 12.5134 5.51271 2.00297 16.7127 3.8211 1.87939 12.4544 11.7365 11.9889 11.7539 5.93853 8.7336 9.1556 3.42584 13.2929 6.06264 4.72836 
18.9229 8.98642 16.7159 14.44 16.996 11.4996 0 10.3922 5.75602 15.9467 16.9044 15.2227 22.7962 14.961 5.4637 11.4371 15.5741 17.415 15.5279 13.2105 12.4061 10.861 6.06952 8.36914 3.57936 4.80475 11.9112 12.4428 10.6709 17.496 18.8374 3.52235 15.6699 13.6739 7.51033 0.973838 2.9712 13.2576 10.9888 3.81537 13.7576 5.62097 11.6198 17.5124 2.44003 2.66445 7.539 17.1309 4.83519 12.2226 18.2814 14.1786 10.4808 22.1472 16.6824 0.213844 8.06865 2.17505 16.6364 12.9364 19.7869 0.909077 6.99464 13.6623 14.7418 3.43038 2.06679 15.0226 15.4959 13.2876 18.4478 15.4842 14.146 9.45837 11.2652 18.7257 6.80215 10.8233 10.9572 10.6148 18.8262 16.5207 13.0254 19.5969 21.885 6.75203 12.4336 18.2189 11.6465 13.3687 15.311 21.5743 2.77151 3.36047 8.04299 19.7559 14.2902 14.4014 10.7513 16.6438 16.013 
9.66789 9.44869 15.0605 7.62649 18.5312 13.1819 10.3922 0 11.2455 20.0478 8.77599 18.4851 18.0699 16.7879 12.2152 8.75885 19.9072 17.8411 7.33676 12.1366 17.2133 0.470796 4.47161 6.87158 8.1267 6.0728 3.15767 4.26771 9.64266 18.9087 15.2917 6.91706 20.332 9.1161 9.68678 9.75166 8.52192 15.6143 12.3266 7.11931 7.4341 5.4691 9.50699 11.5824 10.4812 8.15517 5.65727 12.6385 5.55729 16.2218 8.17862 7.96634 14.6918 19.189 18.6114 10.4472 4.81791 9.94342 15.4434 15.3935 17.7562 9.55489 12.9474 15.5259 15.2654 8.99599 10.3897 19.8834 11.3836 3.18835 13.0791 8.83185 13.4903 15.8043 13.3003 15.5027 8.42438 9.03862 16.0426 14.5199 16.1069 12.4636 12.0788 13.7598 16.8863 12.6035 12.4428 8.18806 10.2134 14.3257 6.69984 17.2118 7.83615 7.1423 7.34926 17.6621 8.13736 13.8708 0.374119 14.6578 15.4658 
17.2249 4.49817 11.5019 11.8379 11.2437 5.887 5.75602 11.2455 0 10.4514 14.6217 9.54346 18.2008 9.21189 1.28252 7.5728 10.1311 11.7391 13.5127 8.19183 6.99304 11.6295 7.17825 5.59193 3.814 5.62165 11.1856 11.1889 6.24731 11.7447 14.0664 5.93791 10.3324 10.0792 2.86474 5.00269 7.91599 7.50423 5.51657 4.93821 11.0564 5.92979 7.40955 13.9024 8.16051 4.72522 5.93766 12.9028 7.02048 6.58068 17.5861 11.3108 4.80664 16.997 10.9266 5.5574 6.83445 3.64245 11.3021 7.18249 14.4923 5.37503 1.75683 7.92852 9.14215 3.06498 7.7848 9.73365 11.3296 13.1846 14.4581 12.5734 8.87018 4.6882 5.6038 13.8507 3.30901 6.7289 5.57091 4.89713 13.7799 12.1838 7.99011 15.7099 17.4504 1.41066 7.16188 17.4208 7.10613 7.7651 13.6124 16.9118 6.90918 6.91904 5.00433 14.479 11.364 9.06496 11.5033 11.5338 10.5611 
22.1113 10.6048 9.68586 16.6579 4.58146 6.99757 15.9467 20.0478 10.4514 0 19.1439 1.91123 16.4899 4.44129 10.4846 12.2444 0.508871 6.45701 18.7384 9.46315 3.54608 20.3034 16.9238 13.1786 14.1579 15.6261 18.6295 18.0575 10.8084 4.84976 12.9362 16.2843 1.06379 13.8399 10.5605 15.3396 18.3557 4.6934 7.8388 15.1981 15.9974 15.6434 11.4966 16.0967 18.3852 15.1604 14.4521 13.9224 17.1757 3.96326 23.8128 15.88 5.71425 13.4093 3.89723 15.7347 15.2415 14.0005 8.97557 4.82254 10.9293 15.7352 8.9653 5.09418 6.58985 13.4943 18.0132 1.53256 13.1933 20.8195 15.5556 16.6174 8.53887 6.7429 6.80077 12.4143 11.9084 11.565 4.99107 5.74428 11.6754 13.1992 9.37151 16.693 16.4357 9.23428 8.41536 23.5403 10.6732 6.57766 19.2696 15.2845 17.3591 17.3356 12.7038 11.0151 15.8128 8.27765 20.1864 10.1818 7.99329 
2.96804 10.4572 10.62 2.8095 15.8243 12.6053 16.9044 8.77599 14.6217 19.1439 0 17.2523 10.3107 14.8396 15.8974 7.51447 19.2302 14.3678 1.47171 9.6828 17.6122 8.48738 11.2591 9.12435 13.5209 12.1397 5.72797 4.77271 9.14113 16.0009 9.01236 13.5981 19.8415 5.35625 11.86 16.0002 16.1284 14.5256 11.9355 13.0894 3.59573 11.3222 8.07418 4.21891 17.9246 14.2444 9.44964 6.38021 12.6989 16.2725 5.27959 3.46384 15.4702 12.5689 16.2189 16.8637 8.83814 15.4879 11.29 14.4731 12.1765 15.9974 15.7583 14.0535 12.7304 14.0883 17.7138 19.6568 6.23414 6.15567 5.74954 2.52655 10.6747 17.8475 12.958 9.45715 11.378 8.39996 17.0236 15.1273 10.3449 6.75586 9.78314 5.83538 9.08622 15.5028 10.8151 4.94589 8.81687 12.5685 2.09917 9.82784 15.0811 14.3973 9.67142 12.0502 3.47352 10.9856 8.4923 10.0604 11.8936 
20.2185 9.04626 7.83203 14.7938 3.09863 5.31868 15.2227 18.4851 9.54346 1.91123 17.2523 0 14.7761 2.54143 9.79655 10.4553 2.11526 4.84295 16.8743 7.57912 3.31675 18.7183 15.5934 11.6205 13.0878 14.3921 16.9194 16.3034 9.07667 3.48977 11.1132 15.1835 2.79044 11.9652 9.21026 14.5323 17.4393 2.91544 6.17397 14.0661 14.146 14.3316 9.69469 14.1865 17.6569 14.1548 12.9624 12.0199 15.9676 3.00844 21.9669 14.0131 4.74584 11.8533 2.42511 15.0153 13.7123 13.1741 7.13379 3.10154 9.29271 14.9126 8.2575 3.22635 4.68227 12.5008 17.2814 2.91488 11.2825 19.1024 13.6613 14.726 6.6297 6.56817 5.1854 10.6023 10.5561 9.81593 4.5506 4.65305 9.89973 11.2929 7.49498 14.8098 14.6608 8.47661 6.57684 21.6901 8.87051 4.69969 17.4218 13.5434 16.3762 16.2847 11.1824 9.36828 13.9417 6.3665 18.6039 8.31405 6.13188 
12.0432 13.9289 7.30972 10.4549 11.9436 13.0547 22.7962 18.0699 18.2008 16.4899 10.3107 14.7761 0 12.4112 19.3393 11.4025 16.8319 10.045 11.3359 10.048 16.9924 17.9252 18.755 14.6001 19.2575 18.8491 14.9518 13.8299 12.1725 11.7714 4.17489 20.3573 17.5066 9.51056 15.5527 21.8245 23.2357 13.3418 13.0027 19.4233 10.6582 18.1716 11.1767 6.5168 24.6072 20.3477 15.8286 5.77817 20.0426 15.7153 15.1734 10.1207 16.0572 3.75659 12.6104 22.6705 15.7612 20.7895 7.86753 13.521 5.62541 22.0025 18.3846 12.6231 10.6547 19.3914 24.2959 17.6909 7.37847 16.1434 4.99078 9.27848 9.70323 19.004 13.4737 4.50314 16.0107 11.9729 17.266 15.664 4.95635 6.29903 10.2524 4.48778 1.22596 18.3056 11.2354 14.8335 11.2173 11.6147 12.1695 1.31842 22.0083 21.4633 14.8159 5.52326 9.95131 9.66668 17.8875 7.0268 8.90353 
17.7981 7.54585 5.32195 12.4701 2.04078 3.80403 14.961 16.7879 9.21189 4.44129 14.8396 2.54143 12.4112 0 9.78591 8.36955 4.65223 2.92199 14.5436 5.24393 4.75276 16.9766 14.3532 10.0346 12.3459 13.3425 14.9443 14.2386 7.16934 2.53647 8.62815 14.339 5.32299 9.62328 8.1278 14.1634 16.8434 1.71807 4.60204 13.196 11.8605 13.1481 7.58813 11.6638 17.3396 13.4883 11.4811 9.48126 14.9304 3.69879 19.6711 11.685 4.86846 9.73094 1.86914 14.7652 12.1395 12.8145 4.64233 2.04039 7.08988 14.5113 8.3202 1.36077 2.15481 11.9017 16.9655 5.37273 8.78644 17.0986 11.1199 12.3191 4.1673 7.4929 3.87149 8.13184 9.40762 7.84517 5.4562 4.58858 7.47996 8.75884 5.19171 12.2705 12.2215 8.44822 4.44249 19.3841 6.77895 2.4978 15.1324 11.1491 15.6963 15.499 9.68306 7.14781 11.6015 3.87516 16.8685 5.78819 3.62022 
18.4843 5.75718 12.5124 13.1168 11.7842 6.74479 5.4637 12.2152 1.28252 10.4846 15.8974 9.79655 19.3393 9.78591 0 8.84446 10.1176 12.4512 14.7771 9.29924 6.94788 12.6172 7.98591 6.84134 4.38244 6.36847 12.344 12.3944 7.48869 12.2893 15.1863 6.40174 10.2362 11.3526 4.13927 4.87944 7.97269 8.06832 6.4906 5.53703 12.3361 6.7949 8.65981 15.1648 7.90341 5.06065 7.08477 14.1168 7.62481 6.78856 18.7829 12.5928 5.08491 17.999 11.4052 5.25234 7.96828 3.57797 12.2644 7.74661 15.4508 5.28311 1.53966 8.57061 9.95937 3.51918 7.53049 9.60052 12.5581 14.2988 15.6912 13.8559 9.88236 4.17524 6.41439 14.9478 4.55472 7.9933 5.49799 5.26766 14.8311 13.3878 9.09556 16.9484 18.6187 1.34347 8.20032 18.6252 8.32291 8.59656 14.8619 18.0418 7.10526 7.24092 6.26067 15.4449 12.6464 10.0485 12.4914 12.5803 11.4694 
10.3885 3.10682 6.45716 4.74175 9.92235 5.32379 11.4371 8.75885 7.5728 12.2444 7.51447 10.4553 11.4025 8.36955 8.84446 0 12.2359 9.09438 6.74356 3.38779 10.2371 8.86645 7.70508 3.22272 7.87317 7.51805 6.59176 5.87211 1.62879 10.2609 7.62594 8.99585 12.7882 2.50932 4.70816 10.4632 11.8819 7.55676 4.55702 8.02819 3.98268 6.90696 0.784292 6.34607 13.2053 8.9474 4.58808 5.69415 8.84247 8.94768 11.6472 4.05102 7.98733 11.2976 10.0936 11.323 4.78333 9.513 6.75162 7.42399 9.38506 10.6208 8.42931 7.26313 6.60817 8.08055 12.8934 12.5043 4.05924 8.73135 7.06115 5.18086 4.73963 10.343 5.61868 7.63186 4.7546 0.897344 9.54192 7.65923 7.97536 5.10446 3.34726 8.26422 10.4553 8.21267 3.92982 11.3942 1.59383 5.87588 7.14718 10.2224 10.6441 10.1343 3.41471 9.3118 4.05274 5.12114 8.77097 6.13723 6.709 
22.1982 10.4807 9.94586 16.7082 4.96922 6.9474 15.5741 19.9072 10.1311 0.508871 19.2302 2.11526 16.8319 4.65223 10.1176 12.2359 0 6.82225 18.7872 9.54868 3.16994 20.1724 16.7014 13.0467 13.8659 15.3761 18.5623 18.0172 10.7673 5.26423 13.22 15.9963 0.678523 13.9057 10.3603 14.9846 18.02 4.72164 7.77575 14.9202 16.0348 15.4171 11.4989 16.2657 18.0102 14.8502 14.29 14.1202 16.9156 3.73243 23.8394 15.9341 5.44555 13.8022 4.2799 15.3615 15.0934 13.652 9.24485 4.8185 11.2962 15.3827 8.60875 5.18187 6.77912 13.1848 17.6393 1.03183 13.3401 20.7544 15.7692 16.7048 8.68 6.30841 6.72318 12.7051 11.7041 11.5321 4.6199 5.50668 11.9866 13.3867 9.44746 16.9227 16.7491 8.88658 8.45589 23.5715 10.6782 6.66566 19.3008 15.6141 17.04 17.0331 12.5581 11.3787 15.872 8.43517 20.0542 10.4293 8.24646 
17.2357 9.23015 3.82342 12.3776 1.90155 5.92369 17.415 17.8411 11.7391 6.45701 14.3678 4.84295 10.045 2.92199 12.4512 9.09438 6.82225 0 14.3644 5.70739 7.62367 17.9598 16.032 11.4604 14.525 15.2364 15.5854 14.7254 8.32772 1.80907 6.72644 16.3917 7.49 9.6058 10.1889 16.564 19.0506 4.50496 6.52843 15.2522 11.9043 14.9167 8.33554 10.6585 19.7317 15.6985 12.974 8.32554 16.7997 6.62027 19.4922 11.6088 7.71274 7.01035 2.56598 17.2287 13.4927 15.2433 3.10786 4.80767 4.47425 16.8862 11.0458 3.90443 2.77369 14.195 19.3626 7.73229 8.13459 17.6349 9.76334 11.9444 4.35475 10.4098 6.15124 6.17513 11.3441 8.83361 8.37806 7.40049 5.34404 7.73669 5.76267 10.7539 10.0578 11.1362 5.57546 19.1807 7.63945 4.08741 15.0603 8.86456 17.8567 17.5786 11.2344 4.55844 11.4906 3.97326 17.8632 4.38932 2.52686 
3.72605 9.51562 10.7327 2.08072 15.6947 12.0012 15.5279 7.33676 13.5127 18.7384 1.47171 16.8743 11.3359 14.5436 14.7771 6.74356 18.7872 14.3644 0 9.3095 16.9685 7.06455 9.81594 7.94839 12.194 10.7438 4.26193 3.30244 8.36293 15.9143 9.55939 12.1842 19.3756 4.92055 10.8204 14.6365 14.6806 14.0656 11.2763 11.7136 2.77443 9.92489 7.38935 4.94274 16.491 12.875 8.13855 6.81637 11.2549 15.6594 5.14697 2.86197 14.7266 13.2831 16.0356 15.4941 7.47992 14.1758 11.3568 13.9823 12.6111 14.6194 14.7395 13.6503 12.4932 12.7957 16.2865 19.1447 6.30945 4.86464 6.53357 2.50015 10.4232 16.9654 12.3258 9.95006 10.2285 7.59317 16.2803 14.4021 10.7844 7.03823 9.38226 6.85453 10.1117 14.4681 10.3313 4.84887 8.18011 12.1752 0.842818 10.7264 13.6469 12.959 8.51852 12.4903 2.94229 10.7612 7.06352 10.1918 11.8482 
12.6508 4.25469 3.54244 7.23208 6.60262 3.33818 13.2105 12.1366 8.19183 9.46315 9.6828 7.57912 10.048 5.24393 9.29924 3.38779 9.54868 5.70739 9.3095 0 8.19923 12.2524 10.637 5.98534 9.86604 10.0978 9.92905 9.12795 2.82977 6.91315 5.88738 11.4337 10.1654 4.39112 5.71845 12.2665 14.2613 4.86127 3.0361 10.3443 6.61666 9.64042 2.62958 6.99952 15.2916 11.0366 7.49917 5.23736 11.5837 6.82105 14.4289 6.44802 6.48993 8.93803 6.8389 13.0571 7.91022 11.089 3.6164 4.83862 6.62673 12.5127 8.35133 4.37081 3.28923 9.78882 14.9455 10.0083 4.01009 12.0266 6.94631 7.15672 1.35371 9.33169 3.76059 5.65884 6.50053 3.18478 7.94108 6.09805 5.63616 4.45216 0.204513 8.21824 9.38176 8.2612 1.33537 14.1439 1.98338 2.88596 9.88878 8.7454 13.0221 12.623 5.88701 6.58366 6.37011 1.73454 12.1559 3.43323 3.3733 
20.5512 7.96691 9.71605 14.9276 6.17726 5.0111 12.4061 17.2133 6.99304 3.54608 17.6122 3.31675 16.9924 4.75276 6.94788 10.2371 3.16994 7.62367 16.9685 8.19923 0 17.5128 13.7542 10.4471 10.7644 12.3607 16.1761 15.7589 8.64579 6.63539 13.0193 12.8977 3.3405 12.2679 7.53781 11.8154 14.8593 3.67023 5.69302 11.8432 14.1954 12.4647 9.58086 15.1942 14.8433 11.7182 11.5565 13.2881 13.8719 1.37968 21.8575 14.1877 2.52157 14.4744 5.5737 12.1937 12.4052 10.4851 9.12551 3.53813 11.8216 12.2141 5.44024 4.37939 6.34426 10.0559 14.4719 2.76311 12.2029 18.3599 15.0008 15.1314 7.7376 3.29301 4.65491 12.5742 8.84806 9.42716 1.44997 2.71815 12.0364 12.5093 8.04635 16.2389 16.6815 5.72225 6.91142 21.6143 8.80527 5.59649 17.3825 15.6999 13.8949 13.9096 9.9096 11.8732 14.1547 7.6181 17.391 10.0835 8.08892 
9.27794 9.69878 15.1062 7.47067 18.6933 13.4063 10.861 0.470796 11.6295 20.3034 8.48738 18.7183 17.9252 16.9766 12.6172 8.86645 20.1724 17.9598 7.06455 12.2524 17.5128 0 4.92429 7.12619 8.5625 6.51525 2.97467 4.0963 9.81559 19.0627 15.2345 7.38195 20.6073 9.09326 10.0004 10.2161 8.98771 15.8361 12.5502 7.56701 7.32478 5.89507 9.62538 11.4217 10.9477 8.61173 5.96785 12.5561 6.02581 16.5004 7.7246 7.85126 14.9925 19.1327 18.7896 10.9149 5.10763 10.3933 15.5081 15.6216 17.7578 10.0218 13.321 15.7285 15.413 9.42752 10.8581 20.1683 11.343 2.76003 12.9372 8.66232 13.6054 16.164 13.5373 15.4612 8.75665 9.18893 16.3605 14.8118 16.0868 12.4099 12.202 13.5816 16.7338 12.9783 12.6057 7.7398 10.3505 14.5037 6.39857 17.0931 8.30684 7.61309 7.62298 17.6612 8.02259 13.9867 0.126166 14.6911 15.5616 
12.9996 6.84335 14.0563 9.12207 16.2942 10.5541 6.06952 4.47161 7.17825 16.9238 11.2591 15.5934 18.755 14.3532 7.98591 7.70508 16.7014 16.032 9.81594 10.637 13.7542 4.92429 0 4.65259 3.71087 1.64146 5.9098 6.57548 7.8144 16.7363 15.2535 2.54766 17.0325 9.24442 6.38515 5.34251 4.87211 12.9084 9.75432 2.65391 8.57052 1.28957 8.24194 12.7247 6.68339 3.69106 3.15052 12.9865 1.43993 12.9708 12.2126 9.06997 11.2805 18.9945 16.2223 6.09576 2.99935 5.47254 14.2398 12.6359 17.0592 5.19057 8.93235 13.0043 13.2777 4.59788 6.49603 16.5068 11.4366 7.22323 13.9529 10.2934 11.9064 11.8589 10.5442 15.3057 5.03748 7.51866 12.4452 11.1949 15.68 12.5562 10.5116 14.9348 17.6859 8.58481 10.461 12.1538 8.67978 12.0898 9.47734 17.6774 3.84324 3.14679 4.80151 16.9918 9.21417 12.2574 4.8056 13.7922 13.9641 
11.6456 2.57729 9.41653 6.40375 11.8824 6.33758 8.36914 6.87158 5.59193 13.1786 9.12435 11.6205 14.6001 10.0346 6.84134 3.22272 13.0467 11.4604 7.94839 5.98534 10.4471 7.12619 4.65259 0 4.79156 4.29903 5.846 5.67018 3.16966 12.2975 10.8459 5.7736 13.4875 5.30587 3.13105 7.40053 8.65949 8.7691 5.48731 4.82514 5.64791 3.72187 3.64347 9.14991 10.0172 5.79752 1.51977 8.85131 5.6719 9.3871 12.0613 5.98934 7.94123 14.4747 11.8893 8.27453 2.10724 6.59852 9.58756 8.53774 12.4428 7.51724 6.9643 8.73073 8.74023 5.15278 9.71492 13.0618 7.2271 7.98639 10.0928 7.29796 7.26607 9.51897 6.43539 10.8374 2.28663 2.88614 9.37981 7.73117 11.1341 8.30314 5.86284 11.2291 13.6224 6.66209 5.89034 11.8796 4.0289 7.64274 8.02152 13.4359 7.42265 6.9129 0.602974 12.3801 6.07595 7.62273 7.00847 9.17246 9.32434 
15.7183 5.61198 13.4051 10.9642 14.3779 8.64173 3.57936 8.1267 3.814 14.1579 13.5209 13.0878 19.2575 12.3459 4.38244 7.87317 13.8659 14.525 12.194 9.86604 10.7644 8.5625 3.71087 4.79156 0 2.0703 8.92254 9.2759 7.20594 14.8607 15.3482 2.13334 14.1033 10.0951 4.34358 2.60914 4.52595 10.7187 7.9969 1.15476 10.2576 2.68662 8.09322 13.9393 5.43233 1.18228 4.07337 13.5664 3.24667 10.2206 15.4286 10.6585 8.44842 18.762 14.167 3.48313 4.73037 1.99952 13.3962 10.4112 16.4897 2.74766 5.53677 10.9943 11.7739 0.890895 5.09409 13.5195 11.932 10.6063 14.8693 11.9691 10.9101 8.44777 8.49298 15.2643 3.36624 7.29314 9.36249 8.46239 15.4204 12.9692 9.69195 16.0178 18.3279 5.20045 9.2373 15.3239 8.18424 10.4378 12.0616 18.0503 3.35121 3.19701 4.46829 16.4489 10.7633 11.1988 8.43968 13.2843 12.8684 
14.1187 6.01677 13.6086 9.77178 15.3317 9.54512 4.80475 6.0728 5.62165 15.6261 12.1397 14.3921 18.8491 13.3425 6.36847 7.51805 15.3761 15.2364 10.7438 10.0978 12.3607 6.51525 1.64146 4.29903 2.0703 0 7.13811 7.63832 7.28347 15.7927 15.1436 1.53375 15.6721 9.41239 5.22972 3.96588 4.38758 11.815 8.79428 1.07471 9.13463 0.819138 7.92582 13.1086 5.91678 2.2173 3.03915 13.0773 1.58861 11.6628 13.5834 9.59273 9.93187 18.7616 15.2031 4.79059 3.35795 3.89492 13.7109 11.5266 16.6686 3.89677 7.37822 11.9825 12.4631 2.95644 5.65938 15.1228 11.4716 8.66973 14.2074 10.875 11.2889 10.3097 9.48097 15.1356 3.93686 7.14705 11.0126 9.88184 15.416 12.5663 9.94959 15.2738 17.8381 7.03231 9.72834 13.5006 8.22132 11.2031 10.5083 17.7076 3.17123 2.61837 4.23699 16.6124 9.71964 11.6178 6.39376 13.4043 13.3258 
7.10482 8.2105 12.4796 4.49695 16.5093 11.6326 11.9112 3.15767 11.1856 18.6295 5.72797 16.9194 14.9518 14.9443 12.344 6.59176 18.5623 15.5854 4.26193 9.92905 16.1761 2.97467 5.9098 5.846 8.92254 7.13811 0 1.12195 7.84335 16.8377 12.3493 8.42245 19.0604 6.31885 8.97224 11.1024 10.6682 14.004 10.7915 8.19296 4.38849 6.34543 7.37597 8.44704 12.5533 9.35357 5.25926 9.63737 7.30981 15.0264 6.51573 4.90512 13.7064 16.2426 16.6847 11.9132 4.38365 10.9105 12.9432 13.8306 14.9908 11.0108 12.715 13.7873 13.1916 9.67408 12.3871 18.6933 8.50458 2.19266 9.96539 5.68821 11.2584 15.3566 11.8392 12.6044 7.95634 7.11772 15.1849 13.4629 13.2734 9.53926 9.91304 10.6108 13.7593 12.3946 10.5028 6.40224 8.17048 12.4465 3.72704 14.1317 9.73334 9.02749 6.43728 14.8883 5.07611 11.6381 2.94239 12.0277 13.1129 
6.4805 7.84074 11.5158 3.37502 15.7295 11.0698 12.4428 4.26771 11.1889 18.0575 4.77271 16.3034 13.8299 14.2386 12.3944 5.87211 18.0172 14.7254 3.30244 9.12795 15.7589 4.0963 6.57548 5.67018 9.2759 7.63832 1.12195 0 7.25069 16.0387 11.2643 9.01527 18.5391 5.3132 8.78571 11.5909 11.4174 13.3925 10.2463 8.65812 3.29084 6.82413 6.6511 7.32568 13.2585 9.82697 5.37816 8.53921 8.00719 14.5606 6.39997 3.79896 13.3318 15.1528 15.9386 12.4274 4.57664 11.2754 12.0066 13.2385 13.9564 11.5351 12.6302 13.1295 12.4122 9.9683 13.0695 18.2034 7.44973 2.90954 8.84374 4.56816 10.4339 15.1616 11.3077 11.5323 7.89667 6.49318 14.842 13.0644 12.2203 8.46509 9.129 9.49342 12.6375 12.3231 9.80167 6.2322 7.4658 11.7473 2.90187 13.0133 10.4184 9.72169 6.2731 13.8514 3.96933 10.8101 4.06239 11.0481 12.2296 
12.0167 1.77904 6.32542 6.37031 8.8905 3.82018 10.6709 9.64266 6.24731 10.8084 9.14113 9.07667 12.1725 7.16934 7.48869 1.62879 10.7673 8.32772 8.36293 2.82977 8.64579 9.81559 7.8144 3.16966 7.20594 7.28347 7.84335 7.25069 0 9.27606 8.16674 8.65115 11.2959 4.01574 3.43703 9.70663 11.5046 6.16125 3.00817 7.5852 5.60888 6.81145 1.18677 7.70421 12.634 8.35306 4.68883 6.68125 8.75649 7.37986 13.2135 5.67729 6.36373 11.5712 8.97399 10.5343 5.16519 8.62391 6.44492 5.99419 9.39167 9.91675 6.93035 5.95956 5.65421 7.24544 12.2994 10.9804 5.08793 10.0258 8.21162 6.78191 4.09642 8.729 4.0746 8.06228 3.86969 0.781664 7.91772 6.04075 8.22364 5.98895 2.69792 9.46278 11.3291 6.73851 2.80701 12.9687 0.978501 4.68843 8.74202 10.926 10.2612 9.83416 3.05933 9.33876 5.67472 4.45415 9.70931 6.13696 6.15467 
18.9003 9.89488 5.57729 13.8899 0.505376 6.25532 17.496 18.9087 11.7447 4.84976 16.0009 3.48977 11.7714 2.53647 12.2893 10.2609 5.26423 1.80907 15.9143 6.91315 6.63539 19.0627 16.7363 12.2975 14.8607 15.7927 16.8377 16.0387 9.27606 0 8.53523 16.8321 5.90812 11.0709 10.6054 16.6999 19.3669 4.24145 7.00223 15.6879 13.3679 15.5586 9.48094 12.3943 19.876 16.0094 13.7812 10.0751 17.3771 5.88478 21.0583 13.1107 7.2917 8.56963 1.07156 17.2997 14.3829 15.3508 4.84798 4.56377 6.15601 17.0475 10.8037 3.86897 3.65497 14.4315 19.502 6.23685 9.77421 18.9394 11.5479 13.5397 5.61148 9.7018 6.36931 7.9833 11.8568 9.87395 7.6321 7.047 7.14425 9.45725 6.92463 12.5552 11.834 10.9476 6.46945 20.7534 8.72098 4.65916 16.5794 10.6202 18.2119 17.9995 11.9966 6.25219 13.003 5.241 18.9601 6.13721 4.11065 
11.5225 9.88513 3.32271 8.05431 8.58222 8.89215 18.8374 15.2917 14.0664 12.9362 9.01236 11.1132 4.17489 8.62815 15.1863 7.62594 13.22 6.72644 9.55939 5.88738 13.0193 15.2345 15.2535 10.8459 15.3482 15.1436 12.3493 11.2643 8.16674 8.53523 0 16.6135 13.8982 6.21982 11.4771 17.8721 19.499 9.34912 8.82781 15.6183 7.97537 14.5259 7.27084 4.80855 20.7552 16.4733 12.192 2.76971 16.4503 11.7022 14.2824 7.48313 11.9298 3.89829 9.1892 18.701 12.2657 16.7816 3.98607 9.4995 3.23347 18.0754 14.2116 8.64242 6.6906 15.412 20.4296 13.9964 3.92842 13.9435 3.4381 7.10988 5.54596 14.872 9.31364 0.56085 12.0354 8.0704 13.1886 11.5345 1.49426 2.82858 6.09131 4.15517 3.6696 14.1362 7.06059 13.9452 7.19293 7.5242 10.385 2.86283 18.2582 17.7588 10.9825 3.10184 7.31627 5.53494 15.1744 2.93888 5.01294 
15.4803 7.25394 14.9663 11.2805 16.3577 10.5814 3.52235 6.91706 5.93791 16.2843 13.5981 15.1835 20.3573 14.339 6.40174 8.99585 15.9963 16.3917 12.1842 11.4337 12.8977 7.38195 2.54766 5.7736 2.13334 1.53375 8.42245 9.01527 8.65115 16.8321 16.6135 0 16.2366 10.9394 6.2313 2.8349 2.8861 12.746 9.88244 1.14442 10.6544 2.31147 9.3656 14.6424 4.38899 1.40908 4.56891 14.5906 1.4122 12.3403 14.7602 11.1176 10.5719 20.1887 16.1794 3.55354 4.87516 3.24696 15.0305 12.4445 18.0406 2.65083 7.64165 12.9803 13.6219 2.90383 4.14156 15.6526 12.9789 9.76613 15.737 12.395 12.5768 10.5309 10.469 16.589 5.05417 8.57625 11.4948 10.5754 16.8393 14.0673 11.2758 16.8069 19.3555 7.31042 10.9641 14.7004 9.60837 12.3198 11.9077 19.2054 1.651 1.19407 5.65 17.9892 11.2463 12.8913 7.26873 14.7879 14.5896 
22.8091 10.9342 10.6223 17.2985 5.62758 7.47825 15.6699 20.332 10.3324 1.06379 19.8415 2.79044 17.5066 5.32299 10.2362 12.7882 0.678523 7.49 19.3756 10.1654 3.3405 20.6073 17.0325 13.4875 14.1033 15.6721 19.0604 18.5391 11.2959 5.90812 13.8982 16.2366 0 14.5072 10.73 15.1149 18.1807 5.31802 8.29301 15.1771 16.6169 15.7448 12.0601 16.9176 18.0986 15.0577 14.6965 14.7825 17.1958 4.11197 24.411 16.5273 5.75207 14.4599 4.93999 15.4565 15.5144 13.7963 9.92228 5.39386 11.9642 15.517 8.75276 5.8085 7.44227 13.396 17.7303 0.682132 13.984 21.2531 16.4357 17.3176 9.32439 6.29626 7.23202 13.3836 12.0656 12.0661 4.76903 5.8542 12.6647 14.046 10.059 17.593 17.4272 9.04548 9.0478 24.1463 11.2424 7.28835 19.877 16.2907 17.23 17.2499 12.9852 12.0478 16.4683 9.08628 20.488 11.1039 8.92232 
8.31557 5.61401 6.21894 2.84865 10.8245 7.25726 13.6739 9.1161 10.0792 13.8399 5.35625 11.9652 9.51056 9.62328 11.3526 2.50932 13.9057 9.6058 4.92055 4.39112 12.2679 9.09326 9.24442 5.30587 10.0951 9.41239 6.31885 5.3132 4.01574 11.0709 6.21982 10.9394 14.5072 0 7.21461 12.7041 13.7937 9.18928 6.61459 10.0819 2.30029 8.7006 2.85216 3.88492 15.2723 11.0957 6.3736 3.74994 10.5425 10.9215 10.0527 2.06296 10.1897 10.1016 11.1383 13.5766 6.25218 11.848 6.74473 9.12606 8.67884 12.8228 10.9205 8.74637 7.58546 10.4024 14.9829 14.3078 2.2915 8.17976 4.80256 2.86431 5.51817 12.7109 7.61867 6.39584 7.1663 3.38249 11.7354 9.83374 6.99386 3.40571 4.47033 5.92321 8.45156 10.7115 5.46533 9.76254 3.51445 7.26597 5.52722 8.45043 12.5836 12.0081 5.65717 8.57878 1.97923 5.86572 9.02432 5.73923 7.07988 
14.546 1.6603 9.20649 9.05799 10.1348 4.35129 7.51033 9.68678 2.86474 10.5605 11.86 9.21026 15.5527 8.1278 4.13927 4.70816 10.3603 10.1889 10.8204 5.71845 7.53781 10.0004 6.38515 3.13105 4.34358 5.22972 8.97224 8.78571 3.43703 10.6054 11.4771 6.2313 10.73 7.21461 0 6.58137 8.86507 6.58532 3.66209 5.08701 8.27217 5.12158 4.5724 11.0424 9.67498 5.52303 4.03264 10.1182 6.81787 6.63028 15.1587 8.4964 5.01834 14.654 9.98199 7.35075 4.90425 5.37306 9.13322 6.29813 12.2767 6.85261 3.92046 6.76706 7.43201 4.11588 9.31741 10.2433 8.52167 11.0959 11.6368 9.74112 6.64099 6.38792 4.25816 11.315 1.34977 3.87018 6.36051 4.8772 11.3521 9.42132 5.52866 12.8789 14.7437 3.64871 4.93761 14.9665 4.35007 6.10445 10.9933 14.2858 7.66783 7.40755 2.53521 12.2456 8.54105 6.90737 9.87723 9.14737 8.55166 
18.0701 8.03265 15.7804 13.5077 16.2027 10.6414 0.973838 9.75166 5.00269 15.3396 16.0002 14.5323 21.8245 14.1634 4.87944 10.4632 14.9846 16.564 14.6365 12.2665 11.8154 10.2161 5.34251 7.40053 2.60914 3.96588 11.1024 11.5909 9.70663 16.6999 17.8721 2.8349 15.1149 12.7041 6.58137 0 3.14451 12.4709 10.1035 2.93367 12.8177 4.7708 10.6485 16.5468 3.17698 1.7653 6.60205 16.1571 4.22291 11.548 17.5225 13.2326 9.78699 21.2002 15.9109 0.877661 7.16238 1.36029 15.714 12.1513 18.8556 0.41078 6.37607 12.8497 13.8704 2.47786 2.80407 14.4799 14.5221 12.5606 17.4755 14.5402 13.2221 8.98982 10.4228 17.7647 5.837 9.85157 10.3661 9.89604 17.8745 15.5476 12.083 18.6267 20.9116 6.10686 11.5144 17.4487 10.6831 12.5018 14.4423 20.6043 2.54316 2.97779 7.06986 18.8227 13.3421 13.4839 10.1023 15.6994 15.1085 
17.7704 10.0393 17.8015 13.9631 18.8804 13.1644 2.9712 8.52192 7.91599 18.3557 16.1284 17.4393 23.2357 16.8434 7.97269 11.8819 18.02 19.0506 14.6806 14.2613 14.8593 8.98771 4.87211 8.65949 4.52595 4.38758 10.6682 11.4174 11.5046 19.3669 19.499 2.8861 18.1807 13.7937 8.86507 3.14451 0 15.1937 12.5222 3.92014 13.3784 5.09992 12.2465 17.4472 1.96247 3.35963 7.42133 17.4648 3.43305 14.495 16.6752 13.8611 12.7184 23.0603 18.6474 3.1557 7.63368 4.39477 17.8387 14.8813 20.8819 2.73407 9.42823 15.4981 16.2971 4.9583 1.91881 17.5567 15.8575 11.6399 18.5819 15.1137 15.3673 12.1173 13.0058 19.4713 7.80112 11.4548 13.4155 12.7863 19.7104 16.9493 14.0975 19.6298 22.2253 9.13746 13.7208 16.6618 12.469 14.9636 14.3143 22.0889 1.24441 1.79184 8.52856 20.8336 13.9975 15.6697 8.89569 17.6395 17.3546 
17.4928 6.21119 6.0499 11.9867 3.73961 2.43305 13.2576 15.6143 7.50423 4.6934 14.5256 2.91544 13.3418 1.71807 8.06832 7.55676 4.72164 4.50496 14.0656 4.86127 3.67023 15.8361 12.9084 8.7691 10.7187 11.815 14.004 13.3925 6.16125 4.24145 9.34912 12.746 5.31802 9.18928 6.58532 12.4709 15.1937 0 3.28776 11.6071 11.3145 11.6742 6.80461 11.7393 15.645 11.8466 10.1543 9.72314 13.4029 2.37562 19.1241 11.2131 3.20779 10.9802 3.45393 13.0606 10.872 11.1183 5.47665 0.322646 8.31258 12.8237 6.60801 0.721391 2.68738 10.2409 15.2704 5.14761 8.76518 16.187 11.4233 12.0032 4.1594 5.97598 2.36839 8.90661 7.90148 6.90227 4.02182 2.90103 8.39 8.95587 4.747 12.6414 13.0123 6.73148 3.73425 18.854 5.98081 2.02661 14.583 12.0433 14.063 13.8922 8.3601 8.35094 11.1521 3.99538 15.7231 6.41336 4.448 
14.8647 2.95181 6.0225 9.23519 6.54858 0.856148 10.9888 12.3266 5.51657 7.8388 11.9355 6.17397 13.0027 4.60204 6.4906 4.55702 7.77575 6.52843 11.2763 3.0361 5.69302 12.5502 9.75432 5.48731 7.9969 8.79428 10.7915 10.2463 3.00817 7.00223 8.82781 9.88244 8.29301 6.61459 3.66209 10.1035 12.5222 3.28776 0 8.73962 8.50277 8.56049 3.88786 9.83509 13.251 9.17165 6.898 8.24225 10.3767 4.39077 16.2012 8.49881 3.60174 11.509 6.47086 10.8121 7.59315 8.81508 5.78814 3.07317 8.97859 10.4079 5.39528 3.26473 3.78247 7.69211 12.886 7.97222 6.89683 12.9823 9.93687 9.47659 3.39593 6.3335 1.06673 8.53892 4.86267 3.78486 5.13167 3.23197 8.35902 7.46181 2.83749 11.2143 12.389 5.3443 1.76786 15.9504 3.11891 2.44244 11.7032 11.6894 11.3294 11.0641 5.09902 8.96764 8.46975 3.55955 12.4369 6.10998 5.05616 
15.1367 6.13886 13.8831 10.6493 15.2137 9.43703 3.81537 7.11931 4.93821 15.1981 13.0894 14.0661 19.4233 13.196 5.53703 8.02819 14.9202 15.2522 11.7136 10.3443 11.8432 7.56701 2.65391 4.82514 1.15476 1.07471 8.19296 8.65812 7.5852 15.6879 15.6183 1.14442 15.1771 10.0819 5.08701 2.93367 3.92014 11.6071 8.73962 0 9.98364 1.84773 8.35159 13.8533 5.19525 1.16887 3.78139 13.6759 2.09404 11.2454 14.6522 10.4212 9.48385 19.1466 15.0379 3.78155 4.25627 2.82849 13.93 11.3068 16.9626 2.90802 6.67468 11.8369 12.4835 2.03089 4.90112 14.6036 12.0522 9.74442 14.884 11.7186 11.4671 9.59296 9.32555 15.5748 3.92248 7.55544 10.456 9.47412 15.7967 13.1249 10.1824 15.9871 18.4469 6.3355 9.8412 14.5664 8.55135 11.178 11.5094 18.2506 2.67834 2.32654 4.63586 16.9139 10.54 11.7767 7.44664 13.7194 13.4708 
6.41085 6.86307 8.45635 0.78669 13.1155 9.2273 13.7576 7.4341 11.0564 15.9974 3.59573 14.146 10.6582 11.8605 12.3361 3.98268 16.0348 11.9043 2.77443 6.61666 14.1954 7.32478 8.57052 5.64791 10.2576 9.13463 4.38849 3.29084 5.60888 13.3679 7.97537 10.6544 16.6169 2.30029 8.27217 12.8177 13.3784 11.3145 8.50277 9.98364 0 8.34316 4.61529 4.25537 15.0426 11.0994 6.21868 5.24966 9.97724 12.885 7.82166 0.538261 11.97 11.8621 13.4156 13.6935 5.77931 12.171 9.01248 11.2231 10.7286 12.8641 12.164 10.9196 9.85747 10.7407 14.7931 16.3772 4.20918 6.02565 5.67411 1.74056 7.797 14.2733 9.55147 8.25329 7.85252 4.84817 13.5246 11.6405 8.96541 5.18751 6.67381 6.4796 9.49234 11.9108 7.58258 7.54429 5.40629 9.45365 3.27666 9.77776 12.2374 11.5947 6.16244 10.6195 0.706866 8.15098 7.27618 7.95326 9.37779 
13.3046 5.69139 13.1179 8.97044 15.1087 9.34432 5.62097 5.4691 5.92979 15.6434 11.3222 14.3316 18.1716 13.1481 6.7949 6.90696 15.4171 14.9167 9.92489 9.64042 12.4647 5.89507 1.28957 3.72187 2.68662 0.819138 6.34543 6.82413 6.81145 15.5586 14.5259 2.31147 15.7448 8.7006 5.12158 4.7708 5.09992 11.6742 8.56049 1.84773 8.34316 0 7.36512 12.3543 6.69958 3.01194 2.34486 12.3943 1.95152 11.6878 12.8132 8.80817 9.99277 18.1912 15.0157 5.60328 2.56418 4.61237 13.2563 11.3966 16.1579 4.71241 7.67817 11.7938 12.1504 3.53606 6.45227 15.2177 10.8018 7.93619 13.4832 10.0837 10.8716 10.5984 9.31627 14.5386 3.78 6.6046 11.1566 9.91047 14.8537 11.9062 9.50243 14.5313 17.1436 7.3304 9.36562 12.7237 7.72113 10.9296 9.69054 17.0479 3.91293 3.30997 3.75388 16.097 8.93802 11.2119 5.77108 12.888 12.9223 
10.9863 2.91525 5.83044 5.34898 9.13979 4.62048 11.6198 9.50699 7.40955 11.4966 8.07418 9.69469 11.1767 7.58813 8.65981 0.784292 11.4989 8.33554 7.38935 2.62958 9.58086 9.62538 8.24194 3.64347 8.09322 7.92582 7.37597 6.6511 1.18677 9.48094 7.27084 9.3656 12.0601 2.85216 4.5724 10.6485 12.2465 6.80461 3.88786 8.35159 4.61529 7.36512 0 6.51943 13.4863 9.20659 5.09563 5.58052 9.31423 8.27079 12.3552 4.62102 7.39622 10.8361 9.30929 11.4939 5.38776 9.62654 6.07737 6.68176 8.8175 10.8327 8.11681 6.49354 5.82713 8.21772 13.1631 11.792 3.96328 9.51479 7.06558 5.66288 3.98328 9.86148 4.93694 7.22509 4.84153 0.800657 8.94941 7.05377 7.49233 4.92183 2.57728 8.3067 10.2864 7.92512 3.15133 12.0957 0.824283 5.0963 7.83426 9.95849 11.0032 10.5265 3.71855 8.75104 4.60097 4.36388 9.52811 5.55042 5.97864 
6.7562 9.40764 6.83527 3.95593 12.2959 10.2994 17.5124 11.5824 13.9024 16.0967 4.21891 14.1865 6.5168 11.6638 15.1648 6.34607 16.2657 10.6585 4.94274 6.99952 15.1942 11.4217 12.7247 9.14991 13.9393 13.1086 8.44704 7.32568 7.70421 12.3943 4.80855 14.6424 16.9176 3.88492 11.0424 16.5468 17.4472 11.7393 9.83509 13.8533 4.25537 12.3543 6.51943 0 19.0156 14.9047 10.0874 2.34481 14.0984 13.8148 9.47635 3.72203 13.4182 8.37476 12.7796 17.4222 9.81605 15.723 7.55402 11.7658 8.00807 16.6485 14.6235 11.1493 9.50951 14.2762 18.7412 16.8465 2.99128 9.65565 1.59205 2.76294 7.6037 16.1439 10.7091 5.27523 11.0504 7.17355 14.9101 13.0354 6.18746 2.94422 7.16106 2.22599 5.31484 14.4405 8.31334 9.13847 6.9877 9.71269 5.78547 5.80177 16.2665 15.6554 9.53022 7.87934 3.56154 7.83136 11.3878 6.26916 8.32829 
19.6578 11.0372 18.8263 15.6626 19.3784 13.808 2.44003 10.4812 8.16051 18.3852 17.9246 17.6569 24.6072 17.3396 7.90341 13.2053 18.0102 19.7317 16.491 15.2916 14.8433 10.9477 6.68339 10.0172 5.43233 5.91678 12.5533 13.2585 12.634 19.876 20.7552 4.38899 18.0986 15.2723 9.67498 3.17698 1.96247 15.645 13.251 5.19525 15.0426 6.69958 13.4863 19.0156 0 4.28354 8.92882 18.8684 5.25326 14.6592 18.6257 15.5066 12.9129 24.1943 19.0815 2.65108 9.26372 4.52683 18.7956 15.325 21.9096 2.84573 9.43463 16.0267 17.0265 5.56575 0.375925 17.448 17.2424 13.5883 20.0749 16.7831 16.3042 11.864 13.5958 20.685 8.79643 12.6859 13.3949 13.0392 20.8522 18.3083 15.115 21.1667 23.6396 9.19037 14.6107 18.6077 13.6117 15.662 16.1603 23.4229 2.84408 3.53683 9.79519 21.8711 15.635 16.5796 10.8548 18.7144 18.2253 
16.3055 6.7848 14.5774 11.7774 15.5239 9.80551 2.66445 8.15517 4.72522 15.1604 14.2444 14.1548 20.3477 13.4883 5.06065 8.9474 14.8502 15.6985 12.875 11.0366 11.7182 8.61173 3.69106 5.79752 1.18228 2.2173 9.35357 9.82697 8.35306 16.0094 16.4733 1.40908 15.0577 11.0957 5.52303 1.7653 3.35963 11.8466 9.17165 1.16887 11.0994 3.01194 9.20659 14.9047 4.28354 0 4.88167 14.6299 2.78958 11.2494 15.7983 11.5261 9.47135 19.9192 15.299 2.61964 5.40666 1.84936 14.5749 11.5361 17.6622 1.76492 6.37196 12.1409 12.9508 1.66603 3.95661 14.457 12.9985 10.8663 15.8895 12.8291 12.0901 9.22078 9.64652 16.4015 4.53649 8.40598 10.2944 9.51054 16.5745 14.0515 10.8642 17.0153 19.3985 6.05178 10.4192 15.7173 9.33007 11.611 12.677 19.153 2.22367 2.20023 5.5327 17.6202 11.6404 12.3801 8.49408 14.4496 14.0506 
11.7185 3.94755 10.9057 6.90604 13.3586 7.7361 7.539 5.65727 5.93766 14.4521 9.44964 12.9624 15.8286 11.4811 7.08477 4.58808 14.29 12.974 8.13855 7.49917 11.5565 5.96785 3.15052 1.51977 4.07337 3.03915 5.25926 5.37816 4.68883 13.7812 12.192 4.56891 14.6965 6.3736 4.03264 6.60205 7.42133 10.1543 6.898 3.78139 6.21868 2.34486 5.09563 10.0874 8.92882 4.88167 0 10.0521 4.25865 10.5845 11.7231 6.64528 9.03492 15.8852 13.3434 7.47667 0.904618 6.04035 11.0943 9.90803 13.9128 6.64599 7.5203 10.1597 10.2454 4.65944 8.65425 14.2356 8.45708 7.25245 11.1685 7.94747 8.78518 10.2736 7.79587 12.2163 2.8143 4.36816 10.3927 8.86793 12.5577 9.56138 7.37954 12.2412 14.8063 7.18983 7.40055 11.5792 5.5336 9.12234 8.0528 14.7031 6.21034 5.63922 1.79919 13.8467 6.76142 9.14236 5.84461 10.6444 10.8433 
