20
9.00731 15.9622 0.699118 0
9.34901 21.463 0.842923 0
12.1081 22.2411 0.876745 0
13.0033 23.228 2.20743 0
9.9007 16.1926 1.8898 0
0.983743 15.3649 0.756902 0
15.9843 17.0871 0.79947 0
0.565698 12.3179 1.46453 1
4.05788 6.26222 1.9196 1
10.568 15.2289 14.8095 0
9.51136 20.6963 0.96282 0
10.9195 18.108 1.23002 0
14.7524 23.4271 18.8068 1
0.678979 22.3714 1.18277 0
6.04477 10.6614 0.427163 1
15.3733 23.6032 2.18687 0
0.490687 12.0557 1.55813 0
5.73319 17.9129 0.885097 0
13.8593 19.3307 1.16722 1
12.0952 16.989 1.76146 0
400 50 500
0.025 0.0125 10000 3000 15 1e+06 300000 2 2
0 5.8373 14.2261 3.86876 13.0702 7.1871 16.9149 13.8545 15.8721 12.2827 17.1432 5.6107 8.9044 10.0156 14.515 11.6307 1.34698 10.08 9.94233 11.0522 10.797 
5.8373 0 19.9101 8.85209 18.1005 6.80138 21.2773 19.1103 20.147 14.9196 21.5747 11.3017 14.5687 15.685 18.2768 17.2778 7.18369 9.97144 14.9704 16.2966 14.0112 
14.2261 19.9101 0 13.079 5.06858 17.2664 9.02283 11.0305 8.95686 13.1957 8.84062 8.6259 5.34182 4.22537 10.4431 2.64805 12.9478 17.7668 6.3322 10.619 11.6074 
3.86876 8.85209 13.079 0 13.3684 10.9969 17.8288 10.271 16.9273 14.8117 17.9727 5.48554 8.23907 9.20865 16.12 10.7593 3.12385 13.7336 10.5257 7.45282 13.0817 
13.0702 18.1005 5.06858 13.3684 0 13.9658 4.84576 14.8922 4.34106 8.35328 4.85742 7.93194 5.41946 4.87974 5.39353 4.21918 12.0429 13.7386 3.14746 13.6814 6.98878 
7.1871 6.80138 17.2664 10.9969 13.9658 0 15.9835 20.3407 14.8164 8.60214 16.3456 9.83605 12.3843 13.3721 12.5523 14.7064 7.94578 3.25921 11.1934 17.6508 8.18691 
16.9149 21.2773 9.02283 17.8288 4.84576 15.9835 0 19.606 1.16726 8.15591 0.433699 12.3448 10.2078 9.72493 3.71042 8.9598 16.0772 14.7553 7.30404 18.5125 7.84203 
13.8545 19.1103 11.0305 10.271 14.8922 20.3407 19.606 0 19.2307 20.8137 19.5154 11.0169 10.3951 10.3127 19.8607 10.677 12.69 22.4269 13.8345 2.8193 18.9031 
15.8721 20.147 8.95686 16.9273 4.34106 14.8164 1.16726 19.2307 0 7.04933 1.54896 11.4576 9.52604 9.14814 2.63349 8.55411 15.0719 13.6092 6.43833 17.9904 6.67754 
12.2827 14.9196 13.1957 14.8117 8.35328 8.60214 8.15591 20.8137 7.04933 0 8.57395 10.3023 10.5071 10.9014 4.44853 11.393 12.0436 6.7225 7.31571 18.7521 1.915 
17.1432 21.5747 8.84062 17.9727 4.85742 16.3456 0.433699 19.5154 1.54896 8.57395 0 12.4872 10.2576 9.73159 4.13234 8.90101 16.2819 15.1568 7.44946 18.4809 8.2226 
5.6107 11.3017 8.6259 5.48554 7.93194 9.83605 12.3448 11.0169 11.4576 10.3023 12.4872 0 3.29403 4.40701 10.8233 6.02021 4.37172 11.5019 5.04092 8.63587 8.41762 
8.9044 14.5687 5.34182 8.23907 5.41946 12.3843 10.2078 10.3951 9.52604 10.5071 10.2576 3.29403 0 1.11648 9.62519 2.72625 7.65122 13.4465 3.46753 8.65986 8.6206 
10.0156 15.685 4.22537 9.20865 4.87974 13.3721 9.72493 10.3127 9.14814 10.9014 9.73159 4.40701 1.11648 0 9.5501 1.61943 8.75484 14.2874 3.6219 8.84917 9.06063 
14.515 18.2768 10.4431 16.12 5.39353 12.5523 3.71042 19.8607 2.63349 4.44853 4.13234 10.8233 9.62519 9.5501 0 9.39616 13.8926 11.0979 6.18783 18.2843 4.37338 
11.6307 17.2778 2.64805 10.7593 4.21918 14.7064 8.9598 10.677 8.55411 11.393 8.90101 6.02021 2.72625 1.61943 9.39616 0 10.3737 15.3898 4.14442 9.6018 9.6515 
1.34698 7.18369 12.9478 3.12385 12.0429 7.94578 16.0772 12.69 15.0719 12.0436 16.2819 4.37172 7.65122 8.75484 13.8926 10.3737 0 10.6128 8.95433 9.91079 10.4285 
10.08 9.97144 17.7668 13.7336 13.7386 3.25921 14.7553 22.4269 13.6092 6.7225 15.1568 11.5019 13.4465 14.2874 11.0979 15.3898 10.6128 0 11.4448 19.8605 7.03245 
9.94233 14.9704 6.3322 10.5257 3.14746 11.1934 7.30404 13.8345 6.43833 7.31571 7.44946 5.04092 3.46753 3.6219 6.18783 4.14442 8.95433 11.4448 0 12.1179 5.52385 
11.0522 16.2966 10.619 7.45282 13.6814 17.6508 18.5125 2.8193 17.9904 18.7521 18.4809 8.63587 8.65986 8.84917 18.2843 9.6018 9.91079 19.8605 12.1179 0 16.8382 
10.797 14.0112 11.6074 13.0817 6.98878 8.18691 7.84203 18.9031 6.67754 1.915 8.2226 8.41762 8.6206 9.06063 4.37338 9.6515 10.4285 7.03245 5.52385 16.8382 0 
