200
12.1479 18.0897 29.1082 0
3.9752 16.4436 1.75418 0
11.1789 18.3195 0.343739 0
9.59745 15.4401 0.746736 0
1.60473 16.3602 1.55796 1
4.32695 5.96176 1.04065 0
0.798875 11.9903 1.17321 0
5.97372 17.2421 0.655959 0
2.47867 11.3189 0.707612 0
7.68849 18.8658 0.537481 0
10.2305 11.6238 1.88742 1
9.26985 13.2074 20.3763 0
8.27464 11.5766 0.881725 0
7.15922 14.1161 0.976394 0
10.4534 22.9175 1.27218 0
13.6272 14.8905 0.970758 0
12.8509 17.5096 0.748119 0
4.80279 18.1434 2.15447 1
12.1444 18.2981 6.95821 0
12.8221 15.2033 1.75275 0
6.67439 15.3216 1.55691 0
16.9306 19.4127 2.1425 0
7.08283 9.69487 1.34476 0
7.41848 13.8128 1.45747 0
16.0579 20.1688 1.68819 0
6.30063 9.25774 0.418358 0
17.5606 21.9339 0.882265 0
4.11652 12.5181 0.776129 1
2.37794 16.7247 6.40154 0
17.0519 19.0732 14.7468 0
12.9648 17.1818 1.53331 0
16.8622 22.3792 1.66966 0
3.38396 19.3557 1.80015 0
3.97441 22.0038 0.576726 0
7.30656 20.1409 27.9448 0
12.3043 19.8484 1.71478 1
11.7889 14.209 2.23397 0
9.25302 16.5067 1.68279 0
1.56183 22.0657 1.88357 0
9.58065 22.6389 0.406201 0
9.11461 18.8887 0.52841 0
13.5659 23.0557 0.981653 0
11.9587 18.8865 0.803307 1
5.00649 14.3129 1.35695 0
0.927865 10.8461 1.0348 0
4.81176 6.13857 1.01037 0
6.6915 19.1864 22.2168 0
1.24044 2.76994 1.22349 1
18.3612 21.374 1.33151 0
0.247182 12.1405 22.5502 0
2.79952 23.7741 0.587744 0
7.5233 10.5491 13.9363 0
18.2503 22.8263 1.19994 0
14.488 16.2701 0.979428 0
14.4866 22.1316 25.1427 1
16.4544 23.0008 1.98007 0
18.314 18.4236 1.67702 0
3.3157 17.9293 25.9248 0
16.4448 22.8543 0.267506 0
0.14716 10.4668 1.28635 0
18.5695 23.2577 1.00972 0
2.19396 11.9321 0.630439 0
6.76702 22.3325 0.200444 0
7.69681 20.2567 1.61055 0
17.4398 18.7874 6.15251 0
15.4314 20.3113 0.531031 0
6.14485 11.0676 1.3182 0
3.39224 6.45104 24.5026 0
4.96205 16.031 1.61605 0
0.876521 6.90662 0.754432 1
15.1777 23.6743 0.757077 1
6.32329 22.9575 1.03423 0
13.0036 23.8774 23.3808 0
9.15915 12.2548 0.761476 1
10.0825 20.8069 0.527305 0
14.6286 21.5057 0.459639 0
12.0423 15.3109 1.80299 0
15.3721 19.0297 5.5577 1
15.2024 23.0622 18.0777 0
12.152 18.6068 26.2724 0
10.8487 20.7773 0.505715 0
8.57715 9.87546 1.93199 0
11.398 16.6215 0.574413 0
2.4803 20.3508 2.06487 1
6.90176 23.1653 0.747334 0
10.6155 14.1512 0.934469 0
16.0494 17.0068 0.849443 0
6.06074 8.49949 0.533483 0
9.29964 18.6945 21.8154 0
17.0024 22.2254 1.38356 0
8.28476 9.13081 0.820394 0
18.9199 20.8588 14.182 0
11.9644 18.8055 1.8138 0
15.3218 22.779 18.4642 1
6.60684 18.0294 0.887619 0
10.7757 22.2546 1.57262 0
12.2802 19.2559 0.353111 1
0.793094 5.73054 1.22982 0
14.5731 23.4385 1.11712 1
15.3653 22.7049 1.61806 1
6.05906 14.6162 0.507713 0
1.58452 3.55123 2.05442 1
9.97947 19.8268 1.29513 0
14.1993 20.2197 0.518794 1
13.6957 20.1433 1.11679 0
1.33364 14.403 1.71913 0
7.35335 19.2715 0.401879 1
5.95519 18.0563 0.642766 0
16.0957 16.3984 2.03525 0
4.59539 8.83363 1.25184 0
14.8409 19.5452 1.55842 0
10.8545 23.0203 0.654827 0
15.7036 18.5169 0.628396 0
0.207941 20.4929 2.22882 1
5.71858 17.8048 1.08127 0
16.051 17.3961 0.814525 0
12.864 23.114 0.874844 0
8.64845 23.9659 2.14462 0
15.1977 21.5967 1.89885 0
1.19215 11.6688 0.955785 0
4.62849 16.335 0.702926 0
13.3798 23.7473 0.585527 0
2.66282 11.9375 0.410564 1
2.69583 15.312 1.88339 0
18.7164 23.8507 0.590101 0
2.13381 18.1541 1.38018 0
12.1168 18.2794 19.0002 0
0.054954 19.3173 2.22517 0
11.0588 15.396 0.517059 0
13.1745 19.0877 24.2326 1
2.15516 23.039 1.24931 0
10.1492 11.27 1.49501 0
8.63284 22.3522 1.62817 0
2.82256 22.5075 19.3141 0
11.5017 23.6295 1.94853 1
7.25928 16.8991 0.289733 0
15.8339 17.1697 0.443283 1
17.2318 19.2363 0.938098 0
3.03913 5.22332 0.85526 1
5.66737 14.8782 1.63982 0
14.1833 17.9949 1.20378 0
4.57053 12.0924 2.10195 0
0.878703 17.8876 1.67594 0
4.87901 13.2243 18.7623 0
11.6551 15.5787 0.739882 0
11.3644 21.8789 0.727589 0
11.0362 21.8953 0.472715 0
2.61153 5.26909 2.2085 0
17.6846 23.9421 1.95407 1
5.54102 6.25087 0.610436 0
4.62698 5.34203 0.234743 0
16.7171 21.3518 0.690292 0
18.1926 19.0908 1.99377 1
13.0297 14.9276 1.91523 1
12.4268 14.1483 1.10728 0
2.55422 3.68466 0.736009 1
2.29742 22.0742 2.06313 0
8.81626 9.17966 0.4259 0
8.31269 22.369 0.317865 0
16.2889 20.9723 0.295192 0
6.79312 16.6697 1.10545 0
5.64029 8.81342 1.73992 0
12.9839 13.8584 1.56286 1
6.89654 9.14999 0.260941 0
4.0173 22.7149 0.458449 0
15.5846 22.3389 0.786439 0
15.6407 20.3852 0.321152 0
12.0099 22.4305 2.00553 0
7.21991 10.842 0.311292 0
4.90185 6.88147 2.04213 0
8.56185 9.45409 0.677424 1
7.74536 12.2642 5.59673 0
17.2491 21.008 0.414112 0
4.09457 7.3384 1.51113 0
17.3447 17.5636 2.26733 1
1.20995 2.266 0.685704 0
8.20229 18.1494 0.415268 0
6.29878 15.722 2.42078 0
0.0293602 8.85662 1.13418 0
3.58001 23.0904 0.785721 1
14.7481 19.3607 1.5327 0
12.2809 17.021 0.612439 0
17.4319 23.2937 0.259885 0
9.37663 16.4901 1.89567 1
7.06451 16.7895 2.21125 0
7.0578 21.0129 1.56852 0
0.352343 19.4771 0.596937 0
13.1097 19.606 2.98546 0
18.2955 20.2294 2.25905 0
6.81614 19.8087 8.64834 1
3.95574 11.1574 6.88057 0
13.7469 23.1831 1.94701 1
9.59305 16.1569 0.553829 0
0.145958 9.11273 1.31835 0
1.86016 11.1436 1.73494 1
1.08223 4.22519 0.579764 0
6.05937 9.19523 1.05755 0
17.5522 23.7251 1.5731 0
4.90182 13.2021 0.427424 0
5.49822 16.1726 1.75178 0
400 50 500
0.025 0.0125 10000 3000 15 1e+06 300000 2 2
0 10.615 25.408 41.4739 32.3147 15.5047 33.8228 47.2745 48.2226 32.9586 42.3344 30.8728 35.5991 34.16 32.7106 39.0604 15.5096 34.3406 26.4036 14.1189 33.2942 0.961174 39.2594 44.5229 46.4258 33.0678 16.9384 3.54421 51.6417 18.5273 32.1725 43.0135 38.0996 29.6173 40.7589 20.9693 41.0089 37.3884 19.1543 19.5462 31.9919 15.8001 24.142 9.32785 7.98978 11.4468 29.2454 14.6277 48.5894 17.9908 47.286 36.4717 33.1797 31.7245 35.2801 33.8583 51.0308 28.2002 29.7083 17.0889 24.8978 25.1418 39.7603 25.3367 28.4859 40.1684 49.3725 24.7322 33.2362 24.9261 45.5817 14.5637 44.6146 12.2156 19.1518 41.0285 21.947 29.9649 33.3365 16.4743 32.8109 36.1602 35.59 24.8728 44.2383 43.2977 36.7588 33.8123 51.8567 34.1032 33.9483 13.5547 48.2664 49.5125 44.7845 26.8146 39.0042 44.0634 35.765 40.3567 17.7325 43.0365 26.3551 22.4935 24.219 39.1412 15.9393 28.1716 24.6166 36.498 24.9783 27.9825 36.1425 25.1238 14.0722 48.9535 43.3599 50.8451 9.62389 32.53 20.4498 31.5532 16.7919 48.6738 7.87815 21.8325 37.9366 14.6816 22.6214 25.3872 30.7751 19.6288 7.34799 15.2744 5.13535 27.4619 42.3332 16.4477 34.5214 21.6966 25.6737 2.72039 45.253 30.4037 25.6564 0.899428 27.139 23.866 18.4692 49.8422 17.2768 41.9253 17.7543 4.56272 39.5517 44.72 50.8105 25.5827 23.9967 45.7704 32.7534 22.5571 8.86743 39.0916 43.996 17.4757 39.9882 32.0705 4.44638 36.836 27.6595 9.86389 13.8911 15.4327 13.4468 30.3534 22.1787 45.2455 2.87801 25.0985 32.5383 27.3019 8.92984 8.90981 33.1708 19.8842 36.7528 39.3546 43.8269 22.8576 4.43896 33.2392 18.4526 45.2911 11.6652 37.5785 24.6303 4.58137 36.4593 24.7279 38.948 
10.615 0 15.2196 31.8782 24.5833 4.92231 27.929 38.2069 39.4106 22.6272 31.9825 20.487 25.254 25.921 25.7138 29.5478 8.32995 25.1063 22.804 5.63229 27.2448 11.5457 28.7115 33.9529 35.8448 22.4639 8.81072 10.2235 41.555 10.9705 21.6677 32.4036 29.9972 19.8119 30.7451 10.4124 31.856 28.723 8.89113 11.7798 21.4098 6.45465 16.6283 7.47348 9.96362 8.72214 22.8299 5.37062 38.1288 17.2291 37.0286 25.9985 24.212 22.0207 26.7643 23.3499 40.9416 19.9133 19.5161 6.73067 14.2975 19.5403 29.869 24.115 21.8988 31.0994 40.0702 23.5521 22.9603 16.0253 35.0035 12.233 36.8673 1.63518 8.86879 32.2057 11.9034 21.9151 29.5705 8.98168 25.9361 25.8533 31.6712 19.3575 34.9051 34.0835 26.5039 23.9252 42.5704 25.7099 31.6681 10.4778 37.6856 39.1953 34.2109 16.2499 29.4242 34.8991 25.8277 32.1404 8.7309 33.7766 19.9716 12.6287 14.5421 30.8554 7.51484 18.139 14.6559 26.0213 14.4818 20.8565 25.7706 16.6838 6.35485 38.5279 33.4728 41.3031 9.24603 25.8838 18.1086 26.558 15.7299 38.121 3.35683 12.6778 27.3588 6.36566 15.4995 14.8937 20.5333 12.8158 5.05387 5.59123 5.48193 19.164 32.0744 8.0357 24.3898 11.108 15.1603 7.92147 36.6253 25.2646 15.6525 10.0638 16.9021 13.3056 8.36703 39.8945 11.2164 31.3154 8.35842 8.99202 29.2998 34.1712 40.8111 16.883 17.0975 36.6688 30.7889 12.5897 10.9041 29.6428 33.7175 8.10135 30.9409 21.8541 8.58665 34.4819 17.0788 1.13372 5.04585 5.56109 2.84391 27.1516 16.328 35.2082 10.5929 16.4053 27.4192 18.1806 2.32463 6.33155 23.2207 10.1084 32.9959 33.7124 34.3776 17.4037 6.46233 23.2617 18.0356 34.7599 10.5831 28.6212 15.5478 11.7747 27.4013 14.347 28.7737 
25.408 15.2196 0 25.0673 24.6848 11.1827 30.8899 32.3813 34.2064 13.9825 21.5937 12.0862 15.8866 24.4469 27.1066 14.7436 17.589 20.9168 30.2366 11.6127 30.075 26.2634 17.0212 19.6681 23.2253 10.655 16.2225 23.9209 31.7996 17.6353 11.724 19.3761 27.9943 5.01142 15.5324 5.55252 26.5795 25.473 10.6312 17.5033 7.9088 9.73934 9.81044 18.0527 21.2277 21.8195 26.0842 14.4664 26.5317 28.7676 26.7538 11.3308 21.1321 16.9564 13.8373 8.95105 31.2141 20.1792 4.30857 8.4905 4.50928 25.1475 14.7077 33.8682 25.114 26.2105 33.3327 33.4425 14.6164 5.7639 20.7704 24.0938 34.6631 13.8921 10.543 27.8833 11.2572 11.0497 35.4824 17.2673 27.5196 16.6336 37.0495 25.1548 28.615 28.2887 17.4962 8.82671 35.6713 13.1854 39.1553 22.5112 24.9893 28.445 19.9519 7.77662 23.0642 20.3858 18.6689 29.4771 8.3279 27.8743 24.1677 3.24925 13.2911 28.2313 10.2265 3.02642 1.48751 15.4396 8.33476 23.3767 16.1054 17.9969 12.0818 27.1538 18.2978 33.6676 23.3242 27.9237 28.0799 31.2566 27.4197 25.7359 17.53 5.40288 15.3989 15.8421 10.4961 8.44496 5.36753 19.504 20.1054 10.1456 20.4555 19.7014 22.2429 15.6707 9.17141 7.30469 8.25655 22.8609 32.2432 30.0211 12.178 25.0092 1.74535 3.83308 11.468 30.8488 19.9173 17.6562 13.6101 24.1977 14.1453 22.0326 31.4831 17.4095 21.4854 30.9093 38.7578 3.00722 21.5616 23.7295 18.5882 8.20365 26.1465 6.66579 22.1316 41.5363 4.68392 16.2543 15.2159 13.1452 12.7554 34.2035 22.7524 26.1766 25.7826 6.50968 31.7531 5.80788 16.498 17.6475 8.07634 12.3554 38.4123 36.1201 27.7579 23.9788 21.6082 8.09562 29.6508 20.2188 23.8562 14.6905 15.7024 25.0564 13.3851 9.43886 19.8513 
41.4739 31.8782 25.0673 0 12.9537 27.3449 18.7611 7.34333 9.30753 11.0852 7.99859 13.0789 9.47431 10.3227 15.1728 30.6518 26.2341 7.37845 25.8022 32.5433 18.2594 42.4284 11.7628 19.9931 14.5494 15.2585 24.6228 41.9918 11.1784 23.3984 13.4117 15.0527 9.48227 26.8298 27.2531 24.4753 3.24403 7.00976 23.0853 22.3738 18.7544 30.8516 34.8738 38.5346 41.5308 31.409 18.0644 26.9501 12.6089 31.9142 8.94878 20.6652 8.92194 9.85774 34.7623 20.0824 10.6362 14.3989 24.1856 27.968 21.3812 21.563 28.0135 31.47 17.9274 3.89302 8.422 31.4746 10.4586 30.771 20.0978 30.416 12.5705 30.3134 23.1245 5.36828 20.0048 34.7878 25.791 25.255 15.5516 8.75683 25.7989 21.847 3.56279 3.53738 7.90262 26.5934 10.8808 34.8575 30.6734 30.1232 15.4911 11.2123 19.9548 17.871 2.47006 35.2724 6.49896 8.81048 31.0242 3.09917 19.386 27.4636 17.365 8.44573 32.3636 25.5049 26.5184 10.8065 18.6305 16.8984 9.48451 16.8509 33.535 12.2562 29.482 9.42503 33.7144 16.3808 29.0153 21.7574 31.528 14.756 35.2349 30.028 12.8386 26.7938 35.5125 18.2704 23.6566 23.0514 34.1403 30.4509 36.7171 14.992 6.67397 25.0458 24.6817 22.1364 18.1929 38.8529 8.1318 21.3928 16.2963 40.6841 24.2943 22.6955 23.5199 8.89369 25.4511 16.9975 23.7861 37.8325 24.3381 12.691 10.0029 16.1897 19.8043 5.93661 31.2562 27.0208 42.3129 2.56313 25.5271 30.2963 4.06701 23.8103 40.4369 31.5165 20.3953 32.1846 27.6284 26.377 29.2851 27.0162 22.5425 5.50485 40.1031 31.4919 21.3606 30.0842 34.1706 37.5959 26.0477 21.7991 26.6955 20.4121 2.69911 22.8399 37.0626 25.8457 32.4944 21.5167 32.5396 33.4595 16.8826 43.6016 32.4761 18.2115 6.02214 
32.3147 24.5833 24.6848 12.9537 0 21.2628 7.11084 16.0533 16.4628 14.358 19.0287 14.6372 15.3126 2.64479 2.85585 35.629 16.9619 6.98129 12.849 27.3477 6.3657 33.2124 20.1708 29.2141 25.7624 19.2243 15.897 33.712 24.0279 13.9455 16.4593 24.7285 5.86473 28.4759 33.5084 21.3177 10.7309 6.27128 17.3816 12.9877 22.017 26.1778 33.6478 32.0022 34.5129 21.1376 5.11655 19.2131 24.99 19.6049 21.702 26.1912 5.37617 9.30506 37.6304 24.3408 23.5152 4.88935 26.0296 23.3298 20.1786 8.96012 33.7395 18.5178 5.09032 9.75949 18.6056 18.5315 13.8431 30.1372 29.7101 19.1623 12.3638 23.3255 17.464 9.76453 14.7223 35.7182 13.7163 16.056 3.32639 15.1116 14.3577 9.26527 14.0803 12.8647 14.8306 30.1173 20.8914 37.285 18.5048 19.3692 27.1375 24.0533 29.288 17.1366 11.1479 41.1263 11.7377 8.15128 27.2827 12.7949 6.88549 25.7126 11.8886 7.04598 27.9502 26.5398 25.7886 17.4376 16.3646 4.5753 15.846 8.01681 28.4417 24.8052 36.2733 20.7157 23.3344 4.05469 16.5035 9.29131 19.4796 26.6997 27.735 28.0761 20.2582 18.385 33.6739 16.2399 26.062 12.6875 25.1449 25.4323 28.2697 5.58355 18.0561 16.6062 28.7621 18.5759 16.4373 29.9744 13.3353 8.66702 12.5395 31.4424 24.8096 21.0744 17.3021 21.6295 15.0753 25.7573 16.3999 28.094 30.6491 23.6705 22.7666 8.0842 8.41381 14.7427 18.8563 25.2681 35.4801 10.5337 33.3657 26.3537 9.54057 26.8424 32.4558 19.9043 20.9585 24.4643 19.5999 19.2465 22.6699 14.3476 10.7678 18.3848 30.3638 30.8895 9.16869 30.485 26.8603 30.8896 29.359 15.3311 15.5376 11.5392 14.1672 10.6728 28.1972 29.211 20.0769 30.7038 21.7366 37.3851 9.78258 35.3932 36.162 15.3091 15.1709 
15.5047 4.92231 11.1827 27.3449 21.2628 0 25.5786 33.9063 35.2333 17.7673 27.1005 15.6088 20.383 22.2499 22.8014 25.8827 7.48397 20.8443 21.9941 6.12897 24.8311 16.4441 23.7894 29.2021 30.9291 17.5636 6.86855 15.0792 36.7611 8.98579 16.7496 27.5123 26.3195 16.0799 26.617 5.86242 27.5599 24.7413 4.27952 9.44843 16.6634 5.33593 15.1927 11.2378 14.1862 10.746 20.3956 3.75914 33.2146 18.3736 32.1748 21.4081 20.1299 17.5151 23.9716 18.7233 36.1476 16.4122 15.3507 3.34093 9.53712 17.8226 25.8638 24.4325 19.409 26.857 35.6406 23.9268 18.1246 13.4217 30.2375 13.4358 33.2794 3.29536 4.23214 28.0877 7.37723 19.675 28.3186 7.60577 23.0885 20.9967 30.2619 17.7079 30.4891 29.7356 21.6678 20.0093 38.1372 23.0452 31.0947 11.734 32.7699 34.3191 29.4536 11.3283 24.916 31.4423 21.1515 28.3618 7.18318 29.4068 17.7312 9.20922 10.2333 27.0577 7.10025 14.2024 10.9577 21.1074 9.57176 18.0828 20.8885 13.2482 7.22223 33.6211 29.4364 36.7521 12.146 23.1739 18.377 24.7694 16.93 33.1995 8.13584 10.1483 22.4414 5.32863 14.495 9.98412 16.288 11.0739 9.17424 4.4144 10.3714 15.6907 27.2262 6.06339 20.2131 6.19298 10.2441 12.7941 32.5674 23.4563 11.0486 14.9146 12.7416 8.67281 4.03844 35.1617 10.3748 26.4825 5.0571 13.3851 24.9475 29.2493 36.0544 13.238 14.7468 32.3612 30.4056 9.0267 14.9854 25.2045 29.3118 6.24229 26.7123 17.6183 13.3882 33.7764 12.3563 5.66126 4.31104 2.67875 2.08261 26.3017 14.7648 30.4469 15.2319 13.9703 25.5241 15.214 7.01725 10.2602 19.2538 6.0028 31.627 31.3257 29.9048 15.9763 11.2338 19.2655 19.2461 30.0649 12.7912 25.4328 11.6797 16.5802 24.1584 9.49557 23.9676 
33.8228 27.929 30.8899 18.7611 7.11084 25.5786 0 19.6372 19.2589 21.457 25.6719 21.6308 22.4012 9.07573 4.25532 42.5667 19.659 13.9342 9.20388 31.6794 0.816126 34.6302 27.1999 36.2589 32.4748 26.274 19.1891 35.8484 29.2327 16.9861 23.5072 31.6946 9.53826 35.0081 40.5708 26.8844 15.9134 11.7675 22.2733 16.2761 28.9522 30.8235 39.2939 35.3718 37.4746 22.3868 5.18301 22.7656 31.2734 18.0349 27.7095 33.2538 12.4334 16.3953 44.2277 31.3308 28.79 10.7589 32.6628 28.1743 26.4032 8.70455 40.7633 14.3574 6.17285 15.023 22.3911 14.5827 20.9502 36.0728 36.722 19.4535 12.8024 26.9586 22.3665 14.2542 20.127 41.9247 7.02991 18.949 3.78467 22.173 7.30322 8.96142 18.8488 17.5957 21.8472 36.9334 24.2967 43.801 11.9127 20.2728 33.742 29.9561 36.3238 23.659 17.4348 48.1207 18.7258 11.2174 32.269 17.6789 7.96008 31.4896 17.6433 10.8183 32.6146 33.0022 31.8577 24.5267 22.5896 7.6672 22.9228 13.0451 32.763 30.9839 43.355 24.8336 24.2651 3.11965 14.7752 3.4717 18.4619 33.1966 30.7332 33.6838 27.345 21.5706 39.1151 22.5356 32.7889 15.1224 27.2229 29.9639 30.5666 11.1921 24.5906 20.0047 35.6702 24.2154 22.7842 31.8353 16.2153 3.92231 18.7663 32.9239 31.2193 27.1351 21.9528 26.7446 17.0223 32.8156 20.5215 29.3204 37.7275 30.4118 27.8761 13.5196 10.8919 18.691 12.529 31.0656 38.5174 16.6538 40.4765 31.3069 14.8176 33.6466 34.867 12.956 27.5313 27.5412 22.9136 23.1746 26.5748 8.62928 11.8226 24.256 31.4587 36.8098 2.74192 36.6862 30.0372 34.2101 36.157 20.1092 8.43853 5.78606 19.2486 10.9935 30.1727 36.0192 18.2085 37.7584 22.3333 44.1664 15.2684 37.5098 42.9199 21.4593 21.974 
47.2745 38.2069 32.3813 7.34333 16.0533 33.9063 19.6372 0 2.20556 18.4026 13.9146 20.3407 16.7985 13.6264 17.2611 37.5342 31.7897 13.101 28.1723 39.3775 19.4139 48.2127 18.4824 25.7566 19.312 22.5709 30.3435 48.1255 10.8853 28.8086 20.7526 20.9178 10.5262 34.1549 33.8931 31.5219 6.35318 10.0503 29.6277 27.7779 26.0606 37.76 42.1914 45.1441 48.0427 36.6069 20.8464 33.0571 15.9944 35.6431 12.0494 27.6564 14.1044 16.4913 41.9394 27.2821 10.6508 19.2064 31.5152 34.8399 28.5999 24.9839 34.7748 33.7203 21.0561 7.12486 2.76063 33.8534 17.765 38.0991 25.6315 35.0396 8.76812 36.7021 29.678 6.36697 26.5315 42.1134 26.2831 30.8161 17.4866 16.0718 25.6564 25.2925 3.78058 4.20497 15.2087 33.7757 4.84127 42.0817 30.9785 35.0488 19.6688 13.4241 25.659 25.0636 9.37226 41.8619 13.7319 8.47851 38.0824 4.57793 22.9382 34.7078 23.7074 9.20128 39.3346 32.8474 33.8242 18.0023 25.6577 20.5891 16.7727 22.167 40.4004 15.3088 35.9035 5.29744 38.8811 18.2267 32.5017 23.0545 35.5315 18.6143 41.5494 37.2763 19.7595 32.6797 42.7995 25.3187 30.9651 28.055 39.9354 37.291 42.7441 19.9166 12.6015 30.878 31.8208 29.0701 25.2758 44.7428 3.60918 23.1097 22.9541 46.4446 31.6336 29.8951 29.9533 8.54006 30.5047 23.1757 29.9143 43.3522 31.0413 17.8933 9.4913 21.693 24.1802 1.54596 31.8516 34.2608 48.8795 8.84711 31.6836 37.3166 7.29622 31.0752 46.6568 31.1484 27.7183 38.3924 33.6588 32.6481 35.7535 28.2646 26.7278 9.20037 45.6407 38.8229 22.3776 37.4275 40.5267 44.153 33.2606 28.1117 26.2269 19.1188 4.71642 26.7167 42.9403 33.0553 36.0889 27.2141 37.4612 40.4999 22.7555 49.7718 39.5656 25.1251 13.1536 
48.2226 39.4106 34.2064 9.30753 16.4628 35.2333 19.2589 2.20556 0 20.2592 16.1138 22.1295 18.7803 14.2105 17.3225 39.6913 32.7133 14.3933 28.0791 40.8258 19.1253 49.1513 20.6444 27.9607 21.488 24.5657 31.3397 49.2125 12.6112 29.7024 22.6543 23.1234 10.6869 36.1313 36.0772 33.1159 7.78075 10.8343 30.966 28.6791 28.0619 39.2542 44.0141 46.4607 49.3047 37.3666 21.0103 34.1888 18.0903 35.9029 14.1733 29.7883 15.2018 17.9898 44.0229 29.3515 12.4431 20.0358 33.4843 36.3212 30.3258 25.2633 36.9471 33.5291 21.3209 8.39201 4.01476 33.7005 19.6096 39.9456 27.8304 35.605 7.44287 37.9385 31.021 7.21978 27.8813 44.088 25.6556 31.7488 17.4939 18.0643 24.8543 25.5748 5.78943 5.92002 17.2094 35.855 5.15999 44.1433 30.2383 35.7201 21.8047 15.4382 27.8622 26.7783 11.1422 44.0524 15.5387 8.4594 39.6685 6.3404 23.2944 36.4456 25.0022 9.4285 40.8625 34.7752 35.6351 20.0661 27.2609 21.0377 18.7879 23.1064 41.8638 17.3813 38.1021 6.56188 39.6169 18.1821 32.7096 22.7211 35.8829 20.7302 42.7355 39.0148 21.8959 33.7243 44.5762 26.9359 32.9638 28.8124 40.9072 38.7479 43.8008 20.7676 14.7965 31.9133 33.9157 30.6056 26.9143 45.7356 3.15704 22.9011 24.3884 47.3788 33.5163 31.602 31.2411 10.389 31.2562 25.3779 31.0735 44.2014 33.2182 20.0911 11.2518 22.7036 24.7768 3.37574 31.1863 35.9952 50.1668 10.5106 33.8885 38.8796 8.52716 33.1108 47.7857 30.2156 29.5646 39.5423 34.7557 33.8509 37.03 27.8319 27.2262 11.3961 46.4886 40.6758 21.9747 39.3437 41.7349 45.446 35.3261 29.359 25.3234 18.111 6.78309 27.1153 43.9341 35.1223 36.3015 29.4164 38.1158 42.6267 23.8816 50.8709 41.6788 26.6678 15.2272 
32.9586 22.6272 13.9825 11.0852 14.358 17.7673 21.457 18.4026 20.2592 0 9.37615 2.20291 2.64092 12.9307 17.2058 21.6207 19.0554 8.24626 24.8366 22.2226 20.6919 33.9174 7.16758 15.5372 14.2711 5.05761 17.2403 32.8384 19.0632 16.8964 2.50416 11.7988 15.5006 16.0743 19.1924 13.8547 12.7606 12.581 13.8112 16.0428 8.33629 20.4096 23.7908 28.5508 31.6823 24.5455 18.0348 18.4522 15.7131 27.8365 14.4075 11.8917 9.26137 5.06527 24.6068 10.3157 18.451 11.7873 13.4215 17.6612 10.4228 19.5195 19.5104 30.0007 17.3381 12.517 19.3955 29.7919 0.671673 19.6976 16.235 24.782 21.518 20.9951 13.8183 14.2883 11.0872 23.979 27.7275 18.1693 17.676 3.2295 28.6235 19.6982 14.6331 14.3398 3.93785 16.5922 21.7757 24.5199 32.2964 23.9135 16.0399 16.5726 15.6699 7.03687 9.13443 26.9414 4.74784 16.4707 20.2871 13.9191 17.6134 16.433 9.48622 15.3615 21.7773 14.5729 15.4335 4.01934 8.28503 15.6078 3.20521 12.0318 23.1373 16.023 21.9248 19.9122 26.7584 18.3574 25.6775 23.1897 26.9793 16.1728 25.9012 18.9871 6.54281 18.8162 24.4335 7.87976 13.0646 17.5214 25.9005 20.1571 27.9109 11.841 9.46085 17.3555 14.9461 11.8735 7.69297 30.2455 18.4651 22.2618 7.59612 32.2677 13.2595 11.7635 14.4943 17.6381 19.4656 12.0775 15.5099 29.9773 16.308 12.2976 18.4512 11.114 16.291 16.9402 32.3946 15.997 32.353 9.86668 19.0779 19.6389 12.4874 13.4857 31.1555 34.0168 9.31582 23.1769 19.2575 17.5359 19.8337 27.6648 18.8275 12.875 32.1277 20.4234 23.283 19.1117 24.7844 27.7281 15.9233 13.2638 29.8481 25.5207 13.778 19.6777 28.539 15.743 28.6078 16.9291 26.1465 23.8121 10.556 34.3474 22.6817 8.2804 6.31797 
42.3344 31.9825 21.5937 7.99859 19.0287 27.1005 25.6719 13.9146 16.1138 9.37615 0 11.4955 6.73687 16.6539 21.6732 23.8191 28.1768 12.1355 31.4213 31.2397 25.0574 43.2933 5.01515 12.0549 6.81399 10.9388 26.3865 42.1796 10.2073 25.7832 10.5342 7.12236 17.0221 21.9535 20.0247 22.7907 11.2091 14.1519 23.1868 24.8513 14.0193 29.3655 31.0059 37.691 40.8595 33.6494 23.8419 27.8053 6.54303 36.0184 5.21052 14.2253 13.8643 11.945 28.7225 14.471 9.62041 18.637 19.4802 26.7492 19.0047 26.5282 20.9705 36.9634 23.44 11.7089 13.5779 36.8642 9.11871 26.8571 12.1099 33.5192 20.5338 30.3484 23.1932 13.3374 20.4353 29.7314 32.6128 27.2536 22.1098 6.18686 32.9237 26.769 10.6423 11.2098 5.67992 20.6962 15.4442 29.0283 37.4636 32.827 8.10882 7.22189 11.9992 16.0175 8.36356 27.9626 7.82708 16.7066 28.946 10.8112 24.3969 24.5305 18.5759 16.1684 30.5857 21.1245 23.0764 6.25339 17.5489 22.0141 6.2124 20.0461 32.0898 6.72275 21.989 12.9916 35.9033 22.9238 33.4947 28.2933 35.3428 7.7331 35.2357 26.9559 6.58407 28.1037 31.9576 17.1373 18.6816 26.078 35.2547 29.2171 37.2855 18.9929 1.35246 26.5738 18.6441 21.087 16.9068 39.6216 15.7917 27.6918 16.8358 41.6411 20.3764 20.3422 23.868 9.41663 28.2348 9.27085 24.8158 39.3022 17.219 4.80084 9.93607 19.1848 23.9148 12.93 37.8744 24.1392 41.4806 9.25749 17.8063 28.4083 11.8425 18.4487 40.4823 38.6191 17.0896 32.5487 28.6016 26.9087 29.1751 33.3687 26.6468 5.16296 41.4714 27.5025 28.0719 25.6317 34.1148 36.9205 20.3096 22.5854 33.9376 28.0752 9.62014 27.2611 37.9132 20.0955 36.7193 13.5653 35.1394 26.9795 19.1427 43.6706 26.1483 17.6407 4.03286 
30.8728 20.487 12.0862 13.0789 14.6372 15.6088 21.6308 20.3407 22.1295 2.20291 11.4955 0 4.77595 13.5721 17.4282 20.9971 17.2708 9.25965 24.1803 20.0204 20.8404 31.8298 8.76106 16.4756 15.9941 4.72633 15.4479 30.6867 21.2619 15.2941 2.06228 13.1947 16.558 14.6204 18.9831 11.6626 14.4975 13.778 11.7192 14.5019 7.40578 18.2105 21.8874 26.3507 29.4855 22.7485 17.7944 16.4388 17.7302 26.5124 16.576 11.6878 9.93597 5.5138 23.4415 9.70611 20.65 11.3996 12.0009 15.4583 8.31503 18.7932 19.1335 29.1493 17.0135 14.1564 21.4519 28.902 2.69904 17.8409 17.2723 23.2051 22.89 18.8529 11.721 15.8675 9.11132 22.4178 27.5892 16.4182 17.8923 5.41154 28.6447 18.9433 16.5949 16.2169 6.13985 15.62 23.8575 23.2583 32.0192 22.241 17.7996 18.711 16.6406 4.86429 10.9907 26.4964 6.60884 17.7548 18.1188 15.807 17.0219 14.3847 7.85578 16.5761 19.5893 12.967 13.5064 5.73127 6.09187 15.2268 5.28373 11.0596 20.9375 18.0808 21.8192 22.0498 24.9259 18.5112 24.5301 23.0585 25.5774 18.0256 23.7446 16.9496 7.81798 16.8873 22.4596 5.68459 11.7956 16.1109 23.8745 17.9542 25.8046 11.3133 11.64 15.5006 14.156 9.67501 5.49138 28.1558 20.1747 22.045 5.85091 30.1953 11.5218 9.64319 12.4357 19.8389 17.9101 13.1019 13.5733 27.9866 16.1972 14.0988 20.6541 10.1512 15.376 18.8519 32.0202 13.9421 30.1525 11.6433 19.3781 17.4575 14.1028 12.3969 28.9951 33.8902 7.49479 21.0624 17.257 15.4763 17.6812 27.2717 17.7681 15.0764 30.1121 18.5788 23.247 17.4227 22.6253 25.5324 14.8972 11.3181 29.913 26.0567 15.778 18.7086 26.4646 14.7334 27.3098 17.7792 24.4158 22.8971 9.29412 32.1854 21.7134 6.15056 8.51979 
35.5991 25.254 15.8866 9.47431 15.3126 20.383 22.4012 16.7985 18.7803 2.64092 6.73687 4.77595 0 13.5083 18.16 21.7804 21.6211 8.59326 26.5799 24.7114 21.6735 36.5577 5.06131 13.9525 11.8623 5.78719 19.8124 35.4593 16.5339 19.379 4.19539 9.76715 15.4549 17.3575 18.8882 16.2948 11.6751 12.4209 16.45 18.4956 9.28492 22.8721 25.6283 31.0915 34.2382 27.1099 19.4544 21.0895 13.0894 30.1102 11.8012 11.7868 9.97103 6.44906 25.4123 10.7707 15.9241 13.4685 14.7166 20.1724 12.6914 21.365 19.4022 31.8911 18.8486 11.6253 17.5033 31.7163 2.46065 21.4879 14.5252 27.2293 20.9002 23.6208 16.4563 13.4546 13.7221 25.316 28.9491 20.7217 18.6286 0.74763 29.6701 21.5664 13.0243 12.9272 1.61683 17.2639 19.803 25.4511 33.6352 26.4167 13.5883 13.9414 14.0457 9.46326 7.93904 26.8253 4.03648 16.0694 22.635 12.4914 19.3629 18.549 12.0224 15.0909 24.1854 16.0776 17.3658 2.12554 10.8605 17.1984 0.635959 14.1642 25.6023 13.3864 21.4551 17.7846 29.3368 19.3666 27.8269 24.4401 29.3097 13.6463 28.5187 21.0697 4.94554 21.4349 26.3827 10.4512 14.1842 19.8905 28.5384 22.6602 30.5487 13.6389 6.87464 19.9516 15.4349 14.4304 10.2414 32.8856 17.3175 23.6081 10.1874 34.9086 14.959 14.0416 17.1352 15.2207 21.9137 10.4773 18.1332 32.6084 15.945 9.833 15.9845 13.2571 18.3226 15.4109 33.8306 18.1274 34.8906 8.80968 18.1711 22.0276 11.641 14.3757 33.7702 35.1916 11.212 25.8127 21.8925 20.1768 22.4536 29.1438 20.9463 10.4651 34.7635 22.1906 24.4335 20.6671 27.3999 30.2884 16.6756 15.8911 30.8393 26.0017 12.0907 21.7207 31.1798 16.4791 30.8606 15.4207 28.6772 24.3067 12.8974 36.9609 23.2555 10.9081 3.97715 
34.16 25.921 24.4469 10.3227 2.64479 22.2499 9.07573 13.6264 14.2105 12.9307 16.6539 13.5721 13.5083 0 5.02475 34.4918 18.6802 4.92619 15.487 28.2302 8.42329 35.0755 18.1795 27.2418 23.4367 17.9436 17.4446 35.3644 21.3831 15.6492 15.2177 22.6305 4.08135 27.8942 32.1081 21.6097 8.10716 3.67369 18.1719 14.646 20.9664 26.9225 33.7382 33.2435 35.8845 23.1709 7.76027 20.5718 22.4772 22.1339 19.1193 24.8197 3.67302 8.06307 36.9247 23.1636 20.8709 6.03445 25.3606 24.0145 19.9921 11.5289 32.4404 21.1568 7.71239 7.13544 16.1106 21.1746 12.3518 30.0548 27.6764 21.4295 11.0299 24.5708 18.246 7.27492 15.2973 35.3834 15.961 17.7367 5.45653 13.2139 16.3751 11.8294 11.4768 10.2757 12.8298 29.1906 18.4452 36.6637 20.8101 21.5099 24.752 21.457 27.2975 16.7209 8.59519 39.8684 9.69813 6.24183 27.8332 10.1874 9.40765 25.7926 12.3497 4.98977 28.6628 26.0459 25.6491 15.6225 16.2637 6.99189 13.9921 9.24951 29.3157 22.264 34.8002 18.1552 25.4122 6.27398 19.0726 11.6643 21.9466 24.2641 29.1588 28.2435 18.4216 19.9012 33.8951 16.0769 25.2814 14.6278 26.8998 26.2445 29.9216 6.78678 15.6234 18.0928 27.7065 18.8773 16.22 31.7403 11.1454 11.1603 12.5731 33.3018 24.3854 21.0102 18.2216 18.9857 17.0639 23.82 17.5986 30.0493 29.2049 21.3621 20.1225 9.06052 10.5782 12.2618 21.2464 25.3392 36.8169 7.93592 31.6749 26.9343 6.91709 25.9544 34.0316 22.0262 20.4169 25.903 21.0407 20.4511 23.8139 16.8317 13.1015 15.7744 32.3323 30.8116 11.4181 30.1914 28.2299 32.1603 28.4617 16.2484 17.4697 12.5916 11.5347 13.1243 29.9471 28.3008 22.6315 28.7514 23.9078 36.4687 10.5719 37.0394 35.2802 15.3063 12.9023 
32.7106 25.7138 27.1066 15.1728 2.85585 22.8014 4.25532 17.2611 17.3225 17.2058 21.6732 17.4282 18.16 5.02475 0 38.4001 17.7229 9.75338 10.9572 28.9286 3.51352 33.5755 22.9928 32.0444 28.4461 22.0462 16.9093 34.3774 26.0332 14.8048 19.2796 27.5241 6.73514 31.0552 36.3384 23.4319 12.6114 8.20664 19.1551 13.9402 24.7826 27.8932 35.832 33.184 35.5305 21.3321 3.74872 20.3881 27.4809 18.6348 24.0607 29.0207 8.20337 12.147 40.2461 27.1341 25.5496 6.95526 28.6537 25.1212 22.5991 8.11026 36.5509 16.5818 4.28566 11.6627 19.9372 16.6688 16.6958 32.4454 32.5265 18.9284 12.0813 24.5734 19.2433 11.2739 16.7179 38.1562 10.957 16.8896 0.470661 17.9468 11.5126 8.42059 15.8103 14.5591 17.645 32.8298 22.0775 39.8637 15.7917 19.3933 29.7745 26.3713 32.1145 19.6935 13.5914 43.9246 14.5361 8.87074 29.1552 14.5621 6.42126 27.9389 14.0311 8.06389 29.6814 29.0845 28.1496 20.2854 18.7725 4.86644 18.6883 9.70452 30.0228 27.2489 39.1129 22.216 23.4214 1.2508 15.4114 6.64414 18.7231 29.2884 28.7352 30.2313 23.1053 19.3853 35.7668 18.6822 28.7302 13.235 25.7322 27.0931 28.9731 7.5164 20.6481 17.6782 31.5174 20.7114 18.9056 30.5042 14.1683 6.22241 14.9291 31.8224 27.3272 23.4197 18.9616 23.5833 15.4661 28.5929 17.8024 28.3463 33.4868 26.3653 24.7236 9.99591 8.79136 16.0974 16.2232 27.5026 36.5336 12.8872 36.2215 28.2078 11.4463 29.5477 33.231 17.0912 23.5475 25.4764 20.672 20.5918 24.0339 11.8534 10.6137 20.6686 30.577 33.1921 6.40597 32.9145 27.9324 32.0453 32.0627 17.0303 12.6834 9.01591 16.0474 10.1912 28.764 31.9194 18.9995 33.5383 21.6664 40.0844 11.7568 36.0578 38.8502 17.6754 17.8842 
39.0604 29.5478 14.7436 30.6518 35.629 25.8827 42.5667 37.5342 39.6913 21.6207 23.8191 20.9971 21.7804 34.4918 38.4001 0 32.2304 29.8649 43.8004 24.9536 41.7662 39.8248 19.0523 14.1668 20.9861 16.5672 30.76 36.9517 32.4245 31.9374 19.2743 17.6308 37.0734 9.80619 4.45725 20.2795 33.3014 34.0918 25.1422 31.6393 13.6176 23.3855 16.3518 30.519 33.3658 36.5614 38.4008 29.2073 25.3634 43.3517 27.6726 10.0244 30.8217 26.4485 6.676 11.3282 31.9841 32.0206 10.9472 22.9581 17.9459 38.4662 3.06642 47.9728 37.527 33.3528 37.3962 47.5945 22.2416 14.2265 15.0287 38.7822 42.6651 28.3797 25.0619 35.1864 25.0319 11.173 48.1838 31.831 38.8605 22.3564 49.4256 38.5358 33.9627 34.1862 23.0933 6.0864 39.2152 7.69483 52.3309 37.2291 22.0738 28.2493 14.4303 19.4435 29.5974 5.77091 25.7759 37.8385 21.3377 33.7493 37.0837 16.9246 26.1964 36.8219 23.1243 11.7204 14.9667 19.9985 21.1075 35.715 21.5342 30.7374 25.0101 26.2249 5.17935 36.6789 38.0255 39.4513 42.4081 43.7153 42.0444 23.2749 31.3454 17.2285 17.8234 30.5627 18.0132 20.983 10.3512 33.6342 34.5629 24.0732 34.4267 31.7667 25.0476 30.2742 6.91383 21.612 20.6428 36.7195 38.7705 42.6029 24.4675 38.8056 13.3588 18.0348 26.0252 32.6096 34.3744 15.0969 28.1424 38.5094 6.70497 21.1619 32.7531 29.9536 34.7823 36.3675 52.133 16.9958 33.3503 30.5131 8.7638 21.6796 33.3839 9.20774 35.2329 54.4426 15.7475 30.6414 29.9595 27.8849 27.3159 47.4289 36.5287 28.9499 39.8742 14.1919 44.0103 11.8046 30.4355 30.4865 6.90431 26.5917 50.7303 47.0393 32.9417 37.6951 35.6974 6.96716 44.2324 13.479 38.5992 3.75682 28.4972 37.7622 3.75674 22.2514 24.635 
15.5096 8.32995 17.589 26.2341 16.9619 7.48397 19.659 31.7897 32.7133 19.0554 28.1768 17.2708 21.6211 18.6802 17.7229 32.2304 0 18.9665 14.7424 12.8649 18.9964 16.4384 26.0317 33.0526 33.26 20.7546 1.82336 16.7505 36.8066 3.03179 19.0186 30.3756 22.6641 22.5997 32.2878 12.0558 25.5607 21.879 7.13304 4.03916 21.0422 12.6192 22.6766 15.7227 17.8588 5.49013 14.623 3.77207 34.6707 11.1888 32.8035 26.1462 17.7214 16.7426 31.0605 23.459 36.2051 12.6947 21.3281 10.796 14.5212 11.2103 31.7552 16.9503 13.727 24.7016 33.9416 16.4483 19.1618 20.7431 33.9838 6.58494 29.3233 7.59114 7.20602 25.5231 8.38509 27.0326 21.3502 0.9804 17.9 22.0514 23.4103 11.0286 28.8376 27.8588 22.497 26.1779 36.4142 30.2102 23.7806 5.19627 35.0568 35.136 33.2649 14.5848 23.7784 37.9368 20.9566 24.9018 14.6301 27.6137 11.7267 16.2911 9.60771 23.6687 14.2779 20.5632 17.7386 22.974 12.5039 12.8665 22.228 9.62375 13.8675 34.8995 35.2087 35.5125 7.72648 17.7695 10.9038 18.2297 9.83083 35.2271 11.0857 17.5511 25.0109 2.2211 21.951 12.8324 22.0817 4.54814 8.21965 11.6327 11.3104 11.9541 27.9389 1.99261 25.9715 10.7086 13.2011 13.0601 29.7474 16.935 11.4649 14.6665 18.8731 14.2189 6.22776 34.844 2.99402 29.9223 4.18968 11.6122 30.2096 31.3339 35.8656 10.1284 8.95527 30.295 23.0259 16.0254 18.8857 23.7805 34.3423 13.7064 24.517 23.369 15.5273 26.5228 17.1744 7.88287 3.53052 4.8401 7.56645 19.0907 7.99841 30.4085 13.8932 21.3341 19.0893 22.346 10.3805 14.5576 25.3754 6.22774 24.7488 25.4321 28.4811 9.08889 11.2677 25.3448 12.0721 34.152 7.17438 32.2424 9.38036 18.432 30.9431 11.724 24.4505 
34.3406 25.1063 20.9168 7.37845 6.98129 20.8443 13.9342 13.101 14.3933 8.24626 12.1355 9.25965 8.59326 4.92619 9.75338 29.8649 18.9665 0 19.329 26.4574 13.2429 35.2883 13.2702 22.3324 18.8115 13.3037 17.4155 35.0612 18.4217 16.0781 10.6587 17.7714 7.30594 23.8626 27.3116 18.9749 6.74993 4.56276 16.5737 15.0484 16.5021 24.9256 30.5448 32.0773 34.9505 24.0641 11.7073 19.9821 18.3085 24.7032 15.3227 20.0616 1.74671 3.96168 32.6854 18.5608 17.8525 7.0807 21.2551 21.9854 16.6503 14.6284 27.7041 24.9204 11.3329 6.01334 15.044 24.8531 7.62411 26.6549 22.7878 23.0429 13.7485 23.6024 16.6282 7.32771 13.488 31.5865 20.6904 17.9861 10.2122 8.28768 21.2355 14.8918 9.89818 8.99562 7.91698 24.7724 17.5369 32.5172 25.486 22.7477 20.2305 17.7244 22.3933 13.1608 5.02268 35.143 4.79163 8.56764 25.4723 8.7111 12.4565 22.7055 10.6204 7.34655 26.5698 22.1454 22.2368 10.7016 13.2159 10.0045 9.068 9.48611 27.5045 18.2121 29.9621 16.5462 26.3679 10.9931 21.9121 16.2703 24.2459 19.8544 28.4503 25.2451 13.4965 19.6781 30.8983 12.9394 21.0494 15.6741 26.9928 24.3873 29.7069 7.6379 11.252 17.8951 23.1778 16.3657 12.9882 31.7627 11.8372 15.5969 10.0447 33.5305 20.6012 17.822 16.8662 16.2295 18.0792 18.9015 16.8294 30.5787 24.3907 16.7127 17.3175 8.85906 12.5202 11.5626 25.8216 22.2482 35.7971 4.84917 26.7644 24.6452 5.86827 21.6004 33.572 26.8436 16.5585 25.3039 20.6059 19.5484 22.6637 21.2611 15.2795 12.2658 32.8587 27.4083 16.1389 26.4979 27.4258 31.0725 24.0775 15.0119 22.3597 17.4265 9.51478 15.6747 29.9631 23.9048 25.321 23.8377 25.1655 32.0225 9.71897 36.6995 30.8716 12.4793 8.21094 
26.4036 22.804 30.2366 25.8022 12.849 21.9941 9.20388 28.1723 28.0791 24.8366 31.4213 24.1803 26.5799 15.487 10.9572 43.8004 14.7424 19.329 0 27.6072 9.10447 27.1059 31.6404 40.3689 37.9536 28.8414 15.1322 28.9323 36.8541 13.1154 26.2394 36.3424 17.6672 34.9871 42.6958 25.2127 23.4765 19.0158 19.9793 12.9364 30.6949 27.2778 37.0079 29.8161 31.3559 15.4271 7.74057 18.4578 37.6307 9.18596 34.488 35.6055 17.5843 20.1328 44.0716 33.2439 36.3494 13.1127 33.0631 25.1466 26.1302 5.40731 42.5661 5.67001 7.99721 22.5129 30.8715 5.71621 24.5262 34.5239 41.0351 11.8959 21.9707 22.2884 20.0764 22.2271 19.0152 40.7583 6.97804 14.4205 10.6966 26.5991 9.21128 5.2946 26.7386 25.493 26.5545 37.7919 32.9608 43.4068 9.11186 13.2099 39.4655 36.8584 40.495 24.3814 23.9272 49.5545 23.71 19.714 29.1671 25.4769 7.22789 29.8676 17.6106 19.0007 28.9792 32.8817 30.8311 28.5987 22.705 9.44163 27.1918 13.2439 28.6073 37.5063 45.6218 33.1716 16.8321 9.94561 6.09898 5.93227 9.92541 39.1539 24.9849 31.5956 31.3282 16.9536 36.4479 22.818 33.4929 11.041 20.6914 26.3073 24.0507 12.9972 30.5796 15.9308 36.975 22.9528 23.1577 24.8184 24.9535 5.29586 19.4253 25.5147 31.0565 26.431 19.3303 34.4346 11.7484 36.8997 17.3506 21.8436 40.0944 35.8453 35.5741 14.1121 9.03304 27.0444 8.54544 29.5128 32.4446 23.3619 43.535 28.2143 22.2942 34.5933 28.2626 11.7907 28.0635 22.1157 18.2716 19.3236 22.3067 4.35375 7.50936 31.2149 23.7787 35.1935 6.92252 35.7128 24.5469 28.6511 36.9737 17.9862 10.4332 13.6719 26.9238 6.26899 23.3507 36.8816 9.20791 41.7653 14.7565 44.6577 15.3721 30.5181 43.3558 21.5531 27.424 
14.1189 5.63229 11.6127 32.5433 27.3477 6.12897 31.6794 39.3775 40.8258 22.2226 31.2397 20.0204 24.7114 28.2302 28.9286 24.9536 12.8649 26.4574 27.6072 0 30.9385 14.9086 27.3218 31.2082 34.1248 20.8038 12.6998 12.3307 41.2449 14.896 20.7062 30.4263 32.2785 15.5252 26.6932 8.44995 33.0764 30.5464 10.0613 15.4644 18.9521 1.93565 11.0413 6.58055 9.79481 14.3104 26.4978 9.18669 36.9459 22.7389 36.4303 22.9222 25.9019 22.8864 21.544 20.4472 40.6354 22.4774 15.8294 4.58498 12.3438 23.7577 25.6613 29.428 25.5158 32.4347 40.9386 28.8821 22.6892 10.9237 32.3012 17.7114 39.2527 5.45289 9.98959 33.7704 13.0399 16.4939 34.1446 13.2421 29.2172 25.3945 36.1495 23.6211 35.8382 35.1771 26.1545 19.7258 43.4169 20.4334 36.6326 15.943 35.9437 38.4184 31.4863 15.2525 30.1795 30.0531 26.1486 34.2656 3.61606 34.8239 23.7949 8.50646 15.996 32.9574 1.95984 14.1872 10.6413 25.0246 14.0095 24.2094 25.1333 19.3443 1.09501 37.4557 29.2554 41.8496 14.8641 29.3014 23.3662 30.7561 21.2418 36.5471 6.43585 7.72959 25.812 10.656 9.87025 14.3979 16.932 16.9459 10.4462 2.09234 9.55148 21.7663 31.5674 11.8689 20.544 10.4328 14.5463 11.7784 38.2751 29.444 16.4385 13.8524 13.3566 11.0668 10.0483 39.8583 15.8588 28.9676 11.1702 13.8928 25.6385 32.6739 40.6714 19.2878 20.8165 37.833 35.8429 8.63926 10.2965 30.5674 30.0852 3.42882 32.3046 18.1846 10.5474 39.3862 14.7645 6.72715 9.33755 8.53847 5.30323 31.9543 20.6246 35.0965 15.0079 11.1884 31.5401 13.2446 5.64181 6.05207 19.1071 12.024 37.5042 37.437 35.1773 21.7998 10.8867 19.1859 23.5642 31.8139 16.2058 23.6303 17.672 13.4441 22.4666 14.333 28.5402 
33.2942 27.2448 30.075 18.2594 6.3657 24.8311 0.816126 19.4139 19.1253 20.6919 25.0574 20.8404 21.6735 8.42329 3.51352 41.7662 18.9964 13.2429 9.10447 30.9385 0 34.111 26.4975 35.5523 31.8519 25.4915 18.4855 35.269 28.8415 16.2884 22.7252 31.0126 9.16421 34.1924 39.7895 26.0831 15.4746 11.2517 21.4932 15.5598 28.1532 30.0645 38.4944 34.6967 36.8317 21.8498 4.4449 22.057 30.7267 17.7617 27.2018 32.4733 11.7143 15.6279 43.4125 30.5374 28.3884 9.94294 31.8487 27.4031 25.5877 8.15297 39.9738 14.4129 5.4228 14.5677 22.1586 14.6063 20.1914 35.2637 36.0271 18.99 12.8698 26.2537 21.5861 13.8809 19.3257 41.1107 7.57174 18.27 3.04524 21.4577 8.00119 8.42175 18.479 17.2228 21.1471 36.125 24.1181 42.985 12.4485 19.7566 33.1409 29.4673 35.6206 22.844 16.8621 47.3262 18.032 10.9532 31.4942 17.2881 7.27527 30.6838 16.8316 10.4683 31.8562 32.1861 31.045 23.799 21.7738 6.87489 22.2011 12.2417 32.0237 30.4539 42.5794 24.5704 23.7639 2.33608 14.4927 3.64853 18.1281 32.6149 30.0784 32.8841 26.6187 20.8819 38.3234 21.7195 31.9773 14.4525 26.6318 29.2102 29.9653 10.3765 23.9943 19.2975 34.8678 23.4105 21.9681 31.2723 16.0467 3.81902 17.9502 32.3959 30.4031 26.3218 21.1828 26.3601 16.4005 32.1033 19.7746 28.8075 36.9511 29.7818 27.4949 12.7089 10.1775 18.4186 12.997 30.2591 37.87 16.1012 39.7259 30.533 14.3589 32.838 34.2636 13.6088 26.7166 26.875 22.2205 22.4444 25.8524 8.92186 11.2199 23.7619 30.9627 36.0013 3.10609 35.8719 29.3684 33.5371 35.3478 19.3304 9.17221 6.50141 18.8423 10.4401 29.5968 35.2105 17.9723 37.0481 21.8553 43.3558 14.4593 36.9343 42.1085 20.6438 21.3249 
