200
2.14352 22.9625 1.21871 1
13.6583 19.237 1.22851 1
9.14267 11.289 24.5437 1
16.4163 23.8444 2.11424 0
4.56813 10.4043 1.95777 0
17.2757 21.4913 1.48706 1
5.03186 12.995 1.52191 0
9.83412 19.5361 1.61085 0
14.0634 18.5988 0.681236 1
3.30893 6.42653 1.55437 0
6.78743 14.9846 1.6513 0
18.0846 18.5876 2.21464 1
16.5836 18.429 29.3192 0
16.2338 20.4977 1.26632 0
14.9654 23.8138 2.2162 0
5.42986 21.1565 2.20227 0
17.1678 18.6173 1.47703 0
12.7916 17.3776 1.10478 0
2.02795 9.52316 17.9529 0
3.17326 21.9308 1.20996 0
14.1361 23.0192 1.50389 1
17.9435 20.1615 1.05136 0
11.2768 21.437 0.661852 0
6.54388 8.69201 6.4284 0
5.54306 11.9548 25.3042 0
15.3547 17.5052 26.5624 0
3.0195 11.3102 2.22934 0
12.2821 15.7043 1.35109 0
4.66879 5.54395 0.348507 0
18.7901 23.2462 0.290535 0
7.92095 22.7198 1.79217 0
3.98028 14.8061 1.81411 0
18.2629 21.6537 0.237017 0
4.91295 22.3957 0.579228 0
4.77734 22.0381 1.96125 0
14.4645 16.4025 1.60228 0
15.1439 18.6566 1.71185 0
1.34531 15.9051 24.4281 0
17.3445 18.5582 0.474718 0
7.44317 19.8909 18.2159 0
17.1667 20.1411 17.2242 0
10.0921 20.1916 1.98766 0
16.3135 21.2284 1.16576 0
1.06418 22.2593 0.452087 0
0.512934 17.7871 2.00804 0
10.5761 16.7665 1.53019 0
16.5916 18.2258 1.00912 0
10.9793 13.3476 1.8611 0
0.873336 5.94409 1.76879 0
17.9976 21.0893 1.03485 0
2.16315 5.24679 1.9046 1
18.661 21.9274 0.632733 0
0.94168 20.3652 1.63353 0
13.9656 20.0261 1.58787 0
15.282 17.7095 1.72046 0
5.23141 7.68901 12.2484 0
17.2816 17.9308 1.31637 1
4.92672 18.575 0.79339 0
3.82424 21.1877 1.67437 0
0.577439 7.9095 1.51724 0
3.75042 9.58088 1.75844 0
5.88171 10.7312 1.86856 1
17.7592 21.8336 0.722366 0
14.755 18.9286 1.29915 0
0.80034 23.737 0.345251 0
16.7749 23.3319 0.209388 0
0.897315 8.39648 1.95242 0
9.01208 16.0368 2.05736 1
14.7862 18.4426 2.03689 1
16.3009 21.1238 2.17038 0
12.6028 19.1618 1.09175 0
13.9157 19.2748 24.6361 0
7.69275 18.5428 0.557598 0
12.9963 18.1067 16.2743 0
16.23 22.8893 2.16668 0
18.0476 18.5033 1.85833 0
18.8878 19.1803 0.519867 0
13.4516 20.8293 1.75446 0
12.71 19.4974 0.794135 0
4.12294 11.7314 0.344398 0
12.4693 22.5249 1.61709 0
2.13421 13.864 1.04355 0
16.8254 23.8742 1.88701 1
10.1246 12.9718 1.72007 1
3.04461 21.4564 0.786751 0
5.92022 8.11949 2.0153 0
13.5948 23.8646 1.49589 0
10.7219 14.6378 14.5087 1
9.16867 11.6442 0.340548 0
18.3435 18.4764 3.45056 0
5.79034 8.93733 0.717192 0
8.31107 14.2191 7.92666 1
15.1453 16.3757 0.67838 1
12.8005 13.5043 1.36762 0
3.97801 4.59851 1.89533 0
18.901 21.2843 1.87179 0
11.5348 13.5575 1.16804 1
17.7969 20.762 10.9804 0
1.40099 20.7217 0.28075 0
16.1739 16.9439 25.6634 0
15.9592 17.0466 1.60109 0
9.10665 9.26719 0.717976 0
7.9003 13.4592 0.53692 0
9.76388 17.2772 2.18222 1
5.69854 23.2057 21.7777 0
10.2548 13.8475 2.23415 0
17.8299 20.9466 1.52283 0
3.73842 17.1408 6.43237 0
10.6279 23.5095 0.648517 0
10.4235 15.054 0.357965 0
2.26529 4.7058 1.89923 1
5.40487 13.1633 12.8177 0
9.09728 16.9471 1.4423 0
13.6817 22.7728 0.498691 0
7.87069 11.0422 0.713521 1
11.9459 23.1439 0.585979 0
10.1335 22.4131 1.34218 1
5.67539 11.783 0.677962 0
13.0974 17.12 1.42098 0
3.43138 12.9645 0.953395 0
10.7102 19.8708 7.62978 1
16.1727 22.2766 24.1281 0
17.4439 20.5662 1.99095 0
16.0978 23.4619 2.02376 0
3.61781 3.93729 1.67326 0
0.23371 20.7051 1.41732 0
7.56425 17.4537 13.8517 0
11.2813 15.7734 0.993192 0
7.80359 23.2273 0.389575 1
15.2695 21.9214 1.2719 0
13.3372 14.2922 0.470641 1
18.3343 21.9626 0.988019 1
12.025 18.7804 0.926893 0
8.63093 12.367 28.7668 0
6.0028 8.93254 0.558513 0
6.96197 12.4621 0.970391 0
17.9436 18.0926 1.59863 0
0.299751 3.67843 2.07813 1
16.5916 20.4436 1.93945 1
6.07282 13.4566 0.859322 1
11.0564 16.03 0.285305 0
13.0062 13.3221 1.96471 0
0.433607 22.7647 2.08566 0
8.1841 21.8247 0.267944 0
1.46814 10.9316 1.56382 1
15.9343 18.637 0.717734 0
2.58383 18.4984 0.701063 0
16.8463 17.3881 0.77303 0
8.81635 20.0137 2.00833 0
18.5929 22.7546 0.204094 0
2.65783 14.2491 0.740624 0
5.44102 13.159 1.52095 0
16.3123 21.5066 1.86793 0
3.00816 9.45748 1.92773 0
17.2158 17.7277 1.95426 0
1.51597 3.57617 1.19999 0
13.5445 18.1942 1.98185 0
8.79796 18.6145 0.813677 0
14.2113 16.8886 20.8306 0
11.5585 15.4947 1.04205 0
8.18252 8.91485 2.04697 0
17.1956 17.4352 1.82354 0
1.71884 17.5812 0.768481 1
10.3342 15.6178 1.07452 0
12.1492 19.3006 1.43853 0
12.3242 22.2814 27.0328 1
10.126 11.0309 1.23919 0
12.2899 17.9392 24.171 0
1.87315 12.4022 2.21004 0
16.2918 20.6038 17.2798 0
9.41905 20.0576 0.631208 0
10.1146 23.355 18.5852 1
8.05422 20.8894 1.94698 0
2.54599 19.5987 2.20851 0
17.2068 20.475 0.841797 1
14.2275 18.1406 1.68564 1
0.482577 1.05278 9.94239 0
8.46 13.9331 1.09878 0
5.48518 18.313 14.075 0
2.03899 17.0046 1.56462 0
5.47551 20.1668 0.253532 0
16.3621 18.8226 0.908659 0
17.9748 19.9984 0.994493 0
12.3992 23.2297 0.430624 0
8.40667 13.3925 1.0215 0
18.7491 22.5528 0.856853 0
3.6754 19.5363 0.572614 0
10.6528 23.184 1.64415 1
12.1015 12.7005 0.746367 0
9.62652 23.897 1.4182 0
11.3128 20.4835 2.10096 0
4.29779 23.8033 1.3324 0
13.8585 19.8394 1.29816 0
9.76043 13.6305 24.263 0
4.62277 12.2792 0.537879 0
3.9129 16.8249 1.38269 1
0.0900867 10.5892 1.38838 1
11.8959 19.0726 1.36614 1
8.14469 20.5671 20.0962 0
5.65833 23.7911 25.465 0
400 50 500
0.025 0.0125 10000 3000 15 1e+06 300000 2 2
0 35.9221 52.9767 55.1792 15.6469 61.2598 39.4862 34.6007 51.8634 44.4842 46.3482 53.149 56.1302 59.3572 68.9811 31.5118 19.9051 83.3797 34.7906 44.2914 22.0025 32.2771 28.1946 53.8502 49.3055 13.1225 44.011 66.1774 62.1603 63.9697 55.9002 43.4427 53.3443 27.1661 58.7164 43.3556 45.4717 28.1826 47.4989 39.6641 53.8676 32.8269 22.7512 73.0272 49.3438 65.4479 42.6217 37.1661 35.4663 56.6357 59.1581 57.7684 17.3282 61.0611 66.8704 26.6376 28.8887 40.3857 48.9104 66.3038 44.3585 28.3655 57.7857 56.4086 78.1155 61.6865 80.9856 24.9515 38.4608 45.7481 58.3826 7.34232 8.89822 42.6725 30.4399 47.0082 56.8814 9.71729 42.6178 81.1015 53.6997 28.4582 64.2161 62.4722 30.862 59.2371 78.4931 64.4888 58.6804 4.61126 20.5924 54.567 27.6716 45.881 31.0929 41.2254 30.5971 49.2592 44.7366 48.7681 15.4075 72.2361 22.4257 64.7565 38.5728 42.1953 33.972 24.5765 62.5887 68.3607 72.4389 58.4662 39.7712 42.139 55.4292 56.7428 44.2115 62.556 36.7676 58.5108 43.7242 40.6061 86.9031 54.3578 39.0857 53.029 65.2385 37.8685 56.9564 57.1776 67.8572 77.4415 79.1548 72.2198 16.1596 52.3387 54.3355 65.3491 53.3408 18.5554 2.3975 21.1385 28.0845 32.9542 52.8179 18.4787 13.79 47.4394 86.1068 27.1235 70.0609 61.168 41.8806 66.8561 11.3921 37.3601 63.5528 44.4719 54.6212 56.0934 49.1303 15.8942 56.0345 37.8581 22.7159 59.0778 58.4573 11.2507 45.8017 50.933 81.7897 3.50473 54.3314 32.4643 33.5487 77.2234 50.1527 46.0536 38.8031 37.5753 42.6612 37.5717 63.409 67.2749 36.0055 64.4398 10.6782 65.5945 74.7528 6.7325 51.7267 28.2552 48.2889 23.3223 33.202 56.2296 67.0825 29.1808 34.5062 38.9299 24.3695 
35.9221 0 31.7473 70.5732 47.5091 53.2607 52.8948 1.38571 37.7654 46.2999 16.4736 57.9057 54.8215 78.6836 33.3021 19.9646 44.3005 67.3649 12.7621 49.6372 23.7809 56.156 28.6815 66.8046 40.5098 42.5852 9.12965 50.5681 28.0168 31.3501 70.5146 30.3045 71.2882 54.6124 62.4826 7.47703 59.3541 46.9698 46.3464 49.5473 23.6588 8.2487 18.2961 57.5256 64.0692 56.7405 39.9992 1.32586 29.5584 65.347 58.5811 47.1254 32.9562 46.6535 61.0302 9.50595 9.95089 4.46556 40.8672 46.5602 9.25994 41.5966 24.8578 75.2585 66.8463 30.5679 67.9615 10.9715 59.3958 10.5378 37.818 37.4117 27.0276 12.7538 51.9442 11.1451 58.1013 26.3971 33.5086 71.8211 66.6726 23.4157 43.3268 48.4976 43.6612 72.3515 65.8937 29.4082 23.7246 31.313 48.5599 75.1523 9.11814 28.8784 7.78022 43.0733 52.9878 46.9603 45.9392 45.3398 35.2328 55.3148 21.438 48.0722 45.0378 61.8149 41.6495 43.5438 36.7261 65.157 51.1874 74.2653 52.3982 23.6772 57.7162 22.3366 32.0866 29.2653 3.24115 43.1546 8.94521 33.6465 75.0478 36.1993 4.07575 46.659 48.6461 49.9673 35.9389 44.2512 46.3691 62.5229 65.8103 57.7236 32.6522 71.9392 21.8652 51.3326 47.2316 43.1954 33.539 31.3187 19.937 48.762 33.8164 22.9368 36.8688 60.5455 70.928 11.0354 45.9025 53.2238 60.6606 48.5667 34.1415 16.4832 68.0259 51.6262 71.5943 20.3123 16.7467 33.9336 20.8246 10.6222 47.3388 28.8091 77.2957 37.3068 46.8755 20.2094 69.5819 39.0422 63.8537 56.726 14.5774 59.8127 39.8416 52.8759 34.0918 29.2714 46.8152 9.73099 53.9973 39.6995 45.6387 30.7641 44.6359 52.7215 64.7911 40.2778 34.4329 45.5772 19.816 40.7252 58.1414 24.3988 45.6546 28.9082 7.80087 24.8985 12.7822 
52.9767 31.7473 0 57.043 56.3293 25.2465 43.1289 32.4638 10.0946 29.3442 16.6749 38.6716 31.4971 67.092 36.1682 21.5174 48.2086 35.6204 21.3744 34.1855 31.0831 54.4333 26.9347 52.0358 16.6535 51.428 26.2811 19.0769 25.3985 22.0915 56.3159 11.5904 59.8723 56.7418 41.1493 31.8358 47.5445 44.7762 26.5868 38.2208 14.4915 26.108 30.835 25.8541 51.5659 27.6633 22.8629 31.0357 20.1348 47.3429 34.7944 18.7041 39.0171 15.9366 33.0312 33.4928 28.7711 31.2001 17.5547 14.9884 26.7369 38.0416 20.5746 63.8541 35.8001 17.8124 36.4614 35.9306 53.8893 26.7789 6.16661 58.126 46.2016 19.3672 49.7103 32.5053 35.8729 46.6849 15.4574 41.1897 51.9526 24.7396 12.0252 17.7514 38.3143 56.4727 34.5334 30.0069 26.9967 49.3924 53.4158 65.3782 37.6992 7.62954 38.651 28.1227 51.1054 25.8224 28.6114 23.9675 42.1884 23.5683 30.5665 16.4529 33.1413 54.3544 33.153 43.4889 10.7811 38.1992 20.3255 60.3219 42.1596 10.9176 36.4731 24.4624 12.1808 23.1077 28.5062 12.486 26.1333 17.8664 43.6181 5.36198 28.5522 21.9464 17.0238 40.4012 4.35127 14.9322 15.4761 30.8443 34.2999 26.2075 39.7249 61.8974 19.0587 20.2858 22.514 47.9203 51.2149 34.8343 24.9363 43.0619 3.28139 49.5728 44.7706 47.6659 39.1828 30.1112 17.0848 25.255 52.7927 16.8267 44.2885 17.3831 46.026 36.87 59.2395 30.8461 19.5624 40.8207 27.3139 21.3969 49.8735 15.2078 65.5015 46.9778 28.9146 15.9759 38.2048 56.454 46.9141 55.1614 21.2841 28.1024 14.8443 37.2815 20.2611 17.6644 31.7434 22.2589 24.9318 16.0796 36.2465 25.0451 56.5659 22.0096 34.3018 59.4187 5.46066 42.9213 13.453 41.2846 56.7481 17.7894 14.7039 26.1112 25.2537 14.227 40.2282 
55.1792 70.5732 57.043 0 42.462 39.7216 17.8341 70.0586 47.5539 27.7798 66.5347 19.7341 29.0343 10.3349 91.8314 51.0717 35.2887 61.5531 59.1596 23.0483 47.8302 24.3812 41.8922 5.24004 40.6302 42.4616 72.5156 52.4961 81.2527 78.8918 1.53405 47.2597 5.00598 31.043 20.8257 76.1553 11.2372 27.3031 30.5449 21.1184 69.5053 62.5031 53.4588 55.1566 6.53158 41.8124 34.6172 71.0141 42.5521 12.335 27.9371 43.1201 41.7888 49.1896 37.8397 63.5667 60.85 73.5989 39.6809 58.7757 73.1055 30.0304 75.9448 7.61894 51.1667 74.6967 55.4707 64.2563 17.529 74.0856 57.3331 62.2887 57.5157 65.8124 24.8544 79.0028 24.9929 59.0823 42.6908 49.8193 5.28259 47.175 59.6942 48.9095 27.5659 5.35315 53.4193 85.6372 81.2471 56.2425 35.9013 10.7637 68.368 51.4403 71.9461 29.692 24.9504 31.6148 28.4842 33.3546 41.6323 56.9885 50.1128 53.6168 26.0151 13.6385 28.9339 31.1817 66.5487 34.2704 63.872 3.69447 18.2175 53.5861 23.3609 78.5189 45.8677 79.4785 68.6325 50.0045 72.1981 40.9222 57.3065 53.1843 70.5789 36.8225 53.644 20.6599 57.5966 46.3294 62.0908 56.4554 54.9338 53.2319 42.7651 8.33872 73.3055 49.8209 36.4225 36.6254 55.8654 41.0468 50.6379 23.2838 54.0967 69.1104 42.1305 10.0995 61.9251 60.25 67.3354 39.6217 13.5073 56.7914 45.3789 57.1608 20.5295 20.4425 3.08547 82.9018 70.8072 42.066 80.3189 63.0492 32.6792 71.912 8.74696 44.1947 28.1295 69.1085 54.6805 56.4159 11.2816 24.5476 56.9269 60.2498 42.5624 19.8125 39.1866 43.956 25.7463 63.6369 42.3284 71.5218 24.9354 81.5533 47.5902 48.1792 47.4329 60.0745 51.7565 27.7385 65.2964 33.2744 24.6845 73.1413 61.6625 41.6855 63.4579 49.626 67.5091 
15.6469 47.5091 56.3293 42.462 0 57.8208 29.5192 46.3373 52.3749 39.2398 54.1813 45.0944 50.3856 45.1136 79.0667 36.6915 9.76397 81.6174 42.5906 37.3855 26.9641 18.2431 29.3956 42.1881 47.9633 5.16709 54.3045 65.5359 70.8704 71.5825 43.4262 45.2223 39.8217 12.1425 50.4478 54.9259 34.3072 18.173 43.0444 31.476 60.9647 42.3264 30.6293 71.741 37.3706 61.869 39.9119 48.5982 36.4668 46.4721 52.7234 55.9128 17.499 60.4366 61.9162 38.0318 38.6723 51.873 47.3093 67.4771 54.7559 21.9541 65.9494 42.4278 74.6009 68.592 78.0464 37.037 24.9952 56.1253 60.7456 21.4107 22.5415 51.0916 18.0137 58.569 49.9267 23.9006 42.8637 76.5365 42.0433 32.3169 66.0966 61.4994 23.6574 47.1013 75.5314 73.9056 68.1907 19.0234 6.63736 40.1395 40.5462 48.7202 44.2899 36.7183 17.6235 45.0073 39.7314 45.12 14.3291 71.6425 28.6181 64.7272 32.4291 28.8911 28.5964 16.0875 66.8643 62.1478 73.7844 45.399 30.1473 46.4104 48.1821 65.9067 45.3785 70.6632 47.5075 58.6064 53.9846 40.4289 83.1083 56.2158 49.9187 49.9778 65.1208 28.9363 59.6877 56.394 69.6759 75.5713 76.4747 70.5543 17.017 38.3131 62.4936 64.0917 50.1255 9.27886 17.4519 21.5294 33.6401 23.2358 55.2584 33.7772 11.857 36.3752 83.8155 37.0827 72.9327 57.7157 28.9672 67.3322 13.6409 43.8689 54.5314 36.6545 41.364 66.6736 57.703 15.7735 65.8871 46.4082 10.6787 65.7418 44.3927 10.4254 40.6385 58.5636 78.444 15.3306 44.0535 18.2297 40.7488 76.4799 49.3211 38.1108 38.1221 38.9241 36.6804 46.3951 60.3467 71.9878 28.8962 72.7114 5.46279 63.8131 70.9133 18.4417 53.6182 19.199 55.289 16.7792 18.5996 63.9073 68.9408 30.2356 43.9681 42.2997 37.7846 
61.2598 53.2607 25.2465 39.7216 57.8208 0 32.901 53.556 15.9908 18.8588 40.9409 20.1248 10.7437 49.9848 60.8141 35.8293 48.1079 24.3212 40.7401 22.1709 41.2375 47.9252 33.6306 34.5135 13.2157 54.1645 50.0571 12.9618 50.1859 46.0787 38.5377 23.0446 43.8986 52.8599 19.639 55.3514 33.8678 40.8489 14.8367 28.5524 39.7303 45.76 44.3414 15.8348 36.2117 4.18838 18.6459 52.9333 27.2966 27.7681 12.1928 6.5638 44.0717 10.9773 7.91252 51.4159 46.7978 54.02 13.1901 20.0684 50.587 35.8755 45.6652 47.305 16.9299 41.8366 20.2256 53.4381 44.2664 50.9221 22.0956 68.0297 57.5257 42.5963 44.0785 56.702 14.7874 58.5978 20.7755 20.0559 34.4907 35.662 21.9439 9.98032 34.4048 37.2444 17.711 54.7966 52.1976 59.2023 52.5496 49.956 56.4995 24.6289 58.6569 21.1026 45.3604 12.8533 18.2633 12.75 46.5568 17.3185 42.2097 14.5877 25.7478 42.9026 29.2281 41.8667 31.0618 12.961 24.4049 42.1667 31.8476 29.6449 16.3609 49.6967 21.3244 47.6093 50.1929 13.4516 49.8426 21.8471 25.6665 19.916 51.0033 8.2351 14.4718 31.492 23.2766 10.3385 23.4505 18.406 18.697 14.0859 45.1966 46.7625 44.3048 10.1918 7.92397 48.5531 60.3238 40.1215 38.1908 36.6934 22.0365 65.061 48.8709 32.9289 26.1153 47.4372 28.9426 0.112072 41.3549 17.6152 50.171 36.7994 23.1192 24.1926 42.5701 56.0561 44.4145 45.6928 52.5555 42.7632 48.1571 39.697 48.4237 51.6304 17.4951 41.0906 20.708 64.2719 28.4438 48.6049 39.4071 21.0213 13.4853 23.4637 22.9903 26.0702 21.7417 43.6394 2.78956 35.0793 29.5721 49.3386 60.3512 8.45789 13.4941 67.9563 20.3209 39.3193 38.1256 41.0809 49.9564 42.939 23.1983 32.6786 45.6285 28.722 57.8873 
39.4862 52.8948 43.1289 17.8341 29.5192 32.901 0 52.3347 34.8717 15.1017 50.1397 16.017 23.2241 25.9701 76.0231 33.705 20.4631 57.1264 41.8454 10.8114 29.9965 15.2984 24.2498 14.9352 28.2407 27.8691 55.3506 43.8915 65.7325 64.0563 17.9995 32.1649 18.4939 21.0958 21.1037 58.7057 6.65568 11.601 19.1376 4.97441 54.0414 44.9128 35.6257 48.5351 11.3063 36.3616 20.3965 53.3869 25.9375 17.2424 24.6076 33.6462 24.4643 39.4739 34.7601 45.7368 43.1008 56.0644 27.2994 48.5386 55.935 12.3651 60.3616 22.535 48.3527 60.0429 52.2936 46.4266 11.5462 56.9879 44.8713 46.8051 40.5359 48.9769 12.2793 61.6826 21.4906 42.0708 27.7942 49.1239 14.7867 29.5823 48.5424 39.8297 9.81206 20.5943 49.8768 69.9224 65.1498 39.8023 23.0665 23.0546 50.5359 36.5075 54.1125 15.1381 13.3044 20.9409 15.8668 22.0642 24.8129 49.4566 32.2793 44.1526 9.99688 11.25 11.5142 14.9216 53.5004 33.7831 54.4323 21.5194 1.07246 37.6427 19.5872 62.4429 31.1113 64.2807 51.0743 39.1295 55.0259 25.59 56.2301 40.2924 53.0963 26.8255 44.3548 3.00705 44.6698 35.8101 51.5587 51.2873 51.1092 46.908 25.524 19.6277 57.4569 41.6613 26.6764 21.5676 39.7681 23.3131 32.9971 6.56701 40.6046 51.826 25.8114 8.3001 58.5656 42.4536 56.251 32.7889 9.67284 47.2605 28.7912 40.224 25.0123 8.74322 18.7001 66.2524 54.4137 25.0005 63.933 45.8478 18.8413 57.1396 24.5171 28.2368 16.1796 53.1744 52.2112 41.3188 14.887 15.9309 39.5833 53.6867 30.1576 9.74032 23.4432 27.7261 12.1295 46.3764 35.6815 58.7424 7.54694 66.4077 33.8133 40.6259 44.4834 45.1494 38.3301 11.2388 49.3309 16.3774 17.175 57.6442 50.9797 24.1312 45.9482 33.3679 49.7272 
34.6007 1.38571 32.4638 70.0586 46.3373 53.556 52.3347 0 38.185 46.1095 17.5109 57.7117 54.846 78.0588 34.6762 19.7271 43.3034 68.0811 12.8811 49.3444 22.9893 55.27 28.1787 66.3598 40.7089 41.4411 10.4814 51.1824 29.382 32.6639 70.0282 30.5449 70.6845 53.6058 62.36 8.76117 58.8291 46.1686 46.28 49.0812 24.812 8.09709 17.4335 58.1766 63.5443 57.0918 39.9084 2.71037 29.3959 65.052 58.605 47.4854 32.0077 47.1827 61.2877 8.30583 9.25385 5.79331 41.0359 47.3387 10.6272 40.9072 26.1676 74.6385 67.3618 31.8111 68.5551 9.65137 58.6262 11.9148 38.5674 36.0337 25.7036 13.7006 51.1039 12.4243 58.0489 25.0525 33.6057 72.2756 66.2264 22.9669 44.1377 49.0219 43.0175 71.929 66.4607 30.7935 25.1072 29.9902 47.501 74.4693 7.73794 29.3058 6.60796 42.8385 52.1276 46.9498 45.7694 45.3588 34.2186 56.0166 20.6363 48.7183 44.6461 61.1043 41.1617 42.696 37.7379 65.3302 52.0615 73.7525 51.8613 24.0652 57.6181 23.7034 32.3104 30.6019 4.11023 43.6971 10.2877 33.6394 75.6198 36.8067 5.37207 46.8221 49.292 49.4252 36.693 44.6889 47.2282 63.173 66.4083 58.3318 31.6685 71.2789 23.1389 51.88 47.3893 42.1795 32.2146 30.5052 19.4675 48.078 34.4382 21.5704 35.8023 60.0567 71.6222 10.1728 46.8836 53.5165 59.972 49.2905 33.0259 16.7588 67.9091 51.2843 71.0271 21.683 17.9785 32.9387 22.2098 11.1603 46.3649 30.001 76.6839 36.1766 46.7225 21.3628 70.1481 37.7038 63.519 55.8312 14.5484 60.5577 40.1035 52.5588 33.9858 29.225 46.5369 10.2741 54.3598 40.8115 45.1354 32.1172 43.3951 53.2274 65.2422 38.9116 34.9717 44.807 20.8075 39.8852 57.2328 25.6505 46.5066 28.4488 7.93595 25.044 11.3991 
51.8634 37.7654 10.0946 47.5539 52.3749 15.9908 34.8717 38.185 0 20.2555 24.9585 28.7574 21.4034 57.7359 46.2574 22.3411 43.4046 32.0484 25.6344 25.1102 30.1146 47.5879 23.8763 42.4546 6.93154 47.8474 34.0885 14.5182 35.4834 32.1165 46.7416 8.80498 50.6687 50.8146 31.0644 39.4271 38.6089 38.4655 17.0175 29.8973 24.3521 30.7041 31.7051 21.6159 42.3672 19.0926 14.587 37.332 16.4784 37.4324 24.7298 9.52258 35.9767 9.62436 23.9033 37.1082 32.3351 38.2124 7.88914 15.1106 34.6134 32.0266 30.5872 54.5783 29.367 27.8209 31.0551 39.3395 46.1094 34.9328 10.0179 57.8788 46.4048 26.6551 43.0108 40.714 25.7816 47.2003 9.54369 34.104 42.3801 23.7611 14.1141 11.3271 31.7065 46.6808 28.7764 40.0864 36.8836 48.9218 48.4809 56.3508 41.9512 8.887 43.6991 19.7587 44.4116 16.0135 19.488 14.2164 38.9832 20.4464 30.3749 12.8959 25.1196 46.0972 26.2025 37.9377 19.0174 28.7378 21.4176 50.7226 33.8445 14.1257 26.4158 34.2828 7.6936 33.199 34.6179 6.66868 33.8797 11.9461 37.8889 5.63092 35.2534 11.8519 13.3865 32.3798 10.0542 6.52031 17.5233 26.3913 28.9791 21.2026 36.9041 52.893 28.8294 14.3126 12.4201 43.3895 50.4501 31.6813 25.3422 35.8914 6.85191 52.0515 41.5487 38.5139 35.1583 33.2616 21.6204 15.9771 44.5052 15.1083 41.8325 21.5314 35.9349 27.793 49.893 40.3535 28.5118 37.7796 36.9616 27.161 44.5212 25.2836 56.138 44.0699 19.604 25.3448 32.421 55.2002 37.1296 48.3188 24.6532 25.4352 4.99149 28.0016 14.2834 14.2885 22.95 28.0494 16.322 24.1013 28.64 35.1229 53.55 15.2911 27.07 58.5523 4.66777 36.6444 22.213 36.1668 49.8696 27.7735 16.834 22.9087 30.3469 14.4194 43.8122 
44.4842 46.2999 29.3442 27.7798 39.2398 18.8588 15.1017 46.1095 20.2555 0 39.4228 11.6059 11.6478 37.7521 64.1857 26.3861 29.4801 43.1197 33.8362 4.86522 27.4834 29.4177 19.6807 22.9067 13.4021 35.9152 46.4219 28.9034 53.5442 51.1128 27.1463 19.622 30.5384 34.053 16.4327 50.735 18.3544 21.991 4.15974 10.2578 41.8166 38.0596 32.1464 33.9466 22.2282 22.7616 6.98121 46.4421 16.7473 19.4563 14.7809 18.6414 27.2027 24.3881 22.787 41.3448 37.5144 48.5409 12.441 33.4508 47.0122 17.3369 48.2686 34.5105 35.4075 46.9244 38.9864 42.7754 26.6296 47.8251 30.2548 51.6226 42.4014 39.2575 25.3526 53.1539 12.9526 43.7088 15.0614 37.3633 22.8111 23.8578 33.5659 24.8091 15.6357 27.7675 36.4873 57.9746 53.7758 43.2052 33.7589 36.129 46.5539 23.711 49.5801 3.55586 26.6711 6.10849 0.777169 6.98482 29.1899 34.6126 29.197 29.0661 6.89915 26.1201 10.8098 23.1761 39.2152 23.8769 39.3313 31.1637 14.0343 26.3098 11.9744 51.05 18.1443 51.7149 43.8129 24.0628 46.1263 13.6093 43.8692 25.8355 45.4056 11.8726 29.28 13.0914 30.2665 20.7096 36.5037 37.137 37.5371 32.4521 28.3891 32.6615 45.7447 26.7894 11.8016 30.038 43.9433 23.8637 27.2376 17.9269 26.5022 51.8611 31.2488 18.3372 44.9705 37.4809 41.2968 18.7493 24.5196 32.1637 33.1066 31.0269 21.9699 7.5555 29.9014 55.8722 43.6398 28.5912 53.0578 37.2776 29.3454 44.1328 36.1636 34.0304 1.39877 41.62 39.2668 47.1838 18.4051 30.1205 31.7977 39.026 15.3565 7.96764 12.4079 17.3881 3.02701 37.9953 21.5343 44.3493 10.7142 53.7827 42.1676 25.9366 31.6857 50.9977 24.1673 20.481 37.8603 22.6896 31.5499 45.449 35.9405 18.9771 38.622 22.7787 46.8588 
46.3482 16.4736 16.6749 66.5347 54.1813 40.9409 50.1397 17.5109 24.9585 39.4228 0 50.4696 45.1199 75.8559 26.1779 18.1245 48.208 51.7575 11.715 43.7542 27.2564 57.7407 27.6142 62.0098 29.7325 49.0144 9.63595 35.7215 16.7967 17.6573 66.1232 20.1247 68.3758 58.1275 54.0841 15.2124 55.8427 47.8164 38.0526 45.7865 7.76073 13.9766 23.9947 42.3524 60.3723 43.8286 32.4566 15.4767 24.2061 58.8039 48.7505 34.421 37.0926 32.5176 48.8503 21.5407 17.8013 14.917 30.3834 30.7743 10.0726 41.3094 11.7682 72.4519 52.475 15.468 53.0551 23.9649 59.1559 10.124 22.3209 49.7889 38.0714 4.01998 53.0611 15.8876 49.0927 38.0186 24.5111 57.8408 61.8995 22.874 27.4101 34.3533 42.5977 67.119 51.1779 20.3438 15.1149 42.0333 53.2109 73.1944 24.2889 16.831 24.1027 36.9518 54.3414 38.0117 38.8464 36.1657 40.101 39.863 25.5782 33.051 40.6576 60.6569 38.7419 45.2861 20.2549 53.6656 34.9723 70.1017 49.3706 13.1202 49.2171 12.4714 21.8457 16.4991 13.4088 29.0144 9.51044 25.8253 60.2278 21.7941 12.6958 35.8855 33.6165 47.1464 20.4549 30.9585 30.2256 47.311 50.8935 42.8202 37.3299 69.7608 8.31672 36.9507 36.4848 47.467 44.1697 33.7959 20.7123 47.8818 19.4094 37.7529 42.4007 56.5253 55.4178 19.5491 29.4519 40.9297 59.2472 33.0559 40.6903 10.6679 59.402 46.2185 68.199 16.4496 4.28062 38.639 13.8096 8.58074 50.7031 13.1156 74.3316 43.8406 39.5288 4.58858 54.8396 49.7998 57.8276 58.4173 13.4334 44.0999 28.4609 47.1037 27.3675 22.5923 40.9376 9.04148 41.0562 23.3736 42.608 18.5312 52.7958 38.6272 50.9191 51.9653 20.7223 46.0847 3.44064 42.5743 59.9803 9.8998 29.5423 27.266 12.4427 16.9119 27.5415 
53.149 57.9057 38.6716 19.7341 45.0944 20.1248 16.017 57.7117 28.7574 11.6059 50.4696 0 9.38137 30.0611 74.4661 37.9859 35.6114 43.1056 45.4202 9.17587 38.4113 31.0666 30.8309 14.4954 22.0196 42.8021 57.8442 32.7822 63.7161 60.76 18.6529 30.3808 23.7787 37.0963 5.56845 62.2658 14.5227 26.9215 12.4532 13.7366 52.1325 49.6652 43.3701 35.8099 16.177 22.6289 18.2163 58.0437 28.3514 8.67629 9.20174 23.435 36.4152 29.4844 19.6716 52.7977 49.0663 60.1143 21.1314 39.0738 58.4321 24.7969 58.5662 27.2547 33.444 56.484 37.5983 54.1358 25.9942 59.1975 38.1747 60.4617 52.3308 50.5799 28.2954 64.607 5.95208 53.7378 25.9618 33.5201 14.4593 35.3083 40.1163 29.1757 22.3736 18.0188 35.3159 68.2466 64.3948 52.5552 38.8285 29.8321 57.9837 34.1412 61.0864 14.9283 29.3091 12.8712 11.9901 14.7472 37.7815 37.4428 40.2916 33.8851 14.9466 23.8434 19.5895 29.4864 47.4973 17.8927 44.1408 22.4695 15.1894 37.3743 4.0244 61.688 28.7284 61.6519 55.4083 30.4705 57.5549 24.8944 40.8101 34.315 56.9752 17.3817 33.9099 16.1582 38.6391 26.7726 42.4054 37.6228 36.7029 33.9497 37.5978 26.6459 56.2889 30.1327 16.9277 36.5231 52.9755 33.7494 38.7356 21.8795 35.539 62.4891 39.4159 13.2005 44.0276 48.9768 47.6996 20.0211 22.417 37.0582 41.853 42.5171 10.7508 8.69392 22.4996 66.8732 54.6158 37.5053 63.9004 48.8006 34.4747 53.8406 28.4787 42.103 11.1196 52.3005 37.2186 55.4602 8.59866 31.6443 43.3966 40.9686 23.8442 7.12835 23.941 28.9014 11.5868 49.5341 22.8089 52.3011 17.1449 63.6487 48.9692 28.5578 29.5665 59.327 33.2352 26.0152 48.638 30.0168 32.7249 55.7247 41.9964 30.2195 50.2226 34.1371 58.1186 
56.1302 54.8215 31.4971 29.0343 50.3856 10.7437 23.2241 54.846 21.4034 11.6478 45.1199 9.38137 0 39.3312 67.6594 35.5504 40.6371 34.1795 42.0654 13.1238 38.4075 38.5057 30.5018 23.8101 15.426 47.3315 53.3648 23.4698 56.8835 53.4382 27.8881 25.2354 33.1582 43.9682 9.80769 58.2307 23.3622 32.5768 9.14082 19.4554 45.627 46.7634 42.6021 26.4767 25.4934 13.46 15.3829 54.752 25.9354 17.303 3.75967 14.5528 38.8376 20.4616 11.6566 51.1249 46.9034 56.4134 14.7382 30.0158 53.9361 28.7168 51.9406 36.5959 25.1291 49.1375 29.0889 52.8088 34.2305 54.5254 30.0465 63.2557 53.8302 45.8904 35.0687 60.1653 4.50807 55.0929 21.3979 26.243 23.7827 33.9652 31.3265 19.9871 26.7536 26.8337 26.6954 61.4826 58.1178 54.7861 44.5818 39.2134 56.3523 28.3092 59.0622 14.9706 36.2549 7.98356 11.4105 9.48743 40.8334 28.0622 39.8969 24.7113 18.0493 32.5506 22.3614 34.3119 39.38 12.2373 34.875 31.596 22.2216 32.4214 5.72625 55.4698 23.4373 54.5938 52.0263 21.8633 53.1038 21.2162 33.1336 26.6586 53.2814 9.55492 24.6991 22.3445 30.7669 18.1835 33.3813 28.5253 27.9761 24.6459 40.0219 36.0206 50.0109 20.7867 8.98329 41.3085 55.5669 35.4082 37.0919 27.9327 28.2404 62.8471 42.8665 22.2984 35.4083 47.1517 38.7657 10.6399 31.0406 27.8611 44.7544 38.6166 14.537 14.5407 31.8511 61.1999 49.0542 40.2381 57.9749 44.9229 40.1415 46.6642 37.76 45.6452 10.3335 46.2832 28.9899 58.8276 17.78 39.1486 40.2978 31.6494 16.9097 13.4981 21.1926 25.6712 13.7806 45.7358 13.4414 43.9383 21.491 56.4989 53.5917 19.1795 21.2629 62.6443 26.0609 31.2807 42.8429 34.1116 40.3963 49.1129 33.0203 29.6832 47.0207 30.0425 57.0775 
59.3572 78.6836 67.092 10.3349 45.1136 49.9848 25.9701 78.0588 57.7359 37.7521 75.8559 30.0611 39.3312 0 101.456 59.6737 39.7225 71.3512 67.8148 32.9339 55.3177 27.1189 50.1521 15.5734 50.8048 46.2579 81.3177 62.8004 90.9686 88.8046 11.4476 56.9997 7.4933 33.007 30.8111 84.6435 20.0171 33.0461 40.7193 30.0736 79.2172 70.7979 60.9925 65.304 15.6048 51.9448 44.4497 79.2288 51.687 22.346 38.0793 53.4549 48.0942 59.5244 47.7324 71.097 68.805 81.968 49.8496 69.1106 81.9026 37.2437 85.6296 3.43583 60.7854 84.6453 65.1026 71.5281 21.0376 82.9484 67.5718 66.091 62.997 74.8709 29.2727 87.6473 35.2172 64.5763 52.4522 58.9934 15.6175 55.4978 70.0159 59.2362 35.0452 13.3989 63.1445 95.29 90.736 61.1239 38.9953 5.1007 75.6577 61.2462 79.3561 39.3701 28.8786 41.8619 38.4809 43.5723 47.344 67.2112 57.6586 63.9461 35.204 17.6091 37.4753 36.9486 76.7493 43.7995 74.1896 8.03533 26.6201 63.0767 33.6356 88.0135 55.6865 89.2937 76.9704 60.3226 80.9935 50.5496 66.4444 63.3659 79.0267 47.1378 63.9695 28.9686 67.7886 56.6522 72.4253 66.4137 64.6917 63.3599 48.9303 7.10077 82.8867 60.1118 46.7441 41.1226 60.4064 48.108 58.8721 30.1014 64.2026 74.8588 47.3337 19.5152 71.521 68.0351 77.6647 49.8864 18.41 67.1191 50.7194 66.1374 29.6892 30.2669 7.85334 92.0994 80.1365 48.0353 89.6654 71.8154 36.706 81.8264 1.59964 48.9886 38.205 78.6468 64.1795 60.0349 21.5524 27.001 65.5518 70.3624 52.7478 29.8133 48.668 53.2829 35.5098 72.3464 52.5618 81.7599 33.4792 91.3873 50.5255 58.4415 57.1334 63.4428 61.8624 33.9603 74.8133 39.436 26.5142 82.8501 71.9956 50.076 71.8748 58.9672 74.4289 
68.9811 33.3021 36.1682 91.8314 79.0667 60.8141 76.0231 34.6762 46.2574 64.1857 26.1779 74.4661 67.6594 101.456 0 44.1545 73.9291 62.3788 36.8379 68.8046 52.6384 83.8837 53.7704 87.078 52.5701 73.9377 25.0107 51.221 10.7792 14.9553 91.2896 44.5858 94.0199 84.0181 77.2635 26.2149 81.4646 73.9752 62.0947 71.5036 22.3793 36.7828 48.4408 55.841 85.8733 62.4931 57.2515 32.0016 50.1374 83.0728 70.9556 54.4559 62.5838 50.2915 68.2412 42.3483 40.5639 28.9386 53.4103 43.846 24.6365 67.4871 15.9253 98.088 67.2471 19.0466 66.2189 44.1724 85.3087 23.245 38.7752 70.7066 60.14 28.3815 79.2199 22.8254 72.0098 59.6176 49.1573 73.1507 86.9788 48.9047 40.6658 51.8186 68.756 91.898 65.1103 6.22133 11.1089 64.3994 78.7917 99.0409 42.256 40.4901 39.794 62.1504 80.4903 61.6135 63.5283 59.7311 65.437 52.6788 50.681 48.4977 66.3173 86.7187 64.7485 71.3599 30.5319 73.6932 44.4619 95.302 75.2061 38.4108 72.5309 13.7065 46.0446 13.2048 32.2147 47.3887 25.3097 50.9284 73.053 41.1945 29.902 58.1051 48.9357 73.0541 37.5386 50.5579 41.3746 60.0389 64.2352 57.1255 62.6678 95.5816 18.5785 53.481 58.6765 73.0881 66.6268 59.6123 46.4302 74.03 39.4376 55.6517 67.5593 81.9793 66.1064 42.251 37.1627 60.841 85.2825 46.8256 65.426 36.7592 82.1923 71.3895 93.6983 13.0005 22.0474 63.9964 13.1801 32.8083 76.5679 21.1354 99.904 68.6419 64.0461 22.8496 68.3519 72.2037 82.4059 84.5546 38.926 55.1542 50.8736 72.0973 52.7936 48.3005 66.0852 32.7308 59.9526 28.4454 68.5384 11.5668 76.9512 55.5934 67.0472 73.5702 41.5988 72.2533 26.6932 68.6141 86.1106 18.7587 41.083 53.4404 35.1216 42.6583 45.9163 
31.5118 19.9646 21.5174 51.0717 36.6915 35.8293 33.705 19.7271 22.3411 26.3861 18.1245 37.9859 35.5504 59.6737 44.1545 0 30.1467 54.3323 8.14277 29.6793 9.9628 39.7587 9.8001 47.0798 22.6142 31.5631 21.6901 36.7788 34.8878 35.0198 50.9104 13.5577 52.1984 40.0049 42.6852 25.0845 39.9437 29.8966 26.7406 29.9542 24.3508 11.7171 9.51905 43.9205 44.6343 39.7372 20.3369 20.2015 9.72573 45.3872 39.2882 30.4848 19.2796 31.9654 43.1551 15.705 11.3531 22.582 22.7072 35.4826 22.2692 23.5984 29.7163 56.2381 51.3 31.9087 53.2993 17.6251 41.65 23.3721 27.1472 36.6366 24.7634 15.8947 35.1327 27.9816 38.508 25.3475 15.0685 55.5413 46.952 4.75464 33.0768 33.6501 25.1921 52.5606 50.9606 38.4431 33.0457 27.8751 35.2098 56.5254 20.8936 14.8034 23.5124 23.1164 36.3777 27.5767 26.0578 26.1113 22.3961 42.5178 9.08888 34.8664 25.2338 43.5201 22.2236 27.2059 31.1501 46.6421 41.4052 54.746 33.0925 10.6321 37.9842 30.4922 14.9507 34.3106 17.6753 28.8619 21.3618 14.4605 59.9857 23.5022 19.5239 28.3074 35.403 30.7124 25.6109 28.5903 36.6847 48.73 51.2546 43.543 19.6758 53.1832 26.3469 36.638 28.8295 29.4633 29.707 15.7309 3.42768 30.4863 21.6832 29.731 24.8348 40.9819 57.4934 11.7051 38.5831 35.7699 42.2106 36.4766 23.6404 7.45962 48.2381 31.7123 52.317 33.1098 22.117 20.9377 31.2895 12.2039 32.587 29.0506 58.221 26.619 27.0252 22.2039 54.5562 35.003 43.9225 40.4218 5.87836 47.4585 22.5472 32.9334 14.4137 9.98204 26.8525 12.6861 37.1647 35.9842 26.237 36.4128 36.0127 37.4657 48.5983 37.9074 20.9713 28.2223 18.7183 24.4698 41.9702 27.4588 35.9053 9.67813 12.4579 8.01213 22.0613 
19.9051 44.3005 48.2086 35.2887 9.76397 48.1079 20.4631 43.3034 43.4046 29.4801 48.208 35.6114 40.6371 39.7225 73.9291 30.1467 0 72.0067 37.0925 27.6772 21.351 13.0815 21.5634 34.1853 38.6114 7.42515 49.8652 56.1644 65.0019 65.0881 36.0418 36.8001 33.4876 10.3188 41.0446 51.4144 25.9288 8.86525 33.3084 21.9044 54.4079 37.8944 26.1996 62.2262 29.5642 52.138 30.4082 45.2191 28.0874 37.6739 43.0287 46.3932 11.473 51.105 52.1546 35.2329 34.6737 48.404 37.9135 58.5049 50.374 12.2344 59.8605 36.6701 64.8565 61.7839 68.3309 34.8597 18.6999 51.6846 52.2024 27.008 23.504 45.5646 10.5568 54.9371 40.2811 25.0716 34.0081 66.7737 34.0359 25.4623 57.3363 52.0925 13.8958 39.4577 65.818 68.4145 62.8637 21.402 5.21267 35.0876 38.8035 40.5849 42.645 27.0102 10.8442 35.277 29.9783 35.4386 9.10367 62.2449 23.4578 55.4872 22.6653 22.349 18.8822 6.32684 58.9159 52.4548 64.8055 38.5611 20.9635 38.9334 38.5699 60.4096 36.7451 64.4531 43.6567 49.4503 49.5333 31.5135 73.3493 47.5804 46.0302 40.3325 55.8586 19.5075 51.2838 47.065 60.8614 65.9632 66.7813 60.989 11.6542 32.6465 56.477 54.6184 40.4613 1.40282 20.7408 14.4186 27.5412 13.9566 46.8316 35.431 8.04505 27.9557 74.1438 33.3272 64.4087 48.0021 21.9821 58.1868 11.4137 37.5851 45.3563 27.0639 34.7256 62.0996 52.0507 10.367 60.831 41.1579 3.2353 58.8655 38.7418 9.28552 30.8787 52.3506 68.704 21.2083 35.2895 13.4507 35.0162 67.0336 40.0613 28.5551 29.1279 30.5646 26.9184 41.3131 50.6575 64.1421 19.1565 66.5585 13.3952 54.2598 61.1594 24.9551 45.0389 9.59713 48.8293 7.27631 14.5754 57.5926 60.1447 22.2669 39.4171 34.5956 36.7331 
83.3797 67.3649 35.6204 61.5531 81.6174 24.3212 57.1264 68.0811 32.0484 43.1197 51.7575 43.1056 34.1795 71.3512 62.3788 54.3323 72.0067 0 56.5152 46.4653 61.994 72.2305 55.1859 56.6033 34.1659 77.6657 61.3429 17.5537 53.4785 48.0189 60.1821 40.8483 66.1919 77.1627 40.7424 66.9151 57.49 65.071 39.0249 52.864 46.9471 61.4529 63.7469 10.4371 59.1841 20.782 41.7532 66.632 47.9916 49.2188 34.0019 25.8282 66.7251 22.4836 23.7305 68.4879 63.6894 66.61 34.6604 20.9914 61.7326 59.7999 50.8295 69.1298 10.9254 44.7529 6.85103 70.8346 68.36 61.5269 29.5671 89.6794 78.3789 54.8614 68.3975 66.99 37.2005 79.215 40.8253 15.2044 56.6151 55.7357 24.4034 20.9511 58.515 57.9991 8.28125 57.509 57.3498 80.7181 76.6176 72.2306 73.0171 39.9513 74.2055 45.0853 69.6814 37.041 42.4917 36.6296 69.4843 12.081 62.385 19.6131 49.9736 66.723 53.1777 65.8626 33.4634 27.6884 18.0833 63.3175 56.0842 45.0736 39.0876 55.5632 39.6849 50.45 64.1241 25.4704 61.2428 42.7737 11.336 31.5373 64.0897 31.6846 19.0525 55.8051 31.45 26.2353 22.085 6.04621 6.68454 11.1792 67.7707 69.3034 51.1586 18.0362 31.5857 72.3427 82.1298 62.5393 57.3867 61.0043 33.8064 83.9436 71.9356 56.2961 3.77681 64.8091 25.3046 24.4326 65.2189 18.7991 72.7854 52.3781 41.8837 48.3869 64.5846 62.6976 53.7167 68.4554 58.9324 56.9812 72.2673 44.0602 69.8878 74.6254 41.7756 49.7163 8.67455 86.606 50.5332 72.9058 55.9719 7.69744 33.2278 47.5371 44.6362 46.0565 46.0416 57.8521 21.5947 34.0617 53.8258 51.3756 83.7331 17.8966 14.2734 90.1089 33.7505 63.4929 48.3391 64.8407 74.2408 48.8419 22.6402 54.1998 60.7402 46.3405 75.2579 
34.7906 12.7621 21.3744 59.1596 42.5906 40.7401 41.8454 12.8811 25.6344 33.8362 11.715 45.4202 42.0654 67.8148 36.8379 8.14277 37.0925 56.5152 0 37.4419 15.8244 47.4687 17.8562 55.0918 27.8321 37.4259 13.5669 39.2285 28.281 29.3564 58.969 17.7 60.3379 47.2168 49.859 17.0515 48.0588 37.7137 33.6635 38.0428 19.0812 5.07005 12.2823 46.3434 52.7413 44.3473 27.3602 12.7097 17.1275 53.1028 45.8248 34.7701 25.7623 34.9182 48.4344 12.1185 7.43189 14.713 28.1549 36.3181 14.142 31.5868 23.4381 64.3794 54.9778 26.9001 56.4352 14.5623 49.6611 15.276 27.5201 38.654 26.7604 8.5242 42.9194 19.8534 45.3938 26.8722 20.7497 59.7171 54.9663 12.5844 33.3951 36.7299 33.2743 60.5264 54.2491 31.4092 25.7899 30.5764 41.9658 64.66 16.5079 16.8607 18.065 30.7381 44.1218 34.2242 33.4302 32.5877 28.6706 44.4491 13.9801 36.9306 33.2417 51.6164 30.356 34.7996 29.0031 52.4492 41.6555 62.8268 41.2259 11.585 45.0618 23.3927 19.4498 28.1938 10.0166 31.5055 13.2367 20.9185 63.4021 24.9783 11.5896 33.9415 37.4985 38.8509 25.7256 32.1541 36.7861 51.3096 54.3124 46.31 25.8947 61.3228 19.966 39.6548 34.5094 36.2534 32.6683 22.8229 9.68323 38.5553 22.7283 28.3169 30.8846 49.0631 59.9289 8.90769 37.5224 40.6977 50.3226 37.9079 29.0363 4.15275 55.3893 39.5866 60.4423 25.2558 15.1178 27.2185 23.7506 4.15815 39.7637 24.294 66.36 32.2085 34.3293 16.2477 57.9231 38.2672 51.7377 48.1119 2.27469 49.1939 27.2656 40.744 21.4983 16.5988 34.5891 4.55313 41.6371 33.1723 34.3671 30.1979 41.0877 40.8555 52.6863 40.6056 22.8599 36.0962 13.5079 32.0035 49.6349 21.5997 36.023 17.8001 4.96627 12.1636 18.8612 
44.2914 49.6372 34.1855 23.0483 37.3855 22.1709 10.8114 49.3444 25.1102 4.86522 43.7542 9.17587 13.1238 32.9339 68.8046 29.6793 27.6772 46.4653 37.4419 0 29.3263 25.7657 21.8848 18.2977 18.2342 34.5808 50.3669 33.1264 58.2072 55.8855 22.4864 24.2207 25.6874 30.94 14.6605 54.4627 13.5004 19.4622 8.50467 6.42532 46.4626 41.3939 34.4043 37.7336 17.3805 25.7682 11.569 49.8749 20.3457 15.71 15.3538 22.9075 27.3562 28.8159 24.7741 44.0155 40.4842 52.1408 17.2712 38.0471 50.9589 16.1201 52.906 29.6726 38.0585 51.7148 41.8688 45.2461 22.3268 51.8345 35.1 51.5674 43.1841 43.3541 22.0663 57.0331 12.7116 44.5811 19.6496 39.3658 18.1936 26.6007 38.295 29.0894 13.9087 23.3785 39.4131 62.6039 58.2925 43.5108 31.4815 31.2638 49.1598 28.3923 52.3697 6.82449 23.3009 10.1988 5.62499 11.4861 28.8854 38.6496 31.2655 33.488 5.8017 21.5104 10.4644 21.3786 44.0795 24.7791 43.8186 26.4976 9.74331 30.6942 11.1529 55.5641 22.8199 56.4351 47.311 28.7194 50.0625 17.9689 46.2237 30.6974 49.029 16.082 33.6663 9.36306 35.129 25.2739 41.1569 40.5766 40.582 36.1243 28.5443 27.7966 50.3068 30.8616 15.9033 28.4306 44.0106 24.5847 30.0819 14.8301 31.3626 53.3206 30.6639 13.4819 48.0467 40.2726 46.0315 22.0589 19.9131 36.6249 32.9326 34.9204 19.923 2.69069 25.0897 60.1906 48.0027 28.5199 57.473 41.0684 27.0432 48.9055 31.3495 33.3996 5.60802 46.1388 41.9326 46.7385 14.3032 26.4405 35.316 42.8798 20.1917 3.35499 16.4342 21.3634 2.86114 41.7427 24.9387 49.2083 8.56472 58.5143 40.8245 29.8147 34.2312 50.597 29.029 18.2128 42.3476 21.4814 27.7855 50.0983 40.6135 21.3411 42.0923 26.9339 49.1426 
22.0025 23.7809 31.0831 47.8302 26.9641 41.2375 29.9965 22.9893 30.1146 27.4834 27.2564 38.4113 38.4075 55.3177 52.6384 9.9628 21.351 61.994 15.8244 29.3263 0 32.4793 7.90646 44.5957 28.4467 21.8035 28.5587 44.5783 44.0093 44.6205 47.9629 21.5238 48.0348 31.5784 43.6953 30.4967 36.6266 23.1892 29.2707 27.4413 34.0187 16.6843 5.67489 51.5709 41.3026 45.3708 23.2995 24.5246 14.1302 44.5184 41.9319 36.8724 9.94545 39.5281 47.796 15.7907 13.8463 27.5669 28.2292 44.3271 29.0788 18.074 39.017 51.9199 57.6724 41.6926 60.1658 16.4435 35.6373 30.3716 36.3892 27.766 16.4389 24.343 28.1832 33.9049 40.4153 17.4059 21.2305 61.2922 44.454 6.45947 42.2138 41.047 20.3494 50.2641 57.7249 47.2307 41.6105 18.8146 26.1533 51.5761 20.5426 23.8863 24.1264 23.9277 29.2565 30.6553 27.4326 29.6555 12.8603 50.5595 2.35703 42.994 23.8315 38.1702 19.6011 19.8025 41.0225 50.367 50.4418 51.513 29.6672 20.384 39.4391 39.2142 22.4218 43.7139 22.6596 36.7833 28.2255 19.562 66.4776 32.363 24.97 33.1202 43.4945 27.2333 34.9887 35.7798 45.8551 56.1629 58.2283 50.924 10.0846 48.4435 35.5731 43.9894 33.5387 20.4599 20.416 7.54667 6.71507 25.2281 30.8191 24.4437 15.148 38.0667 64.9106 12.8285 48.1569 41.1589 37.083 44.9687 13.7003 16.9158 49.1321 30.6805 48.5288 40.7528 30.9075 11.403 39.5083 19.8343 24.1441 38.8759 53.989 16.7358 28.5229 31.6044 61.1813 25.4436 42.6588 33.0734 13.8535 55.5492 28.979 32.154 18.2501 15.9379 26.8303 19.9663 43.0534 45.916 23.3074 45.7733 26.0593 44.4625 54.5891 28.591 29.7366 21.8188 28.3368 16.9748 34.5302 36.9443 45.0807 8.75448 18.1424 16.9451 19.9754 
