50
3.01277 12.3981 0.945947 0
9.21763 20.4351 1.52925 0
11.282 15.0911 1.3584 0
4.94935 6.93197 8.92171 1
8.31062 15.2246 1.29842 0
7.9764 19.7567 1.43639 0
13.7632 16.3032 0.882838 0
8.18679 19.5907 0.423229 0
5.96231 19.9099 1.65453 0
15.2015 19.1566 1.96788 1
5.38703 20.5206 0.443448 0
18.1155 23.7462 0.667673 0
8.64224 15.0349 0.449998 0
5.69183 8.50736 0.423178 0
5.42678 5.67451 1.58654 0
10.7929 15.0024 2.15286 0
0.280245 19.2592 7.89247 1
3.71148 20.447 1.55793 0
2.11378 8.20407 1.1938 0
0.641302 17.304 0.925411 0
12.0299 23.7628 1.84113 0
14.1088 19.3891 0.665095 0
3.48406 6.52344 0.227029 0
5.83066 8.34583 0.432338 0
8.56237 12.4758 1.41058 0
7.07816 9.71861 2.1009 0
11.0057 12.3222 0.586842 1
18.0945 20.0685 1.2177 0
9.37444 16.2012 2.21064 0
14.0078 15.4493 0.947988 0
12.5065 20.519 1.97351 0
11.5755 16.2654 2.2128 0
9.42791 18.3044 2.0488 0
2.10702 15.5864 17.7527 0
4.31571 5.27648 0.462552 0
17.8979 18.5974 15.469 1
2.70013 7.51131 1.6724 0
11.9603 20.3516 0.606818 0
4.39009 11.5631 0.368785 0
2.80983 19.2677 1.62529 0
5.39933 23.797 21.6905 1
7.35989 16.8862 1.21529 0
7.10005 15.5407 2.25904 1
5.62994 14.1936 24.9856 1
7.86742 22.2485 1.84896 0
12.9128 20.3815 1.2755 0
12.5012 14.4698 0.914838 1
17.307 22.3049 1.58696 0
15.1154 22.1864 2.12896 0
15.7088 20.5561 1.45301 0
400 50 500
0.025 0.0125 10000 3000 15 1e+06 300000 4 6
0 4.63263 15.246 7.83375 6.83037 15.6559 6.28452 5.48751 4.60974 11.8974 11.949 14.3327 11.3639 14.1819 11.9201 10.3261 2.43733 1.69022 9.7903 13.5977 7.04151 6.3698 4.5624 8.77867 9.84025 8.97886 9.02337 10.2996 12.7736 10.9481 14.4005 8.36779 4.55179 10.4398 5.34236 14.3875 2.03339 12.102 11.0107 10.8245 13.7855 8.95476 13.1266 15.3332 9.34318 7.38527 4.21643 13.907 17.7574 11.8555 3.03926 
4.63263 0 19.8545 10.2706 11.1536 19.208 2.03221 6.2256 8.57629 16.4763 14.944 18.7866 15.4567 18.6503 15.6864 14.3723 3.84205 5.44889 11.5028 15.868 2.88624 10.696 6.63758 13.2402 14.0313 13.2692 13.1548 13.8856 16.6433 13.9201 18.8592 12.5011 8.24556 13.9882 9.90254 18.9687 6.62974 15.4959 14.9036 15.4159 17.2745 11.5581 14.8442 19.5722 12.8517 3.30566 6.43655 16.7403 22.27 15.5403 2.54068 
15.246 19.8545 0 13.9052 9.16691 10.1766 21.2796 16.8999 12.8137 5.197 14.7628 3.13901 9.7403 6.27548 8.75909 7.84934 16.5086 14.5638 15.6526 14.9612 21.9118 9.56125 15.2074 8.29623 9.49223 9.26138 8.19214 9.92637 11.0449 12.1501 3.06302 10.3423 13.4747 10.0452 10.4131 4.33506 13.3489 13.2567 10.8902 5.66081 10.1278 13.3757 16.5052 5.41369 12.6684 22.172 15.1039 13.0252 3.39979 9.17379 17.7605 
7.83375 10.2706 13.9052 0 5.64306 9.34619 10.51 4.38207 10.6679 13.3154 17.9826 11.5382 15.3623 16.131 6.47813 6.21699 6.62701 6.14468 2.36226 5.78842 10.7313 5.53017 3.65972 11.8762 13.8196 12.8075 5.7206 4.59961 17.1649 3.74959 11.6303 12.8677 11.0475 4.60157 9.14239 15.3473 7.91315 17.5367 15.6062 12.3229 7.42742 1.29625 5.38357 11.2176 14.9792 10.7834 3.91517 6.47182 15.0252 6.17812 7.7709 
6.83037 11.1536 9.16691 5.64306 0 9.39436 12.3335 7.77291 6.88244 7.69651 13.2304 7.65626 9.93064 10.5024 5.57375 3.67306 7.52071 5.70552 7.90857 9.6324 12.8981 0.461548 6.05589 6.41308 8.46046 7.47475 2.32972 4.49785 11.7701 6.26298 7.73243 7.771 7.4835 4.68826 4.4898 9.83413 5.43776 12.4995 10.3387 6.68577 7.72322 5.77536 10.2042 8.50289 10.2089 13.1257 5.9394 8.91654 11.1883 5.64634 8.83347 
15.6559 19.208 10.1766 9.34619 9.39436 0 19.7421 13.7112 16.2336 13.2324 21.7051 7.05938 17.3456 15.5758 3.82504 5.79045 15.3752 14.1398 9.53925 6.3488 20.0305 9.77852 12.6713 14.2592 16.284 15.5015 7.09497 5.37018 19.1068 5.65687 7.12772 16.2017 16.8558 5.24575 13.6892 13.8998 14.6832 20.6091 18.1717 12.8147 1.94055 8.11089 8.35925 4.86729 18.8429 20.1056 12.8172 4.09292 9.00314 3.81622 16.6695 
6.28452 2.03221 21.2796 10.51 12.3335 19.7421 0 6.17144 10.5032 18.1786 16.9762 19.986 17.3928 20.4498 16.4045 15.2915 4.81302 6.71665 11.3466 15.8046 0.854056 11.8892 7.08345 15.0383 15.9387 15.1434 14.155 14.5394 18.6237 14.2517 20.0634 14.4185 10.2103 14.6185 11.6262 20.6668 8.31788 17.5192 16.8766 17.1018 17.8019 11.8033 14.5564 20.5659 14.8626 1.27475 6.97386 16.9293 23.5207 16.2128 3.52111 
5.48751 6.2256 16.8999 4.38207 7.77291 13.7112 6.17144 0 9.718 15.0537 17.2585 15.0091 15.8537 17.725 10.6154 9.87095 3.29064 4.20854 5.28156 9.68909 6.35259 7.42499 1.74568 12.6839 14.2617 13.2823 8.96529 8.71085 17.4834 8.13061 15.0959 12.9722 9.83722 8.7574 9.30534 17.3891 6.67715 17.2183 15.7627 13.9678 11.7818 5.6623 8.62063 15.1287 14.4748 6.40167 1.95808 10.7589 18.5798 10.3679 3.96107 
4.60974 8.57629 12.8137 10.6679 6.88244 16.2336 10.5032 9.718 0 8.44458 7.55815 12.84 6.88957 10.2484 12.4332 10.4483 7.01103 5.51108 12.9577 15.9496 11.3259 6.5518 8.3581 4.9663 5.45832 4.74614 9.14031 11.3295 8.19214 12.7746 12.884 3.92507 0.681135 11.513 2.6645 10.8731 3.04595 7.53494 6.42982 7.50389 14.6038 11.4541 16.0047 14.4903 4.77611 11.7094 8.01897 15.6242 15.8393 12.5251 7.60052 
11.8974 16.4763 5.197 13.3154 7.69651 13.2324 18.1786 15.0537 8.44458 0 9.59594 6.90145 4.60839 2.8216 10.4316 8.65973 13.7118 11.7293 15.509 16.2955 18.9169 7.8914 13.3131 3.50578 4.31278 4.21423 8.15618 10.7072 6.11193 12.9888 6.88677 5.32055 9.04156 10.8862 6.57378 2.49242 9.86674 8.13683 5.72091 1.09698 12.4466 13.2723 17.353 9.30944 7.49531 19.2414 13.1029 14.856 8.59016 10.7718 14.7857 
11.949 14.944 14.7628 17.9826 13.2304 21.7051 16.9762 17.2585 7.55815 9.59594 0 16.3048 5.02934 9.21069 18.2051 16.1485 14.3853 13.051 20.3253 22.8354 17.8302 13.0623 15.9144 7.45591 5.53201 6.21244 15.059 17.6318 4.17188 19.4894 16.3066 5.54479 7.43072 17.8274 8.90577 10.9272 10.6021 1.64946 3.8756 9.42942 20.4293 18.6019 23.1813 18.5686 3.03185 18.2491 15.5764 22.0999 18.1626 18.42 14.7185 
14.3327 18.7866 3.13901 11.5382 7.65626 7.05938 19.986 15.0091 12.84 6.90145 16.3048 0 11.4473 8.7985 5.80803 5.32155 15.1746 13.3486 13.0432 11.9371 20.5346 8.10639 13.4125 9.11925 10.7926 10.2852 6.04462 7.21534 13.0132 9.31308 0.0936905 11.2519 13.5212 7.30382 10.2163 6.98611 12.6402 14.9455 12.4808 6.87804 7.00849 10.829 13.5693 2.46883 13.8198 20.7481 13.3716 9.93746 3.57423 6.22468 16.4897 
11.3639 15.4567 9.7403 15.3623 9.93064 17.3456 17.3928 15.8537 6.88957 4.60839 5.02934 11.4473 0 4.41641 14.1254 12.1417 13.6412 11.8571 17.7093 19.4299 18.2146 9.91537 14.2374 3.51767 1.59341 2.59408 11.2659 13.9259 1.85 16.0333 11.4403 2.99655 7.22515 14.1197 6.55513 5.96118 9.47864 3.529 1.20141 4.61652 16.291 15.681 20.1316 13.7966 3.55835 18.5962 13.9467 18.3402 13.1391 14.4023 14.401 
14.1819 18.6503 6.27548 16.131 10.5024 15.5758 20.4498 17.725 10.2484 2.8216 9.21069 8.7985 4.41641 0 13.0536 11.3766 16.1639 14.2099 18.3304 19.0318 21.2215 10.6805 15.9949 5.41304 5.08501 5.53539 10.9489 13.461 5.12434 15.7578 8.7596 6.53185 10.7545 13.6356 8.85778 1.9501 12.1561 7.58228 5.59879 3.82304 14.9734 16.0931 20.1424 11.2672 7.93947 21.567 15.7676 17.5086 9.51636 13.4133 17.157 
11.9201 15.6864 8.75909 6.47813 5.57375 3.82504 16.4045 10.6154 12.4332 10.4316 18.2051 5.80803 14.1254 13.0536 0 2.06295 11.8458 10.4623 7.48929 6.21798 16.777 5.95382 9.34052 10.8392 12.9197 12.0633 3.29836 1.9057 15.9444 3.55296 5.90014 12.6635 13.0477 1.87863 9.92564 11.6383 10.8711 17.2186 14.8383 9.80535 2.2298 5.46882 7.76583 4.84089 15.2727 16.8984 9.43109 4.46228 8.95517 0.417004 13.1692 
10.3261 14.3723 7.84934 6.21699 3.67306 5.79045 15.2915 9.87095 10.4483 8.65973 16.1485 5.32155 12.1417 11.3766 2.06295 0 10.5744 8.99485 7.80893 7.65664 15.746 4.09378 8.38664 8.807 10.8963 10.0235 1.34378 2.14799 13.9732 4.4597 5.4138 10.6051 11.0766 2.3015 7.90065 10.1221 9.08863 15.1814 12.8185 7.94159 4.29275 5.54817 8.88852 5.29307 13.2106 15.9116 8.40647 6.23952 8.82267 2.27824 11.9131 
2.43733 3.84205 16.5086 6.62701 7.52071 15.3752 4.81302 3.29064 7.01103 13.7118 14.3853 15.1746 13.6412 16.1639 11.8458 10.5744 0 1.99156 8.19792 12.3688 5.40498 7.07627 2.97779 10.8315 12.0858 11.1772 9.39184 10.0445 15.1184 10.1682 15.2516 10.6585 6.98582 10.1486 7.33497 16.1719 4.16273 14.5281 13.3597 12.618 13.445 7.88352 11.5903 15.815 11.7676 5.66547 2.71264 13.0455 18.7077 11.6982 1.33884 
1.69022 5.44889 14.5638 6.14468 5.70552 14.1398 6.71665 4.20854 5.51108 11.7293 13.051 13.3486 11.8571 14.2099 10.4623 8.99485 1.99156 0 8.1345 11.9078 7.35703 5.24885 2.99588 8.91707 10.2807 9.34075 7.74061 8.76987 13.4096 9.29499 13.4225 8.90822 5.63702 8.89961 5.42628 14.1846 2.47903 13.0261 11.6661 10.6344 12.2451 7.26664 11.4527 14.1412 10.2759 7.63519 2.64455 12.2485 16.8518 10.3672 3.19669 
9.7903 11.5028 15.6526 2.36226 7.90857 9.53925 11.3466 5.28156 12.9577 15.509 20.3253 13.0432 17.7093 18.3304 7.48929 7.80893 8.19792 8.1345 0 4.46684 11.396 7.836 5.29311 14.2142 16.1728 15.1616 7.61592 5.83245 19.5175 4.05155 13.1368 15.23 13.3066 5.75844 11.5021 17.4442 10.1192 19.8966 17.9662 14.5464 7.77369 2.29705 3.39237 12.3282 17.3288 11.3604 5.61852 5.91418 16.3927 7.11375 9.14893 
13.5977 15.868 14.9612 5.78842 9.6324 6.3488 15.8046 9.68909 15.9496 16.2955 22.8354 11.9371 19.4299 19.0318 6.21798 7.65664 12.3688 11.9078 4.46684 0 15.8629 9.77434 9.39171 15.9437 18.0305 17.0679 8.22174 5.59438 21.2799 3.39706 12.0264 17.4034 16.4198 5.41181 13.9648 17.7501 13.461 22.1312 19.9341 15.5192 5.16678 4.65197 2.03865 10.4447 19.8052 15.8248 9.67343 2.26229 14.7545 5.80995 13.4379 
7.04151 2.88624 21.9118 10.7313 12.8981 20.0305 0.854056 6.35259 11.3259 18.9169 17.8302 20.5346 18.2146 21.2215 16.777 15.746 5.40498 7.35703 11.396 15.8629 0 12.4608 7.43669 15.8138 16.7512 15.945 14.645 14.8948 19.4606 14.4809 20.6136 15.2352 11.0447 14.9644 12.3817 21.4014 9.07273 18.3707 17.7112 17.8354 18.0938 12.0147 14.526 21.034 15.7102 0.426255 7.36327 17.0873 24.0834 16.5682 4.17085 
6.3698 10.696 9.56125 5.53017 0.461548 9.77852 11.8892 7.42499 6.5518 7.8914 13.0623 8.10639 9.91537 10.6805 5.95382 4.09378 7.07627 5.24885 7.836 9.77434 12.4608 0 5.69569 6.40212 8.41614 7.41829 2.7508 4.78395 11.7448 6.43399 8.18184 7.65031 7.1379 4.97024 4.24192 10.0855 4.99968 12.3826 10.2717 6.85752 8.07687 5.76583 10.257 8.96367 10.0336 12.6928 5.56347 9.1554 11.6315 6.00682 8.38501 
4.5624 6.63758 15.2074 3.65972 6.05589 12.6713 7.08345 1.74568 8.3581 13.3131 15.9144 13.4125 14.2374 15.9949 9.34052 8.38664 2.97779 2.99588 5.29311 9.39171 7.43669 5.69569 0 11.0052 12.644 11.6528 7.38896 7.46237 15.9043 7.28471 13.4973 11.4033 8.56053 7.53732 7.68277 15.6437 5.3251 15.77 14.2043 12.2289 10.7308 4.93275 8.67423 13.6768 13.053 7.5662 0.351333 10.1119 16.9867 9.13628 4.11856 
8.77867 13.2402 8.29623 11.8762 6.41308 14.2592 15.0383 12.6839 4.9663 3.50578 7.45591 9.11925 3.51767 5.41304 10.8392 8.807 10.8315 8.91707 14.2142 15.9437 15.8138 6.40212 11.0052 0 2.10032 1.24363 7.83682 10.4858 5.35861 12.5469 9.13648 2.13337 5.54554 10.681 3.49683 5.90717 6.76115 6.38029 4.02313 2.67472 13.0461 12.1664 16.6152 11.2403 4.7308 16.1629 10.739 14.9331 11.5648 11.0846 11.7741 
9.84025 14.0313 9.49223 13.8196 8.46046 16.284 15.9387 14.2617 5.45832 4.31278 5.53201 10.7926 1.59341 5.08501 12.9197 10.8963 12.0858 10.2807 16.1728 18.0305 16.7512 8.41614 12.644 2.10032 0 1.01408 9.93715 12.5856 3.34538 14.6347 10.7979 1.5396 5.86303 12.7808 4.96175 6.23462 7.92423 4.32512 1.92388 3.94481 15.1182 14.1778 18.6624 13.0372 3.18257 17.1258 12.3534 17.0333 12.869 13.1723 12.8795 
8.97886 13.2692 9.26138 12.8075 7.47475 15.5015 15.1434 13.2823 4.74614 4.21423 6.21244 10.2852 2.59408 5.53539 12.0633 10.0235 11.1772 9.34075 15.1616 17.0679 15.945 7.41829 11.6528 1.24363 1.01408 0 9.02042 11.6568 4.35849 13.6748 10.2983 1.10672 5.22456 11.8525 3.97696 6.40782 7.02544 5.15807 2.86685 3.60436 14.2752 13.1756 17.6709 12.4481 3.53477 16.3119 11.3659 16.1158 12.5891 12.3017 12.0142 
9.02337 13.1548 8.19214 5.7206 2.32972 7.09497 14.155 8.96529 9.14031 8.15618 15.059 6.04462 11.2659 10.9489 3.29836 1.34378 9.39184 7.74061 7.61592 8.22174 14.645 2.7508 7.38896 7.83682 9.93715 9.02042 0 2.66077 13.1125 4.85702 6.13182 9.51872 9.76084 2.85403 6.62978 9.88759 7.74812 14.1671 11.8594 7.32035 5.50121 5.31973 9.19689 6.42363 12.0849 14.8305 7.36961 7.09688 9.61458 3.42737 10.7293 
10.2996 13.8856 9.92637 4.59961 4.49785 5.37018 14.5394 8.71085 11.3295 10.7072 17.6318 7.21534 13.9259 13.461 1.9057 2.14799 10.0445 8.76987 5.83245 5.59438 14.8948 4.78395 7.46237 10.4858 12.5856 11.6568 2.66077 0 15.773 2.31576 7.30902 12.1089 11.9019 0.195985 8.98728 12.2559 9.44318 16.7898 14.5056 9.92531 3.48634 3.67447 6.74326 6.63058 14.6323 15.0091 7.56743 4.47028 10.5743 1.67392 11.3555 
12.7736 16.6433 11.0449 17.1649 11.7701 19.1068 18.6237 17.4834 8.19214 6.11193 4.17188 13.0132 1.85 5.12434 15.9444 13.9732 15.1184 13.4096 19.5175 21.2799 19.4606 11.7448 15.9043 5.35861 3.34538 4.35849 13.1125 15.773 0 17.8833 12.9987 4.51171 8.41707 15.9665 8.23702 6.95048 10.9768 2.52246 1.7633 6.30761 18.0971 17.5101 21.9735 15.4103 3.98418 19.8548 15.6033 20.1811 14.4136 16.2278 15.7883 
10.9481 13.9201 12.1501 3.74959 6.26298 5.65687 14.2517 8.13061 12.7746 12.9888 19.4894 9.31308 16.0333 15.7578 3.55296 4.4597 10.1682 9.29499 4.05155 3.39706 14.4809 6.43399 7.28471 12.5469 14.6347 13.6748 4.85702 2.31576 17.8833 0 9.40625 14.0293 13.2858 2.15846 10.6608 14.5713 10.4944 18.7518 16.5402 12.1756 3.79048 2.47458 4.42882 8.3429 16.4637 14.5306 7.4875 2.96218 12.5072 3.15075 11.3905 
14.4005 18.8592 3.06302 11.6303 7.73243 7.12772 20.0634 15.0959 12.884 6.88677 16.3066 0.0936905 11.4403 8.7596 5.90014 5.4138 15.2516 13.4225 13.1368 12.0264 20.6136 8.18184 13.4973 9.13648 10.7979 10.2983 6.13182 7.30902 12.9987 9.40625 0 11.2696 13.5651 7.3975 10.2636 6.93965 12.7024 14.9417 12.4786 6.87823 7.09167 10.9223 13.6609 2.50874 13.8325 20.8281 13.4554 10.0235 3.48965 6.31674 16.5659 
8.36779 12.5011 10.3423 12.8677 7.771 16.2017 14.4185 12.9722 3.92507 5.32055 5.54479 11.2519 2.99655 6.53185 12.6635 10.6051 10.6585 8.90822 15.23 17.4034 15.2352 7.65031 11.4033 2.13337 1.5396 1.10672 9.51872 12.1089 4.51171 14.0293 11.2696 0 4.32384 12.3048 3.77572 7.49608 6.49928 4.73237 2.80284 4.6815 14.8895 13.3394 17.886 13.3526 2.65155 15.6134 11.0986 16.5792 13.6523 12.8755 11.4045 
4.55179 8.24556 13.4747 11.0475 7.4835 16.8558 10.2103 9.83722 0.681135 9.04156 7.43072 13.5212 7.22515 10.7545 13.0477 11.0766 6.98582 5.63702 13.3066 16.4198 11.0447 7.1379 8.56053 5.54554 5.86303 5.22456 9.76084 11.9019 8.41707 13.2858 13.5651 4.32384 0 12.0832 3.33943 11.4489 3.24398 7.55639 6.66653 8.12247 15.2064 11.8829 16.4093 15.1659 4.803 11.4379 8.21523 16.1586 16.5139 13.1298 7.46093 
10.4398 13.9882 10.0452 4.60157 4.68826 5.24575 14.6185 8.7574 11.513 10.8862 17.8274 7.30382 14.1197 13.6356 1.87863 2.3015 10.1486 8.89961 5.75844 5.41181 14.9644 4.97024 7.53732 10.681 12.7808 11.8525 2.85403 0.195985 15.9665 2.15846 7.3975 12.3048 12.0832 0 9.17799 12.4187 9.60635 16.9858 14.701 10.1097 3.34716 3.6343 6.5872 6.65451 14.8275 15.0736 7.65031 4.27439 10.6369 1.61077 11.4552 
5.34236 9.90254 10.4131 9.14239 4.4898 13.6892 11.6262 9.30534 2.6645 6.57378 8.90577 10.2163 6.55513 8.85778 9.92564 7.90065 7.33497 5.42628 11.5021 13.9648 12.3817 4.24192 7.68277 3.49683 4.96175 3.97696 6.62978 8.98728 8.23702 10.6608 10.2636 3.77572 3.33943 9.17799 0 9.06619 3.30934 8.39458 6.57064 5.51778 12.1293 9.70113 14.2779 11.8265 5.87737 12.7195 7.39176 13.3945 13.3101 10.0516 8.29927 
14.3875 18.9687 4.33506 15.3473 9.83413 13.8998 20.6668 17.3891 10.8731 2.49242 10.9272 6.98611 5.96118 1.9501 11.6383 10.1221 16.1719 14.1846 17.4442 17.7501 21.4014 10.0855 15.6437 5.90717 6.23462 6.40782 9.88759 12.2559 6.95048 14.5713 6.93965 7.49608 11.4489 12.4187 9.06619 0 12.3577 9.332 7.16209 3.56604 13.44 15.1652 18.9944 9.44551 9.32217 21.7229 15.4508 16.0977 7.56935 12.0186 17.263 
2.03339 6.62974 13.3489 7.91315 5.43776 14.6832 8.31788 6.67715 3.04595 9.86674 10.6021 12.6402 9.47864 12.1561 10.8711 9.08863 4.16273 2.47903 10.1192 13.461 9.07273 4.99968 5.3251 6.76115 7.92423 7.02544 7.74812 9.44318 10.9768 10.4944 12.7024 6.49928 3.24398 9.60635 3.30934 12.3577 0 10.5474 9.22415 8.79678 12.8935 8.84416 13.2961 13.8391 7.79892 9.41256 4.98255 13.4365 15.9843 10.8709 5.0154 
12.102 15.4959 13.2567 17.5367 12.4995 20.6091 17.5192 17.2183 7.53494 8.13683 1.64946 14.9455 3.529 7.58228 17.2186 15.1814 14.5281 13.0261 19.8966 22.1312 18.3707 12.3826 15.77 6.38029 4.32512 5.15807 14.1671 16.7898 2.52246 18.7518 14.9417 4.73237 7.55639 16.9858 8.39458 9.332 10.5474 0 2.47397 8.07697 19.4263 18.0545 22.611 17.2628 2.76096 18.7814 15.4438 21.2562 16.6524 17.4596 15.0037 
11.0107 14.9036 10.8902 15.6062 10.3387 18.1717 16.8766 15.7627 6.42982 5.72091 3.8756 12.4808 1.20141 5.59879 14.8383 12.8185 13.3597 11.6661 17.9662 19.9341 17.7112 10.2717 14.2043 4.02313 1.92388 2.86685 11.8594 14.5056 1.7633 16.5402 12.4786 2.80284 6.66653 14.701 6.57064 7.16209 9.22415 2.47397 0 5.60681 17.0324 16.0175 20.5282 14.7898 2.48959 18.1036 13.8979 18.956 14.29 15.0937 14.025 
10.8245 15.4159 5.66081 12.3229 6.68577 12.8147 17.1018 13.9678 7.50389 1.09698 9.42942 6.87804 4.61652 3.82304 9.80535 7.94159 12.618 10.6344 14.5464 15.5192 17.8354 6.85752 12.2289 2.67472 3.94481 3.60436 7.32035 9.92531 6.30761 12.1756 6.87823 4.6815 8.12247 10.1097 5.51778 3.56604 8.79678 8.07697 5.60681 0 11.8929 12.3321 16.4979 9.18886 7.06894 18.1572 12.0153 14.1759 8.98682 10.1233 13.6985 
13.7855 17.2745 10.1278 7.42742 7.72322 1.94055 17.8019 11.7818 14.6038 12.4466 20.4293 7.00849 16.291 14.9734 2.2298 4.29275 13.445 12.2451 7.77369 5.16678 18.0938 8.07687 10.7308 13.0461 15.1182 14.2752 5.50121 3.48634 18.0971 3.79048 7.09167 14.8895 15.2064 3.34716 12.1293 13.44 12.8935 19.4263 17.0324 11.8929 0 6.21082 7.05128 5.29321 17.5016 18.1721 10.8779 2.99086 9.60464 2.07999 14.7352 
8.95476 11.5581 13.3757 1.29625 5.77536 8.11089 11.8033 5.6623 11.4541 13.2723 18.6019 10.829 15.681 16.0931 5.46882 5.54817 7.88352 7.26664 2.29705 4.65197 12.0147 5.76583 4.93275 12.1664 14.1778 13.1756 5.31973 3.67447 17.5101 2.47458 10.9223 13.3394 11.8829 3.6343 9.70113 15.1652 8.84416 18.0545 16.0175 12.3321 6.21082 0 4.58123 10.2866 15.5772 12.0592 5.17221 5.18224 14.2392 5.13219 9.05031 
13.1266 14.8442 16.5052 5.38357 10.2042 8.35925 14.5564 8.62063 16.0047 17.353 23.1813 13.5693 20.1316 20.1424 7.76583 8.88852 11.5903 11.4527 3.39237 2.03865 14.526 10.257 8.67423 16.6152 18.6624 17.6709 9.19689 6.74326 21.9735 4.42882 13.6609 17.886 16.4093 6.5872 14.2779 18.9944 13.2961 22.611 20.5282 16.4979 7.05128 4.58123 0 12.2595 20.1551 14.4456 8.9934 4.26701 16.5492 7.34885 12.5279 
15.3332 19.5722 5.41369 11.2176 8.50289 4.86729 20.5659 15.1287 14.4903 9.30944 18.5686 2.46883 13.7966 11.2672 4.84089 5.29307 15.815 14.1412 12.3282 10.4447 21.034 8.96367 13.6768 11.2403 13.0372 12.4481 6.42363 6.63058 15.4103 8.3429 2.50874 13.3526 15.1659 6.65451 11.8265 9.44551 13.8391 17.2628 14.7898 9.18886 5.29321 10.2866 12.2595 0 15.9707 21.2034 13.6995 8.28174 4.31181 5.21533 17.1527 
9.34318 12.8517 12.6684 14.9792 10.2089 18.8429 14.8626 14.4748 4.77611 7.49531 3.03185 13.8198 3.55835 7.93947 15.2727 13.2106 11.7676 10.2759 17.3288 19.8052 15.7102 10.0336 13.053 4.7308 3.18257 3.53477 12.0849 14.6323 3.98418 16.4637 13.8325 2.65155 4.803 14.8275 5.87737 9.32217 7.79892 2.76096 2.48959 7.06894 17.5016 15.5772 20.1551 15.9707 0 16.1157 12.7227 19.0959 16.0364 15.4716 12.2601 
7.38527 3.30566 22.172 10.7834 13.1257 20.1056 1.27475 6.40167 11.7094 19.2414 18.2491 20.7481 18.5962 21.567 16.8984 15.9116 5.66547 7.63519 11.3604 15.8248 0.426255 12.6928 7.5662 16.1629 17.1258 16.3119 14.8305 15.0091 19.8548 14.5306 20.8281 15.6134 11.4379 15.0736 12.7195 21.7229 9.41256 18.7814 18.1036 18.1572 18.1721 12.0592 14.4456 21.2034 16.1157 0 7.51142 17.0981 24.3034 16.6808 4.46819 
4.21643 6.43655 15.1039 3.91517 5.9394 12.8172 6.97386 1.95808 8.01897 13.1029 15.5764 13.3716 13.9467 15.7676 9.43109 8.40647 2.71264 2.64455 5.61852 9.67343 7.36327 5.56347 0.351333 10.739 12.3534 11.3659 7.36961 7.56743 15.6033 7.4875 13.4554 11.0986 8.21523 7.65031 7.39176 15.4508 4.98255 15.4438 13.8979 12.0153 10.8779 5.17221 8.9934 13.6995 12.7227 7.51142 0 10.3414 16.9449 9.2402 3.90309 
13.907 16.7403 13.0252 6.47182 8.91654 4.09292 16.9293 10.7589 15.6242 14.856 22.0999 9.93746 18.3402 17.5086 4.46228 6.23952 13.0455 12.2485 5.91418 2.26229 17.0873 9.1554 10.1119 14.9331 17.0333 16.1158 7.09688 4.47028 20.1811 2.96218 10.0235 16.5792 16.1586 4.27439 13.3945 16.0977 13.4365 21.2562 18.956 14.1759 2.99086 5.18224 4.26701 8.28174 19.0959 17.0981 10.3414 0 12.5918 4.09536 14.2304 
17.7574 22.27 3.39979 15.0252 11.1883 9.00314 23.5207 18.5798 15.8393 8.59016 18.1626 3.57423 13.1391 9.51636 8.95517 8.82267 18.7077 16.8518 16.3927 14.7545 24.0834 11.6315 16.9867 11.5648 12.869 12.5891 9.61458 10.5743 14.4136 12.5072 3.48965 13.6523 16.5139 10.6369 13.3101 7.56935 15.9843 16.6524 14.29 8.98682 9.60464 14.2392 16.5492 4.31181 16.0364 24.3034 16.9449 12.5918 0 9.35685 20.014 
11.8555 15.5403 9.17379 6.17812 5.64634 3.81622 16.2128 10.3679 12.5251 10.7718 18.42 6.22468 14.4023 13.4133 0.417004 2.27824 11.6982 10.3672 7.11375 5.80995 16.5682 6.00682 9.13628 11.0846 13.1723 12.3017 3.42737 1.67392 16.2278 3.15075 6.31674 12.8755 13.1298 1.61077 10.0516 12.0186 10.8709 17.4596 15.0937 10.1233 2.07999 5.13219 7.34885 5.21533 15.4716 16.6808 9.2402 4.09536 9.35685 0 13.0147 
3.03926 2.54068 17.7605 7.7709 8.83347 16.6695 3.52111 3.96107 7.60052 14.7857 14.7185 16.4897 14.401 17.157 13.1692 11.9131 1.33884 3.19669 9.14893 13.4379 4.17085 8.38501 4.11856 11.7741 12.8795 12.0142 10.7293 11.3555 15.7883 11.3905 16.5659 11.4045 7.46093 11.4552 8.29927 17.263 5.0154 15.0037 14.025 13.6985 14.7352 9.05031 12.5279 17.1527 12.2601 4.46819 3.90309 14.2304 20.014 13.0147 0 
