200
8.15085 10.6359 0.951015 0
1.91999 11.4605 0.641624 0
6.93852 19.6893 1.63689 0
1.52451 16.1757 1.39879 1
0.0747648 4.42675 1.25525 0
11.3126 16.7295 0.384112 1
0.416292 0.502562 0.478377 0
4.75854 21.8425 2.13284 1
2.98776 16.2298 0.666697 0
16.0438 20.4431 1.44593 0
4.83229 12.2449 1.84295 0
12.5313 14.9632 1.52532 0
16.6475 21.6344 1.11071 0
7.80909 13.4019 2.04074 0
15.038 16.7901 0.217305 0
2.44066 5.97665 1.54839 0
7.62755 8.66556 0.288983 0
6.90705 23.7038 1.70399 0
9.78819 17.6932 1.50195 0
16.8552 17.6588 0.323668 0
15.5927 23.5811 1.40931 1
3.73154 7.23465 3.71273 0
17.611 17.913 29.0408 0
4.67084 6.63501 0.275244 1
14.2732 19.9234 1.63727 0
12.1028 13.2114 6.57585 0
4.20322 7.45146 1.23927 0
15.3267 16.7296 0.614701 0
11.0309 16.9098 1.43575 0
14.6295 20.7878 1.29929 1
10.8605 23.8192 0.948743 1
8.15039 10.7283 1.18326 0
18.4437 22.879 2.18921 1
17.1476 21.9907 0.864528 0
7.51734 18.4148 1.01709 0
16.0948 22.5566 1.29728 1
17.1088 17.8421 1.12033 0
7.98012 21.7628 20.2282 0
7.16867 20.0257 2.14553 0
3.67517 8.67867 1.86394 0
3.13625 5.67997 1.99554 0
5.78996 10.9653 1.10434 0
8.14667 23.1474 22.3906 0
10.0462 18.8161 0.7764 0
14.8514 19.127 1.56227 1
11.2661 16.7178 25.9643 0
8.83344 22.2972 25.0493 0
11.3407 17.5048 0.351065 0
18.2 23.4433 0.813156 0
18.3155 22.9503 1.32618 1
17.4408 21.6347 1.01488 0
4.30976 12.0682 0.834959 0
1.67908 3.02422 0.74665 0
15.4245 15.864 5.22449 0
0.940062 21.0824 1.55909 0
1.44612 22.7518 1.62839 0
7.17011 17.2389 0.73067 0
0.0589441 15.8168 1.61622 1
0.662685 18.926 1.40485 0
10.699 23.1982 1.08478 0
12.6945 16.951 2.25886 0
0.774058 4.28493 16.7018 1
17.6419 17.7305 1.46013 0
1.09748 13.4277 0.96301 0
1.82145 7.86259 0.284556 1
18.3644 21.3246 2.13152 0
15.0314 22.5982 0.600631 1
5.3278 6.73195 0.786333 0
11.77 17.7347 1.80187 1
18.2708 20.606 0.801774 0
1.01233 7.53381 2.08926 0
3.12415 22.203 0.984306 1
11.0047 14.1386 1.61462 0
6.06258 13.6742 2.09614 0
14.4453 23.9382 1.41342 1
7.94537 14.1655 1.7274 0
10.9611 20.2392 1.35436 0
8.53196 9.19193 0.249898 1
0.0364546 11.587 0.961197 0
13.2674 22.8705 0.533615 0
18.4611 23.859 1.83286 1
3.65467 15.0605 2.18495 0
0.74797 23.8162 0.851034 0
13.0403 22.8021 0.633295 1
12.0863 15.4573 1.90816 1
2.49083 8.48255 1.19314 0
6.81484 12.2775 0.5891 1
16.8815 20.6352 1.7529 0
10.2529 18.2063 0.632289 1
13.2964 21.152 8.3166 0
17.3571 20.5186 1.04849 0
0.983356 20.3497 0.638713 0
18.8575 23.7865 21.1515 0
7.8893 12.0807 0.22627 1
13.4718 13.7217 0.975191 0
17.4313 20.3252 0.528255 0
15.817 22.0933 2.10231 0
14.4291 22.1719 0.600399 1
9.91823 12.0429 2.16076 0
16.7028 20.2465 2.02757 0
14.8898 21.4116 10.7982 1
1.03783 16.0623 1.93111 0
4.24498 10.6508 1.51436 0
9.02752 16.7783 1.11609 0
6.59505 22.2514 0.453097 1
13.9354 20.0566 0.78612 1
16.4867 20.3441 2.25042 1
5.92885 21.5533 0.940381 0
9.85172 23.8392 0.642711 1
14.3455 23.8353 0.202362 0
17.7066 23.1093 0.822859 0
17.6424 20.8692 0.51403 0
9.27233 13.4408 1.78024 0
9.79335 21.3299 0.874498 0
14.6988 23.3357 1.39211 0
18.1382 20.7996 2.20668 0
2.55981 16.4306 0.73723 0
8.49768 20.6018 0.589585 0
18.7663 23.7578 0.411506 0
11.0346 19.1798 0.611072 1
8.10358 11.3894 2.00711 1
13.6748 16.9369 0.81509 1
16.8447 20.1141 0.658525 0
6.79528 22.9293 2.10395 0
3.54127 20.2543 2.16856 0
17.2152 23.7198 13.27 0
11.5182 11.7055 1.29636 0
4.81307 19.6176 9.43753 0
6.43166 13.2742 2.18538 0
18.1852 20.5994 0.206693 0
3.68942 23.9318 10.4121 1
4.01737 11.9451 2.10522 0
15.0487 18.9612 1.0526 0
18.9609 19.5975 1.85769 0
5.95045 23.3942 1.91915 0
12.8522 22.5428 0.245005 0
4.34225 20.8143 0.237183 0
11.7581 18.449 2.04767 0
0.52076 22.2918 23.3883 0
4.16507 18.1037 2.24664 0
7.26776 15.2517 1.07947 0
8.35187 15.834 6.52995 0
14.2133 18.6756 1.07279 0
18.5072 23.9909 0.543788 0
16.7114 22.4508 0.519534 0
9.13431 11.3369 18.6521 1
0.65027 15.9943 1.27415 1
17.3921 18.65 0.520387 0
8.92396 15.6965 0.561493 0
16.9566 21.3441 1.48796 1
6.60289 20.4938 0.979211 0
8.42292 12.0421 2.0286 0
16.1478 23.1941 0.785089 0
14.8585 17.7439 1.43914 0
12.3526 20.9079 23.3501 0
9.11871 15.9334 18.3176 0
8.11122 22.9063 1.57095 1
11.0198 14.8362 0.288258 1
13.3702 22.7797 1.91861 0
7.48544 9.68691 7.49883 1
4.22478 15.0701 1.27375 0
0.46485 13.0604 0.265564 0
10.0696 20.0682 0.869961 1
0.112173 12.4888 0.604162 0
0.661904 18.4174 7.83759 1
9.1003 18.3137 0.406989 0
10.2655 13.3421 1.85156 1
16.1436 22.1952 1.61623 0
11.0456 13.0653 1.12166 0
7.21856 9.48689 2.04308 0
1.46115 16.4068 2.18057 0
6.89665 22.0001 0.823748 0
16.273 22.8027 2.25118 0
4.28097 10.0969 23.9251 0
3.83457 9.84677 1.15018 0
18.3367 23.8919 0.745224 0
3.86431 21.4964 2.16138 0
0.191979 13.107 1.874 0
0.0831994 5.96852 1.18258 0
7.10642 23.7869 1.88697 0
0.574188 19.8809 1.41238 1
13.6262 23.0189 1.87436 0
12.5021 19.5441 2.16669 0
5.72637 6.1957 1.98165 0
7.80021 9.95808 1.38241 0
3.67521 12.0131 0.381484 0
11.3451 23.1496 1.25772 1
15.3835 21.1482 1.81267 0
15.5435 16.2342 0.404005 0
18.7277 23.2246 1.26227 1
17.4862 17.5717 1.51337 0
13.8564 13.8801 1.17627 0
4.15052 15.9588 1.44446 1
17.0821 21.9826 1.66535 0
4.03663 4.95728 1.01196 0
11.7869 17.8732 2.11099 0
12.5749 20.5519 1.81356 1
17.5201 17.7551 2.04021 0
14.4884 14.6795 21.2751 0
10.0014 18.4649 1.83529 0
400 50 500
0.025 0.0125 10000 3000 15 1e+06 300000 8 12
0 13.6056 17.7806 33.069 10.6175 18.8947 6.45116 26.6757 9.44968 18.4021 30.7493 19.2581 19.1333 10.3432 16.1662 14.6595 26.3486 2.93817 22.7924 12.4139 7.11277 19.7805 32.221 22.3881 22.3633 7.81468 25.4689 15.4022 24.483 24.6196 2.46226 9.40483 21.6265 28.1101 2.21503 34.3982 24.679 16.3717 24.5894 21.3653 15.5121 7.27676 14.4392 15.5735 18.4558 3.57259 11.7375 25.9741 28.1568 22.8027 29.6874 15.0302 13.1037 14.2306 1.74949 25.0613 16.0948 11.6727 11.2392 29.9999 25.9197 26.4402 19.4177 27.1788 28.6601 28.2811 11.1218 18.0212 16.9917 10.9278 12.4145 9.52455 6.9007 24.6496 27.5915 22.2634 8.16602 23.9532 15.0662 24.9687 33.684 26.925 14.3739 21.3522 32.5799 7.83095 24.34 25.4262 7.69839 30.6857 34.5547 24.9513 22.1024 24.6318 25.0851 17.7451 17.3222 28.1534 13.2836 20.5261 28.7174 13.0883 29.076 27.1642 24.5503 32.5652 14.4793 20.6361 15.3555 16.1347 19.746 20.1826 29.6652 9.82612 13.2481 7.81772 9.42384 9.39235 22.9444 23.6872 5.73491 26.6129 20.4898 23.7595 18.9851 16.1179 14.6651 11.7414 26.7704 18.8587 26.8493 22.4233 23.5271 28.8472 28.9108 9.45887 14.048 18.23 7.46955 6.52895 24.7369 21.2612 15.0977 17.5355 28.7478 25.4558 9.06275 20.0065 20.8757 22.1794 20.0597 33.2859 25.3685 1.87116 35.319 22.277 24.4949 6.83974 22.0567 19.9364 28.0907 5.61004 20.0847 18.2682 25.55 17.1952 29.6047 15.0665 17.7629 25.0364 33.2985 26.7512 19.6417 13.7027 28.5625 19.2633 22.8665 17.0901 16.3799 28.1587 3.67218 27.7713 10.338 2.0938 23.8354 10.5962 13.3672 5.52057 25.4263 28.5456 11.9518 10.898 10.6268 20.7029 10.4217 22.5807 30.8601 21.0671 34.4058 13.5881 19.3738 
13.6056 0 13.0997 19.7938 3.06292 17.4103 13.0818 14.8244 6.53095 7.97714 17.237 8.06891 6.81368 5.5917 2.72469 1.15222 15.068 15.4479 14.0108 3.70183 7.14864 16.2824 18.9975 14.4263 10.9651 6.30634 13.7132 9.84452 11.5087 11.8815 14.4396 4.20127 13.8324 19.248 15.8203 21.2596 12.2471 13.8944 14.2013 13.0632 5.88928 7.69238 6.10133 3.72649 14.7751 17.0711 12.1381 12.3735 15.2542 19.8401 16.9788 8.67834 3.20955 9.38022 14.8966 13.2022 11.4683 7.62651 2.75328 16.3947 12.8732 21.5794 13.3786 16.1875 15.2474 15.2028 3.90611 6.42865 6.47065 13.7858 4.41985 4.7398 11.5334 17.5627 18.1489 8.68061 5.73442 10.7144 9.09119 12.9795 20.5141 16.3076 0.770082 13.5665 20.0834 11.3571 14.3484 12.6681 12.583 17.129 21.2341 11.5612 17.9926 17.8637 13.7629 16.2982 14.5439 15.0036 9.59969 9.33857 16.6568 1.69642 16.1516 13.8962 15.3783 19.0335 4.76025 16.3473 9.19527 6.90937 12.5652 12.2817 18.7236 10.825 1.58857 5.93924 9.33156 7.00823 9.53907 19.8328 11.9597 15.7306 13.5831 12.5094 9.1865 6.53695 12.7835 12.031 15.8126 13.8078 21.0696 16.4247 10.4312 18.3659 15.9426 6.48313 6.99316 9.1009 6.20102 7.08547 14.624 17.1034 3.52027 4.96319 15.6508 14.7753 8.00671 16.6171 15.8276 9.57518 6.67389 20.3325 20.6754 13.7668 21.8903 11.2916 12.0626 7.48499 11.3178 8.62142 14.5149 12.773 11.4481 5.023 17.1588 10.2899 19.1009 8.39059 10.1681 13.1918 19.9927 15.0566 7.64563 2.99561 18.5976 16.8768 18.8562 3.56848 6.49224 15.9918 13.1438 14.4579 5.14463 13.1486 10.3799 7.15339 14.3955 9.51347 21.7302 16.1325 1.93441 4.12224 5.55262 15.7341 3.18488 10.2819 19.0877 7.56603 21.7015 4.26291 16.4459 
17.7806 13.0997 0 21.7804 13.6925 4.9897 12.206 13.204 17.4825 20.8347 24.2804 8.62865 18.8361 9.47213 14.5937 12.7854 12.0385 20.6891 6.56527 9.69856 16.0624 3.19535 20.8613 27.433 9.84682 15.5666 12.2104 3.31233 14.2959 22.323 19.9887 13.2421 26.8745 10.9472 19.3287 22.3826 13.0415 2.57164 26.504 5.21478 7.5216 11.3407 7.00366 10.1319 1.77803 20.9167 6.5095 19.3448 24.8116 6.74092 17.2375 21.6008 9.94483 22.0565 17.8077 24.5657 1.85217 19.7006 11.7757 22.2309 15.4386 9.09803 26.4579 27.9541 18.8988 17.2213 10.3945 9.23594 7.90584 8.43278 9.01114 11.3605 11.0805 6.97212 10.9014 17.1363 14.979 20.3009 4.04771 24.2404 21.885 11.5582 13.2621 26.6157 19.1031 10.1398 8.92327 14.2886 10.7749 21.5684 23.2432 16.1361 5.01795 6.88639 25.5252 4.3028 2.32907 23.9882 4.71126 21.7265 15.0991 14.6226 17.3447 22.71 8.19066 22.8618 17.8426 3.34391 22.1265 6.66612 25.6631 25.3489 14.1668 21.6306 14.5769 14.6852 8.40118 9.34755 14.98 6.86109 20.3275 11.6632 26.6811 10.3167 22.1064 19.627 3.62199 6.45457 27.6362 1.07842 9.17892 4.64396 20.4612 12.9494 17.3478 9.64526 6.15415 22.141 14.454 13.94 9.33956 4.09998 16.5593 17.2072 17.6351 26.8692 9.14616 3.53136 3.18655 20.6752 16.991 20.8408 8.06977 16.4853 24.4632 23.5554 22.9351 16.2663 8.6689 8.92138 21.4521 12.7771 5.11389 16.3281 8.38292 23.3623 13.6147 21.344 3.8145 12.0902 22.1067 26.354 19.7707 10.1066 12.1884 4.07511 5.89003 13.1231 7.34048 14.875 19.9739 23.0046 9.88488 15.9251 19.2362 18.7805 6.43157 12.4768 8.78031 15.6714 13.9557 15.8518 9.24211 3.03174 13.0578 21.6289 16.3257 14.5032 21.1382 8.84386 3.48453 
33.069 19.7938 21.7804 0 22.8456 26.2841 30.5537 8.70617 25.9516 20.2788 8.51476 14.5979 17.4045 23.0703 17.7355 18.6546 10.1404 35.1701 15.7887 20.7551 26.9416 23.6354 0.925212 24.5844 12.136 26.0995 9.58621 21.0387 8.64801 14.4574 34.1722 23.8407 24.6156 15.568 35.2469 1.78219 9.02531 24.2863 20.5111 16.7845 18.223 26.1356 19.5017 17.5292 23.1181 36.6236 26.4781 8.99079 13.2039 25.4319 4.64772 24.7252 20.0153 26.0605 34.1119 17.0071 21.8535 25.931 21.8566 6.33909 7.20363 23.4399 26.5011 19.5641 4.64485 4.8911 21.9951 15.3759 16.7244 28.7383 20.9037 23.5563 28.929 18.7154 14.1733 12.1625 25.5247 12.8681 20.7609 16.6544 1.08469 11.4865 19.074 24.5423 4.74473 28.2916 13.3801 7.95061 29.4646 4.14883 1.5228 8.24039 23.2972 19.2999 18.4016 25.9504 24.0892 11.9202 22.9248 18.8603 7.19816 20.8724 4.45741 11.4434 14.8468 3.00646 21.5659 22.6589 25.0111 18.0198 24.9696 24.0263 10.365 29.7113 20.6953 25.7023 25.7403 24.3768 10.258 24.2401 31.6724 10.9493 25.6278 11.464 21.0959 21.4919 24.6857 26.3712 19.565 21.36 21.7911 20.2972 13.621 11.6443 4.49867 24.0955 20.3739 21.9791 25.9188 26.6113 13.0487 22.9993 19.9764 17.842 4.42199 20.0001 25.1312 23.8494 21.5634 15.6109 14.776 2.35377 23.3465 32.8376 2.6915 19.0865 15.4431 27.278 13.1672 13.9825 8.28275 30.6304 16.6783 16.4019 16.3139 24.6224 11.6079 24.3954 18.554 9.6914 0.344357 17.5372 17.7256 19.3952 12.9685 25.1034 23.6923 16.2292 17.4934 7.14572 32.9369 10.9857 22.9384 32.1829 11.8917 26.0328 27.6078 28.1103 25.2189 6.24245 21.6854 23.5788 22.824 21.6561 22.8495 16.229 7.68799 12.2659 4.16659 19.7209 24.3558 
10.6175 3.06292 13.6925 22.8456 0 17.4181 10.8765 17.5591 4.07322 9.17839 20.1399 10.4471 8.94163 4.59402 5.54946 4.19152 17.6555 12.3876 15.8648 4.1414 4.11711 16.7525 22.0428 14.9958 13.5092 3.27751 16.4092 10.389 14.4926 14.3278 11.3784 1.3598 14.3153 21.263 12.8313 24.296 15.1049 13.9249 15.66 14.7361 7.45663 5.47758 7.1254 6.07293 15.2037 14.0437 11.1968 15.3691 17.8079 20.3337 19.9305 8.17763 4.25636 8.43043 11.9809 15.2512 11.8984 6.01227 1.95465 19.4026 15.8781 22.6112 13.2418 17.9273 18.3086 18.2204 3.30435 8.87352 8.49021 12.4471 4.74571 2.90187 9.46593 19.0598 20.2963 11.65 2.68026 13.4272 9.67874 15.083 23.5539 18.7364 3.81146 14.0331 23.0029 9.50276 16.5635 15.6095 10.6438 20.1833 24.291 14.6186 18.7078 19.284 15.5908 16.2308 14.7082 17.6832 9.4758 10.9777 19.4604 2.58745 19.1435 16.6381 17.3879 22.0919 5.17705 17.0337 8.69662 8.44443 12.7609 12.7175 21.2695 8.48069 2.72325 2.87824 7.97666 5.62185 12.5959 20.5531 9.01298 18.2212 13.7472 15.0442 10.1828 7.17834 12.5438 11.104 17.5324 14.5593 22.3226 17.5821 13.0581 20.7898 18.9422 5.08162 7.63794 9.79747 3.16148 4.16182 16.8803 17.7915 4.95285 7.17873 18.6726 16.3638 6.5339 17.0763 16.6953 11.9231 9.46697 23.3393 21.6383 10.9162 24.953 12.9108 14.3594 4.45248 13.6697 11.0668 17.4738 10.4312 13.1438 7.70023 19 10.2018 21.5403 7.97475 11.435 15.9048 23.0477 17.064 9.62393 4.52842 20.8906 17.0866 19.5804 6.62942 8.25197 18.8159 10.093 17.2279 4.09647 10.3223 13.2346 5.1591 13.5557 7.02708 22.4722 19.0154 1.35871 2.16598 4.72093 16.5751 0.684911 12.4852 21.8405 10.6288 24.6668 5.33226 16.7735 
18.8947 17.4103 4.9897 26.2841 17.4181 0 12.5699 17.5907 20.8245 25.3289 29.2317 13.6173 23.5391 12.8677 19.2063 17.2732 16.2567 21.8167 10.5551 13.7836 18.9722 2.72065 25.3783 31.8366 14.6444 18.6461 16.7141 7.70797 19.174 27.25 21.3035 16.6879 31.2377 13.4517 19.9847 26.7238 17.8008 3.52354 31.2164 9.50272 12.2397 13.7877 11.4894 14.8266 3.29887 21.5101 7.30572 24.3255 29.7917 4.00572 21.664 25.5625 14.2008 25.8397 18.4539 29.426 6.09172 23.2802 15.6347 27.1362 20.253 8.14534 30.562 32.7793 23.6968 21.9026 14.1665 14.1913 12.8108 8.06716 13.0594 14.733 12.0256 9.01927 13.9285 22.1073 18.1451 25.259 8.444 29.1102 26.2869 15.3903 17.6895 30.9696 23.1847 11.1308 13.0061 19.0641 11.2198 26.3757 27.7034 21.0706 4.26194 8.6204 30.3378 1.2263 2.91737 28.9765 7.95205 26.3864 19.3326 18.7883 21.9112 27.6982 11.8305 27.5785 22.0385 3.8704 26.0862 11.4849 29.9009 29.6766 17.7204 24.6287 18.7713 17.7668 10.4518 12.2331 19.9621 5.20336 22.5785 15.6733 30.9139 14.9097 26.5715 23.9234 4.92467 7.33278 32.4508 5.03202 9.15166 6.59548 25.3985 16.3698 21.944 12.6775 10.4609 26.5103 17.4435 16.6385 13.383 3.89719 20.9279 21.84 22.2946 31.6303 11.6654 2.59473 4.91198 25.5302 21.8589 25.1329 7.13133 17.2772 28.9756 28.2594 27.8335 19.1088 13.4012 13.8965 26.4187 13.3476 9.86808 21.0806 11.2181 27.4753 16.9235 25.3367 8.80368 16.6715 26.6189 31.2328 24.4679 14.4888 15.3499 1.21477 4.67469 17.8997 12.1876 19.2136 21.7371 27.9943 13.3499 16.8421 24.2122 22.2446 5.56123 14.2985 6.67489 20.0714 17.9442 19.5675 12.7095 4.77791 16.7424 26.4667 20.1794 19.4836 25.2029 13.1874 1.9526 
6.45116 13.0818 12.206 30.5537 10.8765 12.5699 0 23.1023 12.0918 20.0005 29.9149 16.0085 19.73 7.86569 15.794 13.8106 22.4518 9.31375 18.0265 10.3075 9.5208 13.735 29.6512 25.3134 18.8476 9.73032 21.9117 10.5449 21.9483 24.9588 8.91014 9.53896 24.5815 23.0296 7.41955 31.646 21.6469 10.3887 26.4857 16.5546 12.3311 5.43391 11.0536 13.4472 12.5487 8.96239 5.74646 24.8214 28.3293 16.5363 26.6189 17.9493 11.1123 17.5912 5.88531 26.0961 10.7597 14.7753 10.3286 28.6592 23.379 20.3631 22.9074 28.7999 26.5315 25.6626 9.38745 15.1969 13.8314 4.51831 9.93188 8.35124 1.6439 19.1774 22.7566 21.3589 9.62143 23.7415 10.4592 25.9116 30.9944 22.6457 13.7894 24.2958 29.2118 2.31073 19.9446 22.6204 1.43598 28.8846 32.0754 22.9393 16.0494 19.0696 26.4669 11.4647 11.3125 28.0275 8.32063 21.8528 25.174 13.386 26.2485 26.8772 19.7959 30.6227 15.926 14.7018 18.3956 12.5926 22.8298 23.0103 25.4057 14.4318 13.4913 9.13169 4.83491 6.40259 21.0717 17.5249 11.1716 22.4855 23.7276 20.0339 20.9171 17.8804 8.75527 5.78406 28.4035 13.2648 20.9426 16.7863 23.4986 24.3983 26.1378 6.82311 10.2418 20.4018 8.66705 7.38854 20.3658 15.2613 15.819 17.9095 26.1321 27.2178 5.51007 13.926 15.1026 22.6219 19.6897 30.3378 19.2947 4.7286 33.0339 23.7801 25.0981 9.4542 18.2207 16.6565 27.0631 0.867606 15.5505 18.1016 20.4404 20.1719 25.1305 17.8657 13.1773 21.5656 30.8268 27.9222 20.4633 11.7552 23.8943 13.0478 16.7614 15.9182 13.0721 24.7192 9.72802 27.4056 8.17483 4.35844 23.2651 13.5795 7.00919 3.98697 19.1899 25.274 12.1357 12.291 8.04416 14.923 10.3355 23.2657 27.0267 19.5067 31.1661 11.0438 13.2442 
26.6757 14.8244 13.204 8.70617 17.5591 17.5907 23.1023 0 21.3534 18.6751 13.5976 7.42236 15.6527 16.3346 13.774 13.7188 1.58917 29.1399 7.08368 14.3745 21.5827 14.9318 7.81207 24.6071 4.32121 20.7707 1.20839 12.9183 4.7024 15.6104 28.1983 18.1962 24.3706 8.03086 28.7378 9.18105 2.91501 15.751 21.6067 8.10661 11.1688 19.4261 12.3035 11.5227 14.4587 30.2345 18.4269 10.1736 16.3624 16.8015 4.07333 22.1134 13.7919 23.2342 27.4329 18.4465 13.4886 22.1906 16.0542 11.0744 4.50594 15.2073 25.4067 21.7704 7.08955 4.84467 15.6988 8.7887 9.68448 20.6753 14.2801 17.3327 21.5473 10.2611 6.47735 10.7588 20.1242 13.3609 12.7872 18.0534 8.70608 3.42109 14.2854 24.2051 6.12582 20.7926 4.69619 3.45423 21.8714 9.59741 10.1128 6.62624 14.6339 10.8482 19.8101 17.2967 15.4819 15.1429 14.9965 18.1442 2.07296 16.3379 4.46764 14.0527 6.26408 10.3469 18.2354 13.9536 22.535 10.6354 24.0516 23.2921 4.39448 25.6238 16.177 20.1592 18.2885 17.4078 7.4033 15.6768 26.5381 2.66185 24.9361 3.0847 19.8397 18.9703 16.3223 18.3279 21.6074 12.7108 13.6782 11.6344 13.9551 4.78571 4.57268 17.2565 12.9191 20.4566 20.2477 20.6129 4.39373 14.3048 16.4687 15.1449 5.10936 21.4775 17.9817 15.1438 12.8584 15.4028 12.6836 7.63988 14.9674 26.0909 11.3952 19.221 16.5778 21.9068 4.91094 6.745 11.4184 23.3272 8.18041 13.5793 7.98763 22.8013 5.28396 21.774 10.2905 1.66201 9.04434 19.7308 16.3659 13.2839 5.79943 16.4046 15.0717 11.7401 10.3107 1.68217 27.3157 13.9906 16.3467 25.4369 12.0099 21.9055 19.2783 21.3187 16.8085 2.48221 16.7248 18.9456 16.0536 12.9502 17.332 16.3455 4.28227 8.94891 8.12151 13.1287 15.6567 
9.44968 6.53095 17.4825 25.9516 4.07322 20.8245 12.0918 21.3534 0 8.96987 22.1587 14.425 10.0507 8.05134 8.21615 7.65395 21.5577 10.3017 19.938 8.17274 2.61342 20.4412 25.2034 13.3269 17.4283 2.40305 20.2354 14.2225 17.9329 15.4845 9.31301 4.24048 12.5796 25.3333 11.5012 27.5005 18.7672 17.4167 15.1583 18.8026 11.5298 7.47028 11.157 10.0189 18.8932 12.3556 14.0519 17.8216 19.0277 23.9953 23.4258 5.89631 8.32943 5.51683 11.1167 15.674 15.6498 2.70019 5.98878 21.8341 19.2516 26.5041 10.8174 17.7307 21.327 21.5373 7.16805 12.8175 12.539 14.8197 8.72516 6.1507 11.0622 23.0953 24.3526 14.1205 2.73383 15.158 13.5451 15.6042 26.7418 22.7175 7.11511 12.2958 26.5568 11.4277 20.6036 19.1385 12.3355 22.9164 27.3377 17.7349 22.4938 23.3038 15.6442 19.6086 18.2629 19.1766 13.0234 11.12 23.1854 5.13221 22.5409 18.3076 21.4567 24.8605 5.20048 20.8226 6.32016 12.5153 10.7786 11.0435 25.1992 4.41102 5.30641 3.17926 10.6766 8.60624 15.7455 24.3267 5.83745 22.1752 11.6515 18.9714 9.539 6.68437 15.8999 13.9776 17.3224 18.4031 26.2909 21.5417 14.6294 24.7753 22.3174 8.14754 11.5769 8.80991 3.59613 4.77403 20.9118 21.5737 6.25308 8.70666 21.9707 16.0132 9.29184 20.7553 20.5625 13.0603 11.616 26.6749 25.5095 10.4252 27.8657 12.8345 15.2473 2.76778 17.6681 15.0227 19.7353 11.4168 17.2139 9.81507 23.0724 8.12711 25.5204 5.85068 15.4597 19.7169 26.1223 17.3285 10.4221 8.58573 24.9181 20.6262 23.3633 9.88375 12.3228 22.5172 7.58707 18.9469 7.61037 9.98395 15.3072 1.51646 16.3938 8.15495 26.243 22.6368 4.63607 2.42606 8.25906 20.4331 4.57594 13.3392 25.6186 13.7117 28.1199 9.39672 20.3858 
18.4021 7.97714 20.8347 20.2788 9.17839 25.3289 20.0005 18.6751 8.96987 0 14.4631 14.0481 3.05172 13.338 6.29419 8.06665 19.519 19.1769 20.3977 11.6776 11.3475 24.0295 19.7339 6.64208 16.0378 10.7656 17.8637 17.6741 14.1595 7.10269 18.2124 10.4789 6.15884 25.0416 20.4709 22.0178 15.7605 21.8278 6.48702 19.7929 13.3439 14.648 13.8751 10.7623 22.5636 21.2966 20.0158 11.3134 10.5025 27.5308 19.1992 4.75979 11.1603 6.15266 20.0387 6.7396 19.3086 7.27285 10.2896 14.878 15.0418 28.8078 6.73173 8.86948 15.7778 16.8612 11.6958 12.5819 13.361 21.4998 12.3969 11.9832 18.6346 24.3325 23.6936 8.37899 10.626 7.65132 16.9234 6.70659 21.254 21.1989 7.64018 5.92672 22.3209 18.6783 19.9773 15.5185 19.8215 16.5168 21.4251 12.9287 25.5611 24.7274 6.68535 24.2396 22.4372 10.9346 17.5748 2.19344 19.9659 6.89892 18.0386 10.3505 21.3887 18.4106 4.08874 23.9641 4.90991 14.2816 5.42068 4.78581 23.0436 10.8751 6.85265 11.0881 16.9991 14.6174 11.422 27.3689 14.3287 20.4673 6.3653 17.4152 1.29672 2.28568 20.758 19.9126 8.46505 21.4338 28.0586 23.6414 6.93935 23.1311 17.7596 14.0699 14.8692 1.79134 11.5412 12.8131 20.1297 24.7058 4.49053 3.84711 17.1891 7.2292 15.5862 24.3655 23.3229 4.96389 6.0265 21.6464 27.9889 19.2468 21.5889 3.88371 6.60656 11.5907 16.8975 14.342 12.6256 19.4939 18.2515 5.24623 23.3961 4.35557 23.7707 4.47948 17.5334 17.3294 20.353 8.35903 2.55461 10.8404 23.7399 24.7347 26.4041 8.12486 13.6938 19.2455 16.3858 11.0121 12.8497 18.7473 8.41263 8.0523 22.315 16.0641 29.2228 18.9919 8.05609 7.79703 13.3591 23.2522 9.78719 4.82502 22.4743 9.72648 23.408 12.1423 24.2599 
30.7493 17.237 24.2804 8.51476 20.1399 29.2317 29.9149 13.5976 22.1587 14.4631 0 15.7331 12.2451 22.0499 14.5936 16.292 15.1665 32.2821 19.7719 19.6118 23.8537 26.8864 8.568 17.1883 14.7762 23.06 13.7913 22.4128 10.1912 7.48791 31.2696 21.4032 17.3787 21.6029 32.9595 10.1671 11.9096 26.4488 12.769 20.2279 18.3621 24.7489 19.6061 16.5723 25.9338 34.1124 27.2185 5.15703 5.03378 29.5036 10.8536 19.2201 18.8072 20.6135 32.1118 9.38309 23.6935 21.308 19.8652 2.57998 9.42789 28.6026 19.6959 11.3582 6.5683 8.88123 20.5642 15.6214 17.1566 29.3511 20.0367 21.8315 28.2864 23.5512 20.0572 8.59218 22.6231 7.0315 21.8873 9.10062 9.58267 17.0106 16.47 17.3674 12.7561 27.8852 17.8064 10.6929 29.1349 4.63357 8.90856 8.17227 27.2592 24.1238 10.6521 28.5704 26.5597 3.92668 23.7296 12.536 13.2416 17.6738 9.71783 4.1291 19.5344 5.59046 17.0823 26.1792 19.3653 18.6351 18.1468 17.1477 17.061 25.1009 17.5101 22.9406 25.464 23.5205 9.40293 28.6163 27.9741 16.2594 18.6101 15.0181 14.8882 16.2868 26.2887 27.1031 11.4242 24.2315 27.1673 24.389 7.63963 18.0113 9.47903 23.0922 20.7086 15.8763 23.2797 24.285 17.6356 26.7133 15.9202 13.4534 8.76708 12.0931 24.4534 27.1696 25.1518 9.51393 10.6963 10.759 28.2303 31.0023 8.40346 12.0859 8.272 24.1724 16.0848 15.3707 2.90701 29.7485 19.447 12.5026 21.459 18.4867 18.2598 18.9312 20.5223 13.5457 8.37293 9.44785 12.1472 18.168 19.2172 28.1846 27.8635 14.0207 17.9416 12.7628 29.694 3.47495 21.7483 30.3855 6.91928 21.7665 28.9251 26.6616 29.9967 11.9126 18.7982 20.0884 21.8797 25.1883 20.3972 9.70992 14.904 10.5189 12.6559 19.0072 27.4788 
19.2581 8.06891 8.62865 14.5979 10.4471 13.6173 16.0085 7.42236 14.425 14.0481 15.7331 0 11.441 8.92329 7.98674 7.11639 7.26532 21.7212 6.35051 6.97537 14.336 11.4829 13.6849 20.6164 3.14148 13.5495 6.21858 6.7644 6.17035 13.9752 20.7841 10.9224 20.1901 11.2743 21.3332 15.6394 5.63837 10.7164 18.8134 5.83259 3.7778 12.0239 4.98694 4.40779 10.3494 22.8205 11.9865 10.7295 16.241 14.5595 10.6293 16.3531 6.44085 17.2523 20.0504 16.4324 7.96415 15.6923 8.78061 13.8232 7.532 15.0022 20.4974 19.8933 10.8982 9.71943 8.29939 1.64386 2.26988 14.2309 6.85791 9.93059 14.4029 10.3167 10.1048 8.64024 12.8915 11.8426 6.33597 16.079 14.9953 8.29415 7.7209 19.967 13.3668 13.7248 6.29398 6.64754 14.88 13.4687 16.1204 7.69879 12.3727 10.7412 17.5369 12.8775 10.86 15.3777 8.40896 14.3441 9.45936 9.73393 10.2448 14.1004 7.4604 15.0078 12.3017 10.9981 16.8386 3.42547 19.3784 18.827 10.835 18.8092 9.599 12.8792 11.1768 10.0511 6.36587 14.03 19.292 7.77604 20.3638 4.63469 15.3376 13.5696 10.6233 11.8758 19.6124 8.74162 14.0958 9.95406 12.0911 10.3509 10.1429 9.8665 5.78286 15.6663 12.9294 13.2215 6.55774 11.6499 10.6106 10.201 10.1837 19.0217 10.6951 11.7944 10.1075 12.63 9.00734 14.3367 14.2878 18.7178 17.1478 15.9629 14.6885 14.6509 3.25244 0.678436 12.8707 16.1443 4.42281 8.90329 9.39326 17.5552 11.098 16.0327 4.82194 5.77834 14.884 18.1384 12.3469 5.98943 10.5305 12.6466 13.1292 5.95889 2.95673 8.9098 19.9481 14.3807 8.92496 18.0617 10.7002 15.1998 13.3899 13.9385 15.7446 9.35408 9.82413 12.1021 8.64545 10.0926 10.1283 13.6263 11.6502 5.97312 15.2563 5.71214 11.9824 
19.1333 6.81368 18.8361 17.4045 8.94163 23.5391 19.73 15.6527 10.0507 3.05172 12.2451 11.441 0 12.4052 4.39659 6.47628 16.5374 20.3255 17.7482 10.3673 12.0394 22.0064 16.8212 9.23327 13.182 11.3188 14.8687 15.8312 11.112 5.48679 19.3254 10.3012 8.87527 22.2041 21.2968 19.1215 12.7378 20.1031 7.67823 17.2608 11.3266 14.2962 12.0704 8.7206 20.6006 22.2997 18.8798 8.52674 9.02863 25.4232 16.1611 7.33402 9.71114 8.69179 20.657 6.39606 17.4517 9.06741 9.4922 12.3011 11.992 26.3854 9.76452 9.41998 12.8452 13.8394 10.7197 10.0934 11.076 20.5908 11.0422 11.409 18.2367 21.7565 20.8211 5.36354 11.0074 5.21795 15.0986 6.18953 18.354 18.2517 6.23849 8.6781 19.2924 18.1256 17.1563 12.4705 19.335 13.7748 18.6057 9.89168 23.369 22.1814 6.97684 22.5145 20.6226 9.12591 16.0702 2.92529 16.9175 6.36698 15.011 8.28309 18.6302 15.701 4.87601 21.8242 7.60696 12.1766 8.40027 7.66981 20.0313 12.874 6.24971 11.4076 16.1452 13.8157 8.37159 25.1384 15.7987 17.5079 9.30047 14.5102 4.18792 4.1538 19.2103 18.7701 9.05712 19.3306 25.5339 21.2578 4.61964 20.1572 14.7343 13.2853 13.1529 4.84289 11.8168 12.9981 17.284 22.5472 4.0572 1.85056 14.1772 8.1177 14.8133 22.3405 21.1017 3.04629 2.97928 18.684 25.6165 19.7071 18.8563 4.72289 5.42326 12.3327 14.1163 11.6603 10.0818 19.3384 15.7745 2.55996 20.6707 7.35801 20.7841 7.00963 15.3258 14.3382 17.4973 8.24632 0.935434 9.25745 20.8067 22.841 24.1897 5.74477 11.5269 16.1972 17.6375 8.93181 11.9567 19.1467 5.68573 9.53739 21.0816 15.9589 26.9494 15.9402 7.62084 8.23621 12.3605 21.0472 9.41735 3.54451 19.4242 6.7137 20.4193 10.5274 22.3105 
10.3432 5.5917 9.47213 23.0703 4.59402 12.8677 7.86569 16.3346 8.05134 13.338 22.0499 8.92329 12.4052 0 8.17988 6.10311 16.021 12.8896 12.9174 2.44441 6.64337 12.3906 22.191 19.4706 12.0202 6.10192 15.1272 6.28504 14.4227 17.3602 11.9892 3.83788 18.8116 18.3658 12.4102 24.2928 14.4222 9.40543 19.7101 11.5886 5.16884 3.10728 4.14023 5.64423 10.8434 13.8999 6.69765 16.9576 20.6301 15.9446 19.4459 12.7715 3.24848 12.9794 11.1452 18.7903 7.6263 10.4209 3.051 20.817 15.8676 18.5484 17.8327 21.7662 18.8639 18.2068 1.68567 7.76651 6.65406 8.20692 2.16696 1.90081 6.23715 15.5192 17.646 13.5043 5.50717 15.9865 5.67193 18.5624 23.6035 16.6857 6.20117 18.5324 22.2751 5.89677 14.1821 15.2517 7.1463 21.1285 24.581 15.2102 14.4658 15.6504 19.3488 11.6689 10.2286 20.2541 4.97954 14.8763 18.3809 6.44268 18.9153 19.0784 14.6122 22.9133 9.56444 12.7997 13.2901 5.83064 17.3135 17.2181 19.399 12.1601 6.48538 5.22609 3.74001 1.48223 13.2904 16.291 11.2318 16.3292 18.3086 13.4215 14.4583 11.5509 7.96795 6.59807 21.3879 10.431 18.4575 13.721 15.798 18.6566 18.7713 1.05253 3.99967 14.1925 5.02947 4.75734 14.561 13.5457 8.86554 10.5548 18.6775 20.3224 2.46215 12.7041 12.6017 15.1165 11.9525 23.0986 17.5336 9.82771 25.4569 16.8345 17.6052 6.87462 11.7406 9.6016 19.1979 7.74345 10.1329 10.4764 15.9072 14.7819 19.418 12.5679 7.99897 14.6993 23.3236 20.6461 13.2334 3.89337 18.4883 12.6006 15.3325 8.07101 6.03822 17.8319 11.3946 19.5897 0.502132 9.17036 15.4409 9.4157 9.03214 5.05702 18.2042 18.248 5.35896 6.71421 0.292903 12.4633 3.90982 15.8566 20.5188 11.6587 24.1337 3.35034 12.3396 
16.1662 2.72469 14.5937 17.7355 5.54946 19.2063 15.794 13.774 8.21615 6.29419 14.5936 7.98674 4.39659 8.17988 0 2.10775 14.291 17.8404 14.3027 6.01407 9.41748 17.7834 16.9897 12.9354 10.4075 8.5923 12.7687 11.5048 9.88269 9.19275 16.8265 6.81378 12.4324 19.2155 18.3794 19.2901 10.9843 15.7455 12.0337 13.5932 7.07719 10.4158 7.7177 4.47769 16.3406 19.5722 14.5203 9.84941 12.5358 21.2604 15.3642 8.46939 5.32917 9.4994 17.519 10.6772 13.1348 8.49814 5.47103 13.8894 11.1328 22.5335 12.5248 13.8076 13.1135 13.3719 6.51323 6.42401 7.07932 16.2933 6.67007 7.46185 14.2333 18.1463 17.9678 6.11822 8.09859 7.99153 10.7633 10.428 18.5299 15.7637 2.0057 12.1898 18.5276 14.0231 14.1705 11.1591 15.2583 14.7885 19.1253 9.52461 19.2723 18.5181 11.3589 18.1602 16.2948 12.2799 11.6742 7.1825 15.424 3.19273 14.4131 11.1793 15.4398 16.721 4.4806 17.6833 8.93217 7.99549 11.4601 10.984 17.9445 12.1294 3.01769 8.38183 11.9031 9.63458 7.55029 21.0765 13.9688 15.1017 12.4612 11.9023 7.58617 5.5829 14.8191 14.4093 13.4489 15.1592 21.8286 17.3616 7.70876 17.788 14.1778 9.1252 8.77894 7.77484 8.70135 9.69211 14.3799 18.4218 2.71765 2.63432 13.7956 12.5091 10.6308 18.1191 17.0301 6.93989 3.95977 18.5001 21.7033 16.4233 19.6797 9.07857 9.42739 9.74829 11.0588 8.38144 11.9288 15.4956 12.024 2.31016 17.3776 9.56856 18.4865 8.13827 11.2396 12.2285 17.9071 12.5363 5.30296 4.86144 18.2085 18.5491 20.1129 2.09652 7.40003 14.7242 15.3945 11.7476 7.76411 15.8144 7.69971 8.39358 16.6988 12.235 22.9287 14.7204 4.22018 5.85719 8.10216 16.9608 5.81439 7.71027 17.9257 5.51262 20.0019 6.13197 18.0455 
14.6595 1.15222 12.7854 18.6546 4.19152 17.2732 13.8106 13.7188 7.65395 8.06665 16.292 7.11639 6.47628 6.10311 2.10775 0 14.0042 16.5599 13.2057 3.90663 8.29257 15.9805 17.8544 14.6476 9.92769 7.45028 12.6198 9.60749 10.3567 11.2577 15.5539 5.26451 14.0932 18.3614 16.8719 20.1131 11.1139 13.7841 14.0569 12.3338 5.36334 8.4967 5.80872 2.93502 14.5035 18.1478 12.4157 11.3594 14.5435 19.5042 15.8285 9.35914 3.23501 10.1714 15.909 12.7845 11.242 8.60435 3.57438 15.3625 11.7212 21.0355 13.8652 15.8959 14.1202 14.052 4.45701 5.47328 5.70904 14.1876 4.56838 5.55325 12.2266 16.8678 17.2204 7.70565 6.87006 9.93124 8.85686 12.5357 19.3687 15.2908 0.604609 13.8368 18.9363 11.9761 13.4103 11.5196 13.2182 16.0391 20.0995 10.4274 17.5855 17.1953 13.4505 16.199 14.3751 14.2169 9.62659 9.18664 15.5324 2.64901 14.9994 13.0739 14.5085 17.9346 5.33332 15.9632 9.86364 6.35198 12.9475 12.5809 17.666 11.9085 2.50143 7.05835 9.81143 7.57033 8.40471 19.4124 13.1119 14.6954 13.9634 11.469 9.32742 6.9152 12.7904 12.305 15.5333 13.4239 20.4473 15.8628 9.7087 17.3462 14.7906 7.07276 6.81308 9.36473 7.30194 8.1307 13.6703 16.7127 3.82185 4.66442 14.5007 14.5661 8.5623 16.3165 15.3795 9.03853 5.88053 19.1809 20.1609 14.7505 20.7693 11.1113 11.5233 8.62888 10.3467 7.63591 13.5303 13.5554 10.7265 4.37745 16.341 10.8072 18.075 9.05367 9.6363 12.0945 18.8562 14.6437 7.36498 2.81076 17.6193 16.668 18.44 2.44632 5.84961 14.8632 14.2825 13.6144 5.70467 14.123 9.49502 8.20741 14.6055 10.379 21.2922 14.992 3.08463 5.23396 6.01267 15.2968 4.25055 9.81775 17.9736 6.44808 20.55 4.1069 16.1965 
26.3486 15.068 12.0385 10.1404 17.6555 16.2567 22.4518 1.58917 21.5577 19.519 15.1665 7.26532 16.5374 16.021 14.291 14.0042 0 28.899 5.70294 14.2221 21.5947 13.5704 9.26633 25.6166 4.14806 20.8018 1.70335 12.0758 5.91915 16.8856 27.9797 18.1836 25.3444 6.51278 28.362 10.4684 3.97229 14.6056 22.7874 6.8532 10.8698 19.073 11.9102 11.5826 13.1921 29.8847 17.5575 11.5945 17.8056 15.3015 5.49405 22.7248 13.7059 23.79 27.0139 19.7059 12.4878 22.5756 16.0396 12.6527 5.9558 13.6223 26.2407 23.0722 8.67473 6.43368 15.5424 8.7847 9.45224 19.7835 14.0486 17.1666 20.9356 8.69464 4.95788 11.865 20.146 14.6156 12.0273 19.3141 10.0517 1.91893 14.5906 25.1673 7.07 20.1427 3.25914 4.80392 21.1755 11.1857 11.501 7.97171 13.1572 9.2822 21.0481 16.0277 14.2723 16.6059 14.2244 19.1355 3.08092 16.6502 6.01683 15.4883 4.72716 11.9038 18.7716 12.5534 23.1659 10.2158 24.9278 24.2054 3.66617 25.8924 16.4971 20.1424 17.683 16.9948 8.49436 14.1456 26.5529 1.12373 25.8378 2.63125 20.7196 19.6489 15.2964 17.4632 22.8939 11.4666 12.0892 10.1569 15.1761 3.62345 6.1381 16.8914 12.4023 21.2837 20.1946 20.4626 2.91071 12.8681 17.0072 15.8776 6.69306 22.704 17.4953 13.7674 11.4577 16.5212 13.6024 8.87726 13.3951 25.6601 12.8161 20.3124 17.8334 21.9115 4.29889 6.61382 12.935 22.7297 7.16158 14.3364 6.40148 23.5451 4.25272 22.3884 9.40923 2.21 10.4823 21.052 17.2963 13.2484 4.43818 15.0584 13.5653 12.2118 9.99116 2.99519 27.1991 15.4554 16.0814 25.0113 13.2629 22.2102 18.2538 20.9159 15.2422 3.90614 16.9233 19.1802 15.7332 11.5591 17.3707 17.4854 4.57643 9.8332 9.10429 12.9387 14.311 
2.93817 15.4479 20.6891 35.1701 12.3876 21.8167 9.31375 29.1399 10.3017 19.1769 32.2821 21.7212 20.3255 12.8896 17.8404 16.5599 28.899 0 25.5591 14.7763 8.43892 22.7182 34.3461 22.3697 24.8526 9.25187 27.9387 18.2351 26.6742 25.7808 1.01439 11.3301 21.6111 30.9165 2.53771 36.566 27.0131 19.3089 25.0508 24.1481 18.0297 9.92194 17.0265 17.8242 21.3891 2.30792 14.6754 27.6877 29.3258 25.7344 31.9858 15.2808 15.4071 14.2704 3.68856 25.9144 18.9839 12.0428 13.3419 31.7283 28.0952 29.3776 19.1607 27.7229 30.6744 30.4556 13.4565 20.3977 19.473 13.8193 14.8668 11.8247 9.83751 27.5298 30.3509 23.954 9.74934 25.3496 17.8654 25.8643 35.8366 29.5649 16.199 21.3504 34.9463 10.769 27.0214 27.6868 10.6048 32.5689 36.6333 26.9729 25.0398 27.5243 25.7801 20.6732 20.2597 29.4439 16.1498 21.3572 31.1582 14.6668 31.3072 28.5338 27.3059 34.4794 15.5003 23.5692 15.5213 18.7196 19.7128 20.2775 32.2863 9.35207 14.8376 9.50944 12.3079 12.0813 24.9517 26.625 5.11418 29.2184 20.3472 26.2876 19.58 16.909 17.6014 14.6795 27.3161 21.7666 29.7771 25.3287 24.8599 31.5171 31.1268 12.0836 16.727 18.7333 9.26036 8.601 27.4104 24.1971 16.399 18.8738 30.9169 25.9646 11.8484 22.9446 23.7971 23.3511 21.6066 35.5221 28.3059 4.59573 37.328 22.9792 25.5475 8.11522 24.6278 22.3969 29.7287 8.49342 22.8241 19.7915 28.3693 17.313 32.2772 15.3814 20.5312 27.4871 35.3837 27.5112 20.7229 15.9702 31.283 22.1981 25.8046 19.0057 18.9079 30.575 2.8288 29.1626 12.8183 4.97695 25.3717 11.1336 16.2779 8.3152 28.3612 30.9118 13.6464 12.1971 13.18 23.6252 12.3271 23.6405 33.3662 23.0077 36.7239 16.0112 22.3117 
22.7924 14.0108 6.56527 15.7887 15.8648 10.5551 18.0265 7.08368 19.938 20.3977 19.7719 6.35051 17.7482 12.9174 14.3027 13.2057 5.70294 25.5591 0 11.8338 19.2993 7.86813 14.8957 26.952 5.18945 18.6073 6.32651 7.51098 9.62388 19.7109 24.7279 15.9752 26.5351 5.45883 24.6175 16.1714 7.87182 9.12472 24.962 1.47247 8.40829 15.6638 8.93797 10.2979 7.53987 26.1932 12.6542 15.3826 21.4466 9.83499 11.1474 22.555 11.6087 23.3681 23.1652 22.3456 7.40991 21.565 13.9743 17.4264 10.3777 9.0681 26.8268 25.8176 13.6639 11.6478 13.0193 7.87916 7.54107 14.7753 11.3983 14.4903 16.6578 4.09214 4.80005 14.3157 17.9502 17.4649 7.74282 21.9737 15.7467 4.99685 13.8023 26.3139 12.6684 15.7765 2.45232 9.11678 16.6521 16.3176 17.181 11.7565 7.62051 4.59242 23.5422 10.3621 8.68663 20.3984 9.73369 20.6283 8.77756 15.7072 11.4977 19.1645 1.77397 17.3072 18.509 6.87014 23.0532 7.43401 25.7252 25.1775 7.61601 24.3425 15.5941 17.8129 13.5347 13.4954 11.3171 8.85274 24.1004 5.15977 26.7126 4.7666 21.6861 19.8768 10.0578 12.575 25.5676 5.85908 7.9222 4.65542 17.8459 6.45207 11.5636 13.5572 8.92479 22.0146 17.7379 17.663 2.84009 7.23356 16.8679 16.5509 11.9966 25.0937 13.7301 8.06929 5.77474 18.6774 15.1733 14.5779 8.54494 21.8032 18.4762 22.1756 20.527 19.5775 3.92304 6.08812 17.1825 18.4483 2.78841 15.2304 3.15149 23.8572 7.15446 22.2436 5.03012 6.39677 16.1275 23.9488 18.6402 11.3854 5.868 9.35557 8.14128 12.3034 7.6297 8.67403 24.2931 19.2956 13.1388 21.1839 16.1901 20.9223 12.9644 17.2738 10.2497 9.55105 15.5483 17.7889 12.6278 5.86819 15.3951 19.6821 9.78448 11.7342 14.6976 10.561 8.60827 
12.4139 3.70183 9.69856 20.7551 4.1414 13.7836 10.3075 14.3745 8.17274 11.6776 19.6118 6.97537 10.3673 2.44441 6.01407 3.90663 14.2221 14.7763 11.8338 0 7.52131 12.8311 19.8871 18.0799 10.1168 6.79361 13.1781 6.38869 12.1208 15.1045 13.8269 4.14714 17.4668 17.2726 14.5504 22.0257 12.2683 10.2603 17.8748 10.6489 3.48742 5.39198 2.98658 3.2433 11.2961 15.9865 8.51311 14.5142 18.305 16.4131 17.2735 11.9082 0.804904 12.3682 13.3655 16.6911 7.96818 10.114 2.18993 18.3746 13.5646 18.5074 16.8213 19.7852 16.4838 15.918 1.32461 5.62399 4.77756 10.2935 0.725871 2.95821 8.67525 14.9256 16.3889 11.0813 6.13255 13.6371 5.65151 16.4412 21.3234 15.0864 4.14457 17.1964 20.1848 8.29531 12.7422 13.0198 9.54722 18.7123 22.2584 12.8112 14.6873 15.1441 17.3441 12.6491 10.9541 17.8848 5.91006 13.0036 16.3837 5.00595 16.6766 16.6942 13.4199 20.5123 8.2564 13.0183 12.4342 4.40611 16.1192 15.8986 17.7286 12.5472 4.98788 6.03566 5.98443 3.90861 10.8721 16.5358 12.4278 14.6496 17.1332 11.5926 12.8782 10.1467 9.09308 8.40306 19.4185 10.5098 18.1864 13.4507 13.4852 17.1113 16.5188 3.49485 3.55717 12.7518 6.0242 6.24615 13.0889 13.7782 7.20528 8.53597 16.3874 18.4215 4.85204 13.1617 12.6186 12.9308 9.63186 20.8807 17.5487 12.0829 23.1016 14.948 15.4099 7.81709 10.0325 7.64518 16.7558 10.1848 9.07654 8.25669 14.9447 13.7262 17.871 11.6573 7.29518 12.7178 21.0001 18.5503 11.2408 1.44897 17.0876 13.3135 15.5591 5.66534 4.34915 15.7988 12.9772 17.1934 2.20695 11.4279 13.0429 9.2995 10.7277 7.37036 18.4514 16.1489 4.2572 6.23996 2.26844 12.5057 3.59699 13.7227 18.622 9.21604 21.9946 1.30758 12.9283 
7.11277 7.14864 16.0624 26.9416 4.11711 18.9722 9.5208 21.5827 2.61342 11.3475 23.8537 14.336 12.0394 6.64337 9.41748 8.29257 21.5947 8.43892 19.2993 7.52131 0 18.8585 26.146 15.9398 17.45 0.842329 20.4162 12.9247 18.6095 17.5255 7.4247 3.41542 15.1929 24.7542 9.25898 28.4054 19.1901 15.6767 17.6596 18.05 11.0087 5.26116 10.3623 10.06 17.3294 10.2881 11.9477 19.2565 21.0679 22.3511 24.0415 8.50936 7.91983 8.07237 8.70344 17.962 14.2103 5.26065 5.5556 23.2968 19.9949 25.158 13.395 20.1851 22.3834 22.3358 6.28338 12.8241 12.2406 12.4916 7.90252 4.85282 8.57256 22.1278 23.9045 15.5223 1.46028 16.9553 12.3143 17.8626 27.6613 22.5659 7.87065 14.909 27.1035 9.01572 20.2614 19.7198 9.8467 24.1867 28.3782 18.7062 21.0117 22.2767 18.0308 17.7466 16.568 21.106 11.4267 13.4417 23.5147 6.23315 23.2605 20.1546 20.9204 26.1096 7.37268 19.36 8.92891 11.9096 13.3902 13.6544 25.1657 5.65791 6.40541 1.48803 8.59238 6.80309 16.685 22.8138 4.95969 22.0957 14.2567 18.9675 12.021 9.0752 14.0737 11.8845 19.7778 17.0474 25.0996 20.3644 16.4936 24.6033 23.0593 6.43711 10.5335 11.3423 1.61421 2.39616 20.6044 20.0947 8.03037 10.4931 22.7872 18.4907 7.30769 19.1584 19.2188 15.085 13.1698 27.4562 24.1321 7.90852 29.0129 15.2311 17.3841 0.336357 17.4951 14.9812 21.2898 8.8252 16.519 11.3559 22.3722 10.7401 25.3609 8.46283 14.5361 19.9227 27.1388 19.6709 12.5306 8.3471 24.6068 18.8896 21.87 10.7129 11.8669 22.881 6.00238 20.7747 6.29848 7.4333 16.9387 4.06555 14.2403 5.63634 24.7135 23.1052 5.26873 3.80999 6.90279 19.0758 4.25332 15.4696 25.864 14.6977 28.7798 8.82672 18.7218 
