100
2.79072 6.34453 0.810403 0
18.6449 18.6617 16.052 0
3.21729 17.34 0.56156 0
18.7473 22.972 0.425675 0
4.63006 16.3341 2.09168 0
6.76115 11.2765 0.858314 1
8.99363 18.6595 1.55294 0
4.34883 22.1225 1.92509 1
14.0526 15.8487 1.84496 0
16.5182 21.848 0.761692 1
6.75975 7.45187 0.274846 0
3.66324 5.36696 0.982677 1
9.1773 22.8953 24.7565 0
14.2145 21.8794 1.27804 0
7.9862 14.5055 0.438773 0
6.87275 12.3078 12.1126 0
15.6409 15.987 0.771631 0
5.92085 9.46078 3.0916 0
2.49487 2.81775 0.611322 0
10.7107 18.9561 0.730071 0
15.222 23.8113 1.41802 0
4.99993 15.6871 0.45933 0
10.6347 20.0186 0.33452 0
7.16082 20.9433 1.80837 0
3.15405 12.7321 1.38365 0
3.10286 15.7106 1.35647 0
9.96489 16.0765 0.930346 0
7.30338 18.4393 18.1313 1
3.16882 15.8376 0.936026 0
7.41656 13.9323 1.05649 1
2.98258 16.068 2.21283 1
9.14019 9.9252 2.20017 1
16.8124 23.0308 1.007 0
1.63453 17.3402 1.75231 0
4.29912 22.0594 1.84188 0
7.04667 17.7187 1.56773 0
3.01834 18.3964 14.1589 1
3.16593 12.1116 1.80024 0
1.92517 16.5744 23.4177 0
8.70683 13.2149 0.579147 0
3.42796 15.5985 0.718395 0
1.63077 5.27209 23.1701 0
4.74256 9.40667 1.14709 0
12.2391 13.7829 0.353731 0
14.3989 20.9545 0.859747 0
1.87503 14.1668 0.4007 1
6.26715 10.0813 8.70024 1
6.55861 8.90188 1.63316 1
15.6798 21.9643 0.658628 0
0.818152 17.7719 1.38503 1
1.55461 8.2027 0.831747 0
1.63723 20.061 1.54807 0
16.0845 20.463 0.83332 0
0.797241 2.37298 0.526201 0
3.95627 17.7781 0.220169 0
14.9759 18.8341 1.5107 0
13.6652 22.7043 0.25737 0
10.3491 12.3496 5.36091 0
11.9443 22.3963 0.388804 1
18.9483 21.2792 0.485112 0
18.1446 19.3051 0.35551 0
10.191 13.721 1.48535 0
17.4363 19.288 5.94784 0
17.4209 22.0395 1.05701 0
17.9878 18.8599 1.9245 0
0.049984 5.23411 1.46357 0
6.59164 23.8555 2.24611 1
7.54695 20.4995 0.979419 0
4.49377 14.7494 0.526066 0
6.69625 8.1144 1.88301 1
6.49774 18.7184 0.826085 0
7.24948 20.5177 0.385326 0
2.97982 5.4595 1.82566 0
11.3181 19.0916 24.5535 0
5.95223 20.8427 1.58193 0
3.83495 7.98257 13.7697 0
16.7291 20.6464 2.02758 0
12.8619 18.6186 1.94654 0
11.5592 23.1243 1.23958 0
7.07976 19.7196 1.47155 0
2.11911 17.6114 1.29324 0
3.33117 10.497 0.722922 0
16.9155 18.3997 0.260602 0
3.29556 18.4192 1.44326 0
1.28475 8.4827 1.20467 0
1.96936 21.8753 1.81794 0
7.36876 19.2627 2.20726 0
9.60782 10.9153 1.80793 0
6.87345 17.518 0.987619 0
6.72577 17.989 0.975946 0
18.3943 21.0768 2.11663 0
15.5186 19.2755 16.1123 0
1.29381 23.3919 1.31933 0
2.23992 15.554 1.1526 1
13.2767 23.9371 1.83856 0
0.423726 19.1448 0.797193 1
15.4292 17.3961 0.220207 0
2.02566 2.21198 21.1313 0
9.11734 10.6423 2.05119 0
11.4592 22.294 1.85546 0
400 50 500
0.025 0.0125 10000 3000 15 1e+06 300000 6 9
0 9.40087 23.6975 1.6575 10.5852 34.0489 31.2926 20.1396 25.3256 17.2785 20.0915 17.056 9.85917 24.882 3.77904 17.8184 20.8363 27.2646 17.2134 20.0321 19.5207 5.544 11.9538 3.56518 21.9901 30.5272 28.3932 23.7554 35.9314 28.4901 19.8192 29.0225 25.149 26.6687 27.4765 13.7209 5.1805 22.6654 2.99801 5.80423 25.4722 26.8656 12.2034 26.6415 18.0741 24.0941 7.00922 36.1251 14.0932 11.237 14.4408 10.1919 25.2285 9.24404 21.5024 18.4785 22.6409 19.1304 27.0015 13.849 16.0861 21.6173 8.69685 29.1932 23.6609 9.3736 19.3162 12.9646 14.8808 15.3751 20.7247 13.0893 16.7375 13.7506 25.1922 17.8123 20.8416 29.9158 27.42 18.9925 21.5588 6.81923 14.5376 14.7975 26.7634 15.5717 26.0719 28.0265 36.9518 25.9169 28.9276 26.3674 17.2609 25.3079 26.8333 19.609 23.9352 24.3698 11.6365 8.04242 25.4885 
9.40087 0 24.5535 7.98913 19.2948 31.5853 32.9327 27.1776 23.9637 7.8984 16.4184 18.6772 13.7876 22.5846 5.87682 23.1627 11.6232 18.2489 8.04441 10.642 16.4982 4.71865 19.5712 12.4338 29.2242 31.7339 21.9592 29.4525 35.2394 35.9119 22.5999 30.0316 16.7376 32.0459 30.5232 19.3352 5.28472 21.1352 10.0885 9.70825 33.2774 28.5035 16.4829 20.7335 11.217 26.2349 3.1253 34.8446 6.33075 18.2895 14.0758 12.9535 32.9449 10.8593 14.6057 26.8174 13.3561 20.8409 20.6198 7.40319 6.9278 27.1853 18.0773 36.8308 18.5164 0.0411704 20.565 18.5112 9.7473 8.49274 17.9966 18.6722 7.61768 21.3886 31.11 25.7928 29.4663 27.93 29.1071 25.0402 12.4578 9.28178 21.0136 18.275 29.595 18.7471 26.1834 27.0964 36.3288 21.541 23.9013 30.1085 19.7913 19.8047 17.6482 13.8116 17.9284 17.9731 19.7173 12.9588 17.9575 
23.6975 24.5535 0 24.3872 21.6295 13.3069 8.43313 17.5461 5.77886 28.4645 11.8628 6.64512 13.9806 8.05968 24.6647 11.8562 27.3304 29.577 29.9096 28.8025 10.6881 21.6768 34.0652 26.2627 19.0432 7.18317 20.1994 14.1922 12.572 23.5697 5.57909 5.50385 25.4386 14.5971 8.01056 13.2943 25.9522 6.26462 26.6945 29.1954 23.3946 4.21818 35.893 17.9484 19.0791 3.57011 22.2584 13.2908 30.585 16.8417 10.481 33.6949 22.8332 14.8195 19.3851 22.3158 28.8672 4.69054 19.4521 19.1416 25.0784 12.9794 26.8238 25.0339 15.1371 24.5162 4.38139 36.3888 16.6259 19.4553 9.60941 13.4683 29.7912 18.2607 15.6524 20.4371 24.9918 9.36673 4.8075 13.9134 26.9694 17.2575 15.0012 9.66601 6.93963 8.80143 2.84904 6.01737 13.5091 13.573 16.3974 9.25496 6.89595 16.4144 30.5125 16.6134 17.4491 18.6232 19.5127 31.7398 22.4117 
1.6575 7.98913 24.3872 0 12.2422 34.2575 32.1655 21.696 25.6593 15.8093 19.9506 17.7794 10.7894 25.0489 2.18855 19.1483 19.545 26.061 15.6684 18.6285 19.4851 4.66963 12.449 4.50426 23.5709 31.3276 27.8222 25.1703 36.4529 30.0977 20.7777 29.7818 24.1192 28.0552 28.5419 15.0449 3.52532 22.9395 2.76352 4.81296 27.1035 27.7098 11.734 26.1634 17.3184 24.9953 5.90809 36.5487 12.4521 12.7407 14.7492 9.31011 26.8537 9.67285 20.7831 20.1308 21.3177 19.9042 26.4321 13.0703 14.8021 23.0049 10.1094 30.817 23.3012 7.9651 20.0155 12.8354 14.3617 14.5627 20.7615 14.399 15.1848 15.3431 26.6401 19.4452 22.499 30.1815 28.276 20.4273 20.313 7.19802 15.9959 15.7919 27.792 16.5302 26.6617 28.4585 37.4896 25.7223 28.6361 27.5286 18.1416 24.8968 25.5623 19.0755 23.4147 23.777 13.2612 7.54487 24.6684 
10.5852 19.2948 21.6295 12.2422 0 34.3501 27.219 10.755 25.4776 27.1005 23.6371 15.8525 9.98198 26.1212 14.284 11.2853 29.8318 35.679 27.3329 29.5271 22.5644 14.6651 14.1951 9.77982 12.2347 27.0378 33.5656 15.6586 34.0793 18.3351 16.2843 25.9414 32.7985 18.6671 22.1837 8.37308 15.7575 23.4856 12.1922 15.2544 15.1133 23.3403 18.8768 31.4184 24.8728 20.415 16.3395 34.9198 24.6038 4.79449 16.524 18.6444 14.9315 12.5865 27.8572 7.93508 31.7255 17.1339 32.2428 21.1877 25.2264 13.9684 6.18302 18.8818 28.0199 19.26 17.8222 18.0488 20.9896 22.6788 23.2022 8.16125 26.8924 4.5526 16.6862 7.53437 10.2713 30.1139 23.7575 11.1342 30.3327 11.7726 7.26646 12.1605 21.8234 12.9876 24.4482 27.2915 34.9392 29.1864 32.5344 20.3738 14.8498 29.8149 35.5788 25.2216 29.1185 29.8955 2.3336 15.7386 32.0979 
34.0489 31.5853 13.3069 34.2575 34.3501 0 14.2025 30.7804 8.95293 32.3624 15.1775 18.5147 25.398 9.22126 33.8316 25.1613 29.1839 28.3137 34.1338 31.3712 15.1444 30.4058 45.4935 37.1799 32.1605 12.6227 15.8637 26.8655 7.10416 36.0075 18.8543 12.0038 24.4327 26.4975 18.4986 26.2375 34.7389 11.4101 36.9042 38.8007 36.3147 14.1505 45.9702 14.6972 21.954 16.0697 30.3261 5.14219 36.458 29.5818 19.6186 43.1541 35.7501 24.8394 20.0438 35.6216 30.0562 17.3094 16.0924 24.442 29.0903 26.0125 38.9496 37.4925 14.4395 31.5581 16.548 47.006 21.8893 23.8718 13.6989 26.2949 34.2214 31.3752 28.078 33.742 38.2908 4.25434 14.2247 27.1934 28.361 27.2302 28.1491 22.1949 17.7624 21.3826 10.5469 7.29027 7.88913 11.0328 10.8834 20.6676 19.5699 14.2235 29.7659 18.7978 16.3654 17.2242 32.3895 41.7943 20.6226 
31.2926 32.9327 8.43313 32.1655 27.219 14.2025 0 19.9927 11.7496 36.8433 19.7092 14.5213 21.4336 14.3557 32.6689 16.054 35.4585 37.0919 38.3155 37.0513 18.6908 29.8495 40.7328 33.4832 20.7378 1.77753 26.3973 14.8286 9.09906 23.0294 11.5425 3.34647 32.9214 13.4761 5.66722 19.0545 34.0333 13.6956 34.2749 36.9689 24.114 4.48252 43.3552 24.3841 27.2039 7.20867 30.5414 11.0278 39.0059 22.6957 18.8614 41.4467 23.5675 22.8577 27.0723 25.5538 36.9062 12.3365 25.9559 27.544 33.4422 14.9002 33.0296 24.4893 22.1794 32.8949 12.4287 43.5624 24.9956 27.7922 17.406 19.4556 38.2064 23.1 15.5306 23.8255 27.6652 12.1914 3.89839 17.1085 35.0142 25.2153 19.9891 16.5581 5.58807 15.7477 7.69096 9.35334 9.44831 19.7868 21.8136 8.04034 14.0346 23.0885 38.1741 24.5174 24.5592 25.7141 24.914 39.2832 29.5743 
20.1396 27.1776 17.5461 21.696 10.755 30.7804 19.9927 0 22.9415 34.3102 24.86 14.719 13.9117 24.5859 23.3923 6.1514 35.7915 40.5623 34.9902 36.1433 23.5277 22.5244 24.6883 20.2548 2.11347 20.4347 35.0442 5.68412 28.384 8.77037 12.2502 19.9183 36.9845 8.44834 14.3529 8.2811 24.9786 22.0358 22.3689 25.5018 6.72315 17.2692 29.6289 32.7093 28.998 14.8074 24.0528 29.7906 33.2145 9.02672 18.3666 29.225 6.24713 17.3014 31.1575 5.66548 37.6754 14.5615 33.9222 26.3829 31.71 5.09878 16.7734 9.82314 29.3103 27.1377 15.5439 28.7609 25.124 27.6036 23.4753 8.86627 34.6312 6.48779 6.19473 4.19566 7.71172 26.9127 17.4605 3.71407 35.9904 18.0452 6.21008 11.6132 14.4498 11.9174 20.2364 23.5275 29.0147 29.2265 32.5107 12.0583 12.8649 31.0186 40.8791 28.1518 31.0885 32.1189 8.81448 26.3771 35.2164 
25.3256 23.9637 5.77886 25.6593 25.4776 8.95293 11.7496 22.9415 0 26.297 8.48389 9.62595 16.4532 2.62177 25.4396 16.9797 24.2239 25.3769 27.9292 26.0379 7.79748 22.108 36.6048 28.3543 24.5674 10.0285 14.8815 19.9366 11.281 29.3222 10.6949 8.41875 21.2087 20.3632 13.3425 17.5136 26.4858 2.83242 28.2373 30.32 29.0202 8.88978 37.3924 12.7518 16.104 9.30174 22.2623 10.9802 29.455 20.7387 10.9113 34.7517 28.4626 16.0818 15.4856 27.3439 25.5316 8.67902 14.3108 17.4013 22.8795 18.6118 29.9967 30.7808 10.4317 23.9317 7.81368 38.2867 14.7435 17.2563 6.30577 17.5125 27.9086 22.7233 21.4227 25.4631 30.1503 4.70194 9.31704 19.2428 23.6641 18.5216 19.5607 13.3649 12.3261 12.5839 4.26156 3.20051 12.3735 8.19212 10.7349 14.8947 10.8546 11.3766 26.5053 13.1664 12.8114 13.9647 23.5814 33.201 17.8249 
17.2785 7.8984 28.4645 15.8093 27.1005 32.3624 36.8433 34.3102 26.297 0 17.8577 23.6619 20.4776 24.2929 13.6413 29.6877 5.11105 11.6617 1.8279 3.12878 18.5196 12.4355 26.5786 20.154 36.4011 35.4043 19.3798 35.9094 37.3025 43.0804 27.8622 33.6592 11.6608 38.2631 35.4638 26.1728 12.7103 23.6572 17.6353 16.5064 40.6465 32.653 22.1788 18.9774 10.4345 30.8539 10.7614 36.4484 5.98887 25.6757 18.6163 18.4888 40.279 17.1735 12.6395 34.4547 6.27987 25.64 18.2738 9.34374 3.42385 33.6518 25.9186 44.0904 18.0111 7.92866 25.1123 24.6192 11.8476 9.09102 19.9926 25.5366 2.08918 28.8698 37.6316 33.316 37.183 29.3867 33.253 31.8038 6.24297 16.29 28.1002 24.2746 34.4479 24.5548 29.4376 29.4879 38.3943 21.4144 22.7947 35.4834 25.162 18.6726 10.6445 13.5874 16.4859 16.0096 27.3632 19.4454 14.3131 
20.0915 16.4184 11.8628 19.9506 23.6371 15.1775 19.7092 24.86 8.48389 17.8577 0 10.2407 13.6559 6.45947 19.1598 18.7821 15.8064 17.7324 19.5254 17.5616 1.36116 15.6818 31.9988 23.5258 26.8383 18.1056 10.2565 23.7042 19.4709 32.7232 13.8606 16.3878 13.6179 25.0826 19.7654 17.3656 19.8821 6.03495 22.6996 24.1787 31.5216 15.9969 31.4277 7.96495 7.62537 15.0613 15.3634 18.7486 21.3907 19.5012 7.14467 28.373 31.008 11.5979 7.5265 27.8771 17.2028 11.1431 9.07614 9.30148 14.4536 21.8004 26.6652 34.0693 4.51325 16.392 10.2224 32.773 6.71481 8.9106 2.30349 17.0475 19.5329 22.3345 25.4184 26.1211 30.8813 11.7019 16.5516 21.2972 15.3146 13.5648 19.7488 13.335 18.6868 12.9477 12.0384 11.6522 20.5657 5.84942 9.03754 20.5931 12.1621 6.29153 18.6498 4.80877 6.26593 7.35729 22.3287 27.3309 10.8637 
17.056 18.6772 6.64512 17.7794 15.8525 18.5147 14.5213 14.719 9.62595 23.6619 10.2407 0 7.3614 10.4881 18.1642 8.58651 23.5251 27.0953 24.8988 24.5676 8.88644 15.3407 27.5563 19.6404 16.6485 13.571 20.3393 13.5978 19.0709 22.4887 4.23173 12.0035 23.1944 15.3005 11.907 8.02047 19.5136 7.82247 20.0536 22.5919 21.3233 10.0387 29.2485 18.0001 15.67 7.57175 16.1089 19.54 24.9129 11.1168 5.06532 27.0893 20.8019 8.33683 17.1142 18.2985 25.2642 2.19327 19.2457 14.4332 20.4362 11.6043 20.5583 23.8293 14.6235 18.6378 2.26954 29.7596 12.311 15.1672 8.75627 7.94449 24.7013 13.2606 15.3416 16.4557 21.2347 14.2695 10.6267 11.094 23.411 10.7156 10.2323 3.77817 10.9438 3.07573 9.15045 11.6037 20.0505 14.5797 17.9121 11.8274 1.92568 16.3107 27.7147 14.077 16.5062 17.5847 13.9719 25.0983 20.9268 
9.85917 13.7876 13.9806 10.7894 9.98198 25.398 21.4336 13.9117 16.4532 20.4776 13.6559 7.3614 0 16.634 11.5933 9.37658 21.9172 26.9993 21.2763 22.2328 12.6012 9.48673 20.2491 12.2829 16.0209 20.6844 23.6312 15.6665 26.4261 22.6607 9.98973 19.2077 23.6913 18.277 17.7834 5.69621 13.0993 14.1021 12.845 15.5641 20.4448 17.0095 21.9793 21.4569 15.6277 14.2378 10.7525 26.8316 20.0734 6.1641 6.56584 20.0242 20.0317 3.39777 18.2942 15.1533 23.8107 9.33612 22.3259 12.5703 17.8011 13.3985 13.6004 23.7332 18.046 13.7465 9.62743 22.4083 11.6694 13.8837 13.3184 5.0673 20.953 9.33424 17.3339 13.6393 18.1364 21.1538 17.5617 11.3473 22.1682 4.54012 7.74341 5.01325 17.0117 5.74096 16.5063 18.8026 27.4105 19.2528 22.5844 16.9045 7.40243 19.8423 27.1782 15.4948 19.2221 20.0517 8.81734 17.8682 22.5224 
24.882 22.5846 8.05968 25.0489 26.1212 9.22126 14.3557 24.5859 2.62177 24.2929 6.45947 10.4881 16.634 0 24.6125 18.5008 21.9353 22.8218 25.9758 23.8402 6.09558 21.1937 36.4597 28.0796 26.316 12.623 12.2936 21.9906 13.0148 31.3665 12.3944 11.0327 18.6588 22.6246 15.8548 18.5085 25.5377 2.66604 27.7105 29.5795 30.859 11.4634 36.7531 10.1392 13.9514 11.6294 21.1611 12.3245 27.7966 21.4889 10.5098 33.937 30.308 15.7237 13.0453 28.675 23.1704 10.0496 11.6946 15.6913 20.8994 20.5141 30.23 32.8081 7.84774 22.5552 9.08915 37.8231 13.0557 15.3687 4.58823 18.4167 25.9895 23.7486 23.5417 26.8088 31.5568 5.34559 11.9089 20.8718 21.3219 18.0726 20.6946 14.258 14.82 13.5577 6.87012 5.42168 14.1088 5.60403 8.34378 17.2971 12.0179 8.7549 23.9827 10.9081 10.2243 11.3696 24.3725 32.5804 15.2284 
3.77904 5.87682 24.6647 2.18855 14.284 33.8316 32.6689 23.3923 25.4396 13.6413 19.1598 18.1642 11.5933 24.6125 0 20.4299 17.4859 24.0623 13.48 16.4925 18.8333 3.47822 14.0256 6.55756 25.3202 31.728 26.4629 26.573 36.4403 31.9082 21.4694 30.1292 22.2821 29.3972 29.3505 16.3499 1.59335 22.6596 4.30672 5.01898 28.9915 28.1897 12.2691 24.9183 15.8074 25.5734 4.22895 36.4018 10.332 14.3746 14.6168 9.32783 28.7216 9.84865 19.2887 22.1185 19.232 20.3368 25.08 11.5813 12.7611 24.3662 12.2831 32.6764 22.2128 5.85569 20.3421 13.7669 13.169 13.0139 20.1901 15.688 12.9963 17.1448 28.1001 21.3493 24.5549 29.847 28.7706 21.8849 18.289 7.45367 17.5212 16.588 28.547 17.2649 26.7849 28.3552 37.4963 24.8214 27.6023 28.4917 18.7451 23.7373 23.5103 17.8097 22.134 22.4104 15.1558 8.2156 23.0447 
17.8184 23.1627 11.8562 19.1483 11.2853 25.1613 16.054 6.1514 16.9797 29.6877 18.7821 8.58651 9.37658 18.5008 20.4299 0 30.6044 34.9636 30.5808 31.2089 17.439 18.7758 25.2499 19.0029 8.0633 16.0529 28.9251 6.28997 23.5774 14.1279 6.33291 15.1662 31.2508 8.98087 10.8988 4.10353 22.0066 15.922 20.5256 23.5779 12.7425 12.4879 28.9299 26.5865 23.3787 9.68341 20.1114 24.7298 29.4352 7.17704 12.5554 27.7698 12.2262 12.5315 25.3083 10.4604 32.4517 8.45287 27.8221 21.1711 26.8246 4.0229 17.3188 15.4001 23.203 23.1216 9.42504 28.6323 19.6164 22.2579 17.3379 4.75242 30.2753 7.04601 7.96764 8.58097 13.1851 21.1495 12.8244 2.51534 30.6925 13.8933 4.02567 5.78083 10.57 5.91774 14.6599 17.871 24.3347 23.0754 26.364 9.14574 6.71632 24.8969 35.3959 22.2775 25.0336 26.0859 8.9538 25.1758 29.2873 
20.8363 11.6232 27.3304 19.545 29.8318 29.1839 35.4585 35.7915 24.2239 5.11105 15.8064 23.5251 21.9172 21.9353 17.4859 30.6044 0 6.73758 6.71514 2.45931 16.768 15.49 31.0511 24.0296 37.9048 33.8891 15.0028 36.6131 34.7307 44.4863 27.744 32.1606 6.65802 38.6891 34.8637 27.5132 16.8484 21.8371 21.709 21.013 42.362 31.5436 27.0738 15.0045 8.26044 30.1398 13.8794 33.6303 11.0969 27.6762 18.5218 23.3852 41.9471 18.52 9.15181 36.6963 1.90612 25.2639 14.053 9.43963 4.75027 34.4119 29.5243 45.6103 14.7771 11.6414 24.5776 29.4297 11.2181 8.40267 18.0932 26.9266 7.11093 30.9328 38.3687 35.369 39.5616 26.6696 32.1239 32.9108 1.15172 18.2997 29.6589 24.9097 33.8057 25.0163 27.8239 27.3236 35.8023 18.1588 18.9607 35.2275 25.2439 15.0416 6.02522 11.0576 12.8529 12.1315 29.7319 24.1014 9.72082 
27.2646 18.2489 29.577 26.061 35.679 28.3137 37.0919 40.5623 25.3769 11.6617 17.7324 27.0953 26.9993 22.8218 24.0623 34.9636 6.73758 0 13.0195 8.58836 18.979 21.7939 37.7584 30.5638 42.6627 35.3957 12.5929 40.6305 34.6742 49.0678 31.1507 33.746 4.1705 42.3811 37.4968 32.3352 23.5143 23.5021 28.3286 27.7377 47.2521 33.6556 33.7866 13.646 11.5869 32.7846 20.2565 33.2116 17.6016 33.0313 22.4382 30.0958 46.7995 23.6781 10.2113 42.0968 5.40791 28.4939 12.2215 14.5521 11.3212 38.5307 35.8985 50.2861 14.9846 18.264 27.6645 36.1617 15.4411 13.1393 19.9677 31.8068 13.4849 36.2746 42.3869 40.6348 45.0396 26.7006 34.1911 37.3942 5.7975 23.9332 34.6145 29.1828 36.4183 29.1202 29.4269 28.1758 35.6818 17.8892 17.4492 38.2506 28.961 14.4345 1.68041 13.137 12.6263 11.5247 35.3252 30.8379 7.76755 
17.2134 8.04441 29.9096 15.6684 27.3329 34.1338 38.3155 34.9902 27.9292 1.8279 19.5254 24.8988 21.2763 25.9758 13.48 30.5808 6.71514 13.0195 0 4.45202 20.1366 12.7409 25.8515 19.8689 37.064 36.9072 21.1976 36.8396 38.9904 43.7543 29.0667 35.1633 13.3474 39.2691 36.7592 26.9501 12.3788 25.2568 17.2573 15.8303 41.2174 34.0772 21.0961 20.8052 12.1859 32.1938 11.0956 38.1723 4.63467 26.2188 19.89 17.4241 40.8685 18.0511 14.4624 34.8491 7.61503 26.9238 20.0982 10.7715 5.08001 34.5739 25.7357 44.7212 19.8091 8.08021 26.4381 23.6155 13.3501 10.6776 21.6241 26.3019 0.522905 29.3653 38.5448 33.7901 37.5102 31.1072 34.6796 32.6236 7.86534 16.948 28.7877 25.2921 35.7571 25.6211 30.9771 31.1259 40.0839 23.2073 24.6191 36.6906 26.3302 20.4923 11.8615 15.343 18.3079 17.8373 27.7475 18.6144 16.1048 
20.0321 10.642 28.8025 18.6285 29.5271 31.3712 37.0513 36.1433 26.0379 3.12878 17.5616 24.5676 22.2328 23.8402 16.4925 31.2089 2.45931 8.58836 4.45202 0 18.4183 14.93 29.6601 23.0426 38.2506 35.5277 17.4377 37.333 36.742 44.8917 28.7992 33.7887 9.08186 39.5392 36.1445 27.9063 15.6672 23.5477 20.5878 19.5858 42.6121 33.02 25.305 17.3636 9.93627 31.4535 13.2654 35.7177 9.01344 27.7459 19.5091 21.6157 42.22 18.8526 11.3363 36.6684 3.18177 26.4175 16.4607 10.17 4.43583 35.1003 28.7179 45.9619 16.9332 10.6673 25.7943 27.7478 12.3256 9.44383 19.8103 27.2933 4.90266 30.9821 39.0774 35.4353 39.4674 28.711 33.6097 33.4338 3.58307 18.3079 29.9549 25.6188 35.101 25.8043 29.4824 29.1807 37.8218 20.3388 21.2987 36.3657 26.201 17.3151 7.51954 12.9343 15.1153 14.4558 29.6199 22.5578 12.1729 
19.5207 16.4982 10.6881 19.4851 22.5644 15.1444 18.6908 23.5277 7.79748 18.5196 1.36116 8.88644 12.6012 6.09558 18.8333 17.439 16.768 18.979 20.1366 18.4183 0 15.3693 31.3625 22.8949 25.4983 17.1278 11.5479 22.3436 18.9824 31.365 12.5056 15.3954 14.8885 23.7353 18.5274 16.1044 19.6516 5.14825 22.212 23.8431 30.1805 14.8617 31.0742 9.23536 8.5186 13.807 15.1949 18.407 21.7373 18.3414 6.04058 28.115 29.6652 10.7677 8.76857 26.6196 18.2331 9.78881 10.3957 9.64189 15.0978 20.4397 25.7982 32.713 5.79833 16.4693 8.87423 32.3203 6.99003 9.46055 1.52066 15.8055 20.1118 21.1204 24.0587 24.8508 29.6189 11.4367 15.4276 19.9535 16.3374 12.8651 18.4813 12.0324 17.4498 11.6233 11.0696 10.9974 20.079 6.67965 9.98601 19.2982 10.8061 7.54956 19.8515 5.92624 7.62363 8.71833 21.1887 26.9415 12.2081 
5.544 4.71865 21.6768 4.66963 14.6651 30.4058 29.8495 22.5244 22.108 12.4355 15.6818 15.3407 9.48673 21.1937 3.47822 18.7758 15.49 21.7939 12.7409 14.93 15.3693 0 17.1155 9.03169 24.5552 28.8139 23.1739 25.0462 33.1985 31.2365 18.9402 27.174 19.6053 27.7318 26.8902 14.8373 4.37895 19.3071 7.37551 8.49701 28.5679 25.3693 15.7473 21.5562 12.6501 22.8728 1.67513 33.0856 10.7254 13.5916 11.4013 12.7538 28.2403 7.04738 16.1135 22.1084 17.3387 17.5334 21.7852 8.40256 10.7642 22.7903 14.1049 32.1361 18.7804 4.68068 17.4343 17.1982 9.7662 9.90251 16.7405 14.1687 12.3262 16.6727 26.6661 21.0741 24.7812 26.4564 25.9614 20.5283 16.1454 4.96734 16.3965 14.2792 26.0267 14.8595 23.6615 25.0777 34.2645 21.3494 24.1568 26.2407 16.1509 20.3329 21.4357 14.4534 18.7905 19.1249 15.0069 11.6784 20.0162 
11.9538 19.5712 34.0652 12.449 14.1951 45.4935 40.7328 24.6883 36.6048 26.5786 31.9988 27.5563 20.2491 36.4597 14.0256 25.2499 31.0511 37.7584 25.8515 29.6601 31.3625 17.1155 0 8.47326 25.8401 40.3034 40.263 29.835 46.6097 31.0621 29.3034 39 36.2558 32.8341 36.0472 21.7212 14.2876 34.0912 9.76665 10.0744 27.548 36.5572 7.03734 38.5657 29.7528 33.6346 18.2236 47.0774 21.5253 18.1503 25.9509 9.46108 27.5491 20.7532 33.224 20.4036 32.6552 29.3747 38.8721 25.5053 26.4634 28.1599 8.01208 31.2091 35.6138 19.5607 29.7964 4.80737 26.7751 26.9811 32.4951 21.2855 25.3288 18.747 30.7841 20.8732 21.307 41.2826 37.0437 25.3225 31.9623 18.5058 21.2502 24.4692 35.5702 25.3299 36.6976 39.0492 47.5688 37.8389 40.8769 34.3957 27.2132 37.2536 37.0305 31.5 35.8367 36.2213 16.4745 7.32599 37.0569 
3.56518 12.4338 26.2627 4.50426 9.77982 37.1799 33.4832 20.2548 28.3543 20.154 23.5258 19.6404 12.2829 28.0796 6.55756 19.0029 24.0296 30.5638 19.8689 23.0426 22.8949 9.03169 8.47326 0 21.9065 32.8586 31.9556 24.5246 38.6846 28.1141 21.9407 31.4354 28.5963 27.5168 29.2775 15.0372 7.49009 25.7702 2.74369 5.5425 24.8772 29.14 9.97052 30.1914 21.6263 26.282 10.3882 39.0081 16.2519 11.9344 17.576 8.97672 24.7072 12.3561 25.0616 17.6209 25.7867 21.6047 30.564 17.3932 19.293 22.5245 5.95952 28.6505 27.1825 12.4122 21.9085 10.13 18.4425 18.9124 24.0446 14.4748 19.3687 13.7721 25.8041 17.3121 19.6138 32.9997 29.6679 19.7553 24.8106 10.0524 15.3123 16.9371 28.6566 17.7667 28.7717 30.9277 39.679 29.3671 32.4189 27.9362 19.5738 28.8431 30.0512 23.1699 27.4931 27.9341 11.4449 6.20644 29.0292 
21.9901 29.2242 19.0432 23.5709 12.2347 32.1605 20.7378 2.11347 24.5674 36.4011 26.8383 16.6485 16.0209 26.316 25.3202 8.0633 37.9048 42.6627 37.064 38.2506 25.4983 24.5552 25.8401 21.9065 0 21.3401 36.9877 5.95253 29.3817 6.69126 13.9268 20.9766 39.0694 8.22743 15.0713 10.3944 26.9004 23.8072 24.1164 27.2414 4.68449 18.3819 31.0728 34.6485 31.0935 16.101 26.0989 30.8935 35.2236 11.0005 20.428 30.846 4.18205 19.4122 33.2206 5.8589 39.7889 16.3512 35.8847 28.4961 33.8167 6.1595 18.0545 7.71234 31.2662 29.1845 17.3413 30.0656 27.2267 29.7147 25.3946 10.9792 36.7007 8.24632 5.83866 4.96931 7.09576 28.3917 18.5139 5.55563 38.1034 20.1257 8.30468 13.6548 15.3095 13.9198 21.652 24.9616 29.9534 31.0795 34.3369 12.7029 14.7661 32.9592 42.9871 30.2081 33.082 34.1241 10.4845 27.9611 37.2611 
30.5272 31.7339 7.18317 31.3276 27.0378 12.6227 1.77753 20.4347 10.0285 35.4043 18.1056 13.571 20.6844 12.623 31.728 16.0529 33.8891 35.3957 36.9072 35.5277 17.1278 28.8139 40.3034 32.8586 21.3401 0 24.6264 15.5226 8.09103 24.0699 11.0008 1.74511 31.2257 14.4671 6.40889 18.7537 33.0535 12.0745 33.521 36.1399 24.9402 3.74622 42.66 22.6229 25.6463 6.67621 29.4321 9.83167 37.7381 22.4128 17.6639 40.6319 24.3856 21.8842 25.4155 25.8975 35.3082 11.4239 24.1954 26.1417 31.9929 15.342 32.7138 25.5433 20.4596 31.6968 11.392 42.9726 23.5639 26.3301 15.8061 19.104 36.813 23.0665 16.3866 24.1209 28.1433 10.4407 3.28304 17.3446 33.42 24.2849 19.8844 15.9313 6.03134 15.0936 6.06758 7.57681 8.61389 18.0255 20.036 8.78567 13.2975 21.341 36.4974 22.9078 22.8391 23.9899 24.7631 38.5515 27.8498 
28.3932 21.9592 20.1994 27.8222 33.5656 15.8637 26.3973 35.0442 14.8815 19.3798 10.2565 20.3393 23.6312 12.2936 26.4629 28.9251 15.0028 12.5929 21.1976 17.4377 11.5479 23.1739 40.263 31.9556 36.9877 24.6264 0 33.4702 22.5263 42.6799 23.5675 23.1525 9.04579 34.5031 28.1215 27.6195 26.6889 14.0068 30.5492 31.2633 41.6616 23.7568 38.3468 2.34437 10.7651 23.742 22.2516 20.888 24.763 29.6363 17.2951 34.8936 41.1383 21.1074 7.36025 38.1273 15.3205 20.8943 1.39168 14.9005 16.7798 31.7083 35.9354 44.0627 5.7499 21.9495 19.9142 40.1588 13.5132 13.5529 11.6124 27.2914 21.4548 32.5461 35.1296 36.3767 41.1337 14.8634 24.1968 31.4331 13.9589 22.6165 30.0043 23.5801 27.0743 23.162 19.1425 17.0646 23.4786 6.69109 5.01236 29.4422 22.2307 4.02912 14.138 8.78818 4.51205 4.05262 32.4168 34.5572 5.34202 
23.7554 29.4525 14.1922 25.1703 15.6586 26.8655 14.8286 5.68412 19.9366 35.9094 23.7042 13.5978 15.6665 21.9906 26.573 6.28997 36.6131 40.6305 36.8396 37.333 22.3436 25.0462 29.835 24.5246 5.95253 15.5226 33.4702 0 23.6039 9.38688 9.90709 15.3055 36.7773 3.01605 9.17507 10.2476 28.1599 19.6893 26.3145 29.4213 9.49301 12.8105 34.265 31.1325 29.1054 10.8864 26.3977 25.2106 35.7209 12.628 18.2354 33.4517 8.93068 18.7901 30.7109 11.3179 38.4314 12.6053 32.4965 27.2204 32.9815 2.26933 21.8314 10.8444 27.8992 29.4114 13.5709 33.6577 25.486 28.2205 21.9278 10.9161 36.5416 11.1143 1.76016 9.86945 13.0116 23.3278 12.8653 4.78181 36.6337 20.1807 9.25412 11.7183 9.507 11.6054 16.546 19.8415 24.1282 27.1691 30.2667 6.78954 11.6945 29.4741 41.1733 27.6722 29.9415 31.0562 13.4499 30.7301 34.4977 
35.9314 35.2394 12.572 36.4529 34.0793 7.10416 9.09906 28.384 11.281 37.3025 19.4709 19.0709 26.4261 13.0148 36.4403 23.5774 34.7307 34.6742 38.9904 36.742 18.9824 33.1985 46.6097 38.6846 29.3817 8.09103 22.5263 23.6039 0 32.1012 17.8017 8.47913 30.6458 22.5155 14.4962 25.7068 37.5724 14.105 38.9072 41.2064 33.0312 11.1575 48.1212 21.0605 26.925 13.8945 33.4582 2.23899 40.709 29.319 21.8248 45.6846 32.4765 26.7801 25.6379 33.7361 35.8202 17.2513 22.5573 28.6238 33.9133 23.3194 39.3902 33.5671 20.0637 35.2071 16.8174 48.7797 25.9695 28.373 17.4642 25.942 39.0035 30.4291 24.4742 31.9188 36.0932 8.07659 10.9263 25.1347 34.0273 29.2549 27.1767 22.2363 14.0987 21.3713 9.92058 8.15418 1.09658 16.8506 17.5183 16.8764 19.4667 20.2744 36.0331 23.8281 22.2585 23.2581 31.8944 43.9364 26.9084 
28.4901 35.9119 23.5697 30.0977 18.3351 36.0075 23.0294 8.77037 29.3222 43.0804 32.7232 22.4887 22.6607 31.3665 31.9082 14.1279 44.4863 49.0678 43.7543 44.8917 31.365 31.2365 31.0621 28.1141 6.69126 24.0699 42.6799 9.38688 32.1012 0 19.1496 24.1684 45.3781 9.60552 17.7002 16.9903 33.4787 29.0285 30.4602 33.5583 3.54463 21.8585 36.8325 40.3363 37.4812 20.2038 32.7868 33.9005 41.8873 17.6606 26.6827 36.9427 3.51563 26.0401 39.4277 10.7406 46.361 21.7906 41.6559 35.0566 40.4614 10.9727 23.6822 1.48504 37.0371 35.8723 22.7759 35.5523 33.6711 36.2321 31.0808 17.5985 43.3917 14.7655 7.96045 10.8023 9.99914 32.6166 21.817 11.6739 44.649 26.813 14.9804 19.8986 18.3021 20.0335 25.854 29.124 32.4763 36.4823 39.6185 15.3985 20.564 38.6624 49.4573 36.3929 38.9886 40.073 16.8692 34.0081 43.3701 
19.8192 22.5999 5.57909 20.7777 16.2843 18.8543 11.5425 12.2502 10.6949 27.8622 13.8606 4.23173 9.98973 12.3944 21.4694 6.33291 27.744 31.1507 29.0667 28.7992 12.5056 18.9402 29.3034 21.9407 13.9268 11.0008 23.5675 9.90709 17.8017 19.1496 0 9.73378 27.1827 11.2581 7.95468 7.91222 22.9148 9.93041 22.7848 25.5522 18.4684 7.25518 31.8233 21.2282 19.8229 4.34954 19.8795 18.7351 28.8931 11.5485 9.29363 30.0031 17.9193 11.9061 21.061 16.7823 29.4713 2.7177 22.5896 18.6603 24.6566 8.19205 21.7681 20.5586 17.9958 22.5597 3.66622 32.0253 16.5358 19.3964 12.0251 8.18554 28.8554 12.7191 11.5893 14.9 19.5154 14.8178 7.75449 8.54797 27.611 14.0792 9.45452 5.02951 7.09186 4.25043 8.4195 11.5686 18.6549 17.3389 20.5157 7.62458 2.81023 19.5676 31.8282 18.0482 20.0647 21.1912 14.0934 27.7711 24.7069 
29.0225 30.0316 5.50385 29.7818 25.9414 12.0038 3.34647 19.9183 8.41875 33.6592 16.3878 12.0035 19.2077 11.0327 30.1292 15.1662 32.1606 33.746 35.1633 33.7887 15.3954 27.174 39 31.4354 20.9766 1.74511 23.1525 15.3055 8.47913 24.1684 9.73378 0 29.5755 14.5859 6.51568 17.5986 31.4355 10.3635 32.0196 34.5947 24.7918 2.68631 41.185 21.1028 23.9138 5.5378 27.7617 9.92006 36.0157 21.2536 15.971 39.0913 24.2311 20.2806 23.7295 25.2579 33.5899 9.89233 22.6718 24.3987 30.2478 14.8728 31.5018 25.6512 18.8424 29.9947 9.78902 41.5614 21.8192 24.5851 14.0862 17.908 35.0702 22.1049 16.3321 23.4442 27.6233 9.34239 2.46356 16.6582 31.7 22.6993 18.8801 14.5541 5.87157 13.7031 4.35346 6.21272 9.17961 16.5095 18.6613 8.76996 11.8636 19.7792 34.8281 21.1935 21.222 22.3792 23.6982 37.0583 26.2391 
25.149 16.7376 25.4386 24.1192 32.7985 24.4327 32.9214 36.9845 21.2087 11.6608 13.6179 23.1944 23.6913 18.6588 22.2821 31.2508 6.65802 4.1705 13.3474 9.08186 14.8885 19.6053 36.2558 28.5963 39.0694 31.2257 9.04579 36.7773 30.6458 45.3781 27.1827 29.5755 0 38.4351 33.3798 28.8349 21.9906 19.3399 26.5885 26.4408 43.6999 29.5007 32.9708 9.73915 8.06508 28.6792 18.2123 29.2475 17.5689 29.8146 18.6954 29.3194 43.2316 20.4693 6.13558 38.8444 6.46373 24.5029 8.42863 11.6582 10.1074 34.7172 33.601 46.6304 10.831 16.7438 23.6497 35.1645 12.0221 10.1361 15.8314 28.3391 13.7172 33.0226 38.5277 37.3088 41.8223 22.6319 30.0331 33.714 5.50956 21.0359 31.1607 25.4823 32.301 25.3608 25.2573 24.0243 31.6673 13.8123 13.6556 34.1838 25.0845 10.3721 5.38997 9.13498 8.48667 7.41206 32.2482 29.6669 3.82135 
26.6687 32.0459 14.5971 28.0552 18.6671 26.4975 13.4761 8.44834 20.3632 38.2631 25.0826 15.3005 18.277 22.6246 29.3972 8.98087 38.6891 42.3811 39.2691 39.5392 23.7353 27.7318 32.8341 27.5168 8.22743 14.4671 34.5031 3.01605 22.5155 9.60552 11.2581 14.5859 38.4351 0 8.09729 13.0476 30.9778 20.5307 29.268 32.3652 10.7516 12.3627 37.2761 32.1893 30.9648 11.0659 29.0293 24.2961 38.3477 15.6014 20.183 36.4295 10.2249 21.2713 32.3175 13.9364 40.4718 13.9598 33.6163 29.3786 35.2427 5.05175 24.835 11.0827 29.0829 32.0048 14.8611 36.6732 27.4892 30.2876 23.1481 13.7093 38.9915 14.1265 2.39107 12.6346 15.2894 23.2701 12.2744 7.76154 38.6418 22.8152 12.2208 13.9889 8.73987 13.739 16.5951 19.7885 22.9208 28.0191 30.9675 5.8313 13.4823 30.568 43.0152 29.3002 31.23 32.3728 16.4651 33.7232 35.9434 
27.4765 30.5232 8.01056 28.5419 22.1837 18.4986 5.66722 14.3529 13.3425 35.4638 19.7654 11.907 17.7834 15.8548 29.3505 10.8988 34.8637 37.4968 36.7592 36.1445 18.5274 26.8902 36.0472 29.2775 15.0713 6.40889 28.1215 9.17507 14.4962 17.7002 7.95468 6.51568 33.3798 8.09729 0 14.3702 30.8203 14.2709 30.3902 33.263 18.5402 4.58001 39.2424 25.9037 26.6913 4.73857 27.8315 16.2161 36.7949 17.8968 16.8692 37.6612 17.9874 19.8605 27.2869 19.9491 36.4878 9.83572 27.4242 26.1493 32.1692 9.27679 28.1779 19.1791 23.1466 30.4833 10.3641 39.1988 23.8221 26.7027 17.5584 14.8673 36.5772 17.8801 9.97827 18.2549 22.007 15.53 4.34022 11.6259 34.5961 22.0067 14.9193 12.7711 1.07874 12.088 9.192 12.1257 14.9751 21.4484 24.0692 2.39044 10.7595 24.3981 38.3749 24.4334 25.459 26.633 19.8526 35.2922 30.4139 
13.7209 19.3352 13.2943 15.0449 8.37308 26.2375 19.0545 8.2811 17.5136 26.1728 17.3656 8.02047 5.69621 18.5085 16.3499 4.10353 27.5132 32.3352 26.9501 27.9063 16.1044 14.8373 21.7212 15.0372 10.3944 18.7537 27.6195 10.2476 25.7068 16.9903 7.91222 17.5986 28.8349 13.0476 14.3702 0 17.9317 15.8429 16.4558 19.4913 14.9228 15.029 24.9993 25.3287 20.8043 12.0936 16.2428 26.5738 25.5475 3.65958 10.4508 23.7178 14.4811 9.05402 23.132 10.5152 29.3955 8.92858 26.4089 18.1018 23.4796 8.02064 13.9778 18.097 21.8786 19.2944 9.71463 24.8431 16.896 19.3306 16.3592 0.669568 26.6172 5.24032 11.8352 8.75957 13.5161 22.0445 15.4711 5.70493 27.7097 10.0614 2.39102 4.26306 13.8539 4.95764 16.1295 19.0689 26.5667 22.35 25.7172 12.9074 6.6747 23.6486 32.6176 20.176 23.4358 24.3967 6.21845 21.1707 27.273 
5.1805 5.28472 25.9522 3.52532 15.7575 34.7389 34.0333 24.9786 26.4858 12.7103 19.8821 19.5136 13.0993 25.5377 1.59335 22.0066 16.8484 23.5143 12.3788 15.6672 19.6516 4.37895 14.2876 7.49009 26.9004 33.0535 26.6889 28.1599 37.5724 33.4787 22.9148 31.4355 21.9906 30.9778 30.8203 17.9317 0 23.6824 4.9257 4.58084 30.5416 29.5511 11.716 25.2543 15.9471 26.9743 4.56201 37.464 8.94471 15.9639 15.762 8.49438 30.2776 11.1772 19.4175 23.6265 18.5276 21.6969 25.3181 11.7999 12.1973 25.95 13.3812 34.2353 22.6936 5.27367 21.6614 13.4807 13.6397 13.1463 21.0519 17.2687 11.8792 18.7135 29.6908 22.8923 26.0201 30.8169 30.1366 23.4761 17.7179 8.84755 19.1146 18.0744 30.0017 18.7326 27.9997 29.4554 38.6368 25.4358 28.1046 30.0038 20.169 24.1521 22.8637 18.1678 22.4511 22.6469 16.6992 7.87799 23.0141 
22.6654 21.1352 6.26462 22.9395 23.4856 11.4101 13.6956 22.0358 2.83242 23.6572 6.03495 7.82247 14.1021 2.66604 22.6596 15.922 21.8371 23.5021 25.2568 23.5477 5.14825 19.3071 34.0912 25.7702 23.8072 12.0745 14.0068 19.6893 14.105 29.0285 9.93041 10.3635 19.3399 20.5307 14.2709 15.8429 23.6824 0 25.5488 27.5654 28.3873 10.1757 34.6721 11.7242 13.6233 9.75739 19.4366 13.7982 26.6665 18.8355 8.22458 31.9807 27.8409 13.4377 13.3954 26.0345 23.235 7.47471 13.2082 14.6481 20.2338 18.1083 27.7011 30.4543 8.87725 21.103 6.49705 35.6294 11.9934 14.5805 3.74481 15.7513 25.2183 21.0828 21.2906 24.1721 28.9286 7.25099 10.6981 18.3247 21.3484 15.8475 18.035 11.592 13.2026 10.8934 6.01037 5.97879 15.1956 7.49864 10.593 15.4536 9.37641 10.1626 24.5232 10.8334 11.2048 12.3795 21.7165 30.4843 16.193 
2.99801 10.0885 26.6945 2.76352 12.1922 36.9042 34.2749 22.3689 28.2373 17.6353 22.6996 20.0536 12.845 27.7105 4.30672 20.5256 21.709 28.3286 17.2573 20.5878 22.212 7.37551 9.76665 2.74369 24.1164 33.521 30.5492 26.3145 38.9072 30.4602 22.7848 32.0196 26.5885 29.268 30.3902 16.4558 4.9257 25.5488 0 3.13403 27.2981 29.8544 9.21573 28.9119 19.9901 27.0726 8.46232 39.0739 13.5353 13.696 17.332 7.28343 27.101 12.172 23.4643 20.1088 23.4184 22.1277 29.1603 15.7441 17.0115 24.2289 8.69587 31.0601 26.0635 10.0716 22.3132 10.1206 17.111 17.215 23.4687 15.8446 16.7507 15.8923 27.6846 19.6735 22.215 32.7988 30.4066 21.5335 22.543 9.71652 17.0607 17.7577 29.6961 18.5419 29.0588 30.9758 39.9313 28.4801 31.3995 29.2208 20.2474 27.655 27.7327 21.8175 26.1564 26.5004 13.6367 5.04538 27.293 
5.80423 9.70825 29.1954 4.81296 15.2544 38.8007 36.9689 25.5018 30.32 16.5064 24.1787 22.5919 15.5641 29.5795 5.01898 23.5779 21.013 27.7377 15.8303 19.5858 23.8431 8.49701 10.0744 5.5425 27.2414 36.1399 31.2633 29.4213 41.2064 33.5583 25.5522 34.5947 26.4408 32.3652 33.263 19.4913 4.58084 27.5654 3.13403 0 30.3676 32.5174 7.25172 29.8029 20.527 29.7905 9.05902 41.2508 11.6639 16.8135 19.4337 4.49954 30.1817 14.4428 23.9982 23.1409 22.591 24.7168 29.8903 16.3673 16.492 27.3205 11.2099 34.1355 27.1776 9.70385 24.826 8.90013 18.1205 17.7257 25.1877 18.8683 15.309 19.0232 30.805 22.7625 25.1555 34.7818 33.0818 24.6423 21.9503 11.9719 20.1703 20.5472 32.5357 21.3019 31.4471 33.1745 42.2496 29.8305 32.5786 32.1715 22.9391 28.6701 26.972 22.7046 27.0042 27.2186 16.7585 3.29716 27.5762 
25.4722 33.2774 23.3946 27.1035 15.1133 36.3147 24.114 6.72315 29.0202 40.6465 31.5216 21.3233 20.4448 30.859 28.9915 12.7425 42.362 47.2521 41.2174 42.6121 30.1805 28.5679 27.548 24.8772 4.68449 24.9402 41.6616 9.49301 33.0312 3.54463 18.4684 24.7918 43.6999 10.7516 18.5402 14.9228 30.5416 28.3873 27.2981 30.3676 0 22.3021 33.4027 39.3211 35.7007 20.2661 30.1624 34.684 39.1136 14.9991 25.0893 33.6255 0.564601 23.8421 37.8806 7.32667 44.255 20.9597 40.5644 32.9907 38.1768 10.4179 20.2554 3.77654 35.9446 33.2386 21.9522 32.0679 31.811 34.2464 30.0619 15.4724 40.8335 11.9115 8.58349 7.66033 6.46408 32.6774 22.3568 10.2301 42.5994 24.362 12.7052 18.3281 18.9633 18.6035 25.8994 29.2107 33.5112 35.7094 38.9465 16.1554 19.4334 37.6327 47.539 34.8738 37.7664 38.8084 13.8448 30.6768 41.9347 
26.8656 28.5035 4.21818 27.7098 23.3403 14.1505 4.48252 17.2692 8.88978 32.653 15.9969 10.0387 17.0095 11.4634 28.1897 12.4879 31.5436 33.6556 34.0772 33.02 14.8617 25.3693 36.5572 29.14 18.3819 3.74622 23.7568 12.8105 11.1575 21.8585 7.25518 2.68631 29.5007 12.3627 4.58001 15.029 29.5511 10.1757 29.8544 32.5174 22.3021 0 38.9683 21.5877 23.2891 2.93685 26.0757 12.5265 34.6177 18.6885 14.4517 37.0013 21.739 18.3753 23.4959 22.5791 33.0698 7.85477 23.1311 23.3189 29.2755 12.2503 28.9772 23.3436 19.0016 28.4653 7.96112 39.2466 20.8253 23.6637 13.715 15.3679 33.9479 19.4472 13.9436 20.7617 24.9667 10.9812 0.605642 13.9771 31.1721 20.7362 16.2346 12.2045 3.68314 11.3739 4.66176 7.55189 11.8659 17.0662 19.5693 6.54869 9.60821 20.14 34.6337 20.7774 21.3552 22.5285 21.0805 34.8752 26.3591 
12.2034 16.4829 35.893 11.734 18.8768 45.9702 43.3552 29.6289 37.3924 22.1788 31.4277 29.2485 21.9793 36.7531 12.2691 28.9299 27.0738 33.7866 21.0961 25.305 31.0742 15.7473 7.03734 9.97052 31.0728 42.66 38.3468 34.265 48.1212 36.8325 31.8233 41.185 32.9708 37.2761 39.2424 24.9993 11.716 34.6721 9.21573 7.25172 33.4027 38.9683 0 36.9611 27.5833 36.1465 16.2635 48.2665 16.4977 21.7986 26.4815 3.69131 33.3302 21.3651 31.0285 26.0946 28.4508 31.3004 36.9855 23.4939 22.8712 32.3437 13.1509 37.1482 34.4004 16.4869 31.5124 2.7567 25.3424 24.7948 32.4021 24.443 20.5835 23.2624 35.4453 26.215 27.447 41.9111 39.51 29.5363 28.1062 18.8975 25.1502 26.7984 38.6094 27.6085 38.2739 40.171 49.1465 37.0804 39.8075 37.9034 29.3647 35.868 32.8233 29.8821 34.1549 34.3183 20.8962 4.19268 34.4348 
26.6415 20.7335 17.9484 26.1634 31.4184 14.6972 24.3841 32.7093 12.7518 18.9774 7.96495 18.0001 21.4569 10.1392 24.9183 26.5865 15.0045 13.646 20.8052 17.3636 9.23536 21.5562 38.5657 30.1914 34.6485 22.6229 2.34437 31.1325 21.0605 40.3363 21.2282 21.1028 9.73915 32.1893 25.9037 25.3287 25.2543 11.7242 28.9119 29.8029 39.3211 21.5877 36.9611 0 9.54568 21.4759 20.7483 19.5658 24.0548 27.4143 15.0553 33.5824 38.7971 19.0424 6.42648 35.8415 15.6063 18.5521 1.57368 13.4708 16.1132 29.365 33.9765 41.7185 3.45276 20.7201 17.5729 38.6711 11.8017 12.2431 9.26844 25.0123 21.0112 30.2895 32.7954 34.0814 38.8447 13.1823 22.0439 29.0934 14.0526 20.6623 27.71 21.2655 24.8496 20.8361 17.0089 15.1075 22.0546 4.59746 3.98081 27.1751 19.8891 1.69106 15.0719 7.10876 2.80992 2.97051 30.2144 33.0833 5.92544 
18.0741 11.217 19.0791 17.3184 24.8728 21.954 27.2039 28.998 16.104 10.4345 7.62537 15.67 15.6277 13.9514 15.8074 23.3787 8.26044 11.5869 12.1859 9.93627 8.5186 12.6501 29.7528 21.6263 31.0935 25.6463 10.7651 29.1054 26.925 37.4812 19.8229 23.9138 8.06508 30.9648 26.6913 20.8043 15.9471 13.6233 19.9901 20.527 35.7007 23.2891 27.5833 9.54568 0 21.956 11.5787 26.0216 14.775 21.7592 10.8765 24.1321 35.2411 12.4315 3.48144 30.7809 9.80304 17.246 9.41172 4.24835 7.13745 26.9796 26.1601 38.7029 7.7656 11.2056 16.4977 29.427 3.95865 2.8022 9.88093 20.2962 12.2674 24.9605 30.8647 29.2443 33.7615 18.9653 23.8675 25.8074 7.90784 13.1811 23.1152 17.598 25.6258 17.5522 19.5863 19.2561 28.0128 11.1026 12.9426 27.1711 17.4898 8.76779 12.0688 3.15736 6.7607 6.75705 24.2287 23.8238 7.44488 
24.0941 26.2349 3.57011 24.9953 20.415 16.0697 7.20867 14.8074 9.30174 30.8539 15.0613 7.57175 14.2378 11.6294 25.5734 9.68341 30.1398 32.7846 32.1938 31.4535 13.807 22.8728 33.6346 26.282 16.101 6.67621 23.742 10.8864 13.8945 20.2038 4.34954 5.5378 28.6792 11.0659 4.73857 12.0936 26.9743 9.75739 27.0726 29.7905 20.2661 2.93685 36.1465 21.4759 21.956 0 23.6783 15.0875 32.4408 15.7529 12.3408 34.26 19.7017 15.8337 22.5733 19.9451 31.7548 5.39437 22.9655 21.5183 27.5305 9.94588 26.0407 21.6792 18.5854 26.1958 5.75896 36.373 19.1429 22.0194 12.8838 12.4312 32.0305 16.5748 12.2494 18.1003 22.443 12.4417 3.4095 11.3556 29.8621 18.1299 13.3439 9.35052 3.66991 8.53923 5.65978 8.95784 14.6646 17.1344 19.9646 5.7003 6.85407 19.9196 33.6463 19.703 20.8628 22.0334 18.1639 32.0764 25.7794 
7.00922 3.1253 22.2584 5.90809 16.3395 30.3261 30.5414 24.0528 22.2623 10.7614 15.3634 16.1089 10.7525 21.1611 4.22895 20.1114 13.8794 20.2565 11.0956 13.2654 15.1949 1.67513 18.2236 10.3882 26.0989 29.4321 22.2516 26.3977 33.4582 32.7868 19.8795 27.7617 18.2123 29.0293 27.8315 16.2428 4.56201 19.4366 8.46232 9.05902 30.1624 26.0757 16.2635 20.7483 11.5787 23.6783 0 33.2337 9.32381 15.1696 11.828 13.0452 29.8265 8.00027 15.0601 23.7576 15.7144 18.2973 20.8715 7.35793 9.13939 24.1337 15.6605 33.7083 18.1375 3.08554 18.1149 17.9253 9.08059 8.7851 16.6273 15.5776 10.6903 18.2833 28.0418 22.6988 26.4444 26.477 26.6742 21.9466 14.5667 6.21858 17.8926 15.3805 26.9356 15.9042 24.0959 25.3086 34.5355 20.8781 23.5465 27.297 17.0721 19.6129 19.8508 13.6466 17.9535 18.2003 16.6561 12.3349 18.8335 
