50
1.69341 9.97723 1.02068 0
0.78184 10.1796 2.01355 0
2.88091 3.68364 0.885321 0
0.984696 12.8917 1.91743 0
12.1206 19.6643 0.446007 0
1.3639 17.4129 0.661828 0
17.4401 23.0943 1.3014 0
13.0066 21.6926 1.8933 1
4.00805 8.9273 2.21111 0
13.7816 16.5357 1.64625 1
16.2858 23.4653 0.91237 0
9.43696 16.8633 1.91063 0
13.0586 13.336 1.47454 0
13.0666 21.368 1.10368 1
12.6292 18.2854 0.233911 0
1.20181 19.0911 2.0009 0
12.1909 19.5865 1.89555 0
8.48783 14.7785 1.33559 0
8.59306 14.8697 24.7994 0
10.1264 21.9087 0.620008 1
10.7943 23.31 1.59225 0
13.585 21.6698 0.751585 1
1.2137 2.19623 0.291492 0
14.5314 17.0895 0.673136 1
14.6021 19.2926 1.55708 1
1.5021 10.5207 2.17516 0
14.1927 16.0969 25.9954 1
5.57401 7.7987 1.13821 0
16.8995 19.3992 1.30869 1
6.7678 21.4896 2.07733 0
16.7261 20.5518 1.92272 1
11.412 22.0257 1.85373 0
18.8292 20.6528 1.14773 0
4.7798 4.95801 1.7407 0
13.8614 23.947 0.685321 0
17.2136 22.1785 1.98976 1
17.4472 19.2664 1.70209 1
10.991 15.7574 1.79049 0
4.04706 18.4123 4.36424 0
2.89276 22.059 27.4951 0
3.13545 16.7028 1.91176 0
1.36061 21.5971 1.72375 1
4.06895 18.625 1.50601 0
3.14405 13.1593 1.79078 0
3.365 3.82683 1.15499 0
13.3488 18.6727 1.62862 0
5.01748 19.3537 2.0327 0
4.1866 4.60536 1.82883 0
7.14226 9.69449 0.493329 1
17.9984 22.0768 0.479341 0
400 50 500
0.025 0.0125 10000 3000 15 1e+06 300000 4 6
0 19.1238 9.30667 39.5731 14.3315 33.1904 30.5304 31.4378 12.075 33.4285 6.62746 27.9176 18.5397 18.7393 13.4047 35.5267 22.8943 2.94373 18.8631 9.2191 15.4575 20.4842 6.37353 13.3242 14.5534 27.0306 26.9575 2.42334 10.3722 34.6633 6.61151 28.1432 24.6262 17.0513 15.5969 27.687 9.18934 13.4563 4.49058 24.7063 34.2751 36.4292 6.21926 9.70256 35.1112 33.0361 29.5687 24.7707 37.3911 18.6335 4.44094 
19.1238 0 12.41 21.941 31.3659 18.0867 11.4121 22.3097 8.60507 20.9284 18.0164 9.00957 9.03972 9.90059 21.6208 33.2319 12.0247 22.0675 1.24327 12.5824 26.7097 14.2501 12.7599 6.97678 30.8178 25.1679 9.7491 21.1842 23.1018 24.2187 16.9122 16.6053 19.6707 20.9344 16.6242 8.56549 14.1243 25.2237 20.689 7.62843 15.3377 18.2648 19.1662 15.2298 16.5958 19.8877 16.3751 17.3431 33.1391 2.82041 14.8226 
9.30667 12.41 0 30.7599 19.0935 23.9793 23.1928 22.3962 3.83316 24.1306 12.6191 21.3563 16.1824 9.45416 9.99902 28.3259 13.5923 11.8752 11.6841 10.2307 14.6843 11.3827 5.55015 9.74954 18.4487 19.5713 21.8154 10.5041 10.7115 25.5209 4.62557 18.8442 16.0762 11.1893 7.92128 20.4653 11.5856 13.0235 8.93128 16.2189 26.3943 27.892 6.91376 3.16965 26.8093 23.7296 20.273 15.7454 29.6174 13.1928 5.37262 
39.5731 21.941 30.7599 0 48.7467 8.74446 13.1429 18.8885 27.5095 13.2351 39.7824 17.0104 29.3305 21.8193 35.9337 32.3723 18.4475 42.3974 21.6077 34.4657 40.9468 22.8216 33.6188 28.9071 47.6541 28.837 21.6743 41.1649 39.5131 17.1731 35.134 15.619 23.9839 32.5626 29.2686 15.0807 36.0452 40.3046 39.6386 14.9498 8.97224 4.07488 37.3116 32.17 6.26467 12.1179 13.0743 21.0437 29.9184 24.0265 35.1441 
14.3315 31.3659 19.0935 48.7467 0 40.9277 42.2819 35.5048 22.9137 39.3624 20.3734 40.3699 32.6491 26.9707 13.3841 33.8304 30.3863 12.2554 30.7358 23.5066 9.81606 26.3625 19.718 26.8812 1.74657 27.2277 40.2959 11.9332 9.24784 38.9909 14.4873 34.5078 27.8938 17.7808 19.8014 39.5585 23.5112 9.27497 10.9387 34.9721 45.3488 46.3489 12.2104 16.843 45.512 39.4688 36.6448 29.5925 36.8072 31.6535 17.3286 
33.1904 18.0867 23.9793 8.74446 40.9277 0 14.1574 10.5356 21.2724 5.28246 34.5708 17.0748 26.8042 14.5669 27.8053 24.3092 10.6409 35.8505 17.3164 29.6844 32.6597 14.6143 27.7655 24.5344 39.7219 20.1309 21.7483 34.4762 31.6884 9.67797 28.0094 6.92353 15.2531 24.1506 21.1782 14.5059 31.3572 32.1772 32.5642 10.4829 12.1929 8.72126 30.0538 24.8395 9.8235 3.90909 4.4322 12.368 22.278 20.7284 28.8893 
30.5304 11.4121 23.1928 13.1429 42.2819 14.1574 0 23.0982 19.3925 19.0717 29.0845 3.9101 16.7809 16.9362 31.2311 36.4544 15.9908 33.4735 11.7269 23.5587 36.4813 20.2449 24.1711 17.9738 41.5725 30.0314 8.53765 32.557 33.568 23.389 27.8136 17.3664 24.226 29.3253 25.1534 2.84888 24.9447 35.2698 31.8687 8.48079 4.52111 9.07023 30.101 25.6028 6.88668 17.683 15.5348 21.1408 35.1816 12.5079 26.199 
31.4378 22.3097 22.3962 18.8885 35.5048 10.5356 23.0982 0 21.2404 5.68426 34.76 25.0315 31.2695 14.0615 22.1805 13.8031 10.4613 33.5862 21.1652 30.9586 26.1525 11.0135 27.5033 26.9938 34.0335 10.4971 29.1376 32.0207 26.7233 3.48614 25.1565 5.97548 7.61136 17.7302 16.453 22.4608 32.6133 26.2528 29.4228 16.2825 22.2323 19.2467 26.6921 21.8557 20.1697 6.78552 7.57746 6.669 12.1 25.1174 27.7687 
12.075 8.60507 3.83316 27.5095 22.9137 21.2724 19.3925 21.2404 0 22.1161 13.6813 17.5261 13.447 7.32532 13.2789 29.0017 11.4532 14.8887 7.85182 9.78738 18.226 10.5393 6.55571 7.2386 22.2818 20.3102 18.1346 13.6912 14.497 24.0883 8.42853 16.8951 15.9023 13.4785 9.48245 16.6479 11.4095 16.6676 12.5494 12.7193 22.6987 24.4525 10.7132 6.66069 23.2536 21.5309 17.9387 14.8244 29.827 9.61904 7.67295 
33.4285 20.9284 24.1306 13.2351 39.3624 5.28246 19.0717 5.68426 22.1161 0 35.7808 21.6256 29.9377 14.8426 25.9922 19.2123 10.6689 35.8655 19.9496 31.3537 30.4422 13.3145 28.6544 26.6834 38.006 15.9967 26.1174 34.3794 30.2753 4.40681 27.6155 5.2864 12.0258 21.8549 19.6689 19.0149 33.0418 30.2665 32.0972 13.7942 17.4453 13.9193 29.4386 24.3121 15.1053 1.40389 4.55614 9.78613 17.0309 23.719 29.3755 
6.62746 18.0164 12.6191 39.7824 20.3734 34.5708 29.0845 34.76 13.6813 35.7808 0 25.8853 14.3866 21.0037 19.493 40.6763 25.1294 8.11798 18.1957 5.52967 22.0277 23.8109 7.25725 11.1278 20.8356 31.9771 23.8604 8.69065 16.9272 37.7184 12.0557 30.575 28.6925 22.5817 20.2528 26.2751 4.3346 20.0215 11.1062 24.9167 33.2677 36.2356 12.45 14.3935 34.611 35.1509 31.528 28.1865 42.1645 16.5836 7.51774 
27.9176 9.00957 21.3563 17.0104 40.3699 17.0748 3.9101 25.0315 17.5261 21.6256 25.8853 0 13.0086 16.5864 30.1397 37.8842 16.6241 30.853 9.67651 20.3638 35.333 20.4186 21.5507 14.9102 39.7973 30.8388 4.79437 30.0645 31.9896 25.7837 25.9018 19.0999 25.0179 28.7884 24.4971 2.61186 21.6502 33.96 29.6895 9.07519 8.40598 12.9358 28.1646 24.0469 10.7744 20.2833 17.6516 22.0869 36.9584 9.3925 23.7201 
18.5397 9.03972 16.1824 29.3305 32.6491 26.8042 16.7809 31.2695 13.447 29.9377 14.3866 13.0086 0 18.0778 26.1728 41.4972 20.8702 21.1971 10.1217 9.42936 30.6272 22.3609 13.0549 6.43346 32.582 33.0743 9.82906 20.9517 26.0755 33.2551 19.5204 25.6326 27.9412 26.9132 22.9091 14.3421 10.0969 28.8115 21.7977 16.3566 21.2911 25.3484 21.367 19.3475 23.3388 28.8628 25.3916 25.9453 41.7295 6.22591 15.4267 
18.7393 9.90059 9.45416 21.8193 26.9707 14.5669 16.9362 14.0615 7.32532 14.8426 21.0037 16.5864 18.0778 0 14.643 23.4641 4.18451 21.3249 8.65977 16.9168 19.871 4.35931 13.8249 13.0762 25.9482 15.2703 19.0577 19.9238 17.7772 16.7914 13.4669 9.58898 9.882 12.3891 8.2595 14.7382 18.5822 18.9044 18.0191 8.60234 19.0083 19.41 15.5674 10.3781 18.7315 14.3396 10.831 7.98872 23.673 12.3933 14.5696 
13.4047 21.6208 9.99902 35.9337 13.3841 27.8053 31.2311 22.1805 13.2789 25.9922 19.493 30.1397 26.1728 14.643 0 22.7451 17.4909 14.1379 20.6592 19.2367 5.25444 13.1934 14.2095 19.7397 12.0175 14.852 31.3238 12.5786 4.6975 25.6642 7.57207 21.2196 14.5767 4.62609 6.66539 28.7575 20.2015 4.37639 9.43349 23.1691 33.6288 33.9056 7.18549 6.82944 33.3499 26.1379 23.4471 16.2135 25.0983 22.8958 12.4891 
35.5267 33.2319 28.3259 32.3723 33.8304 24.3092 36.4544 13.8031 29.0017 19.2123 40.6763 37.8842 41.4972 23.4641 22.7451 0 21.5593 36.7456 31.9927 38.415 24.139 19.1401 33.8698 36.0053 32.1067 8.75938 41.5101 35.1463 27.2175 15.2435 28.9682 19.1092 13.5847 18.5237 20.4551 35.4252 39.869 25.2656 32.0475 28.8251 35.968 33.0302 29.5211 26.2888 33.9686 20.4684 21.2 16.0176 3.72834 35.8339 33.1585 
22.8943 12.0247 13.5923 18.4475 30.3863 10.6409 15.9908 10.4613 11.4532 10.6689 25.1294 16.6241 20.8702 4.18451 17.4909 21.5593 0 25.4383 10.8327 20.8584 22.5534 4.58377 17.9858 16.5827 29.2419 14.2164 19.972 24.0082 21.1385 12.8732 17.4183 5.44942 8.39383 14.3627 10.8289 14.3508 22.5394 21.8588 21.9685 7.63076 17.0982 16.5436 19.4266 14.2126 16.2584 10.1575 6.68724 5.55016 21.1778 14.791 18.7517 
2.94373 22.0675 11.8752 42.3974 12.2554 35.8505 33.4735 33.5862 14.8887 35.8655 8.11798 30.853 21.1971 21.3249 14.1379 36.7456 25.4383 0 21.8006 11.7834 15.1764 22.7466 9.31575 16.2001 12.7589 28.4557 29.8184 1.61592 10.3242 36.8828 8.43622 30.5925 26.5428 18.2328 17.3974 30.6304 11.4857 13.2477 4.71051 27.5709 37.2055 39.3025 7.26853 11.731 38.012 35.5362 32.1253 26.946 38.8335 21.5519 7.3392 
18.8631 1.24327 11.6841 21.6077 30.7358 17.3164 11.7269 21.1652 7.85182 19.9496 18.1957 9.67651 10.1217 8.65977 20.6592 31.9927 10.8327 21.8006 0 12.8617 25.7901 13.0076 12.5463 7.36662 30.1312 23.9256 10.8281 20.8427 22.3182 23.1453 16.2518 15.5148 18.429 19.8238 15.5054 8.91381 14.4589 24.3505 20.1733 6.96417 15.4299 18.0455 18.5254 14.392 16.484 18.9472 15.3936 16.1177 31.9193 3.96037 14.4932 
9.2191 12.5824 10.2307 34.4657 23.5066 29.6844 23.5587 30.9586 9.78738 31.3537 5.52967 20.3638 9.42936 16.9168 19.2367 38.415 20.8584 11.7834 12.8617 0 22.8904 20.3243 5.03239 5.63076 23.6029 29.6588 18.5086 11.6424 17.9543 33.6877 11.7829 26.2808 25.6191 21.3095 18.1304 20.7545 1.68857 20.9375 12.9177 19.7207 27.7642 30.8434 13.1212 12.9202 29.1688 30.6046 26.9556 24.6068 39.4721 11.0548 6.963 
15.4575 26.7097 14.6843 40.9468 9.81606 32.6597 36.4813 26.1525 18.226 30.4422 22.0277 35.333 30.6272 19.871 5.25444 24.139 22.5534 15.1764 25.7901 22.8904 0 18.1279 18.0118 24.2413 8.15911 17.4351 36.3537 13.8762 5.10156 29.6225 11.2089 25.9211 18.6024 8.59338 11.7564 33.9939 23.5878 2.00669 10.9794 28.4171 38.8704 39.0461 9.82051 11.5879 38.5461 30.7198 28.2537 20.6899 27.0248 27.8216 15.9294 
20.4842 14.2501 11.3827 22.8216 26.3625 14.6143 20.2449 11.0135 10.5393 13.3145 23.8109 20.4186 22.3609 4.35931 13.1934 19.1401 4.58377 22.7466 13.0076 20.3243 18.1279 0 16.5584 17.0736 25.1213 10.9183 23.2309 21.2161 17.1537 14.1798 14.3836 8.2043 5.59039 9.8068 6.57081 18.3463 21.9334 17.5677 18.8146 11.7674 21.6323 21.096 16.1364 11.0643 20.8421 13.2208 10.2846 4.37784 19.5106 16.7502 16.7552 
6.37353 12.7599 5.55015 33.6188 19.718 27.7655 24.1711 27.5033 6.55571 28.6544 7.25725 21.5507 13.0549 13.8249 14.2095 33.8698 17.9858 9.31575 12.5463 5.03239 18.0118 16.5584 0 7.18732 19.5581 25.1181 20.7692 8.54136 13.1968 30.4785 6.82165 23.4135 21.5227 16.3669 13.4359 21.3253 6.15915 16.0944 8.79218 18.6748 27.9758 30.3272 8.39439 7.95268 28.9194 28.0851 24.4942 20.9322 35.1564 12.3107 2.39136 
13.3242 6.97678 9.74954 28.9071 26.8812 24.5344 17.9738 26.9938 7.2386 26.6834 11.1278 14.9102 6.43346 13.0762 19.7397 36.0053 16.5827 16.2001 7.36662 5.63076 24.2413 17.0736 7.18732 0 26.6563 27.3947 13.6354 15.6274 19.7947 29.4252 13.2243 21.8367 22.6333 20.591 16.706 15.1541 7.14774 22.4554 15.9429 14.3164 22.141 25.2401 15.1867 12.9141 23.5439 25.8117 22.1776 21.0575 36.5818 5.52162 9.56254 
14.5534 30.8178 18.4487 47.6541 1.74657 39.7219 41.5725 34.0335 22.2818 38.006 20.8356 39.7973 32.582 25.9482 12.0175 32.1067 29.2419 12.7589 30.1312 23.6029 8.15911 25.1213 19.5581 26.6563 0 25.5925 39.9243 12.2211 8.17272 37.5181 13.9078 33.2198 26.4286 16.3047 18.5505 38.8843 23.732 7.78257 10.7844 34.0932 44.5175 45.3556 11.6784 16.0064 44.5849 38.153 35.404 28.2229 35.1053 31.2559 17.1702 
27.0306 25.1679 19.5713 28.837 27.2277 20.1309 30.0314 10.4971 20.3102 15.9967 31.9771 30.8388 33.0743 15.2703 14.852 8.75938 14.2164 28.4557 23.9256 29.6588 17.4351 10.9183 25.1181 27.3947 25.5925 0 34.0061 26.8422 19.5174 13.5633 20.4282 13.5884 5.82846 10.323 11.7278 28.5533 31.1096 18.1047 23.8132 21.8283 30.417 28.4622 21.1878 17.6185 28.9045 16.854 16.0914 8.89484 10.3796 27.6374 24.4637 
26.9575 9.7491 21.8154 21.6743 40.2959 21.7483 8.53765 29.1376 18.1346 26.1174 23.8604 4.79437 9.82906 19.0577 31.3238 41.5101 19.972 29.8184 10.8281 18.5086 36.3537 23.2309 20.7692 13.6354 39.9243 34.0061 0 29.2601 32.5076 30.1623 26.0961 23.1629 28.2642 30.6514 26.3319 7.25659 19.527 34.7973 29.3912 12.8694 12.8543 17.6049 28.2633 24.7936 15.4111 24.8075 21.9642 25.5216 40.8594 8.67489 23.1025 
2.42334 21.1842 10.5041 41.1649 11.9332 34.4762 32.557 32.0207 13.6912 34.3794 8.69065 30.0645 20.9517 19.9238 12.5786 35.1463 24.0082 1.61592 20.8427 11.6424 13.8762 21.2161 8.54136 15.6274 12.2211 26.8422 29.2601 0 8.92009 35.3311 6.86418 29.1148 24.9456 16.6287 15.7949 29.724 11.5782 11.9138 3.14739 26.4079 36.1914 38.1426 5.65442 10.1738 36.9072 34.0761 30.6943 25.39 37.2205 20.8519 6.36169 
10.3722 23.1018 10.7115 39.5131 9.24784 31.6884 33.568 26.7233 14.497 30.2753 16.9272 31.9896 26.0755 17.7772 4.6975 27.2175 21.1385 10.3242 22.3182 17.9543 5.10156 17.1537 13.1968 19.7947 8.17272 19.5174 32.5076 8.92009 0 30.1971 6.57037 25.3317 19.1504 9.32203 10.6232 30.9291 18.5685 3.0949 5.91733 25.9516 36.3974 37.1832 4.83394 7.9717 36.4195 30.3195 27.4248 20.5608 29.7003 23.8548 11.0023 
34.6633 24.2187 25.5209 17.1731 38.9909 9.67797 23.389 3.48614 24.0883 4.40681 37.7184 25.7837 33.2551 16.7914 25.6642 15.2435 12.8732 36.8828 23.1453 33.6877 29.6225 14.1798 30.4785 29.4252 37.5181 13.5633 30.1623 35.3311 30.1971 0 28.4707 7.64229 11.0975 21.2155 19.8702 23.1735 35.3608 29.7379 32.7893 17.5355 21.852 18.2312 30.0657 25.1573 19.4918 5.80709 8.20825 9.94362 12.7791 27.0384 30.8818 
6.61151 16.9122 4.62557 35.134 14.4873 28.0094 27.8136 25.1565 8.42853 27.6155 12.0557 25.9018 19.5204 13.4669 7.57207 28.9682 17.4183 8.43622 16.2518 11.7829 11.2089 14.3836 6.82165 13.2243 13.9078 20.4282 26.0961 6.86418 6.57037 28.4707 0 22.3774 18.1307 10.5919 9.02349 25.0763 12.6572 9.32387 4.55482 20.7732 31.0076 32.388 2.28833 3.32019 31.3672 27.3715 24.0734 18.5281 30.7822 17.4221 4.92413 
28.1432 16.6053 18.8442 15.619 34.5078 6.92353 17.3664 5.97548 16.8951 5.2864 30.575 19.0999 25.6326 9.58898 21.2196 19.1092 5.44942 30.5925 15.5148 26.2808 25.9211 8.2043 23.4135 21.8367 33.2198 13.5884 23.1629 29.1148 25.3317 7.64229 22.3774 0 8.37981 17.3555 14.7131 16.5491 27.9648 25.562 26.8808 10.3079 17.0292 14.885 24.2451 19.0866 15.3437 5.02268 2.55798 5.44459 17.8812 19.4257 24.0942 
24.6262 19.6707 16.0762 23.9839 27.8938 15.2531 24.226 7.61136 15.9023 12.0258 28.6925 25.0179 27.9412 9.882 14.5767 13.5847 8.39383 26.5428 18.429 25.6191 18.6024 5.59039 21.5227 22.6333 26.4286 5.82846 28.2642 24.9456 19.1504 11.0975 18.1307 8.37981 0 10.1239 9.16101 22.7248 27.183 18.6464 22.1888 15.9999 24.776 23.1684 19.4525 14.9243 23.4236 12.5305 10.9374 3.15926 13.9577 22.2513 21.3551 
17.0513 20.9344 11.1893 32.5626 17.7808 24.1506 29.3253 17.7302 13.4785 21.8549 22.5817 28.7884 26.9132 12.3891 4.62609 18.5237 14.3627 18.2328 19.8238 21.3095 8.59338 9.8068 16.3669 20.591 16.3047 10.323 30.6514 16.6287 9.32203 21.2155 10.5919 17.3555 10.1239 0 4.32297 27.0853 22.5258 8.52284 13.5494 20.9464 31.2036 30.8998 10.9974 8.41516 30.5883 22.1275 19.7276 12.0965 20.6569 22.7046 15.1582 
15.5969 16.6242 7.92128 29.2686 19.8014 21.1782 25.1534 16.453 9.48245 19.6689 20.2528 24.4971 22.9091 8.2595 6.66539 20.4551 10.8289 17.3974 15.5054 18.1304 11.7564 6.57081 13.4359 16.706 18.5505 11.7278 26.3319 15.7949 10.6232 19.8702 9.02349 14.7131 9.16101 4.32297 0 22.8477 19.5068 11.0392 13.0334 16.8617 27.2384 27.2901 10.2961 5.95658 26.8094 19.6963 16.8544 10.0315 21.9477 18.4577 12.745 
27.687 8.56549 20.4653 15.0807 39.5585 14.5059 2.84888 22.4608 16.6479 19.0149 26.2751 2.61186 14.3421 14.7382 28.7575 35.4252 14.3508 30.6304 8.91381 20.7545 33.9939 18.3463 21.3253 15.1541 38.8843 28.5533 7.25659 29.724 30.9291 23.1735 25.0763 16.5491 22.7248 27.0853 22.8477 0 22.1638 32.7217 29.08 6.725 7.08236 11.0467 27.361 22.9575 8.99902 17.6748 15.0512 19.735 34.4239 9.72097 23.3642 
9.18934 14.1243 11.5856 36.0452 23.5112 31.3572 24.9447 32.6133 11.4095 33.0418 4.3346 21.6502 10.0969 18.5822 20.2015 39.869 22.5394 11.4857 14.4589 1.68857 23.5878 21.9334 6.15915 7.14774 23.732 31.1096 19.527 11.5782 18.5685 35.3608 12.6572 27.9648 27.183 22.5258 19.5068 22.1638 0 21.6075 13.2339 21.3506 29.2058 32.3877 13.7683 14.1111 30.6797 32.293 28.6439 26.2338 40.9973 12.4431 7.73931 
13.4563 25.2237 13.0235 40.3046 9.27497 32.1772 35.2698 26.2528 16.6676 30.2665 20.0215 33.96 28.8115 18.9044 4.37639 25.2656 21.8588 13.2477 24.3505 20.9375 2.00669 17.5677 16.0944 22.4554 7.78257 18.1047 34.7973 11.9138 3.0949 29.7379 9.32387 25.562 18.6464 8.52284 11.0392 32.7217 21.6075 0 8.98381 27.3538 37.8282 38.2359 7.84001 10.0072 37.6345 30.4535 27.8116 20.4805 27.9902 26.2097 13.9745 
4.49058 20.689 8.93128 39.6386 10.9387 32.5642 31.8687 29.4228 12.5494 32.0972 11.1062 29.6895 21.7977 18.0191 9.43349 32.0475 21.9685 4.71051 20.1733 12.9177 10.9794 18.8146 8.79218 15.9429 10.7844 23.8132 29.3912 3.14739 5.91733 32.7893 4.55482 26.8808 22.1888 13.5494 13.0334 29.08 13.2339 8.98381 0 25.1472 35.2478 36.8213 2.73732 7.79561 35.7334 31.8862 28.6152 22.8547 34.183 20.7798 6.40083 
24.7063 7.62843 16.2189 14.9498 34.9721 10.4829 8.48079 16.2825 12.7193 13.7942 24.9167 9.07519 16.3566 8.60234 23.1691 28.8251 7.63076 27.5709 6.96417 19.7207 28.4171 11.7674 18.6748 14.3164 34.0932 21.8283 12.8694 26.4079 25.9516 17.5355 20.7732 10.3079 15.9999 20.9464 16.8617 6.725 21.3506 27.3538 25.1472 0 10.4753 11.7353 23.0324 18.1293 10.5943 12.6218 9.3604 13.0237 28.0153 10.2459 20.2663 
34.2751 15.3377 26.3943 8.97224 45.3488 12.1929 4.52111 22.2323 22.6987 17.4453 33.2677 8.40598 21.2911 19.0083 33.6288 35.968 17.0982 37.2055 15.4299 27.7642 38.8704 21.6323 27.9758 22.141 44.5175 30.417 12.8543 36.1914 36.3974 21.852 31.0076 17.0292 24.776 31.2036 27.2384 7.08236 29.2058 37.8282 35.2478 10.4753 0 5.02731 33.2891 28.52 2.86092 16.0476 14.7768 21.6174 34.2647 16.7749 29.8756 
36.4292 18.2648 27.892 4.07488 46.3489 8.72126 9.07023 19.2467 24.4525 13.9193 36.2356 12.9358 25.3484 19.41 33.9056 33.0302 16.5436 39.3025 18.0455 30.8434 39.0461 21.096 30.3272 25.2401 45.3556 28.4622 17.6049 38.1426 37.1832 18.2312 32.388 14.885 23.1684 30.8998 27.2901 11.0467 32.3877 38.2359 36.8213 11.7353 5.02731 0 34.6186 29.5802 2.21409 12.5947 12.3716 20.0682 30.9499 20.2014 31.9883 
6.21926 19.1662 6.91376 37.3116 12.2104 30.0538 30.101 26.6921 10.7132 29.4386 12.45 28.1646 21.367 15.5674 7.18549 29.5211 19.4266 7.26853 18.5254 13.1212 9.82051 16.1364 8.39439 15.1867 11.6784 21.1878 28.2633 5.65442 4.83394 30.0657 2.28833 24.2451 19.4525 10.9974 10.2961 27.361 13.7683 7.84001 2.73732 23.0324 33.2891 34.6186 0 5.21455 33.6243 29.2599 26.0378 20.1366 31.5663 19.5899 6.16896 
9.70256 15.2298 3.16965 32.17 16.843 24.8395 25.6028 21.8557 6.66069 24.3121 14.3935 24.0469 19.3475 10.3781 6.82944 26.2888 14.2126 11.731 14.392 12.9202 11.5879 11.0643 7.95268 12.9141 16.0064 17.6185 24.7936 10.1738 7.9717 25.1573 3.32019 19.0866 14.9243 8.41516 5.95658 22.9575 14.1111 10.0072 7.79561 18.1293 28.52 29.5802 5.21455 0 28.6813 24.0906 20.834 15.2169 27.8929 16.2343 6.87949 
35.1112 16.5958 26.8093 6.26467 45.512 9.8235 6.88668 20.1697 23.2536 15.1053 34.611 10.7744 23.3388 18.7315 33.3499 33.9686 16.2584 38.012 16.484 29.1688 38.5461 20.8421 28.9194 23.5439 44.5849 28.9045 15.4111 36.9072 36.4195 19.4918 31.3672 15.3437 23.4236 30.5883 26.8094 8.99902 30.6797 37.6345 35.7334 10.5943 2.86092 2.21409 33.6243 28.6813 0 13.7297 12.9347 20.2777 32.0784 18.3754 30.6763 
33.0361 19.8877 23.7296 12.1179 39.4688 3.90909 17.683 6.78552 21.5309 1.40389 35.1509 20.2833 28.8628 14.3396 26.1379 20.4684 10.1575 35.5362 18.9472 30.6046 30.7198 13.2208 28.0851 25.8117 38.153 16.854 24.8075 34.0761 30.3195 5.80709 27.3715 5.02268 12.5305 22.1275 19.6963 17.6748 32.293 30.4535 31.8862 12.6218 16.0476 12.5947 29.2599 24.0906 13.7297 0 3.64979 10.035 18.3722 22.6583 28.9088 
29.5687 16.3751 20.273 13.0743 36.6448 4.4322 15.5348 7.57746 17.9387 4.55614 31.528 17.6516 25.3916 10.831 23.4471 21.2 6.68724 32.1253 15.3936 26.9556 28.2537 10.2846 24.4942 22.1776 35.404 16.0914 21.9642 30.6943 27.4248 8.20825 24.0734 2.55798 10.9374 19.7276 16.8544 15.0512 28.6439 27.8116 28.6152 9.3604 14.7768 12.3716 26.0378 20.834 12.9347 3.64979 0 7.97033 19.677 19.1698 25.3852 
24.7707 17.3431 15.7454 21.0437 29.5925 12.368 21.1408 6.669 14.8244 9.78613 28.1865 22.0869 25.9453 7.98872 16.2135 16.0176 5.55016 26.946 16.1177 24.6068 20.6899 4.37784 20.9322 21.0575 28.2229 8.89484 25.5216 25.39 20.5608 9.94362 18.5281 5.44459 3.15926 12.0965 10.0315 19.735 26.2338 20.4805 22.8547 13.0237 21.6174 20.0682 20.1366 15.2169 20.2777 10.035 7.97033 0 15.8101 20.034 21.1174 
37.3911 33.1391 29.6174 29.9184 36.8072 22.278 35.1816 12.1 29.827 17.0309 42.1645 36.9584 41.7295 23.673 25.0983 3.72834 21.1778 38.8335 31.9193 39.4721 27.0248 19.5106 35.1564 36.5818 35.1053 10.3796 40.8594 37.2205 29.7003 12.7791 30.7822 17.8812 13.9577 20.6569 21.9477 34.4239 40.9973 27.9902 34.183 28.0153 34.2647 30.9499 31.5663 27.8929 32.0784 18.3722 19.677 15.8101 0 35.8433 34.6789 
18.6335 2.82041 13.1928 24.0265 31.6535 20.7284 12.5079 25.1174 9.61904 23.719 16.5836 9.3925 6.22591 12.3933 22.8958 35.8339 14.791 21.5519 3.96037 11.0548 27.8216 16.7502 12.3107 5.52162 31.2559 27.6374 8.67489 20.8519 23.8548 27.0384 17.4221 19.4257 22.2513 22.7046 18.4577 9.72097 12.4431 26.2097 20.7798 10.2459 16.7749 20.2014 19.5899 16.2343 18.3754 22.6583 19.1698 20.034 35.8433 0 14.5778 
4.44094 14.8226 5.37262 35.1441 17.3286 28.8893 26.199 27.7687 7.67295 29.3755 7.51774 23.7201 15.4267 14.5696 12.4891 33.1585 18.7517 7.3392 14.4932 6.963 15.9294 16.7552 2.39136 9.56254 17.1702 24.4637 23.1025 6.36169 11.0023 30.8818 4.92413 24.0942 21.3551 15.1582 12.745 23.3642 7.73931 13.9745 6.40083 20.2663 29.8756 31.9883 6.16896 6.87949 30.6763 28.9088 25.3852 21.1174 34.6789 14.5778 0 
