50
16.081 16.3378 1.16689 0
5.42788 19.8919 0.916498 0
11.2266 14.8612 1.3056 0
4.27865 13.7736 0.987138 1
0.925641 22.1318 25.6567 0
1.90616 2.4499 2.14758 0
7.35267 11.8711 0.747613 0
8.86903 23.0875 0.250968 0
14.2003 16.2634 0.999121 0
17.7478 22.7582 0.529879 1
16.2978 20.7447 0.343455 1
9.17388 22.1706 1.08271 1
9.38379 16.27 0.853027 0
2.67812 8.00852 1.19333 0
13.2966 21.1866 0.997823 1
8.58192 19.1645 0.968646 0
18.2798 22.664 1.72141 0
10.5568 22.0707 0.854527 1
5.40404 7.78502 0.285215 0
0.645044 10.6083 1.4374 0
16.0216 23.3953 0.719486 0
1.82721 21.1658 0.545357 0
3.95946 22.0489 1.54709 0
11.8455 23.867 1.92923 0
1.45616 7.30905 2.22263 0
4.6922 6.47217 1.30659 0
14.9801 18.514 1.58385 0
17.3445 18.8551 2.14539 0
1.43783 5.03696 1.9753 0
16.1893 21.9019 1.17652 0
12.4538 13.9304 1.58436 0
18.5749 23.077 0.75478 0
18.1854 20.5339 1.01099 1
9.43124 23.062 1.96299 0
12.4571 15.1231 1.51636 1
6.56104 11.0052 1.45432 0
14.3849 23.6193 0.380335 0
5.19196 23.2947 0.70096 0
5.31914 5.82713 1.15809 0
9.6948 19.8965 2.09583 1
9.16105 13.8108 0.951282 0
16.7256 22.3723 7.83024 0
1.12093 2.20977 1.31441 0
6.9029 17.7704 1.86182 0
6.00552 19.5617 16.3654 0
7.27158 9.53343 2.21923 1
6.76028 16.5156 0.592041 0
0.753005 3.78104 0.894488 1
16.8168 20.048 0.689715 0
16.3617 17.5997 2.99956 0
400 50 500
0.025 0.0125 10000 3000 15 1e+06 300000 4 6
0 22.6733 25.8952 14.1567 17.2112 20.1352 5.26811 21.1765 16.1711 12.1934 11.8253 11.8486 17.1071 30.3022 28.7921 7.59662 14.5939 30.0191 12.5027 19.7083 18.7326 14.2556 20.5653 22.2838 28.1955 11.9212 28.3087 24.5283 13.9754 13.6863 19.7413 4.26686 6.67701 22.2925 7.90899 10.7984 7.0971 16.9394 17.6225 10.5177 20.745 24.6053 22.5018 18.5524 9.28936 24.2563 20.939 27.2731 19.0215 16.2325 15.7894 
22.6733 0 3.94729 34.5368 19.5367 17.4677 23.6165 9.88994 14.3737 26.8441 25.8315 10.9478 37.3864 10.5291 6.12421 17.8757 31.695 12.7667 14.3287 11.5845 17.5424 12.5704 14.2611 28.4582 11.6599 17.4581 11.4622 3.09992 11.6314 24.7628 28.8654 25.6032 28.3421 12.3524 23.0015 31.741 29.7452 39.51 27.8306 18.2223 25.0958 34.931 0.411538 34.0849 30.0644 29.7839 9.85544 13.0355 25.2433 32.1237 33.1965 
25.8952 3.94729 0 38.2204 23.4405 17.4611 27.2396 13.4399 15.3442 28.7399 27.7133 14.4509 41.0995 6.76747 3.69593 21.602 33.6836 9.51566 16.2249 11.6781 21.3703 16.5123 17.9203 28.8532 8.77923 21.3826 8.50647 1.39583 15.5535 26.2989 29.7357 28.5112 31.2109 11.5804 26.7807 34.3808 32.8913 42.8211 28.9574 22.1103 28.9543 35.6532 3.87568 35.7158 32.7198 29.9707 9.59871 10.685 29.1547 33.8985 35.1734 
14.1567 34.5368 38.2204 0 20.6011 34.2482 11.0226 29.6175 30.3193 23.4774 23.6069 23.8156 2.97702 43.4774 40.5243 16.6662 23.1191 43.6624 26.6105 33.7101 23.3143 22.9959 26.9234 34.6816 41.8676 18.3011 41.9419 36.9504 23.474 26.1648 31.5375 14.9467 14.3357 36.3185 11.7068 16.4912 10.7084 9.34888 29.4348 17.0393 20.1973 34.9538 34.4732 27.0217 16.3453 36.5811 34.7625 41.1737 18.1127 25.1643 23.5565 
17.2112 19.5367 23.4405 20.6011 0 29.5636 13.394 10.9202 24.7789 28.5983 27.9589 13.4067 22.7265 30.0429 24.2751 9.99747 31.7179 31.8428 21.5488 25.5729 2.84718 7.78737 6.93459 36.5697 30.4093 5.59028 30.3073 22.6043 9.05244 28.9221 34.9664 21.4577 23.5792 27.8199 10.651 27.7182 22.3562 28.7984 33.0431 6.7778 5.74586 40.6023 19.6966 35.5626 26.3506 38.4589 25.2891 30.9767 5.72022 33.2258 32.9682 
20.1352 17.4677 17.4611 34.2482 29.5636 0 24.4801 24.7288 4.79918 15.0806 14.1801 16.173 37.1664 16.9264 21.11 21.5992 19.7372 14.4089 8.41542 5.90099 29.0609 22.0772 27.7163 11.4638 12.8597 24.6458 13.1727 16.409 20.8325 11.6816 12.9114 19.9822 21.885 6.2228 25.9439 23.2757 25.037 34.9242 12.7321 24.2607 35.0738 18.4663 17.0588 20.3844 21.9356 12.5097 7.87106 10.62 34.1929 19.1608 21.0391 
5.26811 23.6165 27.2396 11.0226 13.394 24.4801 0 19.8181 20.1323 17.4075 17.0782 12.8058 13.9559 32.4619 29.6645 5.91399 19.3836 32.7419 16.3229 23.1062 15.4483 12.8248 18.1263 27.514 30.9641 8.94823 31.0227 25.9543 13.0279 18.9435 25.0091 8.86749 10.4842 25.7244 2.9376 14.5268 8.96388 16.6467 22.8906 7.45611 16.0451 29.82 23.5327 23.434 13.3068 29.4877 23.9788 30.4096 14.181 21.153 20.4468 
21.1765 9.88994 13.4399 29.6175 10.9202 24.7288 19.8181 0 20.4774 29.4812 28.5877 10.8367 32.1566 20.2073 13.5923 14.0965 33.7469 22.6549 18.5827 19.3944 8.38236 7.04363 4.52894 34.3282 21.5255 11.3206 21.3398 12.9355 7.20435 28.4801 33.783 25.1175 27.7711 20.982 18.0722 31.7644 27.943 36.4602 32.2619 12.6478 15.9398 39.8736 10.1777 36.9677 30.1437 35.9698 18.3001 22.7183 16.518 34.7338 35.1965 
16.1711 14.3737 15.3442 30.3193 24.7789 4.79918 20.1323 20.4774 0 13.9565 12.9435 11.4087 33.2762 16.7012 19.0286 16.8872 18.9143 15.1491 3.81554 4.39738 24.3414 17.3515 23.1838 14.1907 13.3609 19.8489 13.5842 14.0853 16.1204 11.1178 14.5134 16.7571 19.0045 6.57389 21.3934 21.1171 21.7991 31.9243 13.6197 19.4839 30.2758 20.559 13.9869 20.5092 19.6041 15.6644 6.4132 11.7748 29.397 18.8407 20.3559 
12.1934 26.8441 28.7399 23.4774 28.5983 15.0806 17.4075 29.4812 13.9565 0 1.02758 18.6499 26.0159 30.6553 32.3124 18.6026 4.97241 28.8927 12.5597 18.3343 29.5609 23.5955 30.3449 11.2636 27.161 23.0276 27.4134 27.3859 22.7999 3.5202 8.06684 8.95408 9.16864 20.2097 20.1005 8.76526 12.8237 21.2705 5.9575 21.8447 32.7244 12.4144 26.5212 7.49294 7.85245 13.1249 20.3668 25.2821 31.1006 5.33168 6.4441 
11.8253 25.8315 27.7133 23.6069 27.9589 14.1801 17.0782 28.5877 12.9435 1.02758 0 17.7515 26.207 29.6442 31.2878 17.9762 5.99768 27.9093 11.5384 17.3261 28.849 22.7891 29.5377 11.0749 26.1714 22.3762 26.421 26.36 21.9667 2.82722 8.07322 8.86978 9.39192 19.2254 19.7066 9.40751 13.0341 21.7942 5.93348 21.2277 32.1949 12.8287 25.5069 8.42549 8.35957 12.9848 19.3516 24.3139 30.6093 6.31519 7.47149 
11.8486 10.9478 14.4509 23.8156 13.4067 16.173 12.8058 10.8367 11.4087 18.6499 17.7515 0 26.7236 19.7774 17.0647 7.3964 22.9998 20.4509 8.47236 12.374 12.9661 5.99145 12.3223 24.17 18.759 8.85244 18.7599 13.1522 4.81587 17.7164 23.2364 15.1807 17.9295 14.792 12.6364 21.6617 18.9457 28.5782 21.5981 8.89992 18.998 29.2591 10.8215 26.1401 19.993 25.9425 12.4716 18.6856 18.3001 23.9198 24.4675 
17.1071 37.3864 41.0995 2.97702 22.7265 37.1664 13.9559 32.1566 33.2762 26.0159 26.207 26.7236 0 46.4178 43.342 19.5115 25.2929 46.6315 29.5766 36.6855 25.5059 25.6697 29.2562 37.2643 44.8384 20.8807 44.911 39.8407 26.207 28.8254 34.0453 17.6893 16.8473 39.2932 14.4503 18.5874 13.1921 9.39549 31.9652 19.6835 21.6932 37.1924 37.3323 29.0834 18.6346 39.1405 37.7389 44.1506 19.6614 27.3408 25.605 
30.3022 10.5291 6.76747 43.4774 30.0429 16.9264 32.4619 20.2073 16.7012 30.6553 29.6442 19.7774 46.4178 0 8.02647 27.1608 35.6051 3.7843 18.9202 12.3244 28.069 22.8345 24.6826 28.1751 4.37444 27.554 4.00885 7.4411 21.7721 27.6959 29.8363 32.2517 34.811 10.7814 32.4024 37.477 36.9993 47.1467 29.532 28.1199 35.624 35.2965 10.3488 36.9456 35.8824 28.8882 10.3072 6.94429 35.7356 35.4332 37.0348 
28.7921 6.12421 3.69593 40.5243 24.2751 21.11 29.6645 13.5923 19.0286 32.3124 31.2878 17.0647 43.342 8.02647 0 23.8619 37.2381 11.5418 19.7635 15.3618 21.92 18.0601 18.1027 32.5261 11.3071 23.0246 10.9765 4.95872 17.2838 29.9408 33.4316 31.6509 34.3787 15.1345 28.9083 37.6837 35.8569 45.6337 32.6457 23.9335 29.5152 39.3452 6.29248 39.3516 36.0129 33.617 13.2658 13.5564 29.9722 37.5052 38.7326 
7.59662 17.8757 21.602 16.6662 9.99747 21.5992 5.91399 14.0965 16.8872 18.6026 17.9762 7.3964 19.5115 27.1608 23.8619 0 21.8143 27.8108 13.1875 19.0212 11.2076 7.05317 13.0109 27.0369 26.0943 4.45831 26.11 20.3635 7.13667 19.0673 25.1742 11.84 14.2485 21.5838 5.24207 18.3879 13.919 22.4877 23.1939 3.25569 14.4423 30.682 17.8211 25.6008 16.8854 28.9719 19.5023 25.8611 13.1087 23.2642 23.1093 
14.5939 31.695 33.6836 23.1191 31.7179 19.7372 19.3836 33.7469 18.9143 4.97241 5.99768 22.9998 25.2929 35.6051 37.2381 21.8143 0 33.767 17.4746 23.2808 32.9991 27.5061 34.2104 13.6032 32.0545 26.2675 32.3145 32.3237 26.8343 8.07034 10.0142 10.5244 9.34198 25.0942 22.2731 6.7193 12.6007 18.9702 8.42731 24.9531 35.3029 11.9125 31.3817 4.09457 6.83097 15.139 25.3271 30.1135 33.5196 2.04852 1.50204 
30.0191 12.7667 9.51566 43.6624 31.8428 14.4089 32.7419 22.6549 15.1491 28.8927 27.9093 20.4509 46.6315 3.7843 11.5418 27.8108 33.767 0 17.9633 10.8073 30.1035 24.3207 27.0086 25.2787 1.8321 28.7844 1.72054 9.74041 23.1642 25.7312 27.2319 31.4963 33.9266 8.68396 33.0202 36.2536 36.4084 46.6003 27.1408 29.1696 37.5309 32.4387 12.4943 34.751 34.7192 25.8303 9.15331 3.81512 37.4516 33.4038 35.1476 
12.5027 14.3287 16.2249 26.6105 21.5488 8.41542 16.3229 18.5827 3.81554 12.5597 11.5384 8.47236 29.5766 18.9202 19.7635 13.1875 17.4746 17.9633 0 7.29527 21.3858 14.4493 20.7114 15.8032 16.1337 16.4019 16.3008 14.8567 13.2882 10.488 15.2535 13.5363 15.9773 9.82899 17.5915 18.5674 18.4882 28.6737 13.8814 15.9163 26.906 21.3738 13.9935 19.7574 16.9638 17.5242 8.82288 14.9176 25.9148 17.8054 18.9697 
19.7083 11.5845 11.6781 33.7101 25.5729 5.90099 23.1062 19.3944 4.39738 18.3343 17.3261 12.374 36.6855 12.3244 15.3618 19.0212 23.2808 10.8073 7.29527 0 24.6497 17.8229 22.7769 17.1814 9.00041 21.2213 9.20989 10.5626 16.55 15.3961 18.1418 20.7962 23.1636 2.61854 23.9432 25.4506 25.7758 35.9548 17.5327 21.1561 31.2621 23.9926 11.1743 24.7184 23.9121 18.3546 2.15559 7.6232 30.6585 23.1357 24.7111 
18.7326 17.5424 21.3703 23.3143 2.84718 29.0609 15.4483 8.38236 24.3414 29.5609 28.849 12.9661 25.5059 28.069 21.92 11.2076 32.9991 30.1035 21.3858 24.6497 0 6.98993 4.14839 36.8268 28.7603 6.8125 28.6308 20.6396 8.22839 29.5551 35.4805 22.9984 25.2852 26.7482 12.8848 29.4406 24.3768 31.3101 33.64 8.25103 7.61006 41.2775 17.7431 36.7271 27.9974 38.6676 24.1404 29.5258 8.15474 34.3948 34.3094 
14.2556 12.5704 16.5123 22.9959 7.78737 22.0772 12.8248 7.04363 17.3515 23.5955 22.7891 5.99145 25.6697 22.8345 18.0601 7.05317 27.5061 24.3207 14.4493 17.8229 6.98993 0 6.74959 30.047 22.8121 4.96621 22.7341 15.4937 1.27286 23.1572 28.9122 18.3166 20.9076 20.0378 11.3058 24.9679 20.9192 29.4699 27.166 5.9926 13.5242 34.8392 12.6453 30.9823 23.3818 31.8517 17.5018 23.2516 13.1859 28.6857 28.9073 
20.5653 14.2611 17.9203 26.9234 6.93459 27.7163 18.1263 4.52894 23.1838 30.3449 29.5377 12.3223 29.2562 24.6826 18.1027 13.0109 34.2104 27.0086 20.7114 22.7769 4.14839 6.74959 0 36.4801 25.7989 9.18036 25.6335 17.3442 7.63636 29.8549 35.5247 24.7508 27.2392 24.6224 15.8901 31.3611 26.8185 34.4936 33.8282 10.6702 11.5045 41.5022 14.517 37.7234 29.8221 38.2314 21.9503 26.8281 12.2599 35.422 35.5966 
22.2838 28.4582 28.8532 34.6816 36.5697 11.4638 27.514 34.3282 14.1907 11.2636 11.0749 24.17 37.2643 28.1751 32.5261 27.0369 13.6032 25.2787 15.8032 17.1814 36.8268 30.047 36.4801 0 23.931 31.0763 24.2719 27.7404 28.9532 8.65571 3.59262 19.8787 20.4215 17.6551 29.8703 19.635 24.0756 32.2368 5.39617 30.2125 41.4658 7.16224 28.0604 12.0104 18.9934 1.97378 19.2603 21.482 40.127 12.0161 14.2948 
28.1955 11.6599 8.77923 41.8676 30.4093 12.8597 30.9641 21.5255 13.3609 27.161 26.1714 18.759 44.8384 4.37444 11.3071 26.0943 32.0545 1.8321 16.1337 9.00041 28.7603 22.8121 25.7989 23.931 0 27.1902 0.369003 8.75901 21.6331 24.0385 25.7454 29.6655 32.1002 6.96149 31.2902 34.451 34.5763 44.7682 25.5727 27.5309 36.1219 31.0762 11.3525 33.1276 32.9105 24.5801 7.32138 2.57038 35.9779 31.7347 33.4465 
11.9212 17.4581 21.3826 18.3011 5.59028 24.6458 8.94823 11.3206 19.8489 23.0276 22.3762 8.85244 20.8807 27.554 23.0246 4.45831 26.2675 28.7844 16.4019 21.2213 6.8125 4.96621 9.18036 31.0763 27.1902 0 27.146 20.3086 5.8291 23.3395 29.3983 16.1876 18.4822 23.642 6.81063 22.6373 17.73 25.3834 27.4626 1.49908 10.5228 35.0131 17.507 30.0587 21.186 32.9824 21.2808 27.3687 9.54936 27.7222 27.5537 
28.3087 11.4622 8.50647 41.9419 30.3073 13.1727 31.0227 21.3398 13.5842 27.4134 26.421 18.7599 44.911 4.00885 10.9765 26.11 32.3145 1.72054 16.3008 9.20989 28.6308 22.7341 25.6335 24.2719 0.369003 27.146 0 8.52982 21.563 24.3076 26.0661 29.8259 32.2741 7.22949 31.3144 34.6573 34.7234 44.9146 25.8771 27.5063 36.0129 31.4143 11.1626 33.4173 33.1108 24.9307 7.4795 2.93763 35.8897 32.0108 33.711 
24.5283 3.09992 1.39583 36.9504 22.6043 16.409 25.9543 12.9355 14.0853 27.3859 26.36 13.1522 39.8407 7.4411 4.95872 20.3635 32.3237 9.74041 14.8567 10.5626 20.6396 15.4937 17.3442 27.7404 8.75901 20.3086 8.52982 0 14.4865 24.9835 28.5287 27.1194 29.8174 10.6922 25.5631 32.9855 31.5135 41.4596 27.705 20.9827 28.1846 34.4811 2.90798 34.3959 31.3242 28.9067 8.54074 10.3967 28.3019 32.5605 33.8152 
13.9754 11.6314 15.5535 23.474 9.05244 20.8325 13.0279 7.20435 16.1204 22.7999 21.9667 4.81587 26.207 21.7721 17.2838 7.13667 26.8343 23.1642 13.2882 16.55 8.22839 1.27286 7.63636 28.9532 21.6331 5.8291 21.563 14.4865 0 22.2203 27.9029 17.924 20.5684 18.7689 11.7692 24.5754 20.8 29.6236 26.1932 6.6497 14.7839 33.8676 11.6779 30.229 22.9635 30.7408 16.2392 22.0259 14.4046 27.949 28.2555 
13.6863 24.7628 26.2989 26.1648 28.9221 11.6816 18.9435 28.4801 11.1178 3.5202 2.82722 17.7164 28.8254 27.6959 29.9408 19.0673 8.07034 25.7312 10.488 15.3961 29.5551 23.1572 29.8549 8.65571 24.0385 23.3395 24.3076 24.9835 22.2203 0 6.1447 11.2681 12.094 17.0785 21.4053 12.2226 15.7049 24.6172 4.12691 22.3127 33.4722 11.7225 24.4137 9.4192 11.1849 10.6165 17.4959 22.055 31.9988 7.73986 9.41959 
19.7413 28.8654 29.7357 31.5375 34.9664 12.9114 25.0091 33.783 14.5134 8.06684 8.07322 23.2364 34.0453 29.8363 33.4316 25.1742 10.0142 27.2319 15.2535 18.1418 35.4805 28.9122 35.5247 3.59262 25.7454 29.3983 26.0661 28.5287 27.9029 6.1447 0 16.9387 17.2109 19.0894 27.5237 16.148 20.8608 28.7318 2.14024 28.4101 39.5975 6.12743 28.484 8.58523 15.598 5.20205 20.2901 23.4181 38.1392 8.43357 10.7099 
4.26686 25.6032 28.5112 14.9467 21.4577 19.9822 8.86749 25.1175 16.7571 8.95408 8.86978 15.1807 17.6893 32.2517 31.6509 11.84 10.5244 31.4963 13.5363 20.7962 22.9984 18.3166 24.7508 19.8787 29.6655 16.1876 29.8259 27.1194 17.924 11.2681 16.9387 0 2.75328 23.2512 11.7486 6.6541 5.06762 15.1725 14.8006 14.7832 24.7969 21.2214 25.3846 14.5666 5.07344 21.8153 22.3469 28.4099 22.9975 12.2883 11.6361 
6.67701 28.3421 31.2109 14.3357 23.5792 21.885 10.4842 27.7711 19.0045 9.16864 9.39192 17.9295 16.8473 34.811 34.3787 14.2485 9.34198 33.9266 15.9773 23.1636 25.2852 20.9076 27.2392 20.4215 32.1002 18.4822 32.2741 29.8174 20.5684 12.094 17.2109 2.75328 0 25.5564 13.4218 4.15541 3.65517 13.0398 15.1207 17.0349 26.5264 20.8134 28.1195 13.4309 2.82325 22.2932 24.7992 30.7439 24.6381 11.2997 10.19 
22.2925 12.3524 11.5804 36.3185 27.8199 6.2228 25.7244 20.982 6.57389 20.2097 19.2254 14.792 39.2932 10.7814 15.1345 21.5838 25.0942 8.68396 9.82899 2.61854 26.7482 20.0378 24.6224 17.6551 6.96149 23.642 7.22949 10.6922 18.7689 17.0785 19.0894 23.2512 25.5564 0 26.5398 27.6733 28.2611 38.4227 18.7511 23.6382 33.5395 24.6881 11.9445 26.2142 26.1722 18.5871 2.68344 5.20107 33.0129 24.7829 26.485 
7.90899 23.0015 26.7807 11.7068 10.651 25.9439 2.9376 18.0722 21.3934 20.1005 19.7066 12.6364 14.4503 32.4024 28.9083 5.24207 22.2731 33.0202 17.5915 23.9432 12.8848 11.3058 15.8901 29.8703 31.2902 6.81063 31.3144 25.5631 11.7692 21.4053 27.5237 11.7486 13.4218 26.5398 0 17.4559 11.7667 18.6048 25.4271 5.42479 13.1087 32.5089 22.9681 26.3071 16.2444 31.8418 24.575 30.9737 11.2583 24.0132 23.3589 
10.7984 31.741 34.3808 16.4912 27.7182 23.2757 14.5268 31.7644 21.1171 8.76526 9.40751 21.6617 18.5874 37.477 37.6837 18.3879 6.7193 36.2536 18.5674 25.4506 29.4406 24.9679 31.3611 19.635 34.451 22.6373 34.6573 32.9855 24.5754 12.2226 16.148 6.6541 4.15541 27.6733 17.4559 0 6.33631 12.6051 14.2455 21.1902 30.5273 18.6318 31.4913 10.5315 1.67926 21.35 27.2612 32.8677 28.6008 8.7628 7.06599 
7.0971 29.7452 32.8913 10.7084 22.3562 25.037 8.96388 27.943 21.7991 12.8237 13.0341 18.9457 13.1921 36.9993 35.8569 13.919 12.6007 36.4084 18.4882 25.7758 24.3768 20.9192 26.8185 24.0756 34.5763 17.73 34.7234 31.5135 20.8 15.7049 20.8608 5.06762 3.65517 28.2611 11.7667 6.33631 0 10.1919 18.7745 16.2333 24.6064 24.3089 29.5644 16.6236 5.77029 25.9484 27.256 33.3981 22.6171 14.6216 13.2345 
16.9394 39.51 42.8211 9.34888 28.7984 34.9242 16.6467 36.4602 31.9243 21.2705 21.7942 28.5782 9.39549 47.1467 45.6337 22.4877 18.9702 46.6003 28.6737 35.9548 31.3101 29.4699 34.4936 32.2368 44.7682 25.3834 44.9146 41.4596 29.6236 24.6172 28.7318 15.1725 13.0398 38.4227 18.6048 12.6051 10.1919 0 26.85 23.9393 29.2204 30.6321 39.3608 22.1761 13.4362 33.9318 37.4479 43.5742 27.1181 20.9104 18.8222 
17.6225 27.8306 28.9574 29.4348 33.0431 12.7321 22.8906 32.2619 13.6197 5.9575 5.93348 21.5981 31.9652 29.532 32.6457 23.1939 8.42731 27.1408 13.8814 17.5327 33.64 27.166 33.8282 5.39617 25.5727 27.4626 25.8771 27.705 26.1932 4.12691 2.14024 14.8006 15.1207 18.7511 25.4271 14.2455 18.7745 26.85 0 26.4396 37.5935 7.67465 27.4603 7.8029 13.6027 7.19108 19.6876 23.3493 36.107 7.11488 9.32704 
10.5177 18.2223 22.1103 17.0393 6.7778 24.2607 7.45611 12.6478 19.4839 21.8447 21.2277 8.89992 19.6835 28.1199 23.9335 3.25569 24.9531 29.1696 15.9163 21.1561 8.25103 5.9926 10.6702 30.2125 27.5309 1.49908 27.5063 20.9827 6.6497 22.3127 28.4101 14.7832 17.0349 23.6382 5.42479 21.1902 16.2333 23.9393 26.4396 0 11.2557 33.9371 18.2414 28.7855 19.756 32.1371 21.3674 27.5713 10.0446 26.4486 26.2181 
20.745 25.0958 28.9543 20.1973 5.74586 35.0738 16.0451 15.9398 30.2758 32.7244 32.1949 18.998 21.6932 35.624 29.5152 14.4423 35.3029 37.5309 26.906 31.2621 7.61006 13.5242 11.5045 41.4658 36.1219 10.5228 36.0129 28.1846 14.7839 33.4722 39.5975 24.7969 26.5264 33.5395 13.1087 30.5273 24.6064 29.2204 37.5935 11.2557 0 44.9971 25.2794 39.2935 29.3496 43.3924 31.023 36.7194 2.10299 36.9769 36.4314 
24.6053 34.931 35.6532 34.9538 40.6023 18.4663 29.82 39.8736 20.559 12.4144 12.8287 29.2591 37.1924 35.2965 39.3452 30.682 11.9125 32.4387 21.3738 23.9926 41.2775 34.8392 41.5022 7.16224 31.0762 35.0131 31.4143 34.4811 33.8676 11.7225 6.12743 21.2214 20.8134 24.6881 32.5089 18.6318 24.3089 30.6321 7.67465 33.9371 44.9971 0 34.5455 8.47791 18.6086 7.00638 26.1182 28.6389 43.4333 9.87224 11.8215 
22.5018 0.411538 3.87568 34.4732 19.6966 17.0588 23.5327 10.1777 13.9869 26.5212 25.5069 10.8215 37.3323 10.3488 6.29248 17.8211 31.3817 12.4943 13.9935 11.1743 17.7431 12.6453 14.517 28.0604 11.3525 17.507 11.1626 2.90798 11.6779 24.4137 28.484 25.3846 28.1195 11.9445 22.9681 31.4913 29.5644 39.3608 27.4603 18.2414 25.2794 34.5455 0 33.7461 29.8158 29.3814 9.44427 12.6842 25.3957 31.7942 32.8829 
18.5524 34.0849 35.7158 27.0217 35.5626 20.3844 23.434 36.9677 20.5092 7.49294 8.42549 26.1401 29.0834 36.9456 39.3516 25.6008 4.09457 34.751 19.7574 24.7184 36.7271 30.9823 37.7234 12.0104 33.1276 30.0587 33.4173 34.3959 30.229 9.4192 8.58523 14.5666 13.4309 26.2142 26.3071 10.5315 16.6236 22.1761 7.8029 28.7855 39.2935 8.47791 33.7461 0 10.8611 13.1518 26.844 30.9901 37.5369 2.33696 3.47839 
9.28936 30.0644 32.7198 16.3453 26.3506 21.9356 13.3068 30.1437 19.6041 7.85245 8.35957 19.993 18.6346 35.8824 36.0129 16.8854 6.83097 34.7192 16.9638 23.9121 27.9974 23.3818 29.8221 18.9934 32.9105 21.186 33.1108 31.3242 22.9635 11.1849 15.598 5.07344 2.82325 26.1722 16.2444 1.67926 5.77029 13.4362 13.6027 19.756 29.3496 18.6086 29.8158 10.8611 0 20.7791 25.693 31.3717 27.4602 8.85729 7.51009 
24.2563 29.7839 29.9707 36.5811 38.4589 12.5097 29.4877 35.9698 15.6644 13.1249 12.9848 25.9425 39.1405 28.8882 33.617 28.9719 15.139 25.8303 17.5242 18.3546 38.6676 31.8517 38.2314 1.97378 24.5801 32.9824 24.9307 28.9067 30.7408 10.6165 5.20205 21.8153 22.2932 18.5871 31.8418 21.35 25.9484 33.9318 7.19108 32.1371 43.3924 7.00638 29.3814 13.1518 20.7791 0 20.3771 22.0756 42.0688 13.434 15.7088 
20.939 9.85544 9.59871 34.7625 25.2891 7.87106 23.9788 18.3001 6.4132 20.3668 19.3516 12.4716 37.7389 10.3072 13.2658 19.5023 25.3271 9.15331 8.82288 2.15559 24.1404 17.5018 21.9503 19.2603 7.32138 21.2808 7.4795 8.54074 16.2392 17.4959 20.2901 22.3469 24.7992 2.68344 24.575 27.2612 27.256 37.4479 19.6876 21.3674 31.023 26.1182 9.44427 26.844 25.693 20.3771 0 6.43089 30.561 25.2319 26.7689 
27.2731 13.0355 10.685 41.1737 30.9767 10.62 30.4096 22.7183 11.7748 25.2821 24.3139 18.6856 44.1506 6.94429 13.5564 25.8611 30.1135 3.81512 14.9176 7.6232 29.5258 23.2516 26.8281 21.482 2.57038 27.3687 2.93763 10.3967 22.0259 22.055 23.4181 28.4099 30.7439 5.20107 30.9737 32.8677 33.3981 43.5742 23.3493 27.5713 36.7194 28.6389 12.6842 30.9901 31.3717 22.0756 6.43089 0 36.4306 29.688 31.4741 
19.0215 25.2433 29.1547 18.1127 5.72022 34.1929 14.181 16.518 29.397 31.1006 30.6093 18.3001 19.6614 35.7356 29.9722 13.1087 33.5196 37.4516 25.9148 30.6585 8.15474 13.1859 12.2599 40.127 35.9779 9.54936 35.8897 28.3019 14.4046 31.9988 38.1392 22.9975 24.6381 33.0129 11.2583 28.6008 22.6171 27.1181 36.107 10.0446 2.10299 43.4333 25.3957 37.5369 27.4602 42.0688 30.561 36.4306 0 35.2311 34.6167 
16.2325 32.1237 33.8985 25.1643 33.2258 19.1608 21.153 34.7338 18.8407 5.33168 6.31519 23.9198 27.3408 35.4332 37.5052 23.2642 2.04852 33.4038 17.8054 23.1357 34.3948 28.6857 35.422 12.0161 31.7347 27.7222 32.0108 32.5605 27.949 7.73986 8.43357 12.2883 11.2997 24.7829 24.0132 8.7628 14.6216 20.9104 7.11488 26.4486 36.9769 9.87224 31.7942 2.33696 8.85729 13.434 25.2319 29.688 35.2311 0 2.27987 
15.7894 33.1965 35.1734 23.5565 32.9682 21.0391 20.4468 35.1965 20.3559 6.4441 7.47149 24.4675 25.605 37.0348 38.7326 23.1093 1.50204 35.1476 18.9697 24.7111 34.3094 28.9073 35.5966 14.2948 33.4465 27.5537 33.711 33.8152 28.2555 9.41959 10.7099 11.6361 10.19 26.485 23.3589 7.06599 13.2345 18.8222 9.32704 26.2181 36.4314 11.8215 32.8829 3.47839 7.51009 15.7088 26.7689 31.4741 34.6167 2.27987 0 
