100
13.392 20.456 1.63554 1
0.592087 9.06777 24.2474 0
0.913685 20.2356 1.44245 1
13.8523 20.9992 0.880419 0
1.91465 21.5919 0.617707 0
14.2123 18.1231 0.571354 0
6.09622 23.7858 2.1014 0
11.7443 17.8378 0.395585 1
15.6364 17.2342 11.248 1
14.3488 22.9646 0.213437 0
2.85423 6.79903 0.554225 0
10.1769 18.4535 0.989759 0
12.1834 15.1076 0.951891 0
15.8461 16.3512 2.2502 0
4.74656 13.1269 0.606288 0
4.72724 17.1167 0.572005 0
4.10429 23.246 2.01846 0
0.347961 20.2335 0.501749 0
0.62193 20.9256 0.809992 0
13.4834 15.9488 2.24546 1
0.677929 19.8733 0.909853 0
11.7516 23.2561 1.97097 1
4.0179 9.95862 7.61897 0
5.66719 6.08976 0.480194 0
16.3318 23.2471 0.397062 0
1.83839 17.2372 0.859388 0
15.9585 23.7334 1.83344 0
1.77212 10.2183 0.248603 0
3.91175 16.3176 0.601175 0
2.74469 12.3403 0.967678 0
11.4091 16.0456 0.551026 1
6.11972 16.8402 2.11147 0
16.7534 18.1296 1.13991 0
4.17039 19.2287 1.1579 1
15.8451 19.1096 0.48028 0
14.2491 20.493 1.08759 0
17.3913 23.415 1.01163 0
13.9339 18.972 0.770935 1
6.76581 23.1198 0.303623 0
0.0564302 5.9909 29.9752 1
3.63742 21.8005 1.5881 0
16.4281 20.4847 0.520499 0
7.29069 15.0573 2.0476 1
15.1948 17.472 1.14562 0
10.8318 15.4003 2.19332 0
7.1083 9.62645 2.02511 0
9.07789 11.1402 1.93165 0
18.6685 19.3433 2.21469 0
18.0274 22.4603 24.4378 0
6.30027 15.9136 1.17054 0
14.6689 16.4496 1.01911 0
18.0997 18.2551 2.23058 0
9.9045 10.1935 1.90751 0
16.2606 23.8597 1.01779 1
17.2044 21.2895 1.08025 0
0.550037 11.9865 28.7697 0
3.72166 11.5808 1.54244 0
8.69575 11.4945 1.70814 0
15.5991 17.2487 2.21351 0
8.72221 23.41 1.10224 1
0.0897677 16.8778 1.82555 0
16.0178 23.0875 1.40806 0
18.3146 22.9919 0.459238 0
8.27333 22.1703 1.38104 0
5.97547 11.1674 1.40049 0
12.7004 18.0317 14.7733 0
1.52007 21.1054 1.78864 0
4.31657 13.5834 0.721621 0
18.8677 23.3854 1.26322 0
13.4179 18.2489 0.556844 0
17.9555 18.7598 0.861203 0
9.34304 16.5232 1.92103 0
7.10283 10.753 2.00123 0
1.7425 8.47525 0.871438 0
2.18908 22.0613 0.791951 0
7.89895 9.86095 5.75755 0
10.9445 17.491 1.73857 0
8.16884 16.7196 0.757603 0
8.74611 19.0218 1.00569 1
16.4166 23.2489 0.721497 0
5.99926 12.0644 1.64293 0
11.5987 13.5032 2.21966 0
8.54855 19.2063 1.25884 1
1.76425 3.6929 1.8528 0
3.29561 14.2806 0.705102 0
3.39345 21.0138 1.43808 0
5.89057 21.9338 0.912575 0
5.98879 14.569 0.346764 0
16.7721 17.4129 1.35786 0
1.245 23.5018 2.0293 0
18.571 22.577 1.16353 0
16.9053 22.4743 18.7246 0
1.16955 18.3958 0.366182 0
14.3941 17.8621 1.52189 0
12.7199 17.7365 1.80521 0
17.5575 20.2397 1.30011 0
2.85903 16.8997 21.7473 0
11.4902 20.6495 0.964622 0
12.0349 20.291 7.46523 0
18.7382 21.7501 1.6361 0
400 50 500
0.025 0.0125 10000 3000 15 1e+06 300000 6 9
0 12.8257 11.2435 17.3936 13.0948 17.1592 13.2081 6.745 19.8673 23.6711 12.4027 20.3257 17.2236 7.21045 1.48521 17.3588 21.4044 20.917 13.4615 6.00504 16.6153 12.1274 15.7899 7.9755 4.63344 23.9442 21.6677 10.8702 17.3098 6.51718 3.64538 6.3391 4.56464 14.5168 2.29371 3.9269 5.74127 4.48146 19.3444 15.666 12.7062 12.2539 20.3239 14.1151 20.0274 23.0168 10.1486 16.2355 14.7023 13.576 7.85711 10.2425 11.9423 21.7781 5.09367 17.2424 14.6599 9.34797 22.2965 16.9782 14.6019 5.32653 17.0559 11.9303 8.87385 7.07699 3.65435 7.64941 13.4961 18.8831 24.7332 8.73638 8.53061 15.7177 8.48034 3.99514 24.9378 16.9061 13.6753 17.9105 13.2492 9.96021 8.5174 15.1219 10.2318 21.0714 19.9084 14.6137 15.1404 11.3946 17.6808 22.6267 12.7584 10.07 12.1067 13.3253 17.6718 13.7126 23.4908 24.2066 11.983 
12.8257 0 14.5205 14.0443 0.36563 11.7835 20.8755 17.9653 7.08927 18.3529 16.5577 9.22003 6.54322 18.6761 14.19 4.74465 11.9584 10.0056 17.9019 18.8211 21.9538 12.7197 19.2251 18.7014 14.2566 11.1198 10.2691 20.737 5.88528 18.6386 14.2974 16.6616 9.74331 17.104 14.1903 10.4639 15.0811 10.0431 13.2271 10.8687 16.3046 3.94848 7.88898 3.99518 8.47754 14.9326 15.6541 21.3594 12.9631 13.8683 10.5021 2.73794 17.6926 16.1768 17.6184 12.8543 9.71301 14.8822 9.67917 5.85135 1.8007 18.1301 8.06089 22.4246 9.27693 10.4152 11.2823 13.5031 14.6583 6.09037 18.2785 6.91479 18.4228 12.9254 5.98372 9.49419 17.1257 4.90202 18.7043 8.81883 9.48541 16.2972 4.43609 2.30899 14.0626 12.1802 12.0732 8.5907 17.2239 5.12575 8.41656 10.2726 7.71965 11.359 14.0214 9.49658 8.69344 11.7705 10.6688 16.5227 19.1525 
11.2435 14.5205 0 25.7403 14.5174 24.4418 24.4513 9.42521 20.4774 31.3953 2.03776 23.7376 20.9981 17.8732 11.1231 16.8727 15.5819 16.7944 24.3212 14.4489 7.4376 2.72314 5.08974 18.9251 7.28415 23.5621 17.9567 21.9042 20.4058 16.717 8.40803 17.5142 13.7084 24.9561 9.87797 13.6143 16.9737 7.73164 26.3882 8.25395 1.85766 11.059 21.9215 12.4967 22.9545 28.9999 2.35038 6.84982 5.33854 3.26084 4.59263 12.2505 3.53998 29.2582 15.0053 8.67144 8.08756 2.46712 20.7008 14.5382 15.9786 14.1527 12.491 22.6797 17.4805 16.5749 13.9263 18.3491 23.3687 19.5393 31.8394 15.8643 7.81397 6.6303 14.8443 8.92275 31.1687 15.5369 4.19536 22.9498 20.855 3.30418 11.2904 15.9689 1.01354 14.8193 25.9284 9.02863 3.91486 17.004 22.5816 24.2353 8.09164 19.4678 22.0965 6.93381 12.7821 22.3043 22.8791 30.5041 5.49546 
17.3936 14.0443 25.7403 0 14.3365 2.85474 14.3426 24.1297 15.8613 6.34018 27.5763 11.2804 10.1321 17.984 18.7151 16.8946 25.6119 23.094 9.5436 21.2887 32.7221 24.9255 30.8297 16.9769 21.5683 19.1289 22.8988 16.9075 11.3261 19.0312 20.8442 15.6698 12.9947 7.30027 19.6804 13.5061 14.2948 18.4136 3.72821 24.6397 27.5808 17.6624 14.4128 18.0389 12.0589 7.85527 25.8315 32.218 26.0919 26.3545 21.1486 14.667 27.9432 4.73314 19.2598 26.6657 23.4217 24.9379 20.1687 19.4349 14.1393 20.6475 22.0574 18.7562 8.63416 10.3203 13.7539 10.9707 5.55291 15.5226 7.7608 9.87823 25.8474 26.3702 10.9125 17.2259 8.93957 18.0229 29.4462 7.74542 4.94105 26.0624 14.855 14.8479 24.9286 25.9904 6.09663 22.43 29.2975 9.31147 8.01498 15.2823 21.1937 7.42168 6.58935 22.8721 22.6649 3.68164 19.2545 8.25664 28.6388 
13.0948 0.36563 14.5174 14.3365 0 12.0441 21.2392 18.1525 6.86727 18.5699 16.5552 9.22325 6.62263 19.0011 14.448 4.41062 11.6101 9.64111 18.2659 19.0948 21.944 12.6624 19.1784 19.0383 14.4324 10.8612 9.90383 21.0874 5.90561 18.9489 14.4983 16.9981 10.0737 17.4608 14.4233 10.7893 15.4224 10.2257 13.4517 10.6606 16.2887 3.80267 7.74813 3.70682 8.44652 15.0695 15.7005 21.3468 12.8267 13.7835 10.5662 2.93598 17.7245 16.3969 17.9134 12.6351 9.51885 14.9395 9.35602 5.49193 1.6088 18.4062 7.74499 22.7706 9.64253 10.7758 11.6084 13.8638 15.0114 5.86402 18.4595 7.27987 18.5668 12.7556 6.3442 9.71049 17.2614 4.53728 18.7071 8.96707 9.80997 16.3595 4.65877 2.02719 14.0828 11.8421 12.2436 8.37731 17.1548 5.47228 8.56126 10.1322 7.57173 11.7229 14.3814 9.34975 8.37224 12.1043 10.3961 16.6669 19.2128 
17.1592 11.7835 24.4418 2.85474 12.0441 0 16.277 23.8778 13.0354 6.95348 26.3558 8.45398 7.32105 18.8802 18.5713 14.2409 23.0504 20.4408 11.6121 21.6866 31.6282 23.3704 29.5039 18.0367 20.9931 16.2749 20.19 18.4008 8.52949 19.7543 20.3949 16.4956 12.6089 9.55483 19.3913 13.2364 14.9718 17.4762 2.19076 22.5768 26.2981 15.5721 11.5597 15.7429 9.20929 6.25272 24.7745 31.0963 24.2857 24.7429 19.8688 12.7914 26.9087 4.83102 19.7371 24.5875 21.3828 23.8888 17.3478 16.916 11.6571 21.009 19.6674 20.29 8.31017 10.2966 13.6423 11.7087 7.37452 12.7301 7.62615 8.8544 25.383 24.455 9.69158 16.3399 7.89714 15.4491 28.3192 4.89086 3.91457 25.102 13.258 12.3281 23.6972 23.4773 3.70771 20.3241 27.8311 7.51509 5.1624 12.4524 19.2275 7.84217 8.03286 20.9559 20.2518 4.23186 16.4003 7.1631 27.7893 
13.2081 20.8755 24.4513 14.3426 21.2392 16.277 0 17.7839 26.3269 19.6989 25.5383 23.75 21.3076 7.74313 13.4938 25.4455 32.2098 30.7714 4.82027 12.4443 29.2738 25.1929 28.881 6.31884 17.518 30.3776 31.1322 3.95471 22.1206 9.2779 16.3818 7.05316 12.1845 7.15694 14.8117 11.8122 7.50328 17.2314 17.9623 27.9004 25.8791 22.5417 25.7152 23.989 24.0992 22.1808 23.2379 28.9795 27.5787 26.6803 20.8088 19.4156 24.8513 18.788 10.677 29.713 26.7451 22.4837 30.0883 26.5478 22.1336 12.1759 27.8409 5.21312 11.7039 10.5074 11.1711 7.45036 8.91397 25.5741 21.6167 13.9715 20.2027 28.4578 14.9131 16.2722 23.2236 25.7751 26.6108 20.1449 14.0166 22.9179 18.2417 22.8899 23.4393 32.1519 19.9847 26.3374 28.3436 16.3771 20.1915 27.4126 24.5323 9.99805 8.35614 25.5771 28.514 12.2463 30.2184 22.565 24.4646 
6.745 17.9653 9.42521 24.1297 18.1525 23.8778 17.7839 0 25.0017 30.4154 9.42268 26.3739 23.2852 10.1829 5.43232 21.9569 23.6949 24.0703 19.306 5.7532 11.7548 11.6253 12.222 11.5338 3.75974 28.8382 25.0506 14.4072 23.1789 8.71906 3.72865 10.893 11.2693 20.7219 4.4865 10.6668 11.2114 7.92766 26.0575 16.7545 9.98837 16.1108 25.8199 17.9928 25.9313 29.642 7.26144 11.5631 14.5009 12.6229 9.01148 15.2276 7.99498 28.5206 7.13968 17.7074 16.1334 6.95882 26.6529 20.7157 19.7556 5.76307 19.7853 14.6416 15.6136 13.8093 10.3761 13.9469 20.0124 23.9957 31.4683 15.2772 2.46373 15.7624 14.823 8.5497 31.6058 21.1101 9.65181 24.3017 19.9636 6.49188 13.5549 20.1096 8.59817 23.1105 26.5097 16.613 12.5697 17.711 24.0366 28.1919 14.9971 16.7687 18.6132 14.7383 20.2767 20.4506 28.2833 30.8778 6.97218 
19.8673 7.08927 20.4774 15.8613 6.86727 13.0354 26.3269 25.0017 0 17.8219 22.4789 5.6716 5.73486 25.3196 21.2552 3.68308 11.4952 8.41997 22.5713 25.8391 27.7238 18.215 24.6514 25.1671 21.2669 4.17831 7.76319 26.8698 4.57763 25.44 21.3619 23.1545 16.4246 21.1805 21.2795 17.1886 21.5073 17.075 13.3914 14.5169 22.1062 9.48285 2.0715 7.99821 4.55175 12.9262 21.9919 27.1093 17.5147 19.0191 17.0357 9.80321 23.8927 15.9002 24.538 16.1047 13.7171 21.3074 4.31476 6.71735 5.28978 25.1401 9.86708 28.6633 14.7372 16.3987 17.9878 19.3651 18.6414 1.00602 16.9188 12.7822 25.3156 17.0024 12.2306 16.5772 14.8774 5.23621 24.6392 8.25763 12.8481 22.7418 11.5219 4.89309 20.224 12.2255 11.1913 12.451 22.4438 10.029 7.92306 3.89004 12.585 16.3378 18.4718 14.1784 10.1554 15.1485 3.90582 14.5065 25.5573 
23.6711 18.3529 31.3953 6.34018 18.5699 6.95348 19.6989 30.4154 17.8219 0 33.3069 12.2501 12.7241 24.1839 25.0173 19.9529 28.8472 25.9846 14.9288 27.6155 38.5672 30.2957 36.4565 23.1052 27.7329 20.0266 25.5077 22.7205 13.9108 25.2908 27.0605 21.913 19.2068 12.5734 25.9482 19.7596 20.5898 24.3622 5.13827 29.2213 33.2515 22.252 15.9237 22.1912 13.3273 5.42378 31.7025 38.0392 31.1119 31.6506 26.8211 19.6435 33.8338 2.18214 25.5782 31.2044 28.0574 30.8144 21.9867 22.9357 17.9002 26.9793 25.9053 24.4994 14.831 16.6181 20.0496 17.2728 11.5143 17.8373 2.16204 15.7275 32.0668 31.2121 16.6202 23.2058 4.70977 21.3661 35.2615 9.96667 10.6869 32.0073 20.1955 18.4716 30.6482 29.3982 6.69453 26.943 34.7698 14.4437 10.3737 15.8356 25.9754 13.759 12.7302 27.7288 26.4381 9.9835 20.3801 4.43054 34.6628 
12.4027 16.5577 2.03776 27.5763 16.5552 26.3558 25.5383 9.42268 22.4789 33.3069 0 25.7752 23.0302 18.6374 12.0634 18.8588 17.079 18.5022 25.7187 14.8537 5.40612 4.43687 3.41298 19.7812 8.06254 25.5006 19.6894 22.7697 22.4429 17.3787 9.21135 18.5198 15.2902 26.4796 10.7613 15.1249 18.1355 9.33956 28.327 9.77104 0.654601 13.0833 23.944 14.4878 24.9918 30.9984 2.3311 4.82476 6.56827 4.38102 6.48978 14.2712 1.9821 31.1801 15.667 9.85266 9.77786 3.05751 22.5859 16.4478 18.0146 14.6491 14.2562 23.3992 19.2131 18.1859 15.3618 19.7663 24.9971 21.5473 33.7928 17.7002 7.4146 7.81206 16.7144 10.5494 33.1627 17.4964 2.16452 24.9614 22.7202 2.9358 13.2686 17.9989 2.65873 16.2631 27.9167 10.8094 3.14714 18.954 24.5958 26.2511 10.0176 21.1339 23.6959 8.73447 14.4987 24.0932 24.8091 32.4939 4.04484 
20.3257 9.22003 23.7376 11.2804 9.22325 8.45398 23.75 26.3739 5.6716 12.2501 25.7752 0 3.10432 24.4162 21.8047 8.50509 17.0816 14.0559 19.4374 25.958 31.1669 21.8507 28.3765 23.9477 22.8368 7.98741 13.4345 25.0816 3.34507 24.8755 22.6456 22.0699 16.124 17.6522 22.1694 16.9033 20.3997 18.675 8.21573 19.1064 25.5119 12.8728 3.68699 11.9968 1.12371 7.25462 24.8425 30.57 21.7397 22.9046 19.6682 11.6902 26.8995 10.4328 24.3277 20.8972 18.1244 24.0511 9.73963 11.7155 7.83779 25.2431 14.8968 26.9634 13.0792 15.0959 17.6014 17.6381 15.2249 5.89905 11.2548 11.889 27.1897 21.4596 11.8746 17.8603 9.22882 10.0996 27.9238 3.68954 9.73527 25.4517 13.1021 8.03631 23.2799 17.7575 5.79181 16.8751 26.3099 9.00628 3.57452 4.00213 16.5175 13.9958 15.4422 18.2616 15.3028 11.6555 8.23587 8.83849 28.3067 
17.2236 6.54322 20.9981 10.1321 6.62263 7.32105 21.3076 23.2852 5.73486 12.7241 23.0302 3.10432 0 21.4723 18.7019 7.23291 16.1342 13.3374 17.2351 22.8814 28.4354 19.262 25.7611 21.0686 19.7708 9.30077 12.9752 22.3599 1.22705 21.8749 19.558 19.152 13.0537 15.6664 19.0666 13.8354 17.4775 15.6304 7.91004 17.0404 22.804 10.4078 4.51141 9.85835 2.93896 8.57687 21.9801 27.8473 19.4162 20.4048 16.7978 8.80373 24.0638 10.6506 21.2787 18.936 15.9689 21.1685 10.037 10.2358 5.49634 22.1665 13.2808 24.2231 10.2189 12.1738 14.5474 14.8505 13.152 5.4143 12.2344 8.85287 24.1427 19.269 8.78366 14.7879 10.7494 8.65045 25.1606 2.76378 7.40402 22.5523 10.1163 5.92322 20.4838 16.6742 6.05956 14.7615 23.7669 5.94262 2.36695 6.12799 14.1554 11.3755 13.1526 15.9291 13.7803 9.59275 9.30302 10.2004 25.4013 
7.21045 18.6761 17.8732 17.984 19.0011 18.8802 7.74313 10.1829 25.3196 24.1839 18.6374 24.4162 21.4723 0 6.81753 23.4095 28.4254 27.6743 10.3952 4.70113 21.8644 19.1418 21.8463 1.43581 10.6162 29.4961 28.3123 4.23042 21.9108 1.53527 9.47542 2.39843 8.94141 12.3834 8.00229 8.2122 4.03146 11.6914 20.9735 22.8758 19.0645 18.9851 25.3234 20.7525 24.4105 25.1314 16.3063 21.6217 21.8179 20.5291 15.0038 16.4437 17.6792 22.7159 3.05833 24.443 21.8607 15.6538 28.3552 23.5773 20.313 4.46405 24.0306 4.81342 11.3696 9.32095 7.39386 7.17318 12.703 24.402 25.7444 12.6963 12.6379 22.8758 13.0972 11.1039 26.6852 23.2494 19.4288 21.2912 15.4169 15.8367 14.8533 20.9592 16.8707 28.1505 22.3247 21.7699 21.633 15.616 21.1847 27.4328 19.9094 11.0626 11.4538 20.5335 24.6682 14.711 29.1531 25.9617 17.0439 
1.48521 14.19 11.1231 18.7151 14.448 18.5713 13.4938 5.43232 21.2552 25.0173 12.0634 21.8047 18.7019 6.81753 0 18.6607 22.3164 21.9879 14.2354 4.75266 15.9219 12.3263 15.3888 7.80492 4.02446 25.3081 22.7836 10.7811 18.7748 5.85257 2.8943 6.45765 6.012 15.4636 1.32292 5.33943 6.2408 5.22657 20.7597 16.2809 12.4327 13.387 21.7565 15.2718 21.4974 24.469 9.75114 15.5834 15.0257 13.7123 8.25955 11.563 11.3783 23.1526 4.24336 17.747 15.341 9.01936 23.5778 18.1316 15.9767 4.12094 18.0204 11.6274 10.2678 8.39957 4.96826 8.61624 14.6162 20.2658 26.1228 10.2147 7.41004 16.1115 9.96493 5.03495 26.375 18.1408 13.1346 19.3939 14.6684 9.42974 9.82779 16.4743 10.1127 21.9325 21.3678 15.4038 14.9522 12.8796 19.1653 24.0694 13.5691 11.3387 13.2184 13.9708 18.6175 15.0404 24.8399 25.6428 11.1846 
17.3588 4.74465 16.8727 16.8946 4.41062 14.2409 25.4455 21.9569 3.68308 19.9529 18.8588 8.50509 7.23291 23.4095 18.6607 0 8.90246 6.20219 22.1867 23.3624 24.0697 14.5592 20.9755 23.446 18.1979 6.91425 6.06675 25.4579 6.04372 23.3353 18.4153 21.4062 14.4843 21.1359 18.517 15.1985 19.8239 14.0928 15.1073 10.8857 18.4696 6.0184 5.47943 4.37738 7.42685 15.5301 18.4707 23.4541 13.8369 15.3396 13.635 7.11898 20.3234 17.8829 22.2597 12.5447 10.0494 17.8202 4.96069 3.21739 3.31366 22.6849 6.40982 27.1595 13.754 15.0709 16.0178 18.1491 18.6155 2.87255 19.3663 11.4905 22.0716 13.3512 10.6586 13.7637 17.621 1.62014 21.0139 9.99636 13.0047 19.2525 8.84187 2.55716 16.6647 9.45012 13.271 8.78157 18.7626 9.20575 9.59609 7.5641 8.91697 15.6875 18.174 10.496 6.79816 15.377 6.33017 17.1554 22.04 
21.4044 11.9584 15.5819 25.6119 11.6101 23.0504 32.2098 23.6949 11.4952 28.8472 17.079 17.0816 16.1342 28.4254 22.3164 8.90246 0 3.14496 29.7032 26.9598 21.2145 12.8612 17.7767 28.8564 20.2314 11.866 4.17336 31.3593 14.9372 27.9109 20.9155 26.8829 20.1897 29.0383 21.6606 20.7217 25.5329 17.0938 24.0036 7.33184 16.486 9.68039 13.5664 8.27892 15.9607 24.2831 17.8264 20.6224 10.5521 12.7142 14.7295 12.8193 18.9902 26.7847 26.4772 7.52207 7.63348 17.5507 8.51449 6.1968 11.4891 26.3924 4.4154 32.8199 21.011 21.7526 21.4919 24.7641 26.6117 11.186 28.1933 18.5898 22.8612 9.401 17.4905 17.4099 26.3081 7.60142 18.9165 18.8979 21.3553 18.7779 13.9954 10.7658 15.9242 0.992482 22.1578 7.09118 15.5062 17.0824 18.4984 14.9174 8.81735 23.1931 25.9288 8.99034 3.76203 23.6843 11.1234 25.8929 21.0311 
20.917 10.0056 16.7944 23.094 9.64111 20.4408 30.7714 24.0703 8.41997 25.9846 18.5022 14.0559 13.3374 27.6743 21.9879 6.20219 3.14496 0 27.9066 26.7229 23.0695 14.1034 19.6794 27.9558 20.4344 8.78852 1.24633 30.2814 12.1193 27.3225 20.9704 25.9373 19.0615 27.0449 21.5032 19.6729 24.4815 16.8663 21.2458 8.86015 17.9608 8.69762 10.4851 6.93703 12.9323 21.2915 18.8881 22.4608 12.237 14.2743 15.0777 11.4403 20.3122 23.9611 26.0063 9.65507 8.72653 18.477 5.41579 4.22423 9.1718 26.1082 4.35662 31.8496 19.2715 20.2645 20.4755 23.3375 24.5599 8.19175 25.2403 16.8834 23.5484 11.2591 15.871 16.964 23.2826 5.20404 20.4883 16.0911 19.0854 19.8072 12.8739 8.40366 16.9599 4.00669 19.2909 7.78942 17.3745 15.0193 15.7021 11.7754 9.13124 21.3636 23.9977 9.87993 4.01232 21.4486 8.03813 22.8898 22.2882 
13.4615 17.9019 24.3212 9.5436 18.2659 11.6121 4.82027 19.306 22.5713 14.9288 25.7187 19.4374 17.2351 10.3952 14.2354 22.1867 29.7032 27.9066 0 14.7649 30.0747 24.5398 29.1305 9.05324 18.0858 26.4827 28.1101 7.93051 18.1653 11.8112 17.0403 8.65194 10.8269 2.35554 15.5192 10.7631 8.09586 16.6535 13.1995 26.334 25.9495 20.2416 21.728 21.4298 19.8958 17.3948 23.5366 29.6969 26.5918 26.061 20.165 16.9646 25.3947 13.9693 12.7344 28.2709 25.1194 22.699 26.5591 23.7378 18.9006 14.3011 25.4724 9.62234 8.69245 8.305 10.3954 5.97276 4.25982 21.91 16.8149 11.1143 21.5498 27.2966 12.2347 15.522 18.4046 22.7536 27.1163 15.7693 9.83134 23.4094 16.1304 19.6777 23.3407 29.7787 15.3075 24.5081 28.2247 12.982 15.8633 23.2405 22.8157 6.54307 4.10089 24.111 26.1454 7.78536 26.3999 17.7485 25.3996 
6.00504 18.8211 14.4489 21.2887 19.0948 21.6866 12.4443 5.7532 25.8391 27.6155 14.8537 25.958 22.8814 4.70113 4.75266 23.3624 26.9598 26.7229 14.7649 0 17.5046 16.1818 17.8595 6.12956 7.29594 29.9346 27.5309 8.81966 23.0801 3.16685 6.3078 6.12492 9.83535 16.5459 5.3058 9.05896 7.09857 9.88826 23.8608 20.6555 15.3581 18.1389 26.2163 20.0244 25.753 27.8309 12.5643 17.3162 19.014 17.4197 12.5397 16.2474 13.6291 25.9472 2.07554 21.9641 19.7991 12.0533 28.2957 22.8841 20.5896 0.714931 22.7084 8.90397 13.5255 11.4445 8.39629 10.364 16.4158 24.8609 28.9776 14.1026 8.20613 20.1891 14.1061 9.78595 29.5837 22.8813 15.3334 23.2462 17.917 11.9409 14.5206 21.1213 13.499 26.535 24.8342 19.9692 17.964 16.952 23.0645 28.4845 18.1636 13.9415 15.061 18.4037 23.2924 17.7507 29.4892 28.8495 12.7243 
16.6153 21.9538 7.4376 32.7221 21.944 31.6282 29.2738 11.7548 27.7238 38.5672 5.40612 31.1669 28.4354 21.8644 15.9219 24.0697 21.2145 23.0695 30.0747 17.5046 0 9.5105 3.44214 23.1617 11.9895 30.5646 24.2969 26.0938 27.8388 20.4408 13.055 22.2366 20.1054 31.0701 14.6071 19.8296 22.1623 14.3218 33.6336 14.2113 5.66129 18.4149 29.2537 19.7275 30.37 36.3825 6.8911 0.618069 10.8336 8.88499 11.8251 19.6758 4.8004 36.4586 18.8061 13.6972 14.5137 7.78491 27.5266 21.4864 23.3849 17.5048 19.0142 26.3956 24.2256 23.0092 19.9389 24.2322 29.7919 26.813 39.1167 22.8804 9.29866 11.854 21.9475 15.523 38.5412 22.6454 3.31772 30.3591 27.9255 6.75478 18.6417 23.3417 8.00757 20.3064 33.2899 15.6713 5.71515 24.2871 29.9955 31.5355 15.158 26.022 28.4476 13.6895 19.1528 29.1716 29.8535 37.8676 4.82204 
12.1274 12.7197 2.72314 24.9255 12.6624 23.3704 25.1929 11.6253 18.215 30.2957 4.43687 21.8507 19.262 19.1418 12.3263 14.5592 12.8612 14.1034 24.5398 16.1818 9.5105 0 6.52727 20.0594 8.88591 21.1096 15.2781 22.989 18.5616 18.1287 9.90958 18.4636 13.7267 24.9211 11.207 13.7883 17.6968 7.9847 25.2068 5.53805 3.95948 8.99379 19.7726 10.222 21.001 27.5138 4.99127 8.89516 2.87968 1.52174 4.4044 10.7478 6.20952 28.1292 16.4481 6.11734 5.38125 4.84758 18.1589 12.0397 14.0184 15.7968 9.82888 23.9459 17.0501 16.4597 14.2416 18.605 23.1199 17.3098 30.5713 15.1626 10.2935 4.13807 14.0489 9.04353 29.7015 13.1452 6.52851 21.4045 19.9877 5.95064 10.1178 13.9131 3.15334 12.1069 24.5151 6.37545 4.52436 15.8565 21.0188 22.0369 5.65179 19.1757 21.9266 4.29763 10.0926 21.6574 20.4102 29.0629 8.20711 
15.7899 19.2251 5.08974 30.8297 19.1784 29.5039 28.881 12.222 24.6514 36.4565 3.41298 28.3765 25.7611 21.8463 15.3888 20.9755 17.7767 19.6794 29.1305 17.8595 3.44214 6.52727 0 23.0343 11.3671 27.3356 20.9124 26.0186 25.0817 20.5347 12.5098 21.8441 18.6835 29.8876 14.0748 18.5314 21.512 12.718 31.4273 10.8351 3.26654 15.5202 26.263 16.6892 27.528 33.9258 5.64891 2.86503 7.46439 5.64609 9.68119 17.1345 4.2335 34.312 18.8347 10.2571 11.216 6.44557 24.2402 18.273 20.5456 17.7214 15.6888 26.5628 22.5483 21.5732 18.7744 23.1792 28.3817 23.7687 36.8573 20.954 9.94929 8.43647 19.9304 13.9243 36.1057 19.5027 2.61426 27.8382 25.9405 6.0107 16.2986 20.4353 5.94546 16.8657 30.8859 12.4106 2.30606 22.0389 27.4597 28.501 12.0708 24.5033 27.0886 10.5005 15.7957 27.3904 26.6143 35.453 5.61927 
7.9755 18.7014 18.9251 16.9769 19.0383 18.0367 6.31884 11.5338 25.1671 23.1052 19.7812 23.9477 21.0686 1.43581 7.80492 23.446 28.8564 27.9558 9.05324 6.12956 23.1617 20.0594 23.0343 0 11.7252 29.3443 28.5392 2.98862 21.5801 2.96831 10.5768 2.04052 8.98117 11.1077 9.05522 8.31006 3.65978 12.411 20.0884 23.5597 20.1854 19.3059 25.0542 21.0189 24.0055 24.2861 17.4521 22.903 22.6741 21.4783 15.8315 16.6056 18.8992 21.708 4.39494 25.1916 22.5064 16.7678 28.3627 23.8084 20.2786 5.86233 24.4454 3.99581 10.8695 8.9036 7.49598 6.41761 11.5935 24.2748 24.7244 12.4238 13.9779 23.6927 12.9474 11.7121 25.7694 23.385 20.6549 20.7119 14.7149 17.0251 15.0849 20.9535 17.9159 28.6274 21.5563 22.3415 22.7321 15.3068 20.6308 27.1011 20.4816 10.2999 10.4001 21.2092 25.0944 13.8267 29.0348 25.052 18.3397 
4.63344 14.2566 7.28415 21.5683 14.4324 20.9931 17.518 3.75974 21.2669 27.7329 8.06254 22.8368 19.7708 10.6162 4.02446 18.1979 20.2314 20.4344 18.0858 7.29594 11.9895 8.88591 11.3671 11.7252 0 25.0827 21.3836 14.7137 19.5941 9.43324 1.14903 10.477 8.58203 19.1396 2.70771 8.14438 10.2172 4.21817 23.1391 13.5449 8.46039 12.3594 22.1319 14.2467 22.3438 26.5163 5.73951 11.6219 11.7245 10.139 5.51087 11.5199 7.36925 25.7465 7.72112 14.7332 12.7946 5.04348 22.8983 16.9899 16.0391 6.92753 16.1962 15.4109 12.9352 11.3918 8.10507 12.2771 18.0266 20.2609 28.6192 12.1917 4.43888 12.914 11.5755 4.98678 28.5467 17.3553 9.12091 20.9641 17.1 5.40914 9.87655 16.3738 6.29627 19.7051 23.3656 13.1434 11.0178 14.3887 20.6756 24.5101 11.446 14.4347 16.6505 11.3876 16.7163 17.9033 24.5251 27.828 7.35765 
23.9442 11.1198 23.5621 19.1289 10.8612 16.2749 30.3776 28.8382 4.17831 20.0266 25.5006 7.98741 9.30077 29.4961 25.3081 6.91425 11.866 8.78852 26.4827 29.9346 30.5646 21.1096 27.3356 29.3443 25.0827 0 7.69348 31.0225 8.31747 29.603 25.2569 27.3326 20.5932 24.9653 25.2679 21.3541 25.6846 20.9408 16.2021 16.7009 25.0646 12.9188 4.79352 11.1856 7.0862 14.7306 25.2788 29.9466 19.9522 21.7032 20.5315 13.7718 27.0629 18.3397 28.6758 17.9668 16.1372 24.661 3.37747 9.07855 9.34504 29.2404 11.7846 32.8246 18.8607 20.5602 22.1561 23.5053 22.4454 5.10436 18.7518 16.9506 28.9858 19.2263 16.4089 20.5313 16.3548 8.04732 27.6306 11.3844 16.6722 26.0881 15.5075 8.83714 23.4337 12.7807 13.7668 14.9255 25.0601 14.166 11.1326 4.19584 15.483 20.3796 22.385 16.8752 11.8474 18.8928 0.756777 16.1533 28.8425 
21.6677 10.2691 17.9567 22.8988 9.90383 20.19 31.1322 25.0506 7.76319 25.5077 19.6894 13.4345 12.9752 28.3123 22.7836 6.06675 4.17336 1.24633 28.1101 27.5309 24.2969 15.2781 20.9124 28.5392 21.3836 7.69348 0 30.7916 11.7485 28.0173 21.8793 26.5103 19.5957 27.1509 22.3514 20.234 25.0196 17.7173 20.8748 10.0856 19.1553 9.41378 9.79565 7.57403 12.3134 20.6888 20.0216 23.6872 13.4634 15.4854 16.087 11.9487 21.4827 23.5248 26.7436 10.9014 9.91179 19.5884 4.3549 4.73535 9.23849 26.9036 5.47479 32.3973 19.5393 20.6424 21.0446 23.7274 24.6429 7.67118 24.6736 17.1835 24.6002 12.4979 16.2203 17.7494 22.6323 5.37009 21.6904 15.7004 19.0684 20.933 13.4648 8.45971 18.0946 5.10276 18.8285 8.93307 18.6069 15.1521 15.3233 10.8999 10.1889 21.5757 24.1467 11.0285 5.19105 21.4401 6.95288 22.2692 23.446 
10.8702 20.737 21.9042 16.9075 21.0874 18.4008 3.95471 14.4072 26.8698 22.7205 22.7697 25.0816 22.3599 4.23042 10.7811 25.4579 31.3593 30.2814 7.93051 8.81966 26.0938 22.989 26.0186 2.98862 14.7137 31.0225 30.7916 0 23.0025 5.69821 13.5652 4.5946 11.2227 10.2325 12.0404 10.6446 5.82679 15.2455 20.3091 26.3264 23.1736 21.7232 26.5563 23.3594 25.2639 24.5594 20.4404 25.8477 25.5669 24.4212 18.7201 18.8506 21.8746 21.5595 7.28843 28.0069 25.2432 19.7559 30.302 26.0877 22.21 8.66311 26.9444 1.89847 12.2004 10.4782 9.86759 7.53552 11.3577 26.0258 24.5061 14.1068 16.865 26.5591 14.8125 14.4712 25.8405 25.5389 23.6285 21.6526 15.4957 20.0085 17.4341 22.9219 20.8939 31.1819 22.0542 25.011 25.7183 16.8594 21.6265 28.4738 23.1584 11.1023 10.4066 23.975 27.6038 14.184 30.7703 25.1467 21.2728 
17.3098 5.88528 20.4058 11.3261 5.90561 8.52949 22.1206 23.1789 4.57763 13.9108 22.4429 3.34507 1.22705 21.9108 18.7748 6.04372 14.9372 12.1193 18.1653 23.0801 27.8388 18.5616 25.0817 21.5801 19.5941 8.31747 11.7485 23.0025 0 22.2342 19.4519 19.6278 13.303 16.6761 19.0564 14.0873 17.9543 15.4078 9.1328 16.0854 22.1879 9.61781 3.59475 8.90843 2.75245 9.61131 21.4974 27.2439 18.5712 19.6518 16.3237 8.35122 23.5551 11.8533 21.5512 17.9482 15.0458 20.7068 8.856 9.09845 4.60601 22.3664 12.1843 24.8477 10.8075 12.6791 14.8307 15.4696 14.1465 4.20062 13.3557 9.21924 23.9164 18.3657 8.99187 14.6377 11.7586 7.49852 24.5885 3.97231 8.36114 22.1086 9.79651 4.93031 19.9386 15.4931 7.22752 13.8193 23.0415 6.29498 3.58339 5.52374 13.3204 12.1382 14.0681 15.0832 12.6648 10.6169 8.26021 11.2407 24.964 
6.51718 18.6386 16.717 19.0312 18.9489 19.7543 9.2779 8.71906 25.44 25.2908 17.3787 24.8755 21.8749 1.53527 5.85257 23.3353 27.9109 27.3225 11.8112 3.16685 20.4408 18.1287 20.5347 2.96831 9.43324 29.603 28.0173 5.69821 22.2342 0 8.31326 3.3852 9.02102 13.7259 6.92293 8.25208 4.78382 10.9549 21.8833 22.1048 17.8298 18.6269 25.5679 20.4433 24.8025 25.9876 15.0517 20.2143 20.863 19.4768 14.112 16.2759 16.3406 23.7503 1.71475 23.5971 21.1349 14.4365 28.2952 23.2935 20.3296 2.96506 23.5469 6.02834 11.9547 9.86075 7.45959 8.08859 13.878 24.4987 26.7855 13.03 11.1809 21.9606 13.2975 10.5041 27.6131 23.0695 18.0807 21.8793 16.1646 14.5366 14.6247 20.9415 15.7252 27.5875 23.1077 21.1252 20.4161 15.9563 21.7465 27.7372 19.2722 11.9122 12.5821 19.7802 24.17 15.6485 29.2253 26.8844 15.6265 
3.64538 14.2974 8.40803 20.8442 14.4983 20.3949 16.3818 3.72865 21.3619 27.0605 9.21135 22.6456 19.558 9.47542 2.8943 18.4153 20.9155 20.9704 17.0403 6.3078 13.055 9.90958 12.5098 10.5768 1.14903 25.2569 21.8793 13.5652 19.4519 8.31326 0 9.33638 7.85598 18.1561 1.57179 7.35065 9.11642 4.32256 22.5587 14.3892 9.60852 12.7001 22.1263 14.6023 22.2042 26.0404 6.88737 12.7041 12.7196 11.2026 6.28414 11.5644 8.48418 25.1077 6.60526 15.6586 13.5815 6.1911 23.1952 17.3954 16.0941 5.89032 16.7929 14.2752 12.2317 10.5874 7.22784 11.2869 17.1266 20.3568 28.0139 11.6732 5.0066 13.8844 11.1518 4.83402 28.0378 17.6608 10.2403 20.6122 16.4857 6.53703 9.86994 16.4776 7.41284 20.4274 22.8973 13.8498 12.1623 14.0203 20.3399 24.4931 12.1009 13.6182 15.7411 12.1772 17.3371 17.167 24.7232 27.314 8.36198 
6.3391 16.6616 17.5142 15.6698 16.9981 16.4956 7.05316 10.893 23.1545 21.913 18.5198 22.0699 19.152 2.39843 6.45765 21.4062 26.8829 25.9373 8.65194 6.12492 22.2366 18.4636 21.8441 2.04052 10.477 27.3326 26.5103 4.5946 19.6278 3.3852 9.33638 0 6.94161 10.4335 7.76932 6.27694 1.67482 10.6595 18.599 21.7335 18.8804 17.3026 23.078 19.0004 22.0909 22.7447 16.2088 21.9338 21.0017 19.9151 14.1579 14.5717 17.7987 20.3957 4.08258 23.4131 20.655 15.4719 26.3249 21.7815 18.2436 5.64926 22.4689 5.93725 9.0021 6.97983 5.46591 4.78718 10.4937 22.2561 23.4289 10.4395 13.2593 21.9784 10.9274 9.87707 24.3179 21.3467 19.5583 18.9098 13.0186 15.8693 13.0638 18.9158 16.5007 26.6732 19.9278 20.443 21.3788 13.3406 18.8094 25.1514 18.5869 8.66926 9.19787 19.3819 23.1217 12.3421 27.0153 23.5925 17.4369 
4.56464 9.74331 13.7084 12.9947 10.0737 12.6089 12.1845 11.2693 16.4246 19.2068 15.2902 16.124 13.0537 8.94141 6.012 14.4843 20.1897 19.0615 10.8269 9.83535 20.1054 13.7267 18.6835 8.98117 8.58203 20.5932 19.5957 11.2227 13.303 9.02102 7.85598 6.94161 0 11.2574 6.78282 0.784335 5.42431 5.97781 14.7903 15.7662 15.4345 10.5215 16.5661 12.1367 15.9423 18.4573 13.2788 19.6504 15.7805 15.2484 9.38088 7.64718 15.3086 17.2708 8.24836 17.6313 14.5907 12.3962 19.4207 14.8776 11.372 9.12063 15.7834 12.8016 4.37616 2.90651 1.56313 4.9754 9.71399 15.4908 20.203 4.28573 12.8625 16.5293 4.31299 4.78866 20.3731 14.4061 16.9333 13.4781 8.69521 13.3547 6.21661 12.0194 12.7679 20.0635 15.357 14.1534 17.5627 7.11775 13.2746 18.7699 12.355 5.92291 8.40582 13.4705 16.45 9.32353 20.2309 19.642 15.7737 
14.5168 17.104 24.9561 7.30027 17.4608 9.55483 7.15694 20.7219 21.1805 12.5734 26.4796 17.6522 15.6664 12.3834 15.4636 21.1359 29.0383 27.0449 2.35554 16.5459 31.0701 24.9211 29.8876 11.1077 19.1396 24.9653 27.1509 10.2325 16.6761 13.7259 18.1561 10.4335 11.2574 0 16.6946 11.3568 9.5974 17.2256 11.002 26.2249 26.6572 19.812 20.1778 20.8266 18.1954 15.1521 24.3786 30.6587 26.7809 26.4396 20.6221 16.5155 26.3221 11.6356 14.481 28.2068 24.9932 23.5154 25.2894 22.9513 17.9136 16.0289 24.928 11.9581 8.26296 8.46149 11.1478 6.86924 2.54266 20.5896 14.4635 10.6242 22.8638 27.3889 11.8067 16.0448 16.0929 21.8479 28.0082 13.9631 8.33237 24.3387 15.9062 18.6919 24.0039 29.1898 13.2078 24.2792 28.8197 12.0258 14.0982 21.5407 22.6722 5.99863 3.15367 24.0833 25.5935 6.0746 24.936 15.4463 26.4965 
2.29371 14.1903 9.87797 19.6804 14.4233 19.3913 14.8117 4.4865 21.2795 25.9482 10.7613 22.1694 19.0666 8.00229 1.32292 18.517 21.6606 21.5032 15.5192 5.3058 14.6071 11.207 14.0748 9.05522 2.70771 25.2679 22.3514 12.0404 19.0564 6.92293 1.57179 7.76932 6.78282 16.6946 0 6.1896 7.55598 4.63723 21.5713 15.396 11.1428 13.0214 21.9029 14.9235 21.7992 25.1785 8.44326 14.2644 13.9592 12.5568 7.29833 11.4977 10.0554 24.0405 5.24318 16.7796 14.5109 7.7258 23.3834 17.7639 15.9898 4.77649 17.4325 12.8144 11.1329 9.36787 5.94806 9.83044 15.7593 20.2805 26.9834 10.8308 6.24731 15.081 10.4469 4.75343 27.1292 17.8889 11.8119 19.9298 15.4772 8.10845 9.76525 16.4369 8.87224 21.2296 22.0535 14.6636 13.6782 13.3576 19.6802 24.2451 12.8589 12.3636 14.3658 13.1213 18.0076 15.9989 24.7689 26.4002 9.88431 
3.9269 10.4639 13.6143 13.5061 10.7893 13.2364 11.8122 10.6668 17.1886 19.7596 15.1249 16.9033 13.8354 8.2122 5.33943 15.1985 20.7217 19.6729 10.7631 9.05896 19.8296 13.7883 18.5314 8.31006 8.14438 21.3541 20.234 10.6446 14.0873 8.25208 7.35065 6.27694 0.784335 11.3568 6.1896 0 4.82042 5.90161 15.4233 16.0893 15.3012 11.0789 17.3461 12.7384 16.7258 19.1431 13.0532 19.3905 15.9453 15.308 9.4035 8.29553 15.045 17.8539 7.46409 17.9184 14.9332 12.1805 20.143 15.5069 12.1121 8.3445 16.3086 12.1767 4.94745 3.24757 0.819967 4.81724 9.96377 16.2505 20.8063 5.04975 12.3458 16.7426 5.097 4.75897 21.037 15.0806 16.6994 14.2314 9.33004 13.0752 6.80211 12.7495 12.6532 20.5671 16.0558 14.5528 17.4984 7.89754 14.0333 19.553 12.7324 6.29049 8.61936 13.7714 16.971 9.82533 20.9854 20.3045 15.4153 
5.74127 15.0811 16.9737 14.2948 15.4224 14.9718 7.50328 11.2114 21.5073 20.5898 18.1355 20.3997 17.4775 4.03146 6.2408 19.8239 25.5329 24.4815 8.09586 7.09857 22.1623 17.6968 21.512 3.65978 10.2172 25.6846 25.0196 5.82679 17.9543 4.78382 9.11642 1.67482 5.42431 9.5974 7.55598 4.82042 0 9.75709 17.0996 20.6414 18.4468 15.8991 21.4098 17.5512 20.4165 21.209 15.864 21.8196 20.1248 19.1801 13.3234 13.0709 17.5862 18.9994 5.02853 22.3851 19.5279 15.0785 24.7266 20.3017 16.6359 6.51725 21.1181 7.37828 7.33981 5.30658 4.04101 3.32496 9.31729 20.6156 22.0355 8.77295 13.4627 21.0427 9.28935 8.85299 22.8297 19.8126 19.3356 17.2599 11.4202 15.6194 11.6185 17.3187 15.9639 25.361 18.3508 19.241 20.8769 11.6689 17.1535 23.4778 17.3969 7.12964 7.9652 18.2962 21.778 10.8696 25.3757 22.1008 17.4194 
4.48146 10.0431 7.73164 18.4136 10.2257 17.4762 17.2314 7.92766 17.075 24.3622 9.33956 18.675 15.6304 11.6914 5.22657 14.0928 17.0938 16.8663 16.6535 9.88826 14.3218 7.9847 12.718 12.411 4.21817 20.9408 17.7173 15.2455 15.4078 10.9549 4.32256 10.6595 5.97781 17.2256 4.63723 5.90161 9.75709 0 19.5588 11.1845 9.46202 8.42447 17.9142 10.3296 18.1532 22.6956 7.43392 13.8325 10.3707 9.4909 3.58318 7.30539 9.53239 22.2959 9.43145 12.7807 10.1849 6.54041 18.8824 13.1529 11.83 9.30378 12.8204 16.3881 9.91245 8.85654 6.28276 10.6869 15.6637 16.0691 25.0652 8.63504 8.5148 11.3204 7.81634 1.21113 24.7806 13.3548 11.076 16.9698 13.6786 7.65466 5.65981 12.1839 6.79128 16.7061 19.5459 10.1876 11.6004 10.4694 16.6609 20.292 8.34621 11.7946 14.3755 8.84444 13.4076 14.8497 20.4027 24.075 10.3137 
19.3444 13.2271 26.3882 3.72821 13.4517 2.19076 17.9623 26.0575 13.3914 5.13827 28.327 8.21573 7.91004 20.9735 20.7597 15.1073 24.0036 21.2458 13.1995 23.8608 33.6336 25.2068 31.4273 20.0884 23.1391 16.2021 20.8748 20.3091 9.1328 21.8833 22.5587 18.599 14.7903 11.002 21.5713 15.4233 17.0996 19.5588 0 24.0929 28.2459 17.1165 11.684 17.0965 9.15373 4.25163 26.8041 33.0933 25.9777 26.5456 21.8376 14.5212 28.9407 2.95635 21.9015 26.0814 22.9246 25.9227 17.6804 17.9814 12.8487 23.1858 20.8805 22.1855 10.5006 12.4847 15.8329 13.8138 9.0685 13.2467 5.50642 10.9685 27.5396 26.0739 11.7485 18.4386 5.73348 16.445 30.3191 5.17626 6.09553 27.1588 15.135 13.4538 25.6711 24.5027 2.53748 21.8176 29.6967 9.38835 5.55191 12.1587 20.8372 9.97727 9.90248 22.5907 21.4323 6.26558 16.4262 5.00252 29.8706 
15.666 10.8687 8.25395 24.6397 10.6606 22.5768 27.9004 16.7545 14.5169 29.2213 9.77104 19.1064 17.0404 22.8758 16.2809 10.8857 7.33184 8.86015 26.334 20.6555 14.2113 5.53805 10.8351 23.5597 13.5449 16.7009 10.0856 26.3264 16.0854 22.1048 14.3892 21.7335 15.7662 26.2249 15.396 16.0893 20.6414 11.1845 24.0929 0 9.19378 7.00507 16.3628 7.18348 18.1066 25.61 10.5213 13.6017 3.37777 5.44688 8.1162 10.0289 11.6645 27.0445 20.5243 2.02906 1.23866 10.2998 13.4979 7.8302 11.5462 20.1664 4.92316 27.5496 17.9732 18.0307 16.7399 20.7139 24.0738 13.7581 29.106 15.6909 15.6921 2.52667 14.4935 11.8579 27.7886 9.28732 11.6773 19.5692 19.8108 11.4778 10.327 11.1552 8.6404 6.56933 22.8795 2.28731 8.52911 15.3415 19.1575 18.4034 3.55761 20.2338 23.085 2.35171 4.96813 21.866 15.9609 27.227 13.7006 
12.7062 16.3046 1.85766 27.5808 16.2887 26.2981 25.8791 9.98837 22.1062 33.2515 0.654601 25.5119 22.804 19.0645 12.4327 18.4696 16.486 17.9608 25.9495 15.3581 5.66129 3.95948 3.26654 20.1854 8.46039 25.0646 19.1553 23.1736 22.1879 17.8298 9.60852 18.8804 15.4345 26.6572 11.1428 15.3012 18.4468 9.46202 28.2459 9.19378 0 12.7575 23.6058 14.1085 24.7097 30.8447 2.79443 5.05953 5.95536 3.77408 6.44031 14.0807 2.63146 31.1153 16.1159 9.22305 9.24569 3.41794 22.1167 15.9982 17.7238 15.134 13.7397 23.8414 19.2819 18.3186 15.57 19.9859 25.1243 21.1843 33.6964 17.703 8.02762 7.18765 16.692 10.6658 33.0156 17.0825 2.56908 24.7862 22.7025 3.49783 13.145 17.6828 2.67939 15.661 27.7781 10.3059 2.60608 18.8615 24.4157 25.8989 9.5909 21.2402 23.837 8.24638 13.9646 24.1291 24.3673 32.3529 4.68922 
12.2539 3.94848 11.059 17.6624 3.80267 15.5721 22.5417 16.1108 9.48285 22.252 13.0833 12.8728 10.4078 18.9851 13.387 6.0184 9.68039 8.69762 20.2416 18.1389 18.4149 8.99379 15.5202 19.3059 12.3594 12.9188 9.41378 21.7232 9.61781 18.6269 12.7001 17.3026 10.5215 19.812 13.0214 11.0789 15.8991 8.42447 17.1165 7.00507 12.7575 0 10.8627 1.90516 12.0082 18.8709 12.509 17.8079 9.02404 10.0362 7.61673 3.29695 14.4247 20.0718 17.3315 9.02038 5.81437 11.8302 10.5441 4.74769 5.03504 17.503 5.29986 23.2337 11.595 12.1289 11.8645 15.1046 17.5119 8.51905 22.2218 9.19386 16.0888 8.98196 8.02847 8.35319 21.0632 5.00406 15.2478 12.7633 12.887 13.2644 4.31542 4.92824 10.7535 9.61641 16.0212 4.76854 13.4371 8.40163 12.3592 13.1844 3.77205 13.8408 16.6607 5.54976 5.97371 15.0259 12.3064 20.4658 16.0747 
20.3239 7.88898 21.9215 14.4128 7.74813 11.5597 25.7152 25.8199 2.0715 15.9237 23.944 3.68699 4.51141 25.3234 21.7565 5.47943 13.5664 10.4851 21.728 26.2163 29.2537 19.7726 26.263 25.0542 22.1319 4.79352 9.79565 26.5563 3.59475 25.5679 22.1263 23.078 16.5661 20.1778 21.9029 17.3461 21.4098 17.9142 11.684 16.3628 23.6058 10.8627 0 9.57811 2.59662 10.9218 23.3055 28.6432 19.2599 20.6623 18.2416 10.6167 25.2674 14.0632 24.7888 18.0162 15.502 22.5811 6.06474 8.64201 6.14659 25.5076 11.824 28.391 14.3559 16.1739 18.1184 19.0208 17.6626 2.61345 14.9356 12.6387 26.3105 18.8177 12.2705 17.2965 12.8373 7.09122 26.1085 6.68042 11.9028 24.0113 12.2651 5.98867 21.598 14.2958 9.37302 14.2336 24.0934 9.74979 6.39777 2.38431 14.2035 15.7321 17.6367 15.8603 12.1467 14.1039 4.84638 12.4855 26.8523 
14.1151 3.99518 12.4967 18.0389 3.70682 15.7429 23.989 17.9928 7.99821 22.1912 14.4878 11.9968 9.85835 20.7525 15.2718 4.37738 8.27892 6.93703 21.4298 20.0244 19.7275 10.222 16.6892 21.0189 14.2467 11.1856 7.57403 23.3594 8.90843 20.4433 14.6023 19.0004 12.1367 20.8266 14.9235 12.7384 17.5512 10.3296 17.0965 7.18348 14.1085 1.90516 9.57811 0 11.0409 18.4316 14.1099 19.1136 9.76014 11.0846 9.37714 4.57391 15.9473 20.028 19.1794 9.08649 6.14082 13.4777 8.68079 2.86322 4.36901 19.3835 4.11984 24.9149 12.7376 13.5006 13.5394 16.5388 18.4422 7.08797 21.976 10.3155 17.9082 9.46967 9.21161 10.2419 20.6076 3.16909 16.6456 12.4185 13.4506 14.9067 5.93743 3.98311 12.2915 8.36624 15.7452 4.91115 14.5157 9.02171 12.0051 11.8171 4.62553 14.9344 17.6977 6.3078 4.77577 15.7022 10.5456 20.0512 17.6781 
20.0274 8.47754 22.9545 12.0589 8.44652 9.20929 24.0992 25.9313 4.55175 13.3273 24.9918 1.12371 2.93896 24.4105 21.4974 7.42685 15.9607 12.9323 19.8958 25.753 30.37 21.001 27.528 24.0055 22.3438 7.0862 12.3134 25.2639 2.75245 24.8025 22.2042 22.0909 15.9423 18.1954 21.7992 16.7258 20.4165 18.1532 9.15373 18.1066 24.7097 12.0082 2.59662 11.0409 0 8.37547 24.1315 29.7692 20.7988 22.0187 18.9731 11.042 26.1677 11.4729 24.1813 19.8729 17.1473 23.3557 8.66116 10.6427 6.9891 25.0385 13.8305 27.1333 13.1497 15.1125 17.4503 17.7689 15.7272 4.78165 12.3688 11.7743 26.6578 20.4839 11.6473 17.3899 10.3517 9.03114 27.1474 4.33401 10.102 24.7666 12.5286 7.11713 22.5292 16.641 6.79427 15.8915 25.4347 8.8531 4.12649 3.34762 15.6015 14.2325 15.8529 17.3313 14.224 12.1465 7.27507 9.96179 27.6227 
23.0168 14.9326 28.9999 7.85527 15.0695 6.25272 22.1808 29.642 12.9262 5.42378 30.9984 7.25462 8.57687 25.1314 24.469 15.5301 24.2831 21.2915 17.3948 27.8309 36.3825 27.5138 33.9258 24.2861 26.5163 14.7306 20.6888 24.5594 9.61131 25.9876 26.0404 22.7447 18.4573 15.1521 25.1785 19.1431 21.209 22.6956 4.25163 25.61 30.8447 18.8709 10.9218 18.4316 8.37547 0 29.6812 35.8164 27.8938 28.744 24.5689 16.7918 31.8109 4.28267 25.9154 27.5125 24.524 28.8222 16.9182 18.6742 14.0642 27.1429 21.7902 26.4368 14.3312 16.3902 19.631 17.9589 13.3078 13.1055 4.03783 14.3706 30.9522 27.8057 14.9461 21.6493 2.19347 17.0601 33.0695 6.1211 9.91487 30.1307 17.7426 14.4972 28.3749 24.9229 3.15263 23.3276 32.0381 12.2338 6.51805 10.5367 22.6412 14.0821 14.1531 24.4192 22.2572 10.4643 15.1319 1.62973 32.9186 
10.1486 15.6541 2.35038 25.8315 15.7005 24.7745 23.2379 7.26144 21.9919 31.7025 2.3311 24.8425 21.9801 16.3063 9.75114 18.4707 17.8264 18.8881 23.5366 12.5643 6.8911 4.99127 5.64891 17.4521 5.73951 25.2788 20.0216 20.4404 21.4974 15.0517 6.88737 16.2088 13.2788 24.3786 8.44326 13.0532 15.864 7.43392 26.8041 10.5213 2.79443 12.509 23.3055 14.1099 24.1315 29.6812 0 6.3989 7.68733 5.60127 5.18237 13.1777 2.13725 29.6054 13.3392 11.0177 10.2532 0.893892 22.5437 16.3626 17.2352 12.3406 14.5473 21.0702 17.3439 16.1851 13.2335 17.6084 22.9895 21.0257 32.2997 15.9978 5.49261 8.97933 15.0845 8.63841 31.8197 17.2317 3.65522 23.7325 21.0456 0.96053 11.9714 17.3172 1.92819 17.0898 26.5621 11.0987 5.3998 17.5042 23.3841 25.6576 9.95395 19.1769 21.6642 9.0122 14.8863 22.2825 24.6188 31.1341 3.56925 
