100
3.12816 20.9674 0.540912 0
9.79833 12.5125 0.374134 0
13.875 15.5249 0.290015 0
13.9336 23.0451 2.0457 0
10.7383 20.8311 1.85013 0
16.5285 23.7491 0.382015 0
8.99132 23.2843 0.303494 0
16.9043 18.0398 2.03278 1
5.43754 8.96337 1.43103 1
11.635 17.9743 1.57755 0
8.17253 17.3898 2.08034 0
3.73954 16.942 1.26849 0
4.31496 23.0248 2.16863 0
16.0174 17.0057 14.8756 0
15.7893 18.7982 1.60982 0
2.35403 15.0856 1.593 0
17.3945 17.4416 0.751371 0
8.83957 10.5044 0.935747 0
3.60741 5.13033 1.49153 0
17.6101 20.4196 1.23118 0
16.207 18.4924 0.539414 0
6.42313 14.6365 0.458887 0
5.63574 8.16356 2.02016 0
8.75764 12.8403 1.29421 0
4.10471 10.1212 0.762091 0
3.62397 12.5694 0.315231 0
17.8239 18.0025 0.391626 0
4.01756 7.77003 0.431143 0
6.46309 12.3831 27.6529 0
17.8499 21.4687 0.8336 0
8.87604 22.5018 0.432175 0
6.08661 7.90074 0.366481 0
4.98536 9.40564 2.07654 0
4.11471 5.35482 3.84618 0
16.6062 20.9945 1.39752 1
7.25466 17.3279 0.545105 1
3.96096 18.2367 1.62175 0
12.7214 15.2755 15.3243 0
7.12717 18.9735 2.23669 0
2.12462 7.42513 27.5113 0
1.10826 1.98081 2.19592 0
4.03266 6.02953 15.6416 0
1.37041 15.3945 0.546687 0
12.2646 13.0245 0.755793 1
11.9493 18.4909 28.0267 0
9.56472 22.1086 1.43833 0
5.63798 22.4399 1.13287 0
6.15108 17.4899 0.633555 0
8.46291 21.4739 1.14013 0
13.1813 18.837 0.555075 1
6.45101 23.3573 0.893288 0
13.8876 21.7242 1.53054 1
17.7103 20.9639 0.245207 0
17.3828 17.9758 2.06309 0
8.6995 16.2276 0.658665 0
13.2482 23.5065 1.78075 0
18.6008 19.1334 1.40716 0
8.49192 10.514 0.749106 0
11.7978 19.8099 0.397602 0
7.24041 13.2179 1.15395 1
12.2807 20.7968 0.685697 0
0.182325 8.53119 13.9059 0
9.19518 10.9433 0.457914 0
3.70924 18.6917 1.27709 0
17.0448 22.5809 0.98338 0
15.2099 19.3735 21.4554 0
18.6847 21.9192 1.17966 0
15.9897 18.9186 2.15102 0
5.50873 20.7846 2.13572 0
11.2699 19.2562 0.277007 1
7.28758 10.6341 0.502494 0
17.3473 23.371 0.91682 0
8.44207 18.4811 20.8237 0
1.7571 16.2287 1.28771 0
0.195281 22.3126 0.3279 1
5.35756 16.0239 0.467881 1
1.9453 6.1761 1.51671 0
10.3496 22.3591 1.00815 0
18.1484 19.311 0.87691 0
10.5919 22.9093 1.10053 1
9.70386 13.5321 0.887036 1
12.2105 19.0523 1.6319 0
8.02457 11.0146 0.67066 0
3.65486 19.45 21.8629 1
3.09277 5.80334 1.83597 0
15.0629 17.9633 0.981461 1
4.61731 6.50923 2.24377 1
10.5975 22.3038 20.87 0
14.7573 17.7281 2.12559 0
5.94069 8.62504 1.11224 1
4.61593 9.3633 1.84046 0
18.7203 19.2673 1.71454 0
5.1395 18.0486 1.38774 0
0.518034 10.9043 0.632111 0
0.515939 6.4149 2.16381 1
7.49713 22.1391 0.668097 0
5.21317 7.37815 15.4518 0
0.87131 14.8698 9.20912 0
5.98881 9.236 2.24158 0
10.794 20.0115 1.53357 0
400 50 500
0.025 0.0125 10000 3000 15 1e+06 300000 6 9
0 23.5584 18.6515 21.9058 16.659 18.7351 5.35985 21.6012 15.544 2.11598 16.2755 29.2887 17.6625 20.2134 3.2984 25.8613 21.9588 16.8167 20.0888 16.2988 23.1403 16.627 14.4458 8.94711 22.7618 23.9098 7.6729 20.8918 23.1445 11.3711 5.60263 23.3619 17.1627 14.922 17.6618 11.9184 23.5003 8.50826 16.6967 14.1296 21.4427 11.4063 14.0968 24.2337 23.9894 13.5201 6.12279 22.995 21.6444 5.68826 13.8254 5.37488 24.3811 3.78745 11.8753 16.1128 16.4987 25.0594 14.6425 12.301 6.05183 16.4211 16.5587 20.4858 15.0079 0.128488 20.4275 18.7672 6.17803 2.40351 2.49355 25.419 17.4627 24.0997 13.4041 8.71152 13.2549 11.2034 10.0837 6.47184 27.0192 0.419283 9.53527 11.3454 15.7576 14.4778 6.12463 1.40407 6.82973 12.9762 5.87634 19.5038 11.7811 14.6309 19.8993 8.68849 10.1073 2.2939 21.1804 18.36 5.20656 
23.5584 0 13.6716 4.82538 17.7535 5.50013 22.5328 13.8326 9.16825 25.4413 10.6007 7.57186 19.4033 11.8936 20.4104 3.43366 14.8545 25.2226 3.51672 7.53009 12.2474 13.3304 12.9113 14.6119 27.2343 3.91995 24.5966 5.604 6.03311 13.1857 20.7009 4.80612 19.2849 14.8196 14.3128 14.4074 16.3445 17.4442 6.88781 20.1273 3.90386 24.7548 20.5374 12.5724 5.93807 15.6385 29.1252 7.31128 18.9088 27.5782 20.7191 24.4671 3.0758 21.6165 27.2143 23.3294 20.3135 6.65426 22.1163 11.402 27.8449 15.8306 19.3444 7.72289 9.23055 23.6111 16.2474 19.5338 17.9137 24.7385 21.5718 2.75527 6.26247 1.28315 24.0996 17.3203 16.4063 22.8976 14.5109 17.6798 10.6365 23.4702 15.4506 15.041 18.8987 11.3556 29.6699 22.9339 22.3362 11.148 27.3179 9.69521 24.1614 17.8399 12.2371 23.5219 19.6835 23.0404 16.4411 6.63965 24.9678 
18.6515 13.6716 0 9.00942 4.55044 13.5979 14.7317 2.94989 14.4081 19.6795 4.54173 21.2188 25.5369 21.1403 15.5769 17.1045 24.3947 29.1963 11.3872 12.5186 23.021 2.11626 17.9332 12.5609 33.4738 16.9569 15.3331 16.275 18.2072 8.55589 13.4281 17.362 25.1776 20.1728 21.5456 6.91704 26.2561 10.145 10.4187 24.1287 9.76833 25.9969 8.26905 23.7924 18.5796 5.23941 24.7305 19.1297 5.67724 24.2044 24.4119 16.4383 11.9132 19.0681 27.816 27.5464 7.12645 19.6141 25.9022 9.96057 24.5585 3.01837 6.13429 17.8436 8.06415 18.6266 3.01978 5.88217 12.7732 20.8101 16.158 13.3618 9.83472 13.1031 26.6365 17.9399 5.71993 24.5789 9.31525 16.031 23.4594 18.818 9.43413 17.563 5.99695 16.1591 23.6918 17.4076 13.7206 8.59223 24.2547 3.99105 25.7972 22.5966 21.2274 23.6249 9.79185 16.9242 3.56973 14.7134 22.6415 
21.9058 4.82538 9.00942 0 13.3014 7.29618 19.8712 9.00727 10.1664 23.5716 6.73515 12.2548 21.656 15.0994 18.6203 8.20389 18.3096 26.8404 4.06418 7.98498 16.1276 8.99048 14.3132 13.2835 29.737 8.53631 21.5387 9.02917 10.3058 10.6737 18.1198 9.2142 21.4384 16.5207 16.7783 11.1811 19.9919 14.6286 6.13522 21.5774 1.25444 25.3458 16.4273 16.6457 10.4318 11.7781 27.8405 11.4698 14.1012 26.6051 22.0757 21.8064 3.03698 20.6935 27.6499 24.9817 15.9011 11.3029 23.5637 9.72659 26.9106 11.4276 14.9128 11.062 6.90306 21.9343 11.4596 14.8913 15.8396 23.4727 19.6513 4.46479 5.10949 4.10352 25.1476 17.2929 12.5406 23.5822 12.0337 16.8228 15.2884 21.9011 12.8313 15.5794 14.5606 12.4852 27.8522 21.0426 19.4056 8.92969 26.4458 5.02413 24.8768 19.4781 15.3481 23.6479 16.2405 20.9554 11.6281 8.70097 24.2745 
16.659 17.7535 4.55044 13.3014 0 16.7128 11.9479 6.64179 16.6449 17.2563 7.44108 25.3232 26.8035 23.6353 13.9949 21.1713 26.778 29.5611 15.0603 15.1247 25.846 4.44064 19.5408 12.7721 34.4036 20.7238 11.8344 19.5479 21.6811 9.07463 11.0824 20.9815 26.3907 21.6227 23.4305 6.71284 28.6672 8.55113 13.3107 24.8109 13.9008 25.6347 3.94775 26.7195 22.1618 4.0051 22.476 22.4572 4.98779 22.3466 24.9734 13.373 16.2865 17.9483 27.1283 28.0786 2.6071 23.2556 26.3924 11.292 22.71 1.93784 1.61343 20.8354 10.4679 16.6057 4.25717 2.56889 11.5771 18.9969 14.2457 17.7351 12.9999 17.3278 26.6688 18.1205 3.78853 24.4619 9.18482 15.6693 26.9417 16.9096 8.81523 18.4411 1.51252 17.9585 20.9261 15.2959 10.6821 10.0899 22.5052 8.32276 25.5809 23.6398 23.6438 23.0397 6.72666 14.6209 4.93828 17.6155 21.2714 
18.7351 5.50013 13.5979 7.29618 16.7128 0 18.5425 14.8778 3.67877 20.7234 9.33953 10.6555 14.4521 7.93372 15.761 7.14359 11.2037 19.9552 3.24724 2.4715 9.45463 12.441 7.48607 9.90417 22.4898 5.23939 20.9515 2.88277 5.20123 9.68735 16.7026 4.91399 14.2671 9.52277 9.49935 11.5915 12.9774 13.8633 3.42992 14.7748 6.07221 19.2584 18.5821 10.1962 5.87319 13.5984 24.0204 5.78116 19.267 22.3514 15.3401 20.4152 7.75876 16.4378 21.7144 18.0686 19.0212 7.02903 16.7728 7.3333 22.6009 14.8175 18.1528 4.25055 6.39437 18.8022 16.5692 18.9608 13.5885 19.675 16.9813 8.08675 3.7734 6.5215 18.6575 11.8986 14.3035 17.4046 10.8185 12.5527 10.3337 18.5969 11.816 9.54819 17.5095 5.86353 24.8534 18.2853 18.6293 7.67439 22.0546 10.2209 18.6725 12.5427 8.1371 18.0397 16.7201 18.5326 16.9901 1.4052 19.6606 
5.35985 22.5328 14.7317 19.8712 11.9479 18.5425 0 17.6287 16.0711 5.38165 13.4538 29.1532 21.2833 22.0303 4.47413 25.3336 24.349 21.5402 19.0286 16.0953 24.8895 12.9138 16.3545 8.98565 27.3028 23.7569 2.92897 21.1334 23.5094 9.36805 1.84501 23.4382 20.7883 17.4922 20.1176 8.80584 26.0761 5.24468 15.7643 18.0935 19.702 16.4142 8.93864 25.9656 24.2868 9.50172 10.6148 23.6573 16.8533 10.8314 17.935 1.94285 22.6793 8.23677 17.1411 20.5854 11.3963 25.4259 18.9926 11.2797 11.1913 12.1047 11.5868 21.2698 13.3464 5.26444 16.0039 13.8084 5.09037 7.74116 3.6942 23.9076 16.2743 22.8002 18.1869 11.6042 9.0295 15.9044 8.02509 8.66404 28.0434 5.72627 7.11218 13.6425 10.8501 15.7645 9.01936 3.98711 1.47449 11.3852 11.1135 16.4727 16.6745 18.03 21.806 13.644 5.22138 3.06778 16.7412 18.5702 10.5418 
21.6012 13.8326 2.94989 9.00727 6.64179 14.8778 17.6287 0 16.2789 22.6205 6.74027 21.1619 27.7173 22.6987 18.5182 17.1881 25.981 31.7014 12.2141 14.2251 24.3135 5.01375 20.0536 15.2764 35.7458 17.4638 18.088 17.327 19.0137 11.3037 16.3621 18.0321 27.385 22.331 23.4665 9.82674 27.8026 13.0949 12.0255 26.5574 10.0371 28.7238 10.5804 24.9939 19.2627 8.16536 27.6799 20.0612 5.23123 27.1475 26.881 19.2992 11.5396 21.96 30.607 30.0038 8.94329 20.2096 28.3849 12.4183 27.501 5.63695 8.02245 19.0993 10.1446 21.5765 2.91361 6.96776 15.7008 23.7542 19.1076 12.9338 11.2601 13.0262 29.2579 20.5863 8.59942 27.2523 12.1623 18.8229 24.1624 21.7664 12.3402 19.9945 8.15338 18.2215 26.6113 20.3568 16.5736 11.0532 27.1923 4.65755 28.4895 24.9012 22.8367 26.4113 12.6047 19.8677 2.78246 16.1266 25.5508 
15.544 9.16825 14.4081 10.1664 16.6449 3.67877 16.0711 16.2789 0 17.597 9.87027 13.7774 11.6708 7.00895 12.7766 10.6409 10.1364 16.6776 6.44834 2.21751 9.44704 12.8149 4.1494 7.10494 19.7851 8.46945 18.7056 5.35118 7.61558 8.25036 14.2805 7.83627 11.404 6.39021 7.18762 10.5556 12.0245 11.9495 4.38581 11.4228 9.06523 15.6238 17.7477 10.4314 8.45143 13.0099 20.5662 7.60767 20.0094 18.8141 11.9401 17.8474 11.2193 12.966 18.0616 14.8158 18.654 9.53953 13.4153 5.68837 19.0506 14.8951 17.8991 5.20002 6.36684 15.6224 17.4235 19.1003 10.9867 16.2749 14.023 11.6924 5.34587 10.1392 15.1362 8.24964 13.6086 13.7828 9.04661 9.17501 11.9801 15.3648 10.0043 5.87277 17.1469 2.32876 21.6126 15.2511 16.3955 6.63387 18.4922 11.757 15.0605 9.31475 7.00002 14.361 15.1815 15.6162 17.964 2.87491 16.0734 
2.11598 25.4413 19.6795 23.5716 17.2563 20.7234 5.38165 22.6205 17.597 0 17.6842 31.3133 19.5922 22.3281 5.03244 27.8295 24.0478 18.3261 21.9501 18.2724 25.255 17.7273 16.5617 10.8641 24.3354 25.9212 6.97606 22.9374 25.207 12.9312 6.27242 25.3974 19.0943 17.0143 19.7546 13.1726 25.5713 9.60809 18.5589 15.9965 23.1744 12.766 14.3162 26.3483 26.0477 14.4608 5.23602 25.0799 22.1977 5.64301 15.6496 4.6299 26.1349 5.75558 12.8732 17.7675 16.7772 27.1256 16.3672 14.0979 5.98806 17.2465 16.9607 22.5741 16.7074 2.01575 21.2139 19.1829 7.73262 3.24094 3.92249 27.217 19.2835 25.9347 14.913 10.811 14.0981 12.799 11.5966 8.57558 29.1268 2.4116 10.9325 13.4592 16.211 16.58 4.2809 2.53232 6.80175 14.6644 6.02745 20.8731 13.234 16.6252 22.0127 10.1582 10.5477 2.7634 21.9605 20.3939 6.21417 
16.2755 10.6007 4.54173 6.73515 7.44108 9.33953 13.4538 6.74027 9.87027 17.6842 0 18.1025 21.0563 16.6602 13.0041 13.9504 19.898 24.9671 7.66117 8.02879 18.6516 3.10178 13.4229 8.78993 29.0439 13.3203 14.893 12.1378 14.2422 5.0458 11.8018 13.5454 20.7089 15.6785 17.0044 4.64814 21.7681 8.25279 6.01044 19.8171 6.95515 22.1543 9.93678 19.4698 14.7217 5.08696 22.3823 15.0412 10.1537 21.4976 20.1426 15.3564 9.74299 15.9117 24.1446 23.264 9.88079 15.8193 21.6478 5.69797 21.834 5.5155 8.95517 13.5346 3.52369 16.2791 7.5536 9.62225 10.1033 18.1721 13.8529 11.1256 5.58518 10.3929 22.5764 13.9493 5.85609 20.6202 6.21826 12.4472 19.5057 16.3538 6.75882 13.2547 8.40782 11.6312 21.9134 15.216 12.8372 4.34715 21.451 3.24397 21.8754 18.1819 16.7306 19.9572 9.51579 14.9566 8.1074 10.3449 19.564 
29.2887 7.57186 21.2188 12.2548 25.3232 10.6555 29.1532 21.1619 13.7774 31.3133 18.1025 0 20.3483 12.261 26.3906 4.15658 13.9539 26.7528 10.5713 13.1268 10.7789 20.8952 16.1633 20.5479 27.0809 5.41624 31.4665 8.4387 6.40702 20.044 27.3091 5.94218 20.4186 17.3 15.6103 21.5949 14.6955 24.3109 13.4871 22.327 11.4588 27.8468 28.0244 10.4029 5.54093 23.0721 34.3011 7.08886 26.3289 32.4653 23.0065 31.0434 9.65553 26.7094 30.3848 24.9369 27.8772 4.73859 24.1444 17.8808 32.6794 23.3977 26.9113 9.40464 16.269 29.3623 23.7093 27.0919 24.239 30.0432 27.6189 8.34407 13.1949 8.1586 26.5845 21.7485 23.8337 25.9805 21.2802 22.9524 6.38717 29.1243 22.2657 19.0628 26.4522 15.2795 35.3797 28.9061 29.1571 17.9737 32.1019 17.231 27.1179 19.994 12.7204 27.2997 26.8728 29.1794 23.8499 10.9312 29.6472 
17.6625 19.4033 25.5369 21.656 26.8035 14.4521 21.2833 27.7173 11.6708 19.5922 21.0563 20.3483 0 8.12814 16.8234 19.2137 6.96444 6.44675 17.6793 13.8792 9.88844 23.6855 7.67059 14.2634 8.11477 16.7549 24.2036 13.877 14.5929 17.7291 20.0437 15.678 0.50063 5.38646 5.09955 20.1108 7.49328 19.6299 16.0525 3.73909 20.4737 9.35784 26.6921 10.665 15.3064 22.8253 19.5366 13.5086 30.8869 17.2329 4.28607 22.3718 22.1034 13.8761 11.6136 4.73752 28.2716 15.738 4.54904 15.6813 17.2536 25.3409 27.7307 11.8839 17.5772 17.7882 28.4776 29.3698 17.0938 16.7092 17.8031 22.1561 17.0152 20.62 7.25558 9.72321 23.207 7.94066 17.7629 12.7063 14.9318 17.2787 18.383 8.42931 26.8808 9.52752 22.1239 18.3202 22.3141 17.0149 16.6587 23.3318 8.52092 3.30883 7.67988 10.4803 23.0794 19.1632 29.0953 13.069 14.5207 
20.2134 11.8936 21.1403 15.0994 23.6353 7.93372 22.0303 22.6987 7.00895 22.3281 16.6602 12.261 8.12814 0 18.0994 11.1945 3.28347 14.4963 11.0525 8.63148 2.92708 19.6929 5.78756 13.22 15.4736 8.78445 24.848 6.31151 6.53185 15.1769 20.3641 7.68717 8.16902 5.71701 3.43256 17.5306 5.11801 18.56 10.7356 10.1941 13.8478 15.952 24.7113 4.02077 7.20206 20.0171 24.0362 5.39264 26.8027 21.9232 10.8864 23.62 14.836 16.85 18.4675 12.6759 25.6628 7.61214 11.9305 12.6376 22.064 21.8577 24.9061 4.17813 13.2455 20.318 24.1563 26.0666 17.0206 20.2125 19.3185 14.6204 11.4398 13.1672 14.4556 11.5842 20.6081 14.1419 15.8318 13.8615 7.43195 19.93 16.7372 8.87067 24.1558 6.33818 25.8538 20.32 22.6103 13.6409 21.4555 18.0511 15.173 7.92816 0.462036 15.898 21.9311 20.9073 24.6428 6.59871 19.0138 
3.2984 20.4104 15.5769 18.6203 13.9949 15.761 4.47413 18.5182 12.7766 5.03244 13.0041 26.3906 16.8234 18.0994 0 22.8376 20.1981 17.2154 16.9177 13.2976 21.0076 13.5136 12.3283 5.86359 22.8929 20.9827 7.38244 18.0742 20.3861 8.0744 3.57872 20.5044 16.3271 13.2335 15.9179 8.73998 21.8679 5.5303 13.5268 13.6218 18.1799 12.3278 11.9406 22.0974 21.2116 10.5666 9.37871 20.3497 18.967 8.63058 13.4739 5.6497 21.13 4.14612 13.4014 16.1782 14.2039 22.3124 14.5639 9.07132 8.98311 13.5331 14.1146 17.8726 11.7291 3.3186 17.537 16.2706 2.90221 5.24156 1.24941 22.1949 14.254 20.9041 13.9169 7.19116 10.3986 11.6189 6.79717 4.33748 24.5488 3.35016 6.2968 9.42459 13.27 12.0259 9.2884 2.53133 5.64312 9.69211 8.68159 16.2401 12.4916 13.5867 17.8337 9.572 7.84176 2.85333 18.2902 15.5102 7.27648 
25.8613 3.43366 17.1045 8.20389 21.1713 7.14359 25.3336 17.1881 10.6409 27.8295 13.9504 4.15658 19.2137 11.1945 22.8376 0 13.6945 25.3924 6.48359 9.56247 10.7225 16.7408 13.7353 16.9747 26.6398 2.47843 27.5475 5.69114 4.66673 16.0988 23.4896 3.53628 19.1834 15.2892 14.1698 17.5366 14.9046 20.378 9.57431 20.5596 7.33619 25.6851 23.8781 10.7673 4.09911 18.9378 31.1529 5.887 22.3051 29.4473 21.2034 27.2471 5.87658 23.5614 28.2034 23.5153 23.722 4.25608 22.4914 14.0644 29.6878 19.2441 22.7573 7.38905 12.2418 25.9257 19.6572 22.9674 20.5264 26.8157 24.0421 4.79008 9.17494 4.18164 24.7217 18.8657 19.7016 23.8057 17.3742 19.6922 7.9359 25.7309 18.3461 16.3313 22.2957 12.5034 31.9837 25.3679 25.2541 14.0293 29.1318 13.1252 25.0184 18.211 11.6117 24.7894 22.8223 25.5681 19.8316 7.78554 26.714 
21.9588 14.8545 24.3947 18.3096 26.778 11.2037 24.349 25.981 10.1364 24.0478 19.898 13.9539 6.96444 3.28347 20.1981 13.6945 0 13.3431 14.2832 11.8766 3.17544 22.9093 8.03573 15.8104 13.1394 11.4301 27.229 9.38113 9.09712 18.1437 22.7721 10.3397 7.20157 7.03809 4.30198 20.5362 1.88992 21.2782 14.0047 10.0185 17.0555 15.9456 27.6778 3.7556 9.59573 23.0853 25.1292 7.82286 30.0487 22.9102 10.6978 25.8196 17.8663 18.3755 18.3507 11.6978 28.7379 9.68508 11.382 15.6458 23.0028 25.0303 28.0088 7.27186 16.4526 22.0723 27.413 29.2363 19.4685 21.6293 21.3719 17.5276 14.7214 16.1373 14.0724 13.253 23.6481 14.2884 18.6887 15.8691 8.09161 21.6368 19.5508 10.7744 27.24 9.08327 27.2677 22.2442 25.0565 16.724 22.3913 21.3344 15.1196 8.12974 3.16773 16.4545 24.7105 22.9207 27.9079 9.87974 20.0311 
16.8167 25.2226 29.1963 26.8404 29.5611 19.9552 21.5402 31.7014 16.6776 18.3261 24.9671 26.7528 6.44675 14.4963 17.2154 25.3924 13.3431 0 23.0593 18.8585 16.3298 27.1754 12.5439 16.8421 6.04826 22.9156 24.2808 19.8707 20.8457 20.779 20.7744 21.8656 6.33641 10.4339 11.2454 22.9337 13.585 21.4555 20.8604 5.27381 25.7404 5.66924 28.6074 17.0791 21.5982 25.5794 16.5729 19.8259 34.1103 14.3327 4.84596 22.111 27.7138 13.3249 6.8479 1.89331 30.556 22.1 3.33169 19.2853 14.2216 28.3953 30.1973 18.0047 21.7183 16.9435 31.9577 32.0998 18.5096 15.1048 17.8462 27.9416 21.8828 26.379 3.41663 11.4423 25.7899 5.64441 20.403 14.0336 21.3695 16.3977 20.7558 11.7275 29.3215 14.3552 19.6775 17.8741 22.8321 20.6537 13.7201 27.6667 5.10071 7.41267 14.0393 8.16908 24.6355 18.8287 32.6419 18.6504 12.2668 
20.0888 3.51672 11.3872 4.06418 15.0603 3.24724 19.0286 12.2141 6.44834 21.9501 7.66117 10.5713 17.6793 11.0525 16.9177 6.48359 14.2832 23.0593 0 4.44564 12.2375 10.6315 10.5223 11.1518 25.7317 5.66414 21.1361 5.15124 6.84197 9.69994 17.1938 5.9782 17.4824 12.6553 12.7461 11.0534 15.9972 13.9716 3.39285 17.8325 2.82831 22.0003 17.504 12.841 7.19264 12.5237 25.7312 7.84873 16.9412 24.252 18.3687 20.9604 4.80234 18.2809 24.3957 21.182 17.5382 8.24042 19.8301 7.88861 24.5295 13.123 16.6029 7.08162 5.77964 20.1385 14.227 17.0794 14.3988 21.3371 18.07 5.48188 2.75471 4.04122 21.5833 14.2426 13.2805 20.1807 11.013 14.3378 12.0758 20.0121 11.9627 12.1872 16.069 8.76844 26.1901 19.4368 18.8619 7.64896 24.0174 7.64298 21.4665 15.6551 11.2918 20.5495 16.3394 19.53 14.5554 4.6514 21.7095 
16.2988 7.53009 12.5186 7.98498 15.1247 2.4715 16.0953 14.2251 2.21751 18.2724 8.02879 13.1268 13.8792 8.63148 13.2976 9.56247 11.8766 18.8585 4.44564 0 10.7213 11.073 6.35679 7.43711 21.994 7.71055 18.5447 5.10242 7.48781 7.42494 14.259 7.34286 13.618 8.60722 9.29306 9.4993 13.7419 11.5073 2.21752 13.593 6.91975 17.5623 16.6282 11.6071 8.22518 11.7225 21.6743 7.85353 18.1736 20.0696 14.0917 17.959 9.24715 14.1218 19.9507 17.0048 17.2892 9.37588 15.5787 4.96661 20.3307 13.297 16.4744 5.82167 4.66068 16.3633 15.5375 17.4998 11.122 17.3077 14.5147 9.86639 3.13771 8.35392 17.2109 9.83242 12.3847 15.7509 8.47508 10.2024 12.4121 16.1707 9.47157 7.74636 15.7721 4.50723 22.4216 15.8242 16.2203 5.50534 19.798 9.6449 17.0397 11.5183 8.70903 16.1136 14.4866 16.0628 16.041 2.65545 17.439 
23.1403 12.2474 23.021 16.1276 25.846 9.45463 24.8895 24.3135 9.44704 25.255 18.6516 10.7789 9.88844 2.92708 21.0076 10.7225 3.17544 16.3298 12.2375 10.7213 0 21.7378 8.7111 16.0147 16.3075 8.58987 27.6844 7.10627 6.27436 17.6972 23.2003 7.53542 10.0537 8.53216 5.9938 19.9896 4.18381 21.2616 12.642 12.5461 14.8816 18.4305 27.1817 1.09382 6.64555 22.3764 26.896 4.97394 28.6973 24.7577 13.2408 26.5047 15.3132 19.7635 20.9075 14.6115 27.9859 6.59628 14.1116 15.1354 24.8876 24.0111 27.1868 5.21433 15.3797 23.245 26.009 28.2076 19.8528 23.1183 22.2308 14.8232 13.1896 13.5231 16.7446 14.5023 23.0047 16.6754 18.4499 16.7836 5.045 22.8562 19.3835 11.7969 26.4704 9.13789 28.7637 23.2426 25.4287 16.0272 24.2773 19.6619 17.6261 10.4124 3.25833 18.5948 24.5794 23.8225 26.4414 8.31345 21.8494 
16.627 13.3304 2.11626 8.99048 4.44064 12.441 12.9138 5.01375 12.8149 17.7273 3.10178 20.8952 23.6855 19.6929 13.5136 16.7408 22.9093 27.1754 10.6315 11.073 21.7378 0 16.1456 10.4743 31.5601 16.2921 13.7677 15.2316 17.3088 6.46658 11.5148 16.5734 23.312 18.3513 19.8621 4.8144 24.7873 8.14044 9.10306 22.1491 9.50487 23.8973 7.47973 22.5649 17.7636 3.46033 22.7261 18.1311 7.23558 22.1441 22.4125 14.6873 12.0143 16.9592 25.7032 25.5486 6.9831 18.8465 23.8946 8.02559 22.4965 2.50556 6.0167 16.6338 6.45772 16.6066 4.81066 6.52345 10.6874 18.7531 14.135 13.453 8.68234 12.9507 24.5704 15.8717 4.08647 22.4957 7.19917 13.9199 22.5762 16.7804 7.32996 15.597 5.58635 14.4202 21.7999 15.4091 12 6.67415 22.1825 4.19546 23.7074 20.6842 19.7459 21.5132 8.19313 14.9652 5.47157 13.4382 20.5408 
14.4458 12.9113 17.9332 14.3132 19.5408 7.48607 16.3545 20.0536 4.1494 16.5617 13.4229 16.1633 7.67059 5.78756 12.3283 13.7353 8.03573 12.5439 10.5223 6.35679 8.7111 16.1456 0 7.80379 15.752 11.326 19.2154 8.04946 9.75925 10.5551 14.7475 10.4331 7.35928 2.29206 4.00654 12.9828 9.83218 13.3121 8.45906 7.31114 13.1992 11.9601 19.9583 9.80469 10.6229 15.6509 18.5593 9.19872 23.3774 16.5513 7.85954 17.8877 15.2244 11.1811 14.471 10.6746 21.2513 11.5015 9.30945 8.25681 16.7297 17.9554 20.612 6.76311 9.92328 14.5483 20.9039 22.0823 11.4347 14.569 13.5403 15.5619 9.45373 13.9942 11.1883 5.92246 16.1272 10.083 10.8893 8.074 12.7266 14.1723 11.6841 3.14805 19.795 1.87481 20.1795 14.5324 17.0263 9.52814 16.1333 15.665 11.316 5.16551 5.5067 11.146 16.7745 15.125 21.5008 6.27249 13.6663 
8.94711 14.6119 12.5609 13.2835 12.7721 9.90417 8.98565 15.2764 7.10494 10.8641 8.78993 20.5479 14.2634 13.22 5.86359 16.9747 15.8104 16.8421 11.1518 7.43711 16.0147 10.4743 7.80379 0 21.6519 15.1346 11.6958 12.2952 14.6419 4.00771 7.226 14.6899 13.8194 9.45114 11.7824 6.09549 17.6293 5.52777 7.7644 12.0421 12.6786 13.4489 12.4372 17.0754 15.4483 8.76997 14.6364 14.7102 17.2706 13.3223 12.2029 10.7429 15.5579 7.42508 15.3656 15.3156 14.0383 16.5684 13.6329 3.56554 13.6271 11.5532 13.5508 12.2951 6.46396 9.00133 15.1847 15.3321 3.89537 10.2437 7.07757 16.5303 8.57387 15.1764 14.1133 5.42642 9.05055 12.0214 3.58779 3.68602 19.0613 8.86107 4.12087 5.83808 12.6869 6.88536 15.0642 8.39333 9.41941 4.61836 13.1653 11.9239 13.2363 11.0058 13.0415 11.1733 9.00682 8.63155 15.8901 9.72163 11.0458 
22.7618 27.2343 33.4738 29.737 34.4036 22.4898 27.3028 35.7458 19.7851 24.3354 29.0439 27.0809 8.11477 15.4736 22.8929 26.6398 13.1394 6.04826 25.7317 21.994 16.3075 31.5601 15.752 21.6519 0 24.2546 30.1069 21.6385 21.9745 25.389 26.3966 23.1556 8.39424 13.46 13.0048 27.6937 12.521 26.6854 24.1652 9.63017 28.5417 11.716 33.8581 16.7219 22.5804 30.3989 22.5693 20.7679 38.6975 20.3525 9.57322 27.9948 30.0414 19.1693 12.646 6.71751 35.6484 22.7865 8.33902 23.5353 20.2284 33.0613 35.1973 19.5517 25.6025 22.8896 36.3695 36.9699 23.8665 21.1272 23.6241 29.9868 25.1299 28.482 9.43274 16.4933 30.7024 11.5605 25.2346 19.334 21.0066 22.3444 25.7272 16.0045 34.3298 17.6205 25.7098 23.7595 28.5359 24.8941 19.7408 31.4139 11.1397 10.8782 15.0808 14.1815 30.0064 24.7013 37.0106 21.0931 18.312 
23.9098 3.91995 16.9569 8.53631 20.7238 5.23939 23.7569 17.4638 8.46945 25.9212 13.3203 5.41624 16.7549 8.78445 20.9827 2.47843 11.4301 22.9156 5.66414 7.71055 8.58987 16.2921 11.326 15.1346 24.2546 0 26.1113 3.2841 2.33465 14.7318 21.9141 1.10014 16.7168 12.825 11.6992 16.4157 12.7601 18.976 8.19429 18.0859 7.43036 23.2549 23.1041 8.78999 2.03873 18.1035 29.0356 3.62651 22.4042 27.2656 18.732 25.64 6.95576 21.4355 25.7789 21.0377 23.2002 2.76816 20.0147 12.4998 27.4947 18.7862 22.2667 4.91123 11.0782 23.981 19.7041 22.7143 18.8254 24.7372 22.2084 6.27635 8.03825 5.11914 22.257 16.6094 18.8497 21.3752 15.9347 17.6232 6.75865 23.7554 16.9265 14.0129 21.7269 10.1829 30.0142 23.5018 23.7952 12.6707 26.9288 13.0829 22.5787 15.7363 9.19017 22.4272 21.6589 23.7658 19.9687 5.59602 24.4926 
7.6729 24.5966 15.3331 21.5387 11.8344 20.9515 2.92897 18.088 18.7056 6.97606 14.893 31.4665 24.2036 24.848 7.38244 27.5475 27.229 24.2808 21.1361 18.5447 27.6844 13.7677 19.2154 11.6958 30.1069 26.1113 0 23.6311 26.0167 11.4493 4.48453 25.8652 23.7079 20.4041 23.0144 10.3627 28.97 7.16994 17.9896 20.9811 21.5122 19.0209 8.22312 28.7533 26.7689 10.3179 11.9098 26.2397 16.4483 12.6178 20.8038 2.35878 24.4546 10.9573 19.5411 23.3948 10.6608 27.9176 21.8242 13.6213 12.9603 12.4511 11.0933 23.901 15.3673 7.55711 16.072 13.2423 7.83161 9.89675 6.49711 25.7507 18.393 24.7498 20.8986 14.5326 9.68906 18.6364 10.1866 11.5922 30.6833 8.08028 9.20488 16.5519 10.5061 18.547 9.58076 6.44739 2.32463 13.5182 12.9989 17.6702 19.3375 20.9557 24.6372 16.2679 5.57508 5.48052 16.7697 21.0914 12.8471 
20.8918 5.604 16.275 9.02917 19.5479 2.88277 21.1334 17.327 5.35118 22.9374 12.1378 8.4387 13.877 6.31151 18.0742 5.69114 9.38113 19.8707 5.15124 5.10242 7.10627 15.2316 8.04946 12.2952 21.6385 3.2841 23.6311 0 2.38664 12.4962 19.3067 2.50043 13.7888 9.62958 8.77755 14.4587 10.9939 16.6097 6.30725 14.9281 7.77982 19.9941 21.4648 7.68989 3.15662 16.4801 25.8665 2.91099 21.9134 24.0537 15.5599 22.97 8.52512 18.2721 22.5135 17.9817 21.8831 4.29272 16.8825 10.0683 24.2754 17.6406 21.0056 2.13389 9.27645 20.9691 19.2022 21.7547 16.1031 21.6048 19.3148 8.35091 6.55348 6.86776 19.0554 13.3643 17.1861 18.1147 13.5757 14.5211 7.45144 20.7154 14.5727 10.7403 20.3739 6.91483 26.9638 20.5685 21.3065 10.5147 23.7039 12.7071 19.328 12.5899 6.64087 19.1431 19.5497 20.8965 19.5798 2.57395 21.2588 
23.1445 6.03311 18.2072 10.3058 21.6811 5.20123 23.5094 19.0137 7.61558 25.207 14.2422 6.40702 14.5929 6.53185 20.3861 4.66673 9.09712 20.8457 6.84197 7.48781 6.27436 17.3088 9.75925 14.6419 21.9745 2.33465 26.0167 2.38664 0 14.8674 21.6854 1.26111 14.5842 10.9959 9.60036 16.7911 10.4339 18.9945 8.57667 16.1568 9.11206 21.526 23.7401 6.54087 0.869451 18.7412 27.9751 1.30046 23.7825 26.0992 16.8207 25.3389 9.10878 20.4037 24.0622 18.983 24.0678 1.92743 18.0433 12.4525 26.3064 19.7577 23.1707 3.01655 11.5528 23.2254 21.068 23.8158 18.4689 23.764 21.6306 8.55209 8.70129 7.29216 20.3806 15.3716 19.4594 19.6518 15.9587 16.7283 5.26815 22.9542 16.956 12.6661 22.5668 8.90921 29.1863 22.8663 23.6921 12.8709 25.7246 14.481 20.8167 13.8057 6.95444 20.9014 21.9137 23.219 21.3958 4.93937 23.2651 
11.3711 13.1857 8.55589 10.6737 9.07463 9.68735 9.36805 11.3037 8.25036 12.9312 5.0458 20.044 17.7291 15.1769 8.0744 16.0988 18.1437 20.779 9.69994 7.42494 17.6972 6.46658 10.5551 4.00771 25.389 14.7318 11.4493 12.4962 14.8674 0 7.55437 14.5731 17.3178 12.5727 14.5161 2.42783 20.0254 4.27938 6.55704 15.8528 10.3861 17.4431 9.53964 18.6783 15.5603 5.11421 17.4351 15.2784 13.3518 16.4713 16.0689 11.3092 13.3687 10.871 19.3038 19.2 10.6969 16.7162 17.5293 2.56366 16.8045 7.67435 10.0654 13.1625 3.97836 11.3861 11.1934 11.6408 5.21192 13.1698 9.02619 14.5602 6.94954 13.4323 18.112 9.41533 5.57242 16.0291 1.36532 7.52424 19.8336 11.4156 2.26503 9.39135 9.24162 9.10506 17.2061 10.4137 9.16398 2.0715 16.4129 8.28174 17.2424 14.5792 15.1079 15.1079 7.06163 10.2854 11.8922 10.0751 14.5211 
5.60263 20.7009 13.4281 18.1198 11.0824 16.7026 1.84501 16.3621 14.2805 6.27242 11.8018 27.3091 20.0437 20.3641 3.57872 23.4896 22.7721 20.7744 17.1938 14.259 23.2003 11.5148 14.7475 7.226 26.3966 21.9141 4.48453 19.3067 21.6854 7.55437 0 21.6015 19.5548 16.0066 18.5813 7.16665 24.5287 3.54907 13.9215 17.0096 17.9162 15.8971 8.55827 24.27 22.4583 8.19722 11.4317 21.8521 16.0606 11.2855 16.9103 3.76663 20.8969 7.68897 16.884 19.6922 10.9222 23.5994 18.0581 9.43471 11.6494 10.9783 10.9575 19.4805 11.5309 5.54108 14.9574 13.1647 3.34788 7.98137 3.32085 22.1096 14.4403 20.984 17.4909 10.3206 7.82599 15.1921 6.20252 7.33855 26.2594 5.88427 5.31202 12.1554 10.155 14.0634 10.2856 4.22046 2.30141 9.55593 11.4768 14.8895 16.07 16.7557 20.1554 13.1351 4.51414 3.55607 15.7064 16.7472 10.5101 
23.3619 4.80612 17.362 9.2142 20.9815 4.91399 23.4382 18.0321 7.83627 25.3974 13.5454 5.94218 15.678 7.68717 20.5044 3.53628 10.3397 21.8656 5.9782 7.34286 7.53542 16.5734 10.4331 14.6899 23.1556 1.10014 25.8652 2.50043 1.26111 14.5731 21.6015 0 15.6473 11.8445 10.6357 16.3763 11.6939 18.7726 8.11888 17.078 8.05124 22.3194 23.2033 7.7857 1.23061 18.1963 28.3667 2.56156 22.8838 26.5517 17.7303 25.299 7.87794 20.7718 24.8492 19.9917 23.4152 2.27411 18.9941 12.2471 26.772 19.0485 22.4991 3.87663 11.0686 23.4373 20.1735 23.0484 18.45 24.1016 21.74 7.29299 8.10242 6.05307 21.269 15.8546 18.93 20.4405 15.727 17.011 6.13329 23.1919 16.7239 13.2097 21.9263 9.3945 29.4445 23.0097 23.5426 12.5353 26.1992 13.5604 21.6309 14.7261 8.09532 21.5669 21.5713 23.313 20.4724 5.00347 23.7517 
17.1627 19.2849 25.1776 21.4384 26.3907 14.2671 20.7883 27.385 11.404 19.0943 20.7089 20.4186 0.50063 8.16902 16.3271 19.1834 7.20157 6.33641 17.4824 13.618 10.0537 23.312 7.35928 13.8194 8.39424 16.7168 23.7079 13.7888 14.5842 17.3178 19.5548 15.6473 0 5.06773 5.02385 19.6922 7.83023 19.1684 15.7777 3.27381 20.2654 8.97195 26.2418 10.8642 15.3139 22.4074 19.0708 13.5261 30.5042 16.7694 3.84389 21.8726 21.9498 13.3765 11.2651 4.5622 27.8377 15.7797 4.2153 15.2989 16.7942 24.9426 27.3045 11.8267 17.2412 17.2883 28.1092 28.9581 16.6163 16.2173 17.3044 22.0341 16.7497 20.4913 6.92383 9.23518 22.7813 7.51301 17.3306 12.2186 15.0983 16.7792 17.94 7.99146 26.4526 9.22633 21.6416 17.8197 21.8234 16.6387 16.1977 23.0239 8.13476 2.83753 7.7146 10.0246 22.6135 18.663 28.732 12.8933 14.0456 
14.922 14.8196 20.1728 16.5207 21.6227 9.52277 17.4922 22.331 6.39021 17.0143 15.6785 17.3 5.38646 5.71701 13.2335 15.2892 7.03809 10.4339 12.6553 8.60722 8.53216 18.3513 2.29206 9.45114 13.46 12.825 20.4041 9.62958 10.9959 12.5727 16.0066 11.8445 5.06773 0 2.7403 14.9895 8.6411 14.9688 10.7368 5.31771 15.3821 10.5469 21.8213 9.59719 11.8275 17.6867 18.3672 10.214 25.5722 16.2264 5.93461 18.8781 17.2806 11.3709 13.0849 8.54606 23.2341 12.5649 7.29868 10.3903 16.3595 20.0896 22.6343 7.99608 12.1923 15.0351 23.1287 24.1781 12.7918 14.6723 14.3823 17.5225 11.7229 15.9572 9.43255 6.21495 18.123 8.68174 12.7688 8.89616 13.112 14.6028 13.4912 3.8532 21.8021 4.16319 20.323 15.2173 18.3073 11.6985 15.7499 17.9561 9.82444 3.02478 5.31248 10.2197 18.4512 15.9129 23.7364 8.21935 13.3177 
17.6618 14.3128 21.5456 16.7783 23.4305 9.49935 20.1176 23.4665 7.18762 19.7546 17.0044 15.6103 5.09955 3.43256 15.9179 14.1698 4.30198 11.2454 12.7461 9.29306 5.9938 19.8621 4.00654 11.7824 13.0048 11.6992 23.0144 8.77755 9.60036 14.5161 18.5813 10.6357 5.02385 2.7403 0 16.9423 5.95946 17.3033 11.5103 6.76469 15.5669 12.532 23.9575 7.01831 10.3568 19.5866 21.0098 8.59899 27.0924 18.8339 7.45583 21.5512 17.0532 14.1039 15.0416 9.38624 25.2098 10.9048 8.53523 12.1431 18.9501 21.7897 24.5479 6.80318 13.4815 17.7747 24.5502 25.9531 15.3127 17.3895 17.0826 17.0672 12.401 15.5377 11.0286 8.95295 20.0859 10.7365 14.8916 11.5833 10.8213 17.3431 15.6906 6.49568 23.7417 5.47502 23.0376 17.9432 20.8761 13.3558 18.3385 18.9284 11.7475 4.49943 2.97582 12.601 20.772 18.6253 25.1115 8.09766 15.9326 
11.9184 14.4074 6.91704 11.1811 6.71284 11.5915 8.80584 9.82674 10.5556 13.1726 4.64814 21.5949 20.1108 17.5306 8.73998 17.5366 20.5362 22.9337 11.0534 9.4993 19.9896 4.8144 12.9828 6.09549 27.6937 16.4157 10.3627 14.4587 16.7911 2.42783 7.16665 16.3763 19.6922 14.9895 16.9423 0 22.421 3.62191 8.25744 18.1124 11.1622 19.2957 7.19276 20.949 17.4316 2.71562 18.0391 17.3086 11.1958 17.3637 18.2921 10.7122 14.0938 12.1524 21.0011 21.4094 8.26919 18.5826 19.7278 4.89578 17.7133 5.47081 7.64481 15.3103 5.3394 11.9072 9.24102 9.28138 5.88385 13.9805 9.44185 15.4021 8.40516 14.4561 20.1433 11.5 3.1446 17.992 2.54505 9.26815 21.8778 12.0456 2.5171 11.7302 6.81593 11.5209 17.3555 10.7636 8.23222 3.99927 17.3865 7.73251 19.1636 16.9307 17.4774 16.828 5.28626 10.4189 9.97227 12.1487 15.7266 
23.5003 16.3445 26.2561 19.9919 28.6672 12.9774 26.0761 27.8026 12.0245 25.5713 21.7681 14.6955 7.49328 5.11801 21.8679 14.9046 1.88992 13.585 15.9972 13.7419 4.18381 24.7873 9.83218 17.6293 12.521 12.7601 28.97 10.9939 10.4339 20.0254 24.5287 11.6939 7.83023 8.6411 5.95946 22.421 0 23.1156 15.8536 10.9173 18.7378 16.7812 29.5565 4.29963 10.829 24.9742 26.3945 9.13526 31.9155 24.1415 11.5654 27.5064 19.3914 19.8555 19.0952 12.0951 30.6268 10.7484 12.0376 17.5323 24.2124 26.9169 29.8986 8.92999 18.3321 23.6166 29.273 31.1235 21.2433 23.0473 23.0228 18.9635 16.5486 17.626 14.7464 14.829 25.5352 15.2285 20.5549 17.5309 8.49562 23.1656 21.4089 12.4519 29.1294 10.9511 28.6594 23.8484 26.82 18.6138 23.6034 23.1502 15.9453 9.2868 5.04146 17.5524 26.5578 24.5531 29.7608 11.6807 21.2953 
8.50826 17.4442 10.145 14.6286 8.55113 13.8633 5.24468 13.0949 11.9495 9.60809 8.25279 24.3109 19.6299 18.56 5.5303 20.378 21.2782 21.4555 13.9716 11.5073 21.2616 8.14044 13.3121 5.52777 26.6854 18.976 7.16994 16.6097 18.9945 4.27938 3.54907 18.7726 19.1684 14.9688 17.3033 3.62191 23.1156 0 10.8264 17.0716 14.4843 17.1846 7.17579 22.2925 19.7187 5.04243 14.5895 19.3112 13.4871 14.1028 17.1171 7.17782 17.4557 9.39804 18.5915 20.1245 9.12874 20.8729 18.4391 6.5423 14.4608 8.0028 8.86804 17.0707 8.21492 8.48198 12.0074 10.935 3.04848 10.7084 6.01524 18.7048 11.2251 17.6415 18.3911 10.1929 4.87739 16.1321 3.04565 7.4224 23.8254 8.685 2.05008 11.2725 7.99701 12.2434 13.7529 7.2693 4.89204 6.34894 14.1895 11.3527 17.1898 16.3324 18.4192 14.5383 3.48245 6.8453 12.7607 14.114 12.7757 
16.6967 6.88781 10.4187 6.13522 13.3107 3.42992 15.7643 12.0255 4.38581 18.5589 6.01044 13.4871 16.0525 10.7356 13.5268 9.57431 14.0047 20.8604 3.39285 2.21752 12.642 9.10306 8.45906 7.7644 24.1652 8.19429 17.9896 6.30725 8.57667 6.55704 13.9215 8.11888 15.7777 10.7368 11.5103 8.25744 15.8536 10.8264 0 15.5866 5.22752 19.2112 15.1669 13.4619 9.18581 10.175 22.368 9.21077 16.0924 20.9336 16.0513 17.6835 7.91255 14.965 21.5253 19.028 15.5956 10.3331 17.5537 4.52911 21.2184 11.4309 14.7338 7.53736 2.97643 16.7459 13.429 15.6011 11.0393 17.9723 14.6842 8.78998 1.03306 7.41247 19.0409 11.2009 10.8864 17.4479 7.80573 11.028 13.7578 16.6224 8.78478 9.45147 14.0828 6.58636 22.7972 16.0479 15.6881 4.48744 20.718 7.43025 18.7426 13.5889 10.8436 17.5551 13.4708 16.1551 13.9075 4.33521 18.4476 
14.1296 20.1273 24.1287 21.5774 24.8109 14.7748 18.0935 26.5574 11.4228 15.9965 19.8171 22.327 3.73909 10.1941 13.6218 20.5596 10.0185 5.27381 17.8325 13.593 12.5461 22.1491 7.31114 12.0421 9.63017 18.0859 20.9811 14.9281 16.1568 15.8528 17.0096 17.078 3.27381 5.31771 6.76469 18.1124 10.9173 17.0716 15.5866 0 20.488 5.92823 24.2385 13.4728 16.9598 20.8065 15.7983 15.261 29.2007 13.4959 0.695622 19.0324 22.5274 10.3503 8.36712 3.46562 26.0188 17.5977 1.9988 14.1739 13.5206 23.5229 25.5751 13.2041 16.5072 14.2569 26.9543 27.3732 14.3054 13.0382 14.503 22.8179 16.6091 21.2508 4.26541 6.8822 21.0898 4.31128 15.6294 9.78413 17.5156 13.7339 16.1009 6.56921 24.7061 9.096 18.4008 14.889 19.2251 15.5448 12.9239 22.4433 5.10579 2.35246 9.73481 6.75323 20.4258 15.7714 27.62 13.5068 10.7851 
21.4427 3.90386 9.76833 1.25444 13.9008 6.07221 19.702 10.0371 9.06523 23.1744 6.95515 11.4588 20.4737 13.8478 18.1799 7.33619 17.0555 25.7404 2.82831 6.91975 14.8816 9.50487 13.1992 12.6786 28.5417 7.43036 21.5122 7.77982 9.11206 10.3861 17.9162 8.05124 20.2654 15.3821 15.5669 11.1622 18.7378 14.4843 5.22752 20.488 0 24.3999 16.8336 15.4108 9.2765 12.042 27.3 10.2555 15.0416 25.9849 21.0005 21.644 2.98259 20.0404 26.7372 23.8737 16.4786 10.1855 22.4798 9.16434 26.282 11.9908 15.5012 9.80783 6.47286 21.4778 12.3652 15.6346 15.4641 22.9144 19.2529 4.23985 4.2381 3.45629 24.1259 16.4284 12.8112 22.6152 11.7511 16.1327 14.1575 21.4155 12.6046 14.6008 15.09 11.3925 27.4527 20.6421 19.3264 8.51565 25.8013 5.79214 23.9083 18.358 14.0992 22.7821 16.342 20.6105 12.5846 7.47728 23.5821 
11.4063 24.7548 25.9969 25.3458 25.6347 19.2584 16.4142 28.7238 15.6238 12.766 22.1543 27.8468 9.35784 15.952 12.3278 25.6851 15.9456 5.66924 22.0003 17.5623 18.4305 23.8973 11.9601 13.4489 11.716 23.2549 19.0209 19.9941 21.526 17.4431 15.8971 22.3194 8.97195 10.5469 12.532 19.2957 16.7812 17.1846 19.2112 5.92823 24.3999 0 24.1499 19.3792 22.3655 21.7758 10.9659 20.7599 30.4264 8.69567 5.24833 16.7704 26.8014 8.22014 2.53804 5.63579 26.2832 23.111 4.87828 16.5351 8.60645 24.7233 26.0525 18.5141 19.3014 11.5296 28.529 28.093 14.1401 9.52675 12.7538 27.316 20.2367 25.7608 2.42483 8.24137 21.854 1.87968 16.7674 10.0289 23.3497 10.9886 16.899 9.8163 25.1807 13.3998 14.0185 12.5735 17.7866 17.8322 8.08346 25.159 0.837229 8.03664 15.5011 2.77199 20.0747 13.5406 29.2524 18.1642 6.62451 
14.0968 20.5374 8.26905 16.4273 3.94775 18.5821 8.93864 10.5804 17.7477 14.3162 9.93678 28.0244 26.6921 24.7113 11.9406 23.8781 27.6778 28.6074 17.504 16.6282 27.1817 7.47973 19.9583 12.4372 33.8581 23.1041 8.22312 21.4648 23.7401 9.53964 8.55827 23.2033 26.2418 21.8213 23.9575 7.19276 29.5565 7.17579 15.1669 24.2385 16.8336 24.1499 0 28.1371 24.3208 5.00703 19.5408 24.3534 8.23066 19.72 24.292 10.0493 19.4621 16.0752 25.3409 27.298 2.47511 25.4558 25.6135 12.0747 20.0825 5.27683 2.89152 22.4499 12.1912 14.0218 8.15072 5.02025 10.1043 16.4973 11.8773 20.8909 15.1019 20.2888 25.4921 17.3649 4.28072 23.2134 9.07092 14.585 28.9149 14.4081 8.3358 18.2743 2.45427 18.6154 17.6442 12.6937 7.52241 11.1678 19.9604 11.6618 24.22 23.4155 24.647 21.4357 4.09881 11.8863 8.78711 19.257 19.0659 
24.2337 12.5724 23.7924 16.6457 26.7195 10.1962 25.9656 24.9939 10.4314 26.3483 19.4698 10.4029 10.665 4.02077 22.0974 10.7673 3.7556 17.0791 12.841 11.6071 1.09382 22.5649 9.80469 17.0754 16.7219 8.78999 28.7533 7.68989 6.54087 18.6783 24.27 7.7857 10.8642 9.59719 7.01831 20.949 4.29963 22.2925 13.4619 13.4728 15.4108 19.3792 28.1371 0 6.77857 23.3018 27.9642 5.2644 29.4631 25.8175 14.1653 27.5879 15.6481 20.8514 21.8399 15.4019 28.8935 6.54048 14.9803 16.1148 25.9437 24.8689 28.0814 5.94904 16.2527 24.3385 26.765 29.0556 20.9221 24.2032 23.3217 15.0647 13.9592 13.833 17.6373 15.5921 23.9409 17.6445 19.4586 17.8768 4.34322 23.9492 20.3995 12.8899 27.3767 10.2067 29.8498 24.3358 26.4927 16.9724 25.3329 20.3548 18.5683 11.3862 4.34599 19.6125 25.5922 24.914 27.1787 9.12706 22.9103 
23.9894 5.93807 18.5796 10.4318 22.1618 5.87319 24.2868 19.2627 8.45143 26.0477 14.7217 5.54093 15.3064 7.20206 21.2116 4.09911 9.59573 21.5982 7.19264 8.22518 6.64555 17.7636 10.6229 15.4483 22.5804 2.03873 26.7689 3.15662 0.869451 15.5603 22.4583 1.23061 15.3139 11.8275 10.3568 17.4316 10.829 19.7187 9.18581 16.9598 9.2765 22.3655 24.3208 6.77857 0 19.3156 28.8407 1.81609 24.1103 26.9678 17.6276 26.1261 8.98936 21.2669 24.9025 19.743 24.5799 1.15588 18.8328 13.1779 27.1753 20.2314 23.6703 3.87004 12.154 24.0694 21.3992 24.2494 19.2597 24.6248 22.4545 8.30517 9.23489 7.15394 21.1932 16.2406 20.0426 20.4928 16.6774 17.5813 4.90316 23.8023 17.6752 13.5355 23.0861 9.7773 30.0383 23.6977 24.4444 13.5442 26.5937 14.7882 21.6514 14.6109 7.6378 21.7625 22.5901 24.04 21.7011 5.72955 24.1344 
13.5201 15.6385 5.23941 11.7781 4.0051 13.5984 9.50172 8.16536 13.0099 14.4608 5.08696 23.0721 22.8253 20.0171 10.5666 18.9378 23.0853 25.5794 12.5237 11.7225 22.3764 3.46033 15.6509 8.76997 30.3989 18.1035 10.3179 16.4801 18.7412 5.11421 8.19722 18.1963 22.4074 17.6867 19.5866 2.71562 24.9742 5.04243 10.175 20.8065 12.042 21.7758 5.00703 23.3018 19.3156 0 19.5549 19.3769 8.65125 19.1415 20.9727 11.2436 14.8049 14.316 23.3711 24.0818 5.65266 20.4494 22.3969 7.46141 19.5001 2.9936 4.96209 17.5344 7.20409 13.487 6.97554 6.57123 7.91068 15.7484 11.0338 16.2012 10.0949 15.4758 22.7279 14.1372 0.769737 20.5433 5.18464 11.7637 23.9315 13.7131 4.88171 14.4449 4.16097 14.1367 18.4525 12.2378 8.54579 6.37624 19.2319 7.42395 21.6866 19.6459 19.9899 19.2351 4.74924 11.714 7.72767 14.3236 17.7785 
6.12279 29.1252 24.7305 27.8405 22.476 24.0204 10.6148 27.6799 20.5662 5.23602 22.3823 34.3011 19.5366 24.0362 9.37871 31.1529 25.1292 16.5729 25.7312 21.6743 26.896 22.7261 18.5593 14.6364 22.5693 29.0356 11.9098 25.8665 27.9751 17.4351 11.4317 28.3667 19.0708 18.3672 21.0098 18.0391 26.3945 14.5895 22.368 15.7983 27.3 10.9659 19.5408 27.9642 28.8407 19.5549 0 27.6298 27.4272 2.31329 15.2724 9.66237 30.1938 7.60013 10.06 16.5577 22.0059 29.8386 15.5149 18.1385 2.35989 22.4001 22.1967 25.1215 20.9413 6.13191 26.3877 24.4189 12.279 4.39591 8.60005 31.1544 23.2069 29.7708 13.3793 12.6666 19.238 11.7646 16.1745 11.4735 31.27 6.0286 15.6544 15.4402 21.4458 19.0744 3.3503 7.32311 12.0191 18.9364 2.91047 25.6162 11.6726 17.1101 23.6556 9.08045 15.7787 7.8756 27.1373 23.4403 5.10105 
