50
18.9825 19.0589 0.745916 0
3.21939 20.1205 2.08202 0
11.0277 14.4047 26.9332 0
15.9623 22.8997 1.4536 0
1.02518 11.4435 0.503237 0
7.16356 13.6918 1.54768 0
4.29291 8.33286 0.457541 0
12.2022 14.0737 1.29632 0
13.9626 18.6611 1.93127 0
10.7123 16.3055 2.22471 0
4.72492 14.5101 1.30118 0
17.1821 22.823 0.661341 1
9.31999 16.2336 0.281703 0
18.9406 23.0024 5.00728 0
7.04671 12.3048 0.211268 0
16.0488 17.4428 1.47033 0
18.5735 23.3515 1.6018 0
6.8357 18.9836 2.01353 0
5.54009 9.6797 0.37833 0
16.8889 21.8587 0.853152 0
13.8267 18.3385 7.47113 0
2.7199 21.4711 1.97574 1
8.4064 22.5209 0.230474 0
2.99339 23.429 0.805632 0
13.6206 23.1168 7.58203 0
11.8331 12.8085 24.9 0
14.2334 20.3558 0.778314 0
16.9462 18.1919 0.782801 1
12.4597 17.7844 2.11781 1
13.3605 23.2525 0.637579 0
16.3356 22.8297 1.94613 0
18.022 22.8845 1.97585 0
16.6409 23.7431 2.16327 0
0.48693 5.46061 0.758483 0
2.00992 18.3033 1.11215 0
15.9908 22.932 1.02318 0
6.95383 13.3059 1.65726 1
15.9699 16.8262 6.48386 0
6.84941 8.15743 0.238035 0
1.13157 21.0476 0.600456 0
9.2309 15.2257 0.566043 0
5.81232 17.1409 11.567 1
9.04174 14.1766 0.337695 1
6.42342 22.611 1.33008 1
16.6155 21.4052 1.70987 0
11.2322 11.5662 2.11761 0
17.4891 18.3383 0.264997 0
10.4228 20.2025 2.10666 0
9.92654 12.4826 1.95556 0
0.947582 18.8875 2.05777 1
400 50 500
0.025 0.0125 10000 3000 15 1e+06 300000 4 6
0 5.8772 7.74511 11.3701 8.26977 11.6351 4.03773 0.272635 4.85285 10.1995 10.5833 8.20504 9.2514 6.05099 3.61507 6.09078 8.5269 7.66838 7.42666 5.92982 7.24193 3.46903 6.91992 9.18864 6.06458 8.85019 4.95669 6.11333 7.17002 8.16743 9.37809 8.81313 1.79264 10.9047 6.60931 10.0937 6.93876 7.66829 7.8117 2.01371 3.87709 9.49214 9.24447 9.33103 10.6395 7.08535 4.73049 1.46452 2.03013 8.53487 10.5928 
5.8772 0 3.97433 6.00689 2.84576 6.43483 1.85001 6.14234 1.91458 6.28315 6.30705 8.73541 3.70633 2.66192 2.28966 1.40119 5.66253 1.90043 4.93843 6.80485 5.81918 2.41402 5.57167 3.32845 3.21833 6.04315 5.39336 3.88718 1.29929 5.70543 5.8441 3.9239 5.31208 5.99793 4.44192 5.10247 2.93901 8.0243 4.87314 4.30191 3.62195 3.87816 3.42181 4.98891 5.00976 3.41297 1.6013 4.52658 3.84709 3.28825 5.38006 
7.74511 3.97433 0 4.20448 5.8672 4.23577 4.57957 7.94378 5.72778 2.53613 2.8406 6.05405 3.07217 1.7738 5.18915 5.34473 1.7759 3.29954 1.54421 5.00414 2.80702 4.9576 2.75528 4.97195 1.6855 2.13253 4.15961 1.87117 3.77499 2.00737 1.90531 7.19046 8.04757 3.33011 1.78248 2.69969 6.80874 5.41414 1.1422 5.73272 7.18097 3.36991 4.01209 1.6135 4.14947 0.687635 5.30767 6.89433 6.07138 6.38318 3.35536 
11.3701 6.00689 4.20448 0 5.87089 0.640164 7.53679 11.6049 7.86826 3.41818 2.74582 9.82 2.31162 5.46366 8.11562 6.84893 5.02536 4.16108 5.54229 9.15532 6.75654 8.06878 6.80275 4.12541 5.68438 5.12149 8.36212 6.0479 4.89142 5.55027 4.04601 6.99304 11.2049 1.34049 5.97611 1.51822 7.74305 9.2723 4.99548 9.43743 9.61586 2.19917 3.06606 2.84227 1.33423 4.64897 7.60396 10.2369 9.44635 6.24614 0.849549 
8.26977 2.84576 5.8672 5.87089 0 6.46663 4.49314 8.54236 3.45672 7.5662 7.31866 11.3742 3.85754 5.15736 4.72129 2.18026 7.64024 2.57783 7.19698 9.57732 8.27448 4.99556 8.07636 1.78452 5.73604 7.98435 8.19626 6.43334 2.156 7.84358 7.44687 1.32962 7.25973 6.47147 6.89768 5.67259 2.07806 10.669 6.96497 6.981 4.99256 3.80672 2.8218 6.21866 4.56039 5.53067 3.53974 6.81894 6.30689 0.5167 5.59869 
11.6351 6.43483 4.23577 0.640164 6.46663 0 7.88426 11.8627 8.32154 3.05962 2.3506 9.60038 2.79532 5.64674 8.47583 7.34908 4.83003 4.63522 5.45962 9.08522 6.62925 8.40132 6.7058 4.73757 5.80724 4.88025 8.38308 6.10494 5.37573 5.3729 3.78613 7.60986 11.5575 1.0127 5.96801 1.56714 8.30228 9.08296 4.90402 9.67373 10.0557 2.72851 3.64906 2.7368 1.96316 4.75053 8.03612 10.5519 9.74963 6.85385 1.06443 
4.03773 1.85001 4.57957 7.53679 4.49314 7.88426 0 4.30035 1.72262 7.10167 7.29674 7.96845 5.31342 2.84214 0.615854 2.4555 5.96296 3.64313 5.00164 5.79468 5.51652 0.568836 5.2118 5.17761 3.19479 6.34469 4.34451 3.66863 3.13424 5.82995 6.46369 5.34228 3.67325 7.29018 4.29083 6.41869 3.81687 7.27022 5.1416 2.49386 2.65916 5.53051 5.21309 5.96147 6.6808 3.90114 1.3018 2.73719 2.01044 4.85903 6.82074 
0.272635 6.14234 7.94378 11.6049 8.54236 11.8627 4.30035 0 5.12496 10.3838 10.779 8.21714 9.49778 6.26374 3.88432 6.36341 8.68549 7.92637 7.58501 5.96374 7.36063 3.73198 7.04119 9.45627 6.26036 9.00331 5.04424 6.28652 7.4338 8.31479 9.55378 9.08375 1.98118 11.1227 6.76965 10.3174 7.20657 7.69668 7.98127 2.21275 4.12925 9.74077 9.50341 9.53567 10.8871 7.28896 5.00302 1.73589 2.29566 8.80736 10.8233 
4.85285 1.91458 5.72778 7.86826 3.45672 8.32154 1.72262 5.12496 0 8.13588 8.19891 9.68129 5.55685 4.16206 1.56013 1.29843 7.30813 3.71 6.44765 7.51727 7.1123 1.96372 6.8221 4.66451 4.62969 7.69377 6.06712 5.20098 2.99833 7.26041 7.62919 3.97946 3.8217 7.91088 5.81277 7.01528 2.21497 8.98009 6.49129 3.85636 1.76097 5.69785 5.09009 6.87051 6.79536 5.10221 0.455801 3.39014 2.98168 3.68701 7.27421 
10.1995 6.28315 2.53613 3.41818 7.5662 3.05962 7.10167 10.3838 8.13588 0 0.722637 6.62203 3.8775 4.30952 7.71438 7.56716 2.03659 5.07924 2.98704 6.44164 3.91173 7.49225 4.0764 6.20651 4.15589 1.95394 6.06297 4.11478 5.73841 2.5863 0.924526 8.87849 10.5792 2.08558 3.72376 2.25627 8.90803 6.15783 2.47954 8.1879 9.66879 4.0637 5.03966 1.35604 4.17145 3.22365 7.73879 9.4149 8.59349 8.05538 2.80606 
10.5833 6.30705 2.8406 2.74582 7.31866 2.3506 7.29674 10.779 8.19891 0.722637 0 7.34081 3.51795 4.58879 7.91257 7.52528 2.69494 4.92484 3.56294 7.09438 4.56944 7.72415 4.71237 5.85232 4.51897 2.65228 6.63557 4.57332 5.62428 3.25055 1.57823 8.60848 10.8556 1.40533 4.24705 1.75897 8.79209 6.86841 3.02652 8.57 9.79645 3.66245 4.67068 1.33952 3.61125 3.51428 7.82359 9.7216 8.89814 7.79132 2.21054 
8.20504 8.73541 6.05405 9.82 11.3742 9.60038 7.96845 8.21714 9.68129 6.62203 7.34081 0 9.12538 6.21758 8.3131 10.04 4.79511 9.02579 4.50997 2.33324 3.25223 7.88934 3.36405 10.8852 5.64011 4.72039 3.68339 4.9432 9.23559 4.28226 5.81589 12.6012 9.60741 8.58843 4.53216 8.35628 11.58 0.711252 4.97546 6.86269 10.2803 9.42129 10.0327 6.99893 10.1096 6.06215 9.23956 8.44556 7.90656 11.875 9.03734 
9.2514 3.70633 3.07217 2.31162 3.85754 2.79532 5.31342 9.49778 5.55685 3.8775 3.51795 9.12538 0 3.6707 5.87107 4.55402 4.57443 1.84994 4.61555 7.95856 5.879 5.86291 5.8146 2.33722 4.05587 4.82975 6.90387 4.59881 2.58446 4.96613 4.00279 5.11425 8.95725 2.62337 4.74763 1.81806 5.55185 8.48567 4.16883 7.39108 7.30626 0.305326 1.16236 2.61916 1.39268 3.19717 5.29824 8.04292 7.27561 4.30688 1.80057 
6.05099 2.66192 1.7738 5.46366 5.15736 5.64674 2.84214 6.26374 4.16206 4.30952 4.58879 6.21758 3.6707 0 3.44206 4.05595 3.15613 2.89623 2.30286 4.5523 3.17088 3.19054 2.94195 4.81545 0.579578 3.54146 3.31909 1.27634 3.02055 3.10286 3.62715 6.40091 6.27564 4.8634 1.78623 4.08371 5.60073 5.51379 2.33498 4.05483 5.48302 3.96591 4.19914 3.29509 5.01279 1.0862 3.71767 5.13282 4.30936 5.66041 4.64121 
3.61507 2.28966 5.18915 8.11562 4.72129 8.47583 0.615854 3.88432 1.56013 7.71438 7.91257 8.3131 5.87107 3.44206 0 2.58035 6.54181 4.15238 5.55927 6.08119 6.00614 0.429113 5.69366 5.57645 3.76884 6.9215 4.64569 4.20498 3.58891 6.38832 7.06784 5.44284 3.08974 7.89642 4.82615 7.02167 3.76662 7.62517 5.72259 2.32241 2.11006 6.07766 5.70416 6.57731 7.2255 4.50852 1.24816 2.23723 1.59969 5.04017 7.41158 
6.09078 1.40119 5.34473 6.84893 2.18026 7.34908 2.4555 6.36341 1.29843 7.56716 7.52528 10.04 4.55402 4.05595 2.58035 0 7.05455 2.72526 6.33917 8.01901 7.19795 2.89744 6.94132 3.39591 4.60367 7.43346 6.57903 5.25973 1.98037 7.10611 7.18766 2.88818 5.12013 7.05251 5.82806 6.16482 1.55342 9.32923 6.27052 4.88593 2.9742 4.65102 3.93333 6.24005 5.69496 4.80496 1.36436 4.63869 4.14363 2.46302 6.33218 
8.5269 5.66253 1.7759 5.02536 7.64024 4.83003 5.96296 8.68549 7.30813 2.03659 2.69494 4.79511 4.57443 3.15613 6.54181 7.05455 0 5.06757 1.1005 4.40607 1.87694 6.24021 2.04344 6.6673 2.77323 0.385683 4.08618 2.45651 5.54963 0.556041 1.11921 8.96493 9.14163 3.81812 1.91785 3.56783 8.54769 4.25483 0.822624 6.54905 8.61994 4.84631 5.63121 2.21148 5.38049 2.24986 6.86832 7.92601 7.1264 8.15575 4.24543 
7.66838 1.90043 3.29954 4.16108 2.57783 4.63522 3.64313 7.92637 3.71 5.07924 4.92484 9.02579 1.84994 2.89623 4.15238 2.72526 5.06757 0 4.68897 7.44845 5.8348 4.20979 5.67206 1.92285 3.44113 5.40815 6.18226 4.11903 0.744892 5.29255 4.88671 3.90668 7.20739 4.33577 4.49493 3.45516 3.87033 8.33504 4.41452 5.93468 5.46401 1.99106 1.57935 3.72326 3.11147 3.02314 3.46748 6.37417 5.64978 3.09134 3.6086 
7.42666 4.93843 1.54421 5.54229 7.19698 5.45962 5.00164 7.58501 6.44765 2.98704 3.56294 4.50997 4.61555 2.30286 5.55927 6.33917 1.1005 4.68897 0 3.62567 1.26819 5.23417 1.2625 6.45974 1.82256 1.43384 3.07805 1.38739 5.04933 0.829061 2.07436 8.49719 8.06896 4.47443 0.818935 4.02705 7.87166 3.87459 0.556936 5.4519 7.65868 4.91215 5.54292 2.72398 5.64716 1.6692 5.99791 6.84684 6.05424 7.71264 4.71045 
5.92982 6.80485 5.00414 9.15532 9.57732 9.08522 5.79468 5.96374 7.51727 6.44164 7.09438 2.33324 7.95856 4.5523 6.08119 8.01901 4.40607 7.44845 3.62567 0 2.52996 5.65286 2.39108 9.36719 4.02224 4.52471 1.45158 3.38646 7.51228 3.85558 5.52465 10.727 7.28039 8.09701 3.2315 7.6372 9.52472 1.74153 4.18129 4.52966 7.98996 8.26386 8.68483 6.34952 9.14124 4.76142 7.09009 6.11271 5.57938 10.0559 8.31571 
7.24193 5.81918 2.80702 6.75654 8.27448 6.62925 5.51652 7.36063 7.1123 3.91173 4.56944 3.25223 5.879 3.17088 6.00614 7.19795 1.87694 5.8348 1.26819 2.52996 0 5.62897 0.329419 7.65913 2.60217 2.00699 2.41922 1.93982 6.11873 1.32563 2.99608 9.54724 8.14961 5.62656 1.3864 5.25084 8.75007 2.60739 1.77611 5.38525 8.11018 6.17691 6.78235 3.91663 6.91154 2.82961 6.6565 6.91022 6.17603 8.78554 5.93668 
3.46903 2.41402 4.9576 8.06878 4.99556 8.40132 0.568836 3.73198 1.96372 7.49225 7.72415 7.88934 5.86291 3.19054 0.429113 2.89744 6.24021 4.20979 5.23417 5.65286 5.62897 0 5.31298 5.73873 3.47043 6.61637 4.21889 3.86467 3.70199 6.06212 6.81403 5.77996 3.16777 7.77997 4.48253 6.91737 4.15364 7.20313 5.42593 1.99111 2.48263 6.0851 5.78116 6.39668 7.23574 4.27149 1.61493 2.18028 1.44173 5.33961 7.33967 
6.91992 5.57167 2.75528 6.80275 8.07636 6.7058 5.2118 7.04119 6.8221 4.0764 4.71237 3.36405 5.8146 2.94195 5.69366 6.94132 2.04344 5.67206 1.2625 2.39108 0.329419 5.31298 0 7.52155 2.36583 2.22023 2.1328 1.6845 5.92336 1.51187 3.15336 9.33724 7.8202 5.71184 1.18135 5.28867 8.49458 2.691 1.80793 5.05703 7.79514 6.11568 6.67965 3.97574 6.89384 2.69941 6.36645 6.58081 5.84707 8.5848 5.97253 
9.18864 3.32845 4.97195 4.12541 1.78452 4.73757 5.17761 9.45627 4.66451 6.20651 5.85232 10.8852 2.33722 4.81545 5.57645 3.39591 6.6673 1.92285 6.45974 9.36719 7.65913 5.73873 7.52155 0 5.35159 6.96913 8.10439 6.01943 2.08783 6.97439 6.25536 2.87411 8.45025 4.85072 6.35716 4.1252 3.80548 10.2037 6.11398 7.61605 6.36966 2.20184 1.18315 4.91311 2.79928 4.82975 4.59121 7.8015 7.16163 2.12245 3.94144 
6.06458 3.21833 1.6855 5.68438 5.73604 5.80724 3.19479 6.26036 4.62969 4.15589 4.51897 5.64011 4.05587 0.579578 3.76884 4.60367 2.77323 3.44113 1.82256 4.02224 2.60217 3.47043 2.36583 5.35159 0 3.15268 2.85468 0.697306 3.59594 2.64515 3.39222 6.98034 6.45183 4.96006 1.22445 4.24147 6.15335 4.93738 1.95595 4.0511 5.85387 4.35774 4.67779 3.29144 5.3536 1.0626 4.1784 5.2679 4.44992 6.23963 4.84415 
8.85019 6.04315 2.13253 5.12149 7.98435 4.88025 6.34469 9.00331 7.69377 1.95394 2.65228 4.72039 4.82975 3.54146 6.9215 7.43346 0.385683 5.40815 1.43384 4.52471 2.00699 6.61637 2.22023 6.96913 3.15268 0 4.31768 2.81158 5.90693 0.719311 1.09618 9.3111 9.49835 3.86878 2.25141 3.70562 8.92208 4.22137 1.20708 6.88302 9.00236 5.09272 5.91083 2.36654 5.56342 2.63021 7.25401 8.2787 7.48312 8.49898 4.37059 
4.95669 5.39336 4.15961 8.36212 8.19626 8.38308 4.34451 5.04424 6.06712 6.06297 6.63557 3.68339 6.90387 3.31909 4.64569 6.57903 4.08618 6.18226 3.07805 1.45158 2.41922 4.21889 2.1328 8.10439 2.85468 4.31768 0 2.3335 6.17608 3.59852 5.14462 9.31686 6.10073 7.44129 2.42435 6.85908 8.07743 3.01526 3.60923 3.29341 6.59737 7.20712 7.51592 5.67638 8.1719 3.76221 5.6388 4.88782 4.27374 8.66503 7.5126 
6.11333 3.88718 1.87117 6.0479 6.43334 6.10494 3.66863 6.28652 5.20098 4.11478 4.57332 4.9432 4.59881 1.27634 4.20498 5.25973 2.45651 4.11903 1.38739 3.38646 1.93982 3.86467 1.6845 6.01943 0.697306 2.81158 2.3335 0 4.29246 2.20674 3.26759 7.67562 6.68693 5.19873 0.622252 4.55887 6.81253 4.24117 1.70094 4.1152 6.31286 4.90371 5.2989 3.45863 5.84258 1.42907 4.74586 5.46953 4.67165 6.93674 5.19897 
7.17002 1.29929 3.77499 4.89142 2.156 5.37573 3.13424 7.4338 2.99833 5.73841 5.62428 9.23559 2.58446 3.02055 3.58891 1.98037 5.54963 0.744892 5.04933 7.51228 6.11873 3.70199 5.92336 2.08783 3.59594 5.90693 6.17608 4.29246 0 5.71776 5.47779 3.44796 6.59149 5.07753 4.74355 4.19392 3.17278 8.53332 4.84174 5.53671 4.75833 2.70493 2.13616 4.38701 3.79756 3.38871 2.78815 5.82587 5.14029 2.66865 4.35278 
8.16743 5.70543 2.00737 5.55027 7.84358 5.3729 5.82995 8.31479 7.26041 2.5863 3.25055 4.28226 4.96613 3.10286 6.38832 7.10611 0.556041 5.29255 0.829061 3.85558 1.32563 6.06212 1.51187 6.97439 2.64515 0.719311 3.59852 2.20674 5.71776 0 1.6736 9.15864 8.87002 4.36235 1.60978 4.07476 8.62583 3.7221 0.878791 6.21563 8.48743 5.24819 5.9816 2.71803 5.84727 2.3396 6.81257 7.64251 6.85748 8.36027 4.75713 
9.37809 5.8441 1.90531 4.04601 7.44687 3.78613 6.46369 9.55378 7.62919 0.924526 1.57823 5.81589 4.00279 3.62715 7.06784 7.18766 1.11921 4.88671 2.07436 5.52465 2.99608 6.81403 3.15336 6.25536 3.39222 1.09618 5.14462 3.26759 5.47779 1.6736 0 8.77491 9.8439 2.77587 2.83444 2.67744 8.60459 5.31514 1.5894 7.37344 9.08129 4.23849 5.13608 1.40436 4.57852 2.56575 7.21176 8.65739 7.84116 7.95229 3.32202 
8.81313 3.9239 7.19046 6.99304 1.32962 7.60986 5.34228 9.08375 3.97946 8.87849 8.60848 12.6012 5.11425 6.40091 5.44284 2.88818 8.96493 3.90668 8.49719 10.727 9.54724 5.77996 9.33724 2.87411 6.98034 9.3111 9.31686 7.67562 3.44796 9.15864 8.77491 0 7.58258 7.70023 8.16418 6.93178 1.95001 11.8925 8.28073 7.76198 5.19846 5.03123 4.01829 7.53546 5.66128 6.83587 4.19776 7.34889 6.95636 0.824108 6.80388 
1.79264 5.31208 8.04757 11.2049 7.25973 11.5575 3.67325 1.98118 3.8217 10.5792 10.8556 9.60741 8.95725 6.27564 3.08974 5.12013 9.14163 7.20739 8.06896 7.28039 8.14961 3.16777 7.8202 8.45025 6.45183 9.49835 6.10073 6.68693 6.59149 8.87002 9.8439 7.58258 0 10.9477 7.26137 10.0839 5.6426 9.01308 8.35966 2.81059 2.403 9.15776 8.72707 9.53923 10.3024 7.36082 3.86001 1.2394 2.01531 7.4388 10.494 
10.9047 5.99793 3.33011 1.34049 6.47147 1.0127 7.29018 11.1227 7.91088 2.08558 1.40533 8.58843 2.62337 4.8634 7.89642 7.05251 3.81812 4.33577 4.47443 8.09701 5.62656 7.77997 5.71184 4.85072 4.96006 3.86878 7.44129 5.19873 5.07753 4.36235 2.77587 7.70023 10.9477 0 5.01821 0.895621 8.15498 8.0704 3.9176 8.91716 9.60453 2.67011 3.6829 1.76651 2.3213 3.8975 7.58649 9.8916 9.07734 6.90599 0.931853 
6.60931 4.44192 1.78248 5.97611 6.89768 5.96801 4.29083 6.76965 5.81277 3.72376 4.24705 4.53216 4.74763 1.78623 4.82615 5.82806 1.91785 4.49493 0.818935 3.2315 1.3864 4.48253 1.18135 6.35716 1.22445 2.25141 2.42435 0.622252 4.74355 1.60978 2.83444 8.16418 7.26137 5.01821 0 4.4625 7.37775 3.84663 1.24618 4.63297 6.93455 5.05216 5.55127 3.25251 5.90974 1.56613 5.35828 6.03578 5.24814 7.40711 5.12882 
10.0937 5.10247 2.69969 1.51822 5.67259 1.56714 6.41869 10.3174 7.01528 2.25627 1.75897 8.35628 1.81806 4.08371 7.02167 6.16482 3.56783 3.45516 4.02705 7.6372 5.25084 6.91737 5.28867 4.1252 4.24147 3.70562 6.85908 4.55887 4.19392 4.07476 2.67744 6.93178 10.0839 0.895621 4.4625 0 7.29542 7.79013 3.48315 8.12134 8.71077 1.92386 2.94248 1.3575 1.92431 3.18718 6.69201 9.04533 8.23558 6.12491 0.685979 
6.93876 2.93901 6.80874 7.74305 2.07806 8.30228 3.81687 7.20657 2.21497 8.90803 8.79209 11.58 5.55185 5.60073 3.76662 1.55342 8.54769 3.87033 7.87166 9.52472 8.75007 4.15364 8.49458 3.80548 6.15335 8.92208 8.07743 6.81253 3.17278 8.62583 8.60459 1.95001 5.6426 8.15498 7.37775 7.29542 0 10.8699 7.77838 6.07131 3.25089 5.57677 4.68643 7.55876 6.48044 6.30484 2.54183 5.48123 5.16981 2.00695 7.35066 
7.66829 8.0243 5.41414 9.2723 10.669 9.08296 7.27022 7.69668 8.98009 6.15783 6.86841 0.711252 8.48567 5.51379 7.62517 9.32923 4.25483 8.33504 3.87459 1.74153 2.60739 7.20313 2.691 10.2037 4.93738 4.22137 3.01526 4.24117 8.53332 3.7221 5.31514 11.8925 9.01308 8.0704 3.84663 7.79013 10.8699 0 4.36225 6.24278 9.60973 8.78403 9.37016 6.43635 9.50568 5.38961 8.53697 7.83364 7.26831 11.1688 8.47451 
7.8117 4.87314 1.1422 4.99548 6.96497 4.90402 5.1416 7.98127 6.49129 2.47954 3.02652 4.97546 4.16883 2.33498 5.72259 6.27052 0.822624 4.41452 0.556936 4.18129 1.77611 5.42593 1.80793 6.11398 1.95595 1.20708 3.60923 1.70094 4.84174 0.878791 1.5894 8.28073 8.35966 3.9176 1.24618 3.48315 7.77838 4.36225 0 5.81605 7.79791 4.45939 5.14604 2.16965 5.14352 1.47575 6.0499 7.15268 6.34617 7.48166 4.16803 
2.01371 4.30191 5.73272 9.43743 6.981 9.67373 2.49386 2.21275 3.85636 8.1879 8.57 6.86269 7.39108 4.05483 2.32241 4.88593 6.54905 5.93468 5.4519 4.52966 5.38525 1.99111 5.05703 7.61605 4.0511 6.88302 3.29341 4.1152 5.53671 6.21563 7.37344 7.76198 2.81059 8.91716 4.63297 8.12134 6.07131 6.24278 5.81605 0 3.6661 7.64842 7.50991 7.32293 8.78373 5.07626 3.57057 1.59577 1.10593 7.33057 8.64284 
3.87709 3.62195 7.18097 9.61586 4.99256 10.0557 2.65916 4.12925 1.76097 9.66879 9.79645 10.2803 7.30626 5.48302 2.11006 2.9742 8.61994 5.46401 7.65868 7.98996 8.11018 2.48263 7.79514 6.36966 5.85387 9.00236 6.59737 6.31286 4.75833 8.48743 9.08129 5.19846 2.403 9.60453 6.93455 8.71077 3.25089 9.60973 7.79791 3.6661 0 7.45414 6.84795 8.4579 8.55579 6.51643 2.02157 2.51414 2.56731 5.11454 9.00197 
9.49214 3.87816 3.36991 2.19917 3.80672 2.72851 5.53051 9.74077 5.69785 4.0637 3.66245 9.42129 0.305326 3.96591 6.07766 4.65102 4.84631 1.99106 4.91215 8.26386 6.17691 6.0851 6.11568 2.20184 4.35774 5.09272 7.20712 4.90371 2.70493 5.24819 4.23849 5.03123 9.15776 2.67011 5.05216 1.92386 5.57677 8.78403 4.45939 7.64842 7.45414 0 1.02047 2.84295 1.15065 3.50245 5.45767 8.26516 7.50601 4.23598 1.79439 
9.24447 3.42181 4.01209 3.06606 2.8218 3.64906 5.21309 9.50341 5.09009 5.03966 4.67068 10.0327 1.16236 4.19914 5.70416 3.93333 5.63121 1.57935 5.54292 8.68483 6.78235 5.78116 6.67965 1.18315 4.67779 5.91083 7.51592 5.2989 2.13616 5.9816 5.13608 4.01829 8.72707 3.6829 5.55127 2.94248 4.68643 9.37016 5.14604 7.50991 6.84795 1.02047 0 3.76849 1.79773 3.98763 4.91456 7.93553 7.22253 3.23166 2.78756 
9.33103 4.98891 1.6135 2.84227 6.21866 2.7368 5.96147 9.53567 6.87051 1.35604 1.33952 6.99893 2.61916 3.29509 6.57731 6.24005 2.21148 3.72326 2.72398 6.34952 3.91663 6.39668 3.97574 4.91311 3.29144 2.36654 5.67638 3.45863 4.38701 2.71803 1.40436 7.53546 9.53923 1.76651 3.25251 1.3575 7.55876 6.43635 2.16965 7.32293 8.4579 2.84295 3.76849 0 3.19944 2.24682 6.49 8.42044 7.59758 6.71162 2.03911 
10.6395 5.00976 4.14947 1.33423 4.56039 1.96316 6.6808 10.8871 6.79536 4.17145 3.61125 10.1096 1.39268 5.01279 7.2255 5.69496 5.38049 3.11147 5.64716 9.14124 6.91154 7.23574 6.89384 2.79928 5.3536 5.56342 8.1719 5.84258 3.79756 5.84727 4.57852 5.66128 10.3024 2.3213 5.90974 1.92431 6.48044 9.50568 5.14352 8.78373 8.55579 1.15065 1.79773 3.19944 0 4.4152 6.57516 9.41577 8.6562 4.9217 1.4094 
7.08535 3.41297 0.687635 4.64897 5.53067 4.75053 3.90114 7.28896 5.10221 3.22365 3.51428 6.06215 3.19717 1.0862 4.50852 4.80496 2.24986 3.02314 1.6692 4.76142 2.82961 4.27149 2.69941 4.82975 1.0626 2.63021 3.76221 1.42907 3.38871 2.3396 2.56575 6.83587 7.36082 3.8975 1.56613 3.18718 6.30484 5.38961 1.47575 5.07626 6.51643 3.50245 3.98763 2.24682 4.4152 0 4.67331 6.21128 5.38802 6.04677 3.80365 
4.73049 1.6013 5.30767 7.60396 3.53974 8.03612 1.3018 5.00302 0.455801 7.73879 7.82359 9.23956 5.29824 3.71767 1.24816 1.36436 6.86832 3.46748 5.99791 7.09009 6.6565 1.61493 6.36645 4.59121 4.1784 7.25401 5.6388 4.74586 2.78815 6.81257 7.21176 4.19776 3.86001 7.58649 5.35828 6.69201 2.54183 8.53697 6.0499 3.57057 2.02157 5.45767 4.91456 6.49 6.57516 4.67331 0 3.28473 2.78145 3.82465 6.98114 
1.46452 4.52658 6.89433 10.2369 6.81894 10.5519 2.73719 1.73589 3.39014 9.4149 9.7216 8.44556 8.04292 5.13282 2.23723 4.63869 7.92601 6.37417 6.84684 6.11271 6.91022 2.18028 6.58081 7.8015 5.2679 8.2787 4.88782 5.46953 5.82587 7.64251 8.65739 7.34889 1.2394 9.8916 6.03578 9.04533 5.48123 7.83364 7.15268 1.59577 2.51414 8.26516 7.93553 8.42044 9.41577 6.21128 3.28473 0 0.823456 7.07485 9.49404 
2.03013 3.84709 6.07138 9.44635 6.30689 9.74963 2.01044 2.29566 2.98168 8.59349 8.89814 7.90656 7.27561 4.30936 1.59969 4.14363 7.1264 5.64978 6.05424 5.57938 6.17603 1.44173 5.84707 7.16163 4.44992 7.48312 4.27374 4.67165 5.14029 6.85748 7.84116 6.95636 2.01531 9.07734 5.24814 8.23558 5.16981 7.26831 6.34617 1.10593 2.56731 7.50601 7.22253 7.59758 8.6562 5.38802 2.78145 0.823456 0 6.60583 8.69436 
8.53487 3.28825 6.38318 6.24614 0.5167 6.85385 4.85903 8.80736 3.68701 8.05538 7.79132 11.875 4.30688 5.66041 5.04017 2.46302 8.15575 3.09134 7.71264 10.0559 8.78554 5.33961 8.5848 2.12245 6.23963 8.49898 8.66503 6.93674 2.66865 8.36027 7.95229 0.824108 7.4388 6.90599 7.40711 6.12491 2.00695 11.1688 7.48166 7.33057 5.11454 4.23598 3.23166 6.71162 4.9217 6.04677 3.82465 7.07485 6.60583 0 6.01895 
10.5928 5.38006 3.35536 0.849549 5.59869 1.06443 6.82074 10.8233 7.27421 2.80606 2.21054 9.03734 1.80057 4.64121 7.41158 6.33218 4.24543 3.6086 4.71045 8.31571 5.93668 7.33967 5.97253 3.94144 4.84415 4.37059 7.5126 5.19897 4.35278 4.75713 3.32202 6.80388 10.494 0.931853 5.12882 0.685979 7.35066 8.47451 4.16803 8.64284 9.00197 1.79439 2.78756 2.03911 1.4094 3.80365 6.98114 9.49404 8.69436 6.01895 0 
