20
7.32045 12.2803 1.34307 0
14.0651 15.5018 2.01212 0
4.55938 21.441 0.947607 0
4.45708 9.7903 1.09077 0
16.2505 19.9663 1.99786 0
17.6147 17.8043 1.74197 0
10.8667 23.3781 2.26782 0
7.77024 8.44892 2.01476 0
15.9828 23.7471 2.08296 0
17.858 19.5789 1.05369 0
1.98751 16.1062 0.435321 0
9.61336 18.6951 1.66425 0
13.0667 14.6917 14.4951 0
16.5935 23.9141 17.3294 1
1.85209 12.8767 0.9241 0
8.48826 13.0918 0.584111 0
13.739 18.1439 0.393721 0
12.4306 21.5345 1.73544 0
12.4244 13.3026 1.09232 1
17.9247 22.109 1.05888 0
400 50 500
0.025 0.0125 10000 3000 15 1e+06 300000 2 2
0 6.9884 4.50777 2.82419 8.58379 10.5342 6.96277 10.2487 5.9145 5.5453 7.38224 9.8109 6.26876 9.19218 4.65561 2.44146 2.94671 0.837945 2.7072 2.17198 5.0025 
6.9884 0 5.17572 5.68965 4.78593 5.91553 7.7525 5.9106 8.96946 2.72989 2.84877 3.90762 0.720338 3.45627 4.71762 5.42151 6.41449 6.74567 6.41368 4.84442 8.44543 
4.50777 5.17572 0 1.70191 4.344 6.3137 3.11914 5.97099 3.7959 5.77164 3.81325 6.25947 4.62719 5.66287 0.472012 5.11233 1.96442 3.7447 2.1334 3.73053 3.29959 
2.82419 5.68965 1.70191 0 5.95924 7.93275 4.31379 7.6103 3.98795 5.44711 5.10246 7.59819 5.02153 6.98148 1.92954 3.84821 0.754594 2.04436 0.724207 2.5393 3.19267 
8.58379 4.78593 4.344 5.95924 0 1.974 4.75938 1.66487 6.97754 7.09007 1.96587 2.70395 4.83078 2.35996 4.03237 8.32629 6.30833 7.92095 6.47381 7.10515 6.94889 
10.5342 5.91553 6.3137 7.93275 1.974 0 6.32405 0.43816 8.69499 8.49748 3.46628 2.45508 6.16212 2.58823 6.00635 10.1331 8.2771 9.88548 8.44541 8.9707 8.76823 
6.96277 7.7525 3.11914 4.31379 4.75938 6.32405 0 5.89132 2.4778 8.82276 5.48738 7.39062 7.34898 6.92671 3.40327 8.10759 4.01675 6.12561 4.25614 6.74214 2.86592 
10.2487 5.9106 5.97099 7.6103 1.66487 0.43816 5.89132 0 8.27105 8.43293 3.33254 2.66859 6.10745 2.70595 5.68093 9.9337 7.93052 9.58318 8.10439 8.74193 8.3585 
5.9145 8.96946 3.7959 3.98795 6.97754 8.69499 2.4778 8.27105 0 9.33891 7.25186 9.45629 8.42039 8.92759 4.25193 7.70263 3.33815 5.12319 3.52536 6.48698 0.912322 
5.5453 2.72989 5.77164 5.44711 7.09007 8.49748 8.82276 8.43293 9.33891 0 5.14383 6.62881 2.33724 6.1492 5.42722 3.36703 6.18928 5.62696 6.08734 3.47483 8.61275 
7.38224 2.84877 3.81325 5.10246 1.96587 3.46628 5.48738 3.33254 7.25186 5.14383 0 2.49574 2.86544 1.87979 3.37171 6.70523 5.64282 6.84046 5.74846 5.61514 6.97279 
9.8109 3.90762 6.25947 7.59819 2.70395 2.45508 7.39062 2.66859 9.45629 6.62881 2.49574 0 4.34849 0.621262 5.83588 8.87386 8.12955 9.30709 8.2406 7.92529 9.2909 
6.26876 0.720338 4.62719 5.02153 4.83078 6.16212 7.34898 6.10745 8.42039 2.33724 2.86544 4.34849 0 3.83744 4.18304 4.75044 5.75581 6.02761 5.74402 4.12843 7.85787 
9.19218 3.45627 5.66287 6.98148 2.35996 2.58823 6.92671 2.70595 8.92759 6.1492 1.87979 0.621262 3.83744 0 5.23355 8.28852 7.51966 8.68593 7.62773 7.31881 8.73271 
4.65561 4.71762 0.472012 1.92954 4.03237 6.00635 3.40327 5.68093 4.25193 5.42722 3.37171 5.83588 4.18304 5.23355 0 5.02641 2.31925 3.93312 2.46148 3.65171 3.77086 
2.44146 5.42151 5.11233 3.84821 8.32629 10.1331 8.10759 9.9337 7.70263 3.36703 6.70523 8.87386 4.75044 8.28852 5.02641 0 4.38162 2.85963 4.18077 1.38182 6.82807 
2.94671 6.41449 1.96442 0.754594 6.30833 8.2771 4.01675 7.93052 3.33815 6.18928 5.64282 8.12955 5.75581 7.51966 2.31925 4.38162 0 2.11067 0.23951 3.14977 2.49983 
0.837945 6.74567 3.7447 2.04436 7.92095 9.88548 6.12561 9.58318 5.12319 5.62696 6.84046 9.30709 6.02761 8.68593 3.93312 2.85963 2.11067 0 1.87121 2.15213 4.21395 
2.7072 6.41368 2.1334 0.724207 6.47381 8.44541 4.25614 8.10439 3.52536 6.08734 5.74846 8.2406 5.74402 7.62773 2.46148 4.18077 0.23951 1.87121 0 2.97555 2.66893 
2.17198 4.84442 3.73053 2.5393 7.10515 8.9707 6.74214 8.74193 6.48698 3.47483 5.61514 7.92529 4.12843 7.31881 3.65171 1.38182 3.14977 2.15213 2.97555 0 5.6439 
5.0025 8.44543 3.29959 3.19267 6.94889 8.76823 2.86592 8.3585 0.912322 8.61275 6.97279 9.2909 7.85787 8.73271 3.77086 6.82807 2.49983 4.21395 2.66893 5.6439 0 
