50
3.01041 11.3432 21.9672 0
1.92703 2.24563 1.07288 0
5.46127 9.402 3.63475 0
6.55781 22.0408 0.833012 0
17.9728 23.4567 0.332712 0
9.6422 10.639 1.89164 0
15.4204 20.1661 1.46211 1
2.27882 9.46908 0.525305 0
13.9591 14.7061 2.08744 0
18.7166 21.1953 1.86286 1
8.13629 10.2581 1.74097 0
7.66697 20.0329 1.67427 1
7.19175 9.34636 2.24318 0
18.9065 22.14 1.64813 0
0.563116 10.9713 1.19498 1
9.81554 21.4055 2.00708 1
8.82383 9.63188 2.16035 0
5.40185 13.6415 1.90923 0
2.34659 5.79657 23.6318 1
12.742 23.5168 2.05881 0
10.1742 22.4779 1.47044 0
2.22875 5.09076 1.39876 0
12.9849 16.3114 3.16463 0
8.85923 14.771 1.18845 0
7.52088 9.04951 17.2087 0
15.1164 16.5617 0.419664 0
14.7038 17.4191 1.50292 0
1.18216 8.4431 1.24669 0
9.26784 16.1464 0.795967 0
1.45029 21.3665 1.38762 0
4.29113 17.4488 1.26735 1
18.4203 22.5952 1.10591 0
14.26 17.4356 0.646259 1
1.59615 20.5615 0.37085 0
13.9452 17.2929 1.63036 0
11.1356 14.7046 0.486588 0
8.66269 23.2382 2.21752 1
17.2167 20.846 1.96 1
9.68332 15.8728 1.72819 0
1.69183 6.80851 1.68019 0
8.02781 23.1708 2.07486 0
6.49719 17.7873 0.9309 1
16.118 18.7815 0.798058 1
1.31566 20.971 0.458095 0
9.49585 23.6012 2.14276 1
9.23537 22.7866 0.921791 0
9.28719 18.0613 1.56373 0
9.43257 12.7037 1.97773 0
15.6203 22.0497 0.24827 0
18.1204 23.8193 2.179 0
400 50 500
0.025 0.0125 10000 3000 15 1e+06 300000 4 6
0 32.8328 31.4498 26.4331 14.2669 31.6643 30.0472 31.073 32.3145 19.7294 32.066 26.3536 35.6162 25.7387 19.6835 29.2958 31.534 14.9239 5.55984 36.6711 23.2353 8.53986 18.2196 6.42428 37.1806 30.9929 43.8999 35.3718 29.5681 33.6128 24.0752 31.4694 19.999 30.8427 23.7441 4.89075 34.2213 27.2381 31.9582 15.0209 13.6379 16.1729 34.759 26.0371 18.891 39.3296 32.2476 31.4118 20.4729 26.4403 26.0181 
32.8328 0 8.70361 20.0909 31.5961 45.375 20.2115 22.2132 15.926 25.4393 27.3957 6.50451 30.2231 22.2621 21.3029 29.3415 23.0126 19.4477 37.3456 11.7691 33.2448 32.3289 14.6396 26.8109 34.0759 43.0122 26.6311 22.6142 21.9001 0.792883 33.8329 27.2561 15.1929 37.8394 34.0093 34.1466 15.1986 15.6874 27.0762 19.1465 21.8256 23.9112 19.0432 6.82666 36.7223 20.2094 14.5774 6.25685 33.1316 24.674 20.0145 
31.4498 8.70361 0 26.2518 34.0255 49.9944 27.2445 29.3211 23.7212 29.5887 34.2658 8.77379 37.4588 28.142 25.4244 35.4833 30.1514 21.0645 36.6284 20.4334 37.6864 33.2286 14.3466 25.0364 41.1852 47.8534 35.1874 30.4693 28.7123 9.09324 38.3998 34.0246 18.4828 43.3566 38.4829 33.9424 23.391 22.2063 33.9547 20.6747 23.5753 26.9765 27.0656 9.89388 39.7537 28.7282 22.4418 14.2773 36.9481 30.5804 26.0671 
26.4331 20.0909 26.2518 0 16.7947 25.7584 3.6242 4.85331 7.59473 8.46878 8.36911 17.5485 12.0109 2.31191 6.75679 9.3011 5.50673 13.0789 28.2797 14.6078 14.2945 20.8099 17.0404 23.4588 15.3497 23.2633 17.4694 8.94848 3.45036 20.4504 14.6683 8.00591 10.0888 17.7874 14.9577 24.6667 9.88639 4.4464 8.08833 13.2619 13.1602 10.4847 8.75959 16.4114 19.7768 13.4566 8.37484 14.2667 15.207 4.60518 0.421228 
14.2669 31.5961 34.0255 16.7947 0 18.497 20.1522 20.3926 24.2036 8.34523 19.6557 26.1676 22.7651 15.1321 11.174 16.1192 20.5717 12.9656 13.3379 30.5381 8.99172 5.87167 19.9054 15.7218 23.6448 17.3205 33.2735 24.8397 18.9801 32.2414 9.81782 19.0546 16.4089 16.5766 9.47866 10.2731 26.4596 19.6649 19.6369 13.3602 10.4662 7.76814 25.4975 25.3218 6.04232 30.1679 24.708 27.6185 6.20663 14.737 16.4678 
31.6643 45.375 49.9944 25.7584 18.497 0 27.2053 25.9418 32.5321 20.4063 21.5286 41.3793 21.7786 23.4546 24.5769 17.6569 25.4865 29.9524 28.589 39.8677 12.3087 23.3111 36.9318 34.1736 19.4554 2.66365 35.0098 29.0012 25.3337 45.8379 11.6184 21.2297 31.5157 9.03744 11.5136 26.9019 34.6434 30.1518 21.7723 30.3607 27.7432 23.4287 31.726 40.3323 12.8551 35.3366 33.6513 39.9149 13.4104 21.2452 25.7209 
30.0472 20.2115 27.2445 3.6242 20.1522 27.2053 0 2.08177 5.33071 11.8118 7.18543 18.8202 10.2171 5.04161 10.3791 9.74575 2.91565 16.4305 31.8836 12.6648 16.5633 24.3755 19.6618 26.9339 13.9608 24.6086 13.8527 5.37854 1.88499 20.4396 16.7816 7.07353 12.8767 18.6683 17.1345 28.2754 7.46252 5.21018 6.86571 16.5773 16.6972 14.0999 5.37767 17.697 22.6403 10.0174 6.51156 14.0336 17.9161 6.31193 4.03372 
31.073 22.2132 29.3211 4.85331 20.3926 25.9418 2.08177 0 6.88977 12.1623 5.24472 20.9008 8.13801 5.4247 11.4244 8.30466 0.83414 17.9298 32.5899 14.1054 15.8877 24.9699 21.5475 28.2942 11.9027 23.312 13.0081 4.4614 1.50596 22.4196 16.0017 5.21627 14.6841 17.2131 16.3886 29.0146 8.79495 7.27317 4.92563 18.1078 17.9708 14.9505 5.88023 19.7769 22.3327 10.1468 8.18181 16.0045 17.5355 5.85051 5.26996 
32.3145 15.926 23.7212 7.59473 24.2036 32.5321 5.33071 6.88977 0 15.9673 12.0856 15.9663 14.4463 9.72683 13.4046 15.0517 7.57185 17.6971 34.8837 7.33564 21.6695 27.7245 18.9728 28.29 18.3447 29.9385 12.9823 6.75149 7.212 16.0216 21.9511 12.0997 13.0925 23.9823 22.2814 31.2556 2.29166 5.07651 11.7708 17.7222 18.6766 17.2668 3.5 14.9325 27.3702 7.19906 1.36432 9.67944 22.7706 11.479 7.85013 
19.7294 25.4393 29.5887 8.46878 8.34523 20.4063 11.8118 12.1623 15.9673 0 12.3417 21.008 15.9017 6.81252 4.19987 9.82011 12.4219 10.3556 20.5714 22.597 8.10082 12.8749 16.9233 18.4373 17.7725 18.3149 25.1442 16.6237 10.7112 25.9832 8.83835 11.7431 11.11 14.5959 8.89881 17.0631 18.2455 11.7128 12.2431 10.7315 8.79709 4.17679 17.1522 19.9831 11.731 21.8246 16.5718 20.5972 7.70135 6.81788 8.15738 
32.066 27.3957 34.2658 8.36911 19.6557 21.5286 7.18543 5.24472 12.0856 12.3417 0 25.6904 3.79854 7.32335 13.3547 4.27684 4.5152 20.5852 32.6967 19.1607 13.1093 24.9623 25.3074 30.2798 6.99659 18.8664 14.4596 7.47275 5.55878 27.6244 12.9546 0.60518 18.3444 12.5574 13.4031 29.2792 13.8447 12.06 0.320083 20.8438 20.0117 16.0842 10.4259 24.5548 20.1509 13.8092 13.4024 21.2157 15.393 5.73683 8.67524 
26.3536 6.50451 8.77379 17.5485 26.1676 41.3793 18.8202 20.9008 15.9663 21.008 25.6904 0 29.0155 19.3872 16.814 26.7352 21.7349 13.4942 30.9569 14.7675 29.077 26.2904 8.14197 20.3064 32.6592 39.1856 28.3981 22.573 20.1686 7.29364 29.764 25.4162 10.004 34.5921 29.8689 27.8349 16.1722 13.665 25.3847 13.1524 15.9717 18.7452 19.4492 1.13771 31.6459 21.9864 14.8249 7.86091 28.5166 21.8209 17.3457 
35.6162 30.2231 37.4588 12.0109 22.7651 21.7786 10.2171 8.13801 14.4463 15.9017 3.79854 29.0155 0 11.1133 17.1418 6.67415 7.30741 24.3835 35.981 21.0148 15.352 28.2672 29.027 34.0202 3.90637 19.1464 13.2381 8.47691 8.89735 30.3833 15.0076 4.32581 22.0634 12.7941 15.4772 32.6381 15.8373 15.355 4.01959 24.6423 23.7826 19.767 12.0339 27.8873 22.5198 14.3399 15.8088 23.976 17.9363 9.48724 12.3447 
25.7387 22.2621 28.142 2.31191 15.1321 23.4546 5.04161 5.4247 9.72683 6.81252 7.32335 19.3872 11.1133 0 6.26245 7.35078 5.80648 13.3116 27.1652 16.8587 12.0153 19.5534 18.079 23.3002 14.0941 20.9692 18.4308 9.86757 3.93612 22.6465 12.3697 6.84506 11.1436 15.578 12.6667 23.591 12.0085 6.71191 7.09379 13.555 12.9503 9.5744 10.4168 18.2565 17.7014 15.0536 10.599 16.5239 13.0515 2.44591 2.27571 
19.6835 21.3029 25.4244 6.75679 11.174 24.5769 10.3791 11.4244 13.4046 4.19987 13.3547 16.814 17.1418 6.26245 0 12.0789 11.9392 7.34223 21.6257 19.3913 12.2689 14.3263 13.2067 17.0392 19.7198 22.4361 24.2255 15.6884 9.92699 21.8655 12.9755 12.8161 6.9782 18.3373 13.0634 17.9998 15.5811 8.58928 13.1649 7.64584 6.6955 3.86632 15.3161 15.7847 15.5572 19.9901 13.7319 16.6836 11.8387 7.68692 6.34536 
29.2958 29.3415 35.4833 9.3011 16.1192 17.6569 9.74575 8.30466 15.0517 9.82011 4.27684 26.7352 6.67415 7.35078 12.0789 0 7.82958 19.3957 29.3873 22.3579 8.90028 21.702 25.013 28.2484 7.95524 15.0175 18.7252 11.5324 7.86332 29.6687 8.69786 3.81166 18.2147 8.93177 9.15188 26.1016 17.073 13.6545 4.42991 19.7137 18.3325 13.9291 14.0711 25.6033 16.0154 17.8549 16.2573 23.376 11.3332 4.9397 9.44161 
31.534 23.0126 30.1514 5.50673 20.5717 25.4865 2.91565 0.83414 7.57185 12.4219 4.5152 21.7349 7.30741 5.80648 11.9392 7.82958 0 18.5777 32.9283 14.7093 15.7109 25.2755 22.3222 28.8811 11.0852 22.8456 12.7259 4.30194 2.06156 23.2105 15.7796 4.54258 15.4383 16.6867 16.1795 29.3695 9.38887 8.10468 4.1995 18.7661 18.5403 15.3786 6.24563 20.6109 22.2877 10.2925 8.88747 16.7943 17.4752 5.89089 5.91538 
14.9239 19.4477 21.0645 13.0789 12.9656 29.9524 16.4305 17.9298 17.6971 10.3556 20.5852 13.4942 24.3835 13.3116 7.34223 19.3957 18.5777 0 18.4681 21.7534 17.9673 12.8813 7.04832 10.6305 27.0582 28.139 30.0025 21.7789 16.5163 20.1665 18.8014 20.0685 5.09429 24.9305 18.752 15.0263 19.4603 12.684 20.3752 0.41008 2.51664 6.57381 20.4793 12.7844 18.7841 24.8566 17.4826 16.8218 16.5547 14.9976 12.6655 
5.55984 37.3456 36.6284 28.2797 13.3379 28.589 31.8836 32.5899 34.8837 20.5714 32.6967 30.9569 35.981 27.1652 21.6257 29.3873 32.9283 18.4681 0 39.9771 22.0753 7.73494 22.9321 11.8003 36.9826 28.3359 45.5936 37.0226 31.0975 38.1093 22.8243 32.0916 23.5124 29.2825 22.4245 3.62988 36.9508 29.8647 32.6418 18.6626 16.6253 17.8028 36.9406 30.5192 16.396 41.6153 35.0149 35.2854 19.1764 27.3775 27.8861 
36.6711 11.7691 20.4334 14.6078 30.5381 39.8677 12.6648 14.1054 7.33564 22.597 19.1607 14.7675 21.0148 16.8587 19.3913 22.3579 14.7093 21.7534 39.9771 0 28.8708 33.3314 20.6191 31.7598 24.8991 37.2734 14.9408 12.6062 14.5429 11.5221 29.1948 19.2459 16.6723 31.2889 29.5088 36.4052 5.32073 10.9012 18.8558 21.6504 23.3586 23.0974 8.98118 14.0805 34.2453 8.64453 6.27319 6.90662 29.782 18.7638 14.7864 
23.2353 33.2448 37.6864 14.2945 8.99172 12.3087 16.5633 15.8877 21.6695 8.10082 13.1093 29.077 15.352 12.0153 12.2689 8.90028 15.7109 17.9673 22.0753 28.8708 0 14.8522 24.8227 23.9663 15.3472 10.2431 27.5548 19.8755 14.8514 33.7429 0.888297 12.5818 19.2107 7.69484 0.799505 19.2166 23.9221 18.4693 13.2133 18.3682 15.9536 11.3942 21.7189 28.0365 7.1685 26.001 22.6038 28.0224 2.90356 10.2514 14.163 
8.53986 32.3289 33.2286 20.8099 5.87167 23.3111 24.3755 24.9699 27.7245 12.8749 24.9623 26.2904 28.2672 19.5534 14.3263 21.702 25.2755 12.8813 7.73494 33.3314 14.8522 0 18.8998 11.3337 29.3868 22.5083 37.9769 29.4208 23.4892 33.0465 15.6656 24.3571 17.5104 22.3738 15.3107 4.42808 29.8755 22.8159 24.9068 13.1876 10.5557 10.4602 29.5451 25.638 10.4628 34.2403 27.9891 29.3386 12.0244 19.6632 20.4305 
18.2196 14.6396 14.3466 17.0404 19.9054 36.9318 19.6618 21.5475 18.9728 16.9233 25.3074 8.14197 29.027 18.079 13.2067 25.013 22.3222 7.04832 22.9321 20.6191 24.8227 18.8998 0 12.1865 32.1719 35.0478 31.9472 24.5737 20.3657 15.4253 25.6302 24.8764 6.96427 31.4716 25.6167 19.9419 20.0894 14.7657 25.0475 6.63906 9.46828 13.5031 22.3137 7.91938 25.7993 26.0011 18.2649 14.2522 23.5618 20.2176 16.6904 
6.42428 26.8109 25.0364 23.4588 15.7218 34.1736 26.9339 28.2942 28.29 18.4373 30.2798 20.3064 34.0202 23.3002 17.0392 28.2484 28.8811 10.6305 11.8003 31.7598 23.9663 11.3337 12.1865 0 36.1882 33.0385 40.6118 32.3081 26.831 27.5994 24.8527 29.7153 15.3271 31.6336 24.62 9.82149 29.9729 23.3063 30.1147 10.5745 10.3541 14.3312 31.1097 20.1013 21.4073 35.4686 28.0026 25.995 21.5692 24.5443 23.0383 
37.1806 34.0759 41.1852 15.3497 23.6448 19.4554 13.9608 11.9027 18.3447 17.7725 6.99659 32.6592 3.90637 14.0941 19.7198 7.95524 11.0852 27.0582 36.9826 24.8991 15.3472 29.3868 32.1719 36.1882 0 16.9262 15.9609 12.3221 12.4917 34.2505 14.8046 7.34634 25.2258 10.8742 15.2692 33.8114 19.74 19.0029 7.29249 27.3502 26.1751 21.859 15.9188 31.5253 22.3781 17.96 19.706 27.8377 18.1688 12.0856 15.6413 
30.9929 43.0122 47.8534 23.2633 17.3205 2.66365 24.6086 23.312 29.9385 18.3149 18.8664 39.1856 19.1464 20.9692 22.4361 15.0175 22.8456 28.139 28.3359 37.2734 10.2431 22.5083 35.0478 33.0385 16.9262 0 32.3827 26.3392 22.7323 43.4573 9.47675 18.5708 29.4068 6.38086 9.44465 26.3495 32.0338 27.6786 19.1111 28.5438 26.0213 21.5727 29.0813 38.1226 12.1147 32.6738 31.0732 37.4696 11.7585 18.717 23.2421 
43.8999 26.6311 35.1874 17.4694 33.2735 35.0098 13.8527 13.0081 12.9823 25.1442 14.4596 28.3981 13.2381 18.4308 24.2255 18.7252 12.7259 30.0025 45.5936 14.9408 27.5548 37.9769 31.9472 40.6118 15.9609 32.3827 0 8.57441 14.4964 26.4366 27.4142 14.9742 25.8146 26.0312 27.8624 42.011 12.2472 17.493 14.3429 30.0984 30.4933 27.8907 9.67195 27.461 34.5198 6.47173 13.8219 21.0199 29.7175 18.5402 17.883 
35.3718 22.6142 30.4693 8.94848 24.8397 29.0012 5.37854 4.4614 6.75149 16.6237 7.47275 22.573 8.47691 9.86757 15.6884 11.5324 4.30194 21.7789 37.0226 12.6062 19.8755 29.4208 24.5737 32.3081 12.3221 26.3392 8.57441 0 5.93157 22.6657 19.8849 7.79263 17.9917 20.0216 20.3014 33.4374 7.60567 9.80851 7.2318 21.9131 22.074 19.3211 3.67984 21.5047 26.5577 6.34084 8.06199 16.3949 21.7402 10.1923 9.36702 
29.5681 21.9001 28.7123 3.45036 18.9801 25.3337 1.88499 1.50596 7.212 10.7112 5.55878 20.1686 8.89735 3.93612 9.92699 7.86332 2.06156 16.5163 31.0975 14.5429 14.8514 23.4892 20.3657 26.831 12.4917 22.7323 14.4964 5.93157 0 22.1571 15.029 5.36476 13.4499 16.7836 15.3953 27.5184 9.31552 6.51262 5.24526 16.7057 16.4967 13.4449 6.88912 19.0355 21.116 11.3634 8.3952 15.7721 16.3461 4.64422 3.85614 
33.6128 0.792883 9.09324 20.4504 32.2414 45.8379 20.4396 22.4196 16.0216 25.9832 27.6244 7.29364 30.3833 22.6465 21.8655 29.6687 23.2105 20.1665 38.1093 11.5221 33.7429 33.0465 15.4253 27.5994 34.2505 43.4573 26.4366 22.6657 22.1571 0 34.3187 27.5011 15.8504 38.2229 34.503 34.8994 15.1847 16.026 27.3045 19.8701 22.5303 24.5383 19.0634 7.59432 37.3215 20.0452 14.6641 6.41635 33.6813 25.0454 20.3885 
24.0752 33.8329 38.3998 14.6683 9.81782 11.6184 16.7816 16.0017 21.9511 8.83835 12.9546 29.764 15.0076 12.3697 12.9755 8.69786 15.7796 18.8014 22.8243 29.1948 0.888297 15.6656 25.6302 24.8527 14.8046 9.47675 27.4142 19.8849 15.029 34.3187 0 12.4487 19.9371 6.81996 0.471441 20.0127 24.1866 18.9116 13.0786 19.2007 16.8112 12.2316 21.8621 28.7145 7.59161 26.0697 22.9221 28.5339 3.65856 10.4845 14.5592 
31.4694 27.2561 34.0246 8.00591 19.0546 21.2297 7.07353 5.21627 12.0997 11.7431 0.60518 25.4162 4.32581 6.84506 12.8161 3.81166 4.54258 20.0685 32.0916 19.2459 12.5818 24.3571 24.8764 29.7153 7.34634 18.5708 14.9742 7.79263 5.36476 27.5011 12.4487 0 17.9175 12.2993 12.8933 28.6745 13.9252 11.823 0.631502 20.3321 19.4605 15.5028 10.6054 24.2794 19.5994 14.133 13.398 21.1021 14.8315 5.17148 8.29496 
19.999 15.1929 18.4828 10.0888 16.4089 31.5157 12.8767 14.6841 13.0925 11.11 18.3444 10.004 22.0634 11.1436 6.9782 18.2147 15.4383 5.09429 23.5124 16.6723 19.2107 17.5104 6.96427 15.3271 25.2258 29.4068 25.8146 17.9917 13.4499 15.8504 19.9371 17.9175 0 25.2256 20.0083 20.0223 14.6648 8.32599 18.0836 4.97811 7.00117 8.7957 16.1554 9.04908 21.6964 20.2907 12.7037 11.8589 18.5224 13.3475 9.73248 
30.8427 37.8394 43.3566 17.7874 16.5766 9.03744 18.6683 17.2131 23.9823 14.5959 12.5574 34.5921 12.7941 15.578 18.3373 8.93177 16.6867 24.9305 29.2825 31.2889 7.69484 22.3738 31.4716 31.6336 10.8742 6.38086 26.0312 20.0216 16.7836 38.2229 6.81996 12.2993 25.2256 0 7.11349 26.6549 25.9983 22.232 12.8148 25.3133 23.1617 18.48 22.8818 33.4878 13.171 26.3436 25.1781 32.0464 10.37 13.1832 17.8351 
23.7441 34.0093 38.4829 14.9577 9.47866 11.5136 17.1345 16.3886 22.2814 8.89881 13.4031 29.8689 15.4772 12.6667 13.0634 9.15188 16.1795 18.752 22.4245 29.5088 0.799505 15.3107 25.6167 24.62 15.2692 9.44465 27.8624 20.3014 15.3953 34.503 0.471441 12.8933 20.0083 7.11349 0 19.6426 24.5239 19.1696 13.5238 19.1536 16.7221 12.1783 22.2414 28.8265 7.12213 26.4716 23.2377 28.7563 3.28728 10.8289 14.8383 
4.89075 34.1466 33.9424 24.6667 10.2731 26.9019 28.2754 29.0146 31.2556 17.0631 29.2792 27.8349 32.6381 23.591 17.9998 26.1016 29.3695 15.0263 3.62988 36.4052 19.2166 4.42808 19.9419 9.82149 33.8114 26.3495 42.011 33.4374 27.5184 34.8994 20.0127 28.6745 20.0223 26.6549 19.6426 0 33.3274 26.2405 29.212 15.2459 13.0811 14.1848 33.3156 27.3333 14.2383 37.9882 31.3944 31.8427 16.3573 23.8801 24.2713 
34.2213 15.1986 23.391 9.88639 26.4596 34.6434 7.46252 8.79495 2.29166 18.2455 13.8447 16.1722 15.8373 12.0085 15.5811 17.073 9.38887 19.4603 36.9508 5.32073 23.9221 29.8755 20.0894 29.9729 19.74 32.0338 12.2472 7.60567 9.31552 15.1847 24.1866 13.9252 14.6648 25.9983 24.5239 33.3274 0 7.08739 13.5386 19.4526 20.6019 19.4313 3.93164 15.2189 29.6616 5.95768 1.9781 9.12035 25.0567 13.7037 10.1401 
27.2381 15.6874 22.2063 4.4464 19.6649 30.1518 5.21018 7.27317 5.07651 11.7128 12.06 13.665 15.355 6.71191 8.58928 13.6545 8.10468 12.684 29.8647 10.9012 18.4693 22.8159 14.7657 23.3063 19.0029 27.6786 17.493 9.80851 6.51262 16.026 18.9116 11.823 8.32599 22.232 19.1696 26.2405 7.08739 0 11.7496 12.7327 13.6002 12.4011 7.85167 12.5345 23.4089 12.1765 5.17388 9.82083 19.0655 9.05135 4.43692 
31.9582 27.0762 33.9547 8.08833 19.6369 21.7723 6.86571 4.92563 11.7708 12.2431 0.320083 25.3847 4.01959 7.09379 13.1649 4.42991 4.1995 20.3752 32.6418 18.8558 13.2133 24.9068 25.0475 30.1147 7.29249 19.1111 14.3429 7.2318 5.24526 27.3045 13.0786 0.631502 18.0836 12.8148 13.5238 29.212 13.5386 11.7496 0 20.6301 19.8326 15.9455 10.1394 24.2494 20.2284 13.5718 13.0861 20.8957 15.4577 5.58273 8.39988 
15.0209 19.1465 20.6747 13.2619 13.3602 30.3607 16.5773 18.1078 17.7222 10.7315 20.8438 13.1524 24.6423 13.555 7.64584 19.7137 18.7661 0.41008 18.6626 21.6504 18.3682 13.1876 6.63906 10.5745 27.3502 28.5438 30.0984 21.9131 16.7057 19.8701 19.2007 20.3321 4.97811 25.3133 19.1536 15.2459 19.4526 12.7327 20.6301 0 2.90082 6.97593 20.5492 12.4591 19.188 24.895 17.4764 16.6231 16.9639 15.2797 12.851 
13.6379 21.8256 23.5753 13.1602 10.4662 27.7432 16.6972 17.9708 18.6766 8.79709 20.0117 15.9717 23.7826 12.9503 6.6955 18.3325 18.5403 2.51664 16.6253 23.3586 15.9536 10.5557 9.46828 10.3541 26.1751 26.0213 30.4933 22.074 16.4967 22.5303 16.8112 19.4605 7.00117 23.1617 16.7221 13.0811 20.6019 13.6002 19.8326 2.90082 0 4.69268 21.1798 15.2303 16.331 25.711 18.6331 18.8601 14.3339 14.2967 12.739 
16.1729 23.9112 26.9765 10.4847 7.76814 23.4287 14.0999 14.9505 17.2668 4.17679 16.0842 18.7452 19.767 9.5744 3.86632 13.9291 15.3786 6.57381 17.8028 23.0974 11.3942 10.4602 13.5031 14.3312 21.859 21.5727 27.8907 19.3211 13.4449 24.5383 12.2316 15.5028 8.7957 18.48 12.1783 14.1848 19.4313 12.4011 15.9455 6.97593 4.69268 0 19.1465 17.8276 12.9059 23.8309 17.5643 19.8575 10.0804 10.3689 10.0873 
34.759 19.0432 27.0656 8.75959 25.4975 31.726 5.37767 5.88023 3.5 17.1522 10.4259 19.4492 12.0339 10.4168 15.3161 14.0711 6.24563 20.4793 36.9406 8.98118 21.7189 29.5451 22.3137 31.1097 15.9188 29.0813 9.67195 3.67984 6.88912 19.0634 21.8621 10.6054 16.1554 22.8818 22.2414 33.3156 3.93164 7.85167 10.1394 20.5492 21.1798 19.1465 0 18.4238 27.9785 4.69802 4.65043 12.8722 23.2252 11.5328 9.12474 
26.0371 6.82666 9.89388 16.4114 25.3218 40.3323 17.697 19.7769 14.9325 19.9831 24.5548 1.13771 27.8873 18.2565 15.7847 25.6033 20.6109 12.7844 30.5192 14.0805 28.0365 25.638 7.91938 20.1013 31.5253 38.1226 27.461 21.5047 19.0355 7.59432 28.7145 24.2794 9.04908 33.4878 28.8265 27.3333 15.2189 12.5345 24.2494 12.4591 15.2303 17.8276 18.4238 0 30.7335 21.0755 13.817 7.20159 27.5277 20.6918 16.2097 
18.891 36.7223 39.7537 19.7768 6.04232 12.8551 22.6403 22.3327 27.3702 11.731 20.1509 31.6459 22.5198 17.7014 15.5572 16.0154 22.2877 18.7841 16.396 34.2453 7.1685 10.4628 25.7993 21.4073 22.3781 12.1147 34.5198 26.5577 21.116 37.3215 7.59161 19.5994 21.6964 13.171 7.12213 14.2383 29.6616 23.4089 20.2284 19.188 16.331 12.9059 27.9785 30.7335 0 32.4657 28.1107 32.231 4.8196 16.492 19.5396 
39.3296 20.2094 28.7282 13.4566 30.1679 35.3366 10.0174 10.1468 7.19906 21.8246 13.8092 21.9864 14.3399 15.0536 19.9901 17.8549 10.2925 24.8566 41.6153 8.64453 26.001 34.2403 26.0011 35.4686 17.96 32.6738 6.47173 6.34084 11.3634 20.0452 26.0697 14.133 20.2907 26.3436 26.4716 37.9882 5.95768 12.1765 13.5718 24.895 25.711 23.8309 4.69802 21.0755 32.4657 0 7.73796 14.5485 27.6773 15.9738 13.8228 
32.2476 14.5774 22.4418 8.37484 24.708 33.6513 6.51156 8.18181 1.36432 16.5718 13.4024 14.8249 15.8088 10.599 13.7319 16.2573 8.88747 17.4826 35.0149 6.27319 22.6038 27.9891 18.2649 28.0026 19.706 31.0732 13.8219 8.06199 8.3952 14.6641 22.9221 13.398 12.7037 25.1781 23.2377 31.3944 1.9781 5.17388 13.0861 17.4764 18.6331 17.5643 4.65043 13.817 28.1107 7.73796 0 8.33907 23.5794 12.4961 8.5808 
31.4118 6.25685 14.2773 14.2667 27.6185 39.9149 14.0336 16.0045 9.67944 20.5972 21.2157 7.86091 23.976 16.5239 16.6836 23.376 16.7943 16.8218 35.2854 6.90662 28.0224 29.3386 14.2522 25.995 27.8377 37.4696 21.0199 16.3949 15.7721 6.41635 28.5339 21.1021 11.8589 32.0464 28.7563 31.8427 9.12035 9.82083 20.8957 16.6231 18.8601 19.8575 12.8722 7.20159 32.231 14.5485 8.33907 0 28.2597 18.8707 14.2487 
20.4729 33.1316 36.9481 15.207 6.20663 13.4104 17.9161 17.5355 22.7706 7.70135 15.393 28.5166 17.9363 13.0515 11.8387 11.3332 17.4752 16.5547 19.1764 29.782 2.90356 12.0244 23.5618 21.5692 18.1688 11.7585 29.7175 21.7402 16.3461 33.6813 3.65856 14.8315 18.5224 10.37 3.28728 16.3573 25.0567 19.0655 15.4577 16.9639 14.3339 10.0804 23.2252 27.5277 4.8196 27.6773 23.5794 28.2597 0 11.7085 15.0026 
26.4403 24.674 30.5804 4.60518 14.737 21.2452 6.31193 5.85051 11.479 6.81788 5.73683 21.8209 9.48724 2.44591 7.68692 4.9397 5.89089 14.9976 27.3775 18.7638 10.2514 19.6632 20.2176 24.5443 12.0856 18.717 18.5402 10.1923 4.64422 25.0454 10.4845 5.17148 13.3475 13.1832 10.8289 23.8801 13.7037 9.05135 5.58273 15.2797 14.2967 10.3689 11.5328 20.6918 16.492 15.9738 12.4961 18.8707 11.7085 0 4.65951 
26.0181 20.0145 26.0671 0.421228 16.4678 25.7209 4.03372 5.26996 7.85013 8.15738 8.67524 17.3457 12.3447 2.27571 6.34536 9.44161 5.91538 12.6655 27.8861 14.7864 14.163 20.4305 16.6904 23.0383 15.6413 23.2421 17.883 9.36702 3.85614 20.3885 14.5592 8.29496 9.73248 17.8351 14.8383 24.2713 10.1401 4.43692 8.39988 12.851 12.739 10.0873 9.12474 16.2097 19.5396 13.8228 8.5808 14.2487 15.0026 4.65951 0 
