20
0.428486 19.8215 0.740583 0
7.69471 22.9168 2.04249 0
7.82282 8.46936 0.983512 1
2.80903 9.80638 0.860947 0
8.22505 17.7112 1.16125 0
5.53736 6.43861 0.731722 0
11.0018 22.2694 2.20017 1
16.4452 18.4975 1.20065 0
15.8394 18.4045 2.07168 0
4.72456 15.6063 0.574169 0
2.1934 15.0068 1.59846 0
4.05263 5.63924 1.06133 0
11.8038 20.2816 1.25647 0
12.3376 15.8397 1.9679 0
7.82457 13.8958 0.515841 0
8.46234 13.9581 1.37028 0
16.1358 16.6062 1.30925 1
0.463389 11.3585 1.18666 0
12.0802 19.311 2.18443 0
7.61145 20.9597 16.1724 1
400 50 500
0.025 0.0125 10000 3000 15 1e+06 300000 2 2
0 18.4686 12.9277 10.6603 17.0132 10.9029 20.058 6.96273 8.48951 10.5856 16.8199 11.9774 6.54779 15.5529 6.47762 13.4386 6.46733 19.343 10.8224 21.2616 8.05323 
18.4686 0 7.99887 12.102 2.38084 10.618 11.4856 18.3728 15.7101 10.8404 5.98074 12.6696 16.8635 16.0886 15.8257 14.1798 14.5865 2.90076 9.78107 10.0964 15.1626 
12.9277 7.99887 0 4.13805 8.17224 10.5957 7.99043 10.8199 7.91334 10.5885 3.95576 4.71595 9.41068 8.72731 8.46192 6.4532 11.8827 7.36358 2.21905 8.56439 7.46869 
10.6603 12.102 4.13805 0 12.0279 12.2014 9.45574 6.94033 3.88331 12.0855 7.67671 1.58117 5.68878 6.22321 4.91515 3.64227 11.781 11.4428 2.54101 10.9297 3.58271 
17.0132 2.38084 8.17224 12.0279 0 8.38579 13.1359 17.7459 15.334 8.62874 7.2866 12.8667 16.2065 16.7574 15.1468 14.6087 12.6104 5.13314 9.53685 12.034 14.7139 
10.9029 10.618 10.5957 12.2014 8.38579 0 18.3046 14.704 13.6297 0.327265 12.7348 13.6927 13.3031 18.3747 12.3655 15.799 4.89375 12.8235 10.0911 18.1827 12.8778 
20.058 11.4856 7.99043 9.45574 13.1359 18.3046 0 15.803 12.7388 18.3446 5.94564 8.4034 14.8586 7.9258 14.2583 7.94666 19.8608 8.88525 9.54996 2.48485 12.7414 
6.96273 18.3728 10.8199 6.94033 17.7459 14.704 15.803 0 3.11863 14.457 14.585 7.48466 1.54434 9.51532 2.60696 8.04483 11.8001 18.1727 8.70551 17.6121 3.3738 
8.48951 15.7101 7.91334 3.88331 15.334 13.6297 12.7388 3.11863 0 13.4328 11.5598 4.37504 2.18609 7.07854 2.02271 5.17911 11.7363 15.2718 5.9301 14.5016 0.752014 
10.5856 10.8404 10.5885 12.0855 8.62874 0.327265 18.3446 14.457 13.4328 0 12.8197 13.589 13.0667 18.2738 12.1383 15.695 4.56777 13.0042 10.0162 18.2664 12.6808 
16.8199 5.98074 3.95576 7.67671 7.2866 12.7348 5.94564 14.585 11.5598 12.8197 0 7.66018 13.2406 10.3097 12.3353 8.71648 15.0718 4.1252 6.16928 5.44791 11.2112 
11.9774 12.6696 4.71595 1.58117 12.8667 13.6927 8.4034 7.48466 4.37504 13.589 7.66018 0 6.45826 4.68584 5.87317 2.10639 13.3605 11.6546 3.74379 10.1278 4.33811 
6.54779 16.8635 9.41068 5.68878 16.2065 13.3031 14.8586 1.54434 2.18609 13.0667 13.2406 6.45826 0 9.17642 1.06268 7.36423 10.6787 16.7377 7.25688 16.5399 2.13524 
15.5529 16.0886 8.72731 6.22321 16.7574 18.3747 7.9258 9.51532 7.07854 18.2738 10.3097 4.68584 9.17642 0 9.07608 2.58323 17.8732 14.4117 8.34651 10.3104 7.50919 
6.47762 15.8257 8.46192 4.91515 15.1468 12.3655 14.2583 2.60696 2.02271 12.1383 12.3353 5.87317 1.06268 9.07608 0 7.04287 9.9833 15.757 6.28081 15.8372 1.61011 
13.4386 14.1798 6.4532 3.64227 14.6087 15.799 7.94666 8.04483 5.17911 15.695 8.71648 2.10639 7.36423 2.58323 7.04287 0 15.3491 12.8305 5.81194 10.0343 5.43289 
6.46733 14.5865 11.8827 11.781 12.6104 4.89375 19.8608 11.8001 11.7363 4.56777 15.0718 13.3605 10.6787 17.8732 9.9833 15.3491 0 16.2883 10.4841 20.3252 11.0322 
19.343 2.90076 7.36358 11.4428 5.13314 12.8235 8.88525 18.1727 15.2718 13.0042 4.1252 11.6546 16.7377 14.4117 15.757 12.8305 16.2883 0 9.4811 7.28272 14.8309 
10.8224 9.78107 2.21905 2.54101 9.53685 10.0911 9.54996 8.70551 5.9301 10.0162 6.16928 3.74379 7.25688 8.34651 6.28081 5.81194 10.4841 9.4811 0 10.4785 5.40637 
21.2616 10.0964 8.56439 10.9297 12.034 18.1827 2.48485 17.6121 14.5016 18.2664 5.44791 10.1278 16.5399 10.3104 15.8372 10.0343 20.3252 7.28272 10.4785 0 14.4047 
8.05323 15.1626 7.46869 3.58271 14.7139 12.8778 12.7414 3.3738 0.752014 12.6808 11.2112 4.33811 2.13524 7.50919 1.61011 5.43289 11.0322 14.8309 5.40637 14.4047 0 
