100
8.58767 8.60066 0.678889 0
15.087 21.517 0.633685 0
15.4554 20.4434 1.85639 0
11.9634 23.3711 2.25987 0
10.2011 13.9391 1.72774 0
1.71218 6.80099 0.717751 0
18.026 20.9907 0.875871 0
4.47117 11.4648 1.30278 0
12.7778 17.9808 0.230953 0
11.6438 12.9005 1.55575 0
18.4638 21.4961 1.77569 0
16.7761 22.691 1.12147 0
1.5422 7.43777 1.92493 0
18.4532 19.521 1.78708 0
11.8919 20.9863 1.35515 0
15.3107 19.4965 0.940878 0
3.15564 4.74094 2.1018 0
0.598341 13.6231 2.17349 0
1.86198 8.88427 19.7834 0
12.2608 19.859 1.21739 1
4.17061 21.7078 1.35797 0
16.2468 16.7367 10.4085 0
3.91152 5.01242 1.98385 0
7.07239 18.7653 1.72966 0
10.6509 20.7607 0.888836 0
4.91925 14.1952 29.283 0
8.31769 21.0228 0.963768 1
15.6783 21.5947 1.49266 1
11.5216 20.3815 0.334932 0
8.04712 13.3494 1.24993 1
1.02406 1.45177 1.31814 0
9.4478 14.0483 1.13925 0
16.5795 18.1519 2.2215 1
9.93683 19.1061 0.94461 0
7.95313 19.3252 1.34623 1
1.8202 21.7178 1.52808 0
14.8621 23.7525 1.96632 0
16.8083 22.536 0.337979 0
11.1672 14.5637 9.17535 0
13.4141 21.9963 1.92184 0
1.43926 5.68297 1.97986 1
5.11931 19.065 2.14489 1
14.8242 19.6786 0.527409 0
2.3405 4.25966 1.71146 1
15.4411 16.1397 1.62268 0
0.0392868 12.4017 0.311983 1
13.4899 20.9458 2.17097 0
0.658818 20.6192 1.96836 0
8.19801 20.4543 23.7459 0
6.50554 13.2869 2.26213 0
11.3476 17.0313 0.871501 0
6.77073 22.5299 2.24837 1
3.21439 23.7549 1.36777 0
3.67283 9.47942 2.16496 0
1.72764 11.3664 2.07828 0
13.1017 13.3629 1.93065 0
13.2572 16.496 0.439623 0
4.89807 22.4299 1.42323 0
5.54272 10.1916 0.870459 0
15.6708 23.2443 14.6798 0
5.34583 23.7154 1.22181 0
2.41974 9.18808 2.26012 0
12.3309 18.4415 2.06498 1
6.29834 16.2489 6.98959 0
3.96244 5.87052 1.69829 0
6.75739 18.8657 18.9322 0
14.8677 22.7553 0.445621 0
6.132 6.869 2.10533 0
6.32327 9.59242 1.52379 0
4.40533 18.7372 9.19333 0
17.5058 20.4626 0.672568 0
13.8189 16.1634 0.652472 0
13.7391 16.9217 1.17136 0
3.77218 5.82313 0.531344 1
7.14037 14.1322 11.2469 0
11.7148 13.7776 0.310787 0
3.48817 18.0159 0.851414 0
13.4148 19.1318 1.92473 0
4.16307 8.91249 1.03401 0
3.84013 8.36804 1.97991 1
11.6789 21.942 0.498908 1
1.59165 12.1037 0.603937 1
11.8497 21.7436 0.401229 0
18.2438 21.2266 1.88278 1
13.785 22.0634 1.06317 1
14.3941 17.3525 2.0766 0
18.8789 22.8505 11.5703 0
7.0509 14.4482 2.03026 0
10.5849 14.9945 1.45267 0
10.0728 20.5609 1.3818 0
16.4714 18.7047 0.556895 1
18.5233 22.776 1.88454 0
0.322383 7.01766 0.592627 0
6.11876 21.1618 1.13149 1
10.5986 14.365 1.94588 0
15.8249 19.4846 1.59244 1
2.75062 10.5297 2.25336 0
8.91337 19.057 2.00371 0
14.5947 15.5688 1.24914 0
13.9783 16.2061 1.75645 0
400 50 500
0.025 0.0125 10000 3000 15 1e+06 300000 6 9
0 4.01957 9.34765 8.68026 15.7422 16.9703 15.9668 7.86168 9.64681 6.57104 2.69692 13.334 5.43613 3.19194 15.5889 17.6333 9.51024 6.22562 6.76182 12.7714 10.6752 5.7683 16.4646 19.0492 18.3374 17.7151 1.74091 5.37738 7.34588 15.0749 9.53408 3.67988 17.6567 13.4739 12.4987 10.6786 9.32715 7.54094 17.0728 9.97369 18.2035 12.3419 4.42564 14.4568 17.5213 18.2847 5.69208 10.5278 7.7167 18.2138 1.25235 4.23095 17.1523 8.72507 2.48573 15.147 9.29575 8.46773 9.21476 14.6083 6.67659 12.9548 13.7139 1.42146 12.1423 12.0968 11.8436 4.56064 16.64 17.8045 19.0056 7.35183 19.1155 16.8686 11.9878 5.44734 10.5772 14.9671 9.847 3.67796 12.8389 18.3227 4.78844 16.6451 10.1564 10.9716 15.3955 4.98195 10.0148 14.1128 4.46734 12.8461 19.5808 2.32445 9.97753 10.6768 7.18378 2.16913 7.2318 11.7776 9.02143 
4.01957 0 7.40494 6.27092 12.5958 16.9454 13.1474 3.84297 10.4064 4.08632 3.5968 10.0954 2.64537 1.57497 16.164 15.8909 5.53375 2.79529 6.47035 12.3318 7.39355 1.84391 16.7572 15.7531 16.0211 15.6491 4.59953 1.41986 4.53883 14.6673 6.71601 7.42859 15.95 11.6821 11.9048 10.2148 5.33878 10.1694 15.7085 7.07277 15.9542 9.21361 0.757177 14.0964 17.3367 15.3485 3.07874 11.2662 8.72138 16.0525 2.97263 4.1103 13.6442 5.28633 3.25773 11.3886 10.9539 4.84397 12.3498 12.7656 3.42497 9.24087 12.4522 3.88019 12.7953 12.7209 10.2442 6.6364 13.3851 17.285 16.112 6.9785 19.2283 13.2937 11.9358 2.29054 7.02441 14.9658 12.7198 5.8495 12.358 18.4944 1.02356 13.752 6.97978 6.98693 13.3596 1.26257 7.59933 14.4878 2.8656 9.33544 19.7368 2.40772 7.51641 10.8001 10.6785 4.6712 7.32031 8.46545 5.56508 
9.34765 7.40494 0 12.8896 7.2245 10.4886 6.92395 7.4539 6.45822 3.32618 6.72577 5.39754 9.72146 8.8487 10.5662 8.50943 8.85319 9.22571 3.66432 5.84483 3.89915 6.42819 10.7063 10.5905 8.9898 8.40884 8.2967 7.63089 3.1178 7.9565 12.8387 10.6173 8.5611 4.28891 5.28507 4.17993 8.62268 9.85674 8.32153 13.0232 8.85851 4.36481 6.66617 7.48906 10.6814 9.28311 10.1512 6.94444 6.13189 8.88245 9.16094 5.23494 9.3962 10.771 6.87225 8.71448 8.44633 10.0558 12.4675 5.39415 9.84293 6.86865 5.156 10.206 7.88222 7.77666 2.86493 7.4262 8.26662 10.3191 9.93518 3.39372 12.7905 9.36892 6.08169 9.22079 11.7351 8.70783 12.1299 7.48267 5.81379 12.1651 7.9653 7.65746 3.38766 7.69145 6.08657 8.10816 1.27186 8.81263 5.02373 5.92047 13.3215 7.15894 1.36369 5.55822 12.1452 7.91777 4.21052 4.54569 10.9263 
8.68026 6.27092 12.8896 0 15.928 23.0212 17.0325 5.81347 16.6765 9.71559 9.63742 13.5398 3.64813 5.78601 22.3925 20.9459 5.55903 3.71288 12.6973 18.3441 11.2294 6.50784 22.926 18.4644 20.4385 20.3844 10.0709 5.40428 9.77178 20.6376 1.22467 12.3118 21.0358 16.9156 17.8684 16.2795 5.62948 16.0157 21.0926 1.6706 20.4593 13.013 6.77124 20.0975 23.3498 18.8564 3.24145 17.5337 14.9807 20.6586 7.46882 10.3749 15.9661 2.74309 9.26285 13.0861 17.149 3.37882 17.8818 17.8858 3.06503 11.4932 18.0419 7.52096 19.0514 18.9746 15.7265 12.6162 16.4001 23.1526 19.6454 13.1758 25.3246 15.4419 18.0795 3.98704 3.73618 21.0752 18.4505 11.7511 18.3538 24.6155 5.32705 17.4606 11.1057 8.2071 18.2549 5.11164 12.6434 20.694 9.09224 12.238 25.8422 8.34786 12.5247 17.0019 15.85 10.323 13.5729 12.0205 2.82448 
15.7422 12.5958 7.2245 15.928 0 13.6552 1.78153 10.2781 13.0186 9.18203 13.405 2.51228 13.9728 14.1668 15.0201 7.34338 10.4449 13.0306 10.8888 10.3594 5.20263 10.9022 14.5212 3.38447 5.34982 6.02824 15.0724 12.032 8.39725 11.2703 15.3229 17.6581 7.50409 5.98147 9.81631 9.99241 10.335 17.025 8.58882 15.282 5.54434 3.41039 11.8786 11.1748 13.3898 2.92842 14.3019 13.2163 13.1845 5.92384 15.1882 12.0837 2.67118 13.2252 13.4405 4.28465 15.2712 12.5524 19.6134 5.84096 13.4249 4.62981 7.83376 16.2337 13.5541 13.4466 6.80968 14.6151 1.06519 12.2902 3.71736 10.5941 15.5553 2.99677 11.3573 13.4514 13.1594 12.6553 19.1798 14.5833 10.245 15.2433 12.6334 1.73758 5.63917 7.88671 5.20495 12.6528 6.09439 13.5358 11.302 3.69346 16.0452 13.4184 6.07354 11.5641 19.3695 14.7594 11.3848 4.15035 13.2172 
16.9703 16.9454 10.4886 23.0212 13.6552 0 12.0485 17.8991 7.46484 13.3452 14.5006 13.6802 19.5483 18.0312 2.68598 7.39377 19.3416 19.3092 10.5578 4.69695 13.819 16.5378 1.37227 15.7748 10.2133 8.86871 15.2975 17.6183 13.4575 2.59147 23.1374 15.8751 7.24 7.93861 5.21871 6.74526 19.1113 11.8796 5.67012 23.3671 9.85299 13.1306 16.3265 3.00012 0.831567 13.3365 19.989 6.65276 9.37363 9.44178 17.4553 13.1852 16.305 21.1493 14.8395 17.3162 8.89661 20.4517 13.2932 7.82037 19.9629 16.2283 6.06909 18.2871 5.15662 5.15847 8.1035 12.7213 14.5251 2.20748 13.3981 10.0059 2.31209 16.6491 5.04748 19.111 22.2131 2.00967 12.2086 13.4725 4.70393 1.69705 17.767 12.5722 13.4958 17.9842 8.50457 17.9611 11.2512 3.09643 14.0908 14.9881 2.8391 15.5904 11.3897 6.30928 14.8041 14.8413 9.85031 13.9155 21.3278 
15.9668 13.1474 6.92395 17.0325 1.78153 12.0485 0 11.2677 12.1216 9.42128 13.4835 3.52595 14.787 14.7201 13.5644 5.56296 11.6682 13.9197 10.5168 9.06963 5.91377 11.5715 12.9794 4.07674 3.68013 4.25617 15.1171 12.7598 8.723 9.74377 16.5189 17.5372 5.72426 4.67939 8.56356 9.00539 11.533 16.4348 6.8443 16.5165 3.83545 4.05944 12.404 9.70549 11.7387 2.35967 15.146 12.2147 12.529 4.19008 15.5425 12.0658 4.28876 14.3836 13.5684 6.03965 14.4401 13.6857 18.9736 4.30946 14.3709 6.10206 6.4227 16.6004 12.3775 12.2725 5.82426 14.3287 2.48612 10.5915 3.04252 10.142 13.8801 4.70251 10.1689 14.258 14.4896 11.1757 18.4463 14.4064 8.94628 13.6021 13.3167 0.751103 6.21186 9.21839 3.54522 13.366 5.9918 12.1603 11.5005 4.99185 14.3613 13.6661 6.01175 10.543 18.9431 14.7662 10.8785 5.01744 14.4045 
7.86168 3.84297 7.4539 5.81347 10.2781 17.8991 11.2677 0 12.4601 4.74173 7.00681 7.82113 3.8832 5.00561 17.6771 15.1763 1.84967 2.82331 8.35582 13.2113 5.41903 2.28465 18.0014 13.0766 14.6288 14.5761 8.31131 2.53149 4.45418 15.3979 5.50207 11.2077 15.2721 11.2311 12.6805 11.2964 1.61646 13.4013 15.4178 5.62764 14.6465 7.22308 3.57276 14.9093 18.1261 13.1913 4.13627 13.2254 11.127 14.8453 6.77179 6.85369 10.7158 3.36428 6.74664 8.10299 13.5772 2.63608 15.7747 12.1533 3.1511 6.14621 12.5106 7.57697 14.569 14.477 10.1813 9.87323 10.8611 17.7621 13.9803 8.6807 20.2091 10.2684 13.1972 3.4126 4.34486 16.0475 15.9914 9.22087 13.197 19.5565 3.19031 11.7332 5.2978 3.30215 12.4714 3.06611 6.99002 15.9237 5.27601 6.64467 20.7379 6.0553 6.86238 12.3199 14.3134 8.29927 9.30689 6.25133 3.49059 
9.64681 10.4064 6.45822 16.6765 13.0186 7.46484 12.1216 12.4601 0 7.75754 7.38271 11.6765 13.0452 11.1891 5.95251 10.6089 14.2039 13.0797 4.11379 4.21929 10.3314 10.5607 6.83344 16.1657 12.5532 11.419 7.93068 11.4018 8.2696 6.05834 17.0437 8.44291 10.551 7.64384 4.33189 3.14642 13.9585 4.99191 9.35967 17.3571 12.2719 10.7105 9.93687 5.45134 8.10933 14.2872 13.4714 0.888105 1.93614 12.0605 10.282 6.3246 15.4895 15.3098 7.75037 15.1483 2.36106 14.6933 7.17909 8.51081 13.7401 13.3241 6.55149 11.0169 2.49962 2.45062 6.29733 5.26657 14.0812 8.69755 14.7421 3.79285 9.50995 15.5641 2.96657 12.6908 16.7333 5.52177 6.44972 6.04983 4.34426 8.70649 11.3616 12.8595 9.78458 13.7372 9.54624 11.5859 7.71049 4.48563 7.61309 12.3656 9.95945 8.59821 7.81467 1.8046 7.94027 7.48394 3.17128 10.9981 15.5432 
6.57104 4.08632 3.32618 9.71559 9.18203 13.3452 9.42128 4.74173 7.75754 0 4.27737 6.81892 6.42078 5.56585 12.9629 11.8054 6.44841 6.00977 3.70351 8.65199 4.2566 3.20797 13.3484 12.5146 12.0385 11.5981 5.95258 4.35932 0.86472 10.9264 9.7923 8.70919 11.8638 7.59594 8.16114 6.64072 6.20317 9.46175 11.6452 10.0284 11.9497 5.79825 3.34231 10.3951 13.6449 11.7226 6.85515 8.49981 6.58245 12.024 6.13033 3.17684 10.7557 7.83416 4.27442 9.14441 9.0796 7.15649 12.0223 8.68059 6.65067 6.9663 8.43439 7.18953 9.82729 9.73528 6.18219 6.21369 10.103 13.443 12.4521 3.96495 15.6557 10.5413 8.51149 5.93133 9.07289 11.4348 12.0048 5.87261 8.65495 14.9694 4.64989 10.0865 3.68655 6.23553 9.29502 4.80245 3.58347 11.2167 2.12073 6.55113 16.1787 4.25408 3.51863 7.58566 11.0669 5.68716 4.64927 5.33812 8.03065 
2.69692 3.5968 6.72577 9.63742 13.405 14.5006 13.4835 7.00681 7.38271 4.27737 0 11.0867 6.01351 3.90496 13.3192 14.9402 8.83407 6.37736 4.10153 10.1698 8.52787 4.72218 14.0942 16.7616 15.7045 15.0472 1.67563 4.9469 5.12473 12.4961 10.225 4.50235 14.9622 10.7923 9.8669 8.05284 8.61204 6.57358 14.3792 10.6068 15.5596 10.0532 3.50469 11.8844 15.0101 15.8262 6.40014 8.27015 5.52402 15.5565 2.95482 1.53613 15.0322 8.88313 0.379169 13.3088 7.5282 8.42759 8.80903 11.9272 6.98533 11.1077 11.02 3.83853 9.87113 9.81292 9.15434 3.04191 14.3519 15.2161 16.5256 4.69225 16.6996 14.8091 9.46985 5.78167 10.6072 12.491 9.13172 2.26224 10.2298 15.922 4.61744 14.1832 7.96332 9.6814 12.7318 4.85602 7.49375 11.7535 2.21232 10.8022 17.1812 1.29049 7.47181 8.19232 7.322 1.43763 4.66315 9.61437 9.16156 
13.334 10.0954 5.39754 13.5398 2.51228 13.6802 3.52595 7.82113 11.6765 6.81892 11.0867 0 11.4711 11.664 14.6183 8.44457 8.14311 10.5441 8.97556 9.75073 2.70485 8.39093 14.3427 5.71654 7.12239 7.4201 12.7619 9.52032 5.99984 11.1397 13 15.4394 8.58315 5.74363 9.16405 8.88737 8.01042 15.2321 9.31009 12.9922 7.22087 1.06715 9.38456 10.9086 13.5644 5.38053 11.8061 12.0212 11.5265 7.51331 12.7313 9.84229 4.04743 10.8714 11.0933 3.68564 13.7923 10.1798 17.8492 6.08343 10.9566 2.78362 7.61632 13.7702 12.6326 12.5234 5.93443 12.5537 3.31255 12.6713 6.16749 8.77302 15.7774 3.97443 10.5231 10.948 10.97 12.3658 17.5275 12.4314 9.65843 15.3478 10.1211 3.92129 3.18051 5.70987 5.85093 10.1407 4.14622 12.9911 8.93466 1.5439 16.2938 11.0107 4.08421 10.4478 17.3895 12.4746 9.59997 1.63821 10.886 
5.43613 2.64537 9.72146 3.64813 13.9728 19.5483 14.787 3.8832 13.0452 6.42078 6.01351 11.4711 0 2.28742 18.8077 18.0782 4.86174 1.12442 9.11153 14.9072 8.87622 3.34827 19.3883 16.8987 17.9296 17.6953 6.60581 2.1135 6.66257 17.2306 4.2321 9.11327 18.1509 13.9222 14.4607 12.8063 4.76393 12.48 18.0362 4.63702 17.901 10.7373 3.22178 16.6703 19.9185 16.8452 0.441039 13.9079 11.3342 18.0445 4.18381 6.73221 14.5802 3.32709 5.64306 11.984 13.5071 3.20274 14.4758 14.9627 1.29607 10.0168 14.8544 4.57526 15.4405 15.3661 12.5863 9.02313 14.6307 19.8132 17.6286 9.61192 21.8391 14.1439 14.557 0.5303 5.19021 17.5783 14.9669 8.17601 14.9273 21.1125 1.78956 15.3193 8.59585 7.1175 15.4604 1.61898 9.70087 17.1273 5.50223 10.4277 22.3506 4.72973 9.59849 13.4374 12.5808 6.80681 9.96566 9.84624 3.62321 
3.19194 1.57497 8.8487 5.78601 14.1668 18.0312 14.7201 5.00561 11.1891 5.56585 3.90496 11.664 2.28742 0 17.0682 17.356 6.48359 3.03691 7.47522 13.4947 8.9642 3.33275 17.751 17.3095 17.5628 17.161 4.32623 2.48598 6.0803 15.8413 6.49341 6.85095 17.4095 13.1373 13.1033 11.3587 6.32417 10.2376 17.1056 6.91078 17.4888 10.7878 2.31717 15.2539 18.4681 16.9235 2.60384 12.0695 9.38635 17.5772 1.95257 4.89726 15.1708 5.53593 3.52592 12.8429 11.4312 5.28123 12.1922 14.2349 3.49056 10.7237 13.8109 2.5876 13.6457 13.5796 11.6537 6.83508 14.9482 18.5024 17.6869 8.02617 20.2871 14.8055 12.9887 2.25571 7.38559 16.0323 12.7011 5.96571 13.5319 19.5329 1.81659 15.3266 8.55448 8.27554 14.8607 1.94865 9.12191 15.4408 4.0171 10.8733 20.7855 2.62275 9.04433 11.7873 10.2981 4.54778 8.24062 10.0318 5.83196 
15.5889 16.164 10.5662 22.3925 15.0201 2.68598 13.5644 17.6771 5.95251 12.9629 13.3192 14.6183 18.8077 17.0682 0 9.55571 19.2716 18.7203 9.69826 4.89718 14.2593 16.0464 1.36545 17.4929 12.2817 10.9333 13.8631 17.0202 13.2447 3.89131 22.6482 14.0231 9.41841 9.05884 5.49248 6.42555 19.0317 9.72129 7.8398 22.9236 11.9274 13.9104 15.6219 3.85888 3.5146 15.1448 19.2426 5.06613 7.87314 11.5505 16.2325 12.1722 17.6907 20.7764 13.6822 18.3039 6.81865 20.1122 10.8583 9.25586 19.3829 16.9447 7.18651 16.9666 3.45315 3.50718 8.72144 11.1293 15.9745 4.84549 15.3123 9.2192 3.88069 17.9617 4.50505 18.4154 22.0214 2.39836 9.73277 11.956 4.97672 3.07703 17.0687 14.1706 13.8445 18.2538 10.1113 17.2812 11.553 1.76027 13.3082 15.7656 4.23225 14.5095 11.6876 5.40402 12.5533 13.4216 8.8509 14.5576 20.9834 
17.6333 15.8909 8.50943 20.9459 7.34338 7.39377 5.56296 15.1763 10.6089 11.8054 14.9402 8.44457 18.0782 17.356 9.55571 0 16.0557 17.4392 11.0413 6.47443 9.91074 14.7314 8.5985 8.66523 2.83647 1.5287 16.3343 15.9648 11.4269 5.7683 20.6698 18.0899 0.169992 4.22162 6.27835 7.73949 15.8734 15.5642 1.72993 20.7598 2.47681 8.42229 15.1428 6.05609 6.86188 6.17208 18.4927 10.2889 11.8265 2.05203 17.5962 13.4041 9.74692 18.5153 15.1553 11.5527 12.9004 17.7872 17.7686 3.12572 18.0036 11.2267 4.17048 18.6216 9.72022 9.63911 5.79513 14.6245 7.94926 5.49678 6.10168 10.4866 8.79813 10.2188 7.80041 17.5594 19.0109 7.26321 16.9501 15.0304 6.33879 8.69706 16.3748 5.83772 9.90533 13.9411 2.72128 16.4938 8.37839 8.64732 13.4961 9.98209 9.22609 15.573 8.48366 8.80432 18.4489 15.9025 10.9194 9.43708 18.602 
9.51024 5.53375 8.85319 5.55903 10.4449 19.3416 11.6682 1.84967 14.2039 6.44841 8.83407 8.14311 4.86174 6.48359 19.2716 16.0557 0 3.74143 10.1201 14.6861 6.14499 4.11919 19.5246 12.9054 15.202 15.306 10.0872 4.13591 6.03726 16.7999 4.87814 12.9563 16.1655 12.3105 14.1348 12.8552 0.245441 15.2508 16.4671 4.84983 15.2617 7.76541 5.36207 16.3418 19.5174 13.3688 4.96909 14.947 12.9294 15.5058 8.35872 8.70183 10.412 2.8173 8.56275 7.56511 15.3932 2.21885 17.617 13.1423 3.74624 5.9409 13.7436 9.06814 16.2445 16.1496 11.4345 11.7207 10.8644 19.0572 14.155 10.4125 21.6419 9.89613 14.7714 4.5124 2.96849 17.5434 17.8407 11.0599 14.6609 21.0176 4.73056 12.0366 6.19814 2.64851 13.3345 4.55485 8.19887 17.5124 7.12383 6.75458 22.1732 7.83755 8.06345 13.9639 16.1226 10.0989 11.0717 6.7392 2.77897 
6.22562 2.79529 9.22571 3.71288 13.0306 19.3092 13.9197 2.82331 13.0797 6.00977 6.37736 10.5441 1.12442 3.03691 18.7203 17.4392 3.74143 0 9.04282 14.6312 8.00922 2.80714 19.2273 15.8908 17.151 16.9811 7.20509 1.70115 6.11481 16.9263 3.96543 9.86478 17.5198 13.3357 14.1565 12.569 3.6401 12.938 17.4902 4.29727 17.1392 9.8605 3.14558 16.3849 19.6373 15.9246 1.31537 13.9218 11.4591 17.3028 4.98945 6.85696 13.5391 2.54462 6.02689 10.9014 13.7337 2.24464 15.0523 14.3434 0.662948 8.96941 14.3815 5.5202 15.4108 15.3309 12.0798 9.41922 13.6525 19.4522 16.7112 9.50183 21.6135 13.09 14.3783 0.81283 4.36601 17.3665 15.4712 8.61345 14.6411 20.907 1.77384 14.426 7.77795 6.01042 14.784 1.53585 9.07406 17.0104 5.4666 9.43842 22.1317 5.14199 8.9629 13.3208 13.2629 7.34691 9.94051 8.93583 2.83547 
6.76182 6.47035 3.66432 12.6973 10.8888 10.5578 10.5168 8.35582 4.11379 3.70351 4.10153 8.97556 9.11153 7.47522 9.69826 11.0413 10.1201 9.04282 0 6.09429 6.99983 6.45715 10.2978 14.253 12.1393 11.3239 5.31974 7.34864 4.32284 8.43479 12.9937 7.18007 11.0469 7.0422 5.76991 3.96323 9.87472 6.27471 10.349 13.2911 11.9483 7.91639 5.92608 7.83163 11.0123 12.8651 9.54758 4.91359 2.90957 11.8831 7.01281 2.65781 13.0112 11.2114 4.39646 12.0379 5.40926 10.5861 8.89588 8.16023 9.70568 9.99988 7.00029 7.93742 6.36896 6.28827 5.3701 3.82713 11.9296 11.1406 13.4818 0.590906 12.8124 12.9447 5.51352 8.71736 12.6195 8.55721 8.67109 4.04446 6.14744 12.0616 7.37137 11.2606 6.40191 9.86368 9.06281 7.58569 4.84585 8.01766 3.61019 9.25816 13.3124 5.06614 4.89605 4.33307 8.48094 4.87729 0.951728 7.88851 11.4402 
12.7714 12.3318 5.84483 18.3441 10.3594 4.69695 9.06963 13.2113 4.21929 8.65199 10.1698 9.75073 14.9072 13.4947 4.89718 6.47443 14.6861 14.6312 6.09429 0 9.39654 11.8501 4.87069 13.1217 8.68107 7.44549 11.1957 12.9463 8.76424 2.3473 18.443 12.3319 6.40128 4.40074 0.595592 2.13883 14.4528 9.2111 5.14541 18.6706 8.36757 9.0175 11.6889 1.76458 5.0119 10.9492 15.3482 3.81886 5.73536 8.09816 13.1028 8.75194 13.0086 16.4525 10.4805 13.4344 6.44416 15.7559 11.3146 4.91002 15.2821 12.0477 2.73377 14.0065 3.40294 3.30659 3.82952 8.92514 11.3642 5.04762 11.2695 5.5131 7.00897 13.2294 1.3262 14.4581 17.535 2.86349 10.4766 9.53579 0.138174 6.34522 13.1201 9.74457 9.00859 13.465 5.90953 13.308 6.72235 3.24062 9.50316 10.8701 7.5348 11.1579 6.85937 2.45681 12.1556 10.7366 5.54039 9.66233 16.6321 
10.6752 7.39355 3.89915 11.2294 5.20263 13.819 5.91377 5.41903 10.3314 4.2566 8.52787 2.70485 8.87622 8.9642 14.2593 9.91074 6.14499 8.00922 6.99983 9.39654 0 5.71321 14.2384 8.40358 9.20983 9.19782 10.2006 6.87156 3.40315 11.228 10.831 12.9615 10.0209 6.2826 8.80502 8.00319 5.96408 13.2447 10.3746 10.8888 9.23115 1.86191 6.68006 10.8628 13.8663 7.9991 9.23253 10.842 9.79013 9.44003 10.0377 7.391 6.50836 8.67225 8.50225 5.04886 12.2102 7.95179 15.8607 7.03254 8.47498 3.01909 7.89684 11.0726 11.7548 11.648 5.7156 10.2852 6.01067 13.2233 8.77552 6.93773 16.058 6.2847 9.85361 8.348 9.10282 12.2184 15.6709 10.0548 9.33656 15.516 7.45317 6.44679 0.604764 4.22006 7.18952 7.48591 2.73229 12.5321 6.33677 2.32163 16.5886 8.35811 2.60485 9.44207 15.1613 9.94335 7.77312 1.10239 8.73539 
5.7683 1.84391 6.42819 6.50784 10.9022 16.5378 11.5715 2.28465 10.5607 3.20797 4.72218 8.39093 3.34827 3.33275 16.0464 14.7314 4.11919 2.80714 6.45715 11.8501 5.71321 0 16.4983 13.9961 14.6168 14.3537 6.05781 1.23557 3.33181 14.1331 6.61627 8.97246 14.8051 10.5856 11.366 9.81051 3.89338 11.1494 14.7185 6.8782 14.5782 7.56491 1.35127 13.5982 16.8494 13.7103 3.76151 11.3707 9.08514 14.712 4.79606 4.64945 11.8382 4.75514 4.4652 9.54577 11.4829 4.13352 13.4982 11.6181 3.44319 7.40429 11.5818 5.72359 12.8028 12.7176 9.28834 7.60975 11.6503 16.647 14.4841 6.86372 18.846 11.4741 11.6492 2.82808 6.21777 14.6108 13.7372 6.94077 11.8562 18.1499 1.74528 12.1418 5.36025 5.20488 12.1129 1.80573 6.35327 14.3176 3.09048 7.54493 19.3669 3.80484 6.25034 10.6432 12.0322 6.02614 7.3902 6.75296 4.98328 
16.4646 16.7572 10.7063 22.926 14.5212 1.37227 12.9794 18.0014 6.83344 13.3484 14.0942 14.3427 19.3883 17.751 1.36545 8.5985 19.5246 19.2273 10.2978 4.87069 14.2384 16.4983 0 16.8082 11.3875 10.0369 14.7586 17.5272 13.5476 3.25178 23.1146 15.1076 8.45121 8.65296 5.4501 6.71157 19.2888 10.927 6.86863 23.3681 11.0288 13.7138 16.1763 3.43568 2.18201 14.4049 19.8269 5.97016 8.76934 10.6311 17.0359 12.8618 17.1879 21.1824 14.4471 18.0139 7.97777 20.5005 12.1729 8.68839 19.8871 16.7922 6.75664 17.8173 4.37952 4.40729 8.56892 12.088 15.4331 3.57653 14.5133 9.77875 2.69854 17.4988 4.85017 18.9733 22.3406 2.01996 11.0599 12.883 4.9161 1.88475 17.6244 13.5432 13.8682 18.3336 9.46035 17.8287 11.5873 2.35183 13.8916 15.5777 3.12797 15.241 11.7248 5.96667 13.802 14.3088 9.51188 14.4348 21.3759 
19.0492 15.7531 10.5905 18.4644 3.38447 15.7748 4.07674 13.0766 16.1657 12.5146 16.7616 5.71654 16.8987 17.3095 17.4929 8.66523 12.9054 15.8908 14.253 13.1217 8.40358 13.9961 16.8082 0 5.95785 7.14341 18.4328 15.0632 11.7087 13.6222 17.7186 21.0393 8.83494 8.7481 12.6273 13.0668 12.8411 20.3403 10.2489 17.6092 6.28727 6.71645 15.0596 13.6463 15.3683 2.49387 17.1932 16.2832 16.4678 6.73791 18.4411 15.4592 2.57737 15.7223 16.7852 5.5642 18.4654 15.1031 22.9121 8.27555 16.2138 6.98717 10.438 19.4757 16.4492 16.3447 9.87472 17.9953 2.41168 14.0943 2.74872 13.9402 17.4144 3.17743 14.2412 16.3913 15.3411 15.0948 22.4344 17.9678 12.9958 17.2349 15.6938 3.3778 8.89691 10.258 7.38172 15.6883 9.47722 16.1596 14.6348 6.47946 17.8619 16.7253 9.45773 14.6128 22.733 18.1274 14.7181 7.30789 15.6671 
18.3374 16.0211 8.9898 20.4385 5.34982 10.2133 3.68013 14.6288 12.5532 12.0385 15.7045 7.12239 17.9296 17.5628 12.2817 2.83647 15.202 17.151 12.1393 8.68107 9.20983 14.6168 11.3875 5.95785 0 1.35118 17.2353 15.8423 11.484 8.42263 20.0038 19.3185 2.99896 5.14144 8.35033 9.4728 15.0509 17.3558 4.54424 20.0308 0.360478 7.4494 15.2642 8.6208 9.69684 3.48425 18.3157 12.3821 13.4788 0.796713 18.1078 14.1931 7.39246 17.8512 15.8609 9.62542 14.9063 17.1386 19.7161 4.09822 17.6525 9.77533 6.02916 19.1615 12.0608 11.9697 6.79375 15.9144 5.68139 8.33102 3.29881 11.6457 11.624 7.93094 9.98001 17.4 18.076 9.93482 18.9968 16.1822 8.54306 11.5335 16.3398 3.6362 9.37732 12.8309 3.10406 16.4213 8.45535 11.2352 13.9682 8.63393 12.0429 16.1291 8.52496 10.7793 20.1261 16.8347 12.2286 8.46774 17.8942 
17.7151 15.6491 8.40884 20.3844 6.02824 8.86871 4.25617 14.5761 11.419 11.5981 15.0472 7.4201 17.6953 17.161 10.9333 1.5287 15.306 16.9811 11.3239 7.44549 9.19782 14.3537 10.0369 7.14341 1.35118 0 16.5248 15.5883 11.1211 7.08122 20.0272 18.4766 1.69711 4.2851 7.15248 8.39539 15.1384 16.2894 3.20428 20.0858 0.994349 7.55882 14.8932 7.29538 8.36508 4.64954 18.0961 11.1974 12.453 0.653159 17.5698 13.5186 8.32219 17.8681 15.2297 10.2952 13.7578 17.1456 18.5969 3.16434 17.5146 10.1707 4.86754 18.6139 10.799 10.7106 5.95596 15.0383 6.54373 7.01762 4.57557 10.8023 10.3242 8.81856 8.75905 17.1691 18.2307 8.59239 17.8415 15.3632 7.30734 10.2099 16.0463 4.43051 9.27909 13.0582 2.32301 16.1458 8.05119 9.90928 13.4314 8.96273 10.7542 15.5645 8.13856 9.62731 19.1079 16.1096 11.3288 8.58822 17.9332 
1.74091 4.59953 8.2967 10.0709 15.0724 15.2975 15.1171 8.31131 7.93068 5.95258 1.67563 12.7619 6.60581 4.32623 13.8631 16.3343 10.0872 7.20509 5.31974 11.1957 10.2006 6.05781 14.7586 18.4328 17.2353 16.5248 0 6.01855 6.79783 13.4712 10.8192 2.92896 16.3462 12.247 10.9582 9.13971 9.87907 5.96266 15.6675 11.2368 17.0766 11.727 4.73857 12.8496 15.8677 17.4657 6.92962 8.80778 5.9963 17.0532 2.67726 3.0635 16.7064 9.74964 1.72746 14.9496 7.56433 9.38723 7.87112 13.3796 7.74484 12.7464 12.32 3.15518 10.4212 10.3781 10.5875 2.82374 16.0238 16.2032 18.1571 5.8978 17.42 16.4796 10.3515 6.49852 11.5549 13.3006 8.3821 1.93732 11.2705 16.6231 5.55078 15.8233 9.63796 11.1704 14.2228 5.77689 9.1255 12.4072 3.87191 12.4686 17.8798 2.25619 9.10967 9.0278 6.08268 0.459736 5.66875 11.2886 10.0404 
5.37738 1.41986 7.63089 5.40428 12.032 17.6183 12.7598 2.53149 11.4018 4.35932 4.9469 9.52032 2.1135 2.48598 17.0202 15.9648 4.13591 1.70115 7.34864 12.9463 6.87156 1.23557 17.5272 15.0632 15.8423 15.5883 6.01855 0 4.55384 15.2497 5.64638 8.84358 16.0378 11.8126 12.4786 10.8755 3.94992 11.5126 15.936 5.95569 15.8071 8.73149 1.5104 14.703 17.9555 14.8685 2.53071 12.2378 9.8155 15.944 4.25163 5.23948 12.8369 3.99752 4.62666 10.4111 12.1331 3.48996 13.7383 12.8499 2.3631 8.32948 12.7768 5.04633 13.7176 13.6368 10.4949 7.96554 12.7449 17.7955 15.6465 7.80246 19.9208 12.4425 12.6787 1.59674 5.66518 15.6709 14.0778 7.209 12.9587 19.2113 0.674571 13.3155 6.55006 5.78957 13.3484 0.625053 7.58737 15.3093 3.79378 8.58751 20.4381 3.80966 7.48514 11.62 12.0953 6.08078 8.2529 7.88373 4.26173 
7.34588 4.53883 3.1178 9.77178 8.39725 13.4575 8.723 4.45418 8.2696 0.86472 5.12473 5.99984 6.66257 6.0803 13.2447 11.4269 6.03726 6.11481 4.32284 8.76424 3.40315 3.33181 13.5476 11.7087 11.484 11.1211 6.79783 4.55384 0 10.9788 9.73994 9.57074 11.4958 7.25963 8.24166 6.84592 5.79519 10.2552 11.3867 9.93969 11.4153 4.99646 3.78166 10.4755 13.7073 10.9965 7.08424 8.96768 7.23081 11.5157 6.82765 4.03981 9.90892 7.70165 5.10504 8.28134 9.73147 6.99748 12.8312 8.30582 6.72702 6.10658 8.27193 7.88324 10.2172 10.1209 5.9651 7.05678 9.29788 13.4131 11.7377 4.49839 15.769 9.68586 8.75299 6.15042 8.79398 11.5945 12.7807 6.73346 8.75358 15.1083 4.94843 9.36886 2.84324 5.54116 8.84572 5.06803 3.07155 11.4875 2.94039 5.68939 16.2966 5.02159 2.98261 7.92766 11.9185 6.54194 5.24484 4.49177 7.87291 
15.0749 14.6673 7.9565 20.6376 11.2703 2.59147 9.74377 15.3979 6.05834 10.9264 12.4961 11.1397 17.2306 15.8413 3.89131 5.7683 16.7999 16.9263 8.43479 2.3473 11.228 14.1331 3.25178 13.6222 8.42263 7.08122 13.4712 15.2497 10.9788 0 20.7007 14.4331 5.6446 5.4187 2.77146 4.48589 16.5721 10.9282 4.10614 20.9142 8.07226 10.5589 14.0163 0.62424 2.72892 11.2575 17.6714 5.42047 7.80269 7.71097 15.4364 11.0925 13.9381 18.6804 12.8123 14.7968 7.99286 17.975 12.7599 5.4428 17.573 13.6534 3.52672 16.3288 4.33786 4.28467 5.5124 11.0935 12.1883 2.73206 11.4214 7.85623 4.85234 14.247 3.17105 16.7753 19.6916 1.51273 11.7957 11.7555 2.31094 4.28835 15.4418 10.3241 10.9092 15.3984 6.24718 15.626 8.67412 2.89704 11.8463 12.4198 5.38452 13.5004 8.81258 4.50643 13.9033 13.0115 7.84679 11.33 18.8496 
9.53408 6.71601 12.8387 1.22467 15.3229 23.1374 16.5189 5.50207 17.0437 9.7923 10.225 13 4.2321 6.49341 22.6482 20.6698 4.87814 3.96543 12.9937 18.443 10.831 6.61627 23.1146 17.7186 20.0038 20.0272 10.8192 5.64638 9.73994 20.7007 0 13.2015 20.7678 16.7286 17.9443 16.4227 4.9932 16.712 20.9154 0.470352 20.045 12.5547 7.11097 20.1803 23.4255 18.2469 3.88962 17.8832 15.4198 20.267 8.29598 10.8123 15.1882 2.15916 9.85921 12.2621 17.6691 2.88412 18.6784 17.6553 3.30817 10.7973 17.9587 8.46063 19.3625 19.2811 15.6308 13.2484 15.7309 23.1521 19.0329 13.4387 25.448 14.6447 18.2654 4.44849 2.6298 21.222 19.1928 12.4065 18.4436 24.7593 5.71375 16.906 10.7709 7.48593 17.959 5.48115 12.4741 20.9267 9.43083 11.6317 25.9709 8.94974 12.3491 17.2445 16.7176 11.0344 13.8991 11.5412 2.11437 
3.67988 7.42859 10.6173 12.3118 17.6581 15.8751 17.5372 11.2077 8.44291 8.70919 4.50235 15.4394 9.11327 6.85095 14.0231 18.0899 12.9563 9.86478 7.18007 12.3319 12.9615 8.97246 15.1076 21.0393 19.3185 18.4766 2.92896 8.84358 9.57074 14.4331 13.2015 0 18.0785 14.2071 12.2249 10.4835 12.755 4.69604 17.2004 13.645 19.1239 14.3854 7.63982 13.8127 16.5446 19.8969 9.37172 9.22402 6.63089 19.0479 4.93133 5.59714 19.438 12.3854 4.63066 17.8044 7.24096 12.0951 5.75327 15.3136 10.3415 15.6053 13.947 4.8098 10.7471 10.733 12.5374 3.46848 18.6447 17.1193 20.5523 7.67866 17.8059 19.2442 11.2654 9.10336 14.2288 13.9608 6.56473 3.1483 12.4311 16.9911 8.31978 18.2651 12.3813 14.0994 16.2359 8.53275 11.5983 12.8185 6.70775 15.26 18.2161 5.16828 11.6034 9.93919 3.54839 3.06544 7.17217 14.031 12.681 
17.6567 15.95 8.5611 21.0358 7.50409 7.24 5.72426 15.2721 10.551 11.8638 14.9622 8.58315 18.1509 17.4095 9.41841 0.169992 16.1655 17.5198 11.0469 6.40128 10.0209 14.8051 8.45121 8.83494 2.99896 1.69711 16.3462 16.0378 11.4958 5.6446 20.7678 18.0785 0 4.27222 6.21914 7.70543 15.9818 15.5134 1.58374 20.8609 2.6398 8.54745 15.2031 5.9439 6.70219 6.34172 18.5666 10.2186 11.7905 2.21168 17.6315 13.4264 9.91365 18.6143 15.1808 11.708 12.8345 17.8859 17.7042 3.19025 18.0871 11.3661 4.14468 18.6544 9.6273 9.54728 5.82608 14.6118 8.1152 5.33259 6.26857 10.489 8.63185 10.3841 7.72641 17.6331 19.1227 7.13514 16.8779 15.0268 6.26631 8.53479 16.4427 6.00431 10.0074 14.0641 2.8329 16.5636 8.45361 8.5287 13.5379 10.1191 9.05865 15.6074 8.56048 8.74694 18.4051 15.9128 10.9103 9.55989 18.7032 
13.4739 11.6821 4.28891 16.9156 5.98147 7.93861 4.67939 11.2311 7.64384 7.59594 10.7923 5.74363 13.9222 13.1373 9.05884 4.22162 12.3105 13.3357 7.0422 4.40074 6.2826 10.5856 8.65296 8.7481 5.14144 4.2851 12.247 11.8126 7.25963 5.4187 16.7286 14.2071 4.27222 0 3.88479 4.4987 12.1072 12.2866 4.18689 16.8569 4.92543 5.26075 10.9374 5.24377 7.82876 6.68354 14.3433 7.63103 8.38077 4.84172 13.3919 9.2588 8.64564 14.5948 10.9892 9.38192 10.0009 13.8659 14.7162 1.13492 13.922 8.35237 1.89636 14.4238 7.70119 7.59684 1.67212 10.7843 6.97066 7.01421 7.10346 6.52847 10.0432 8.90336 5.49359 13.4094 15.2775 6.72245 14.0752 11.0846 4.28094 9.60423 12.196 5.37249 6.12297 10.4937 2.03829 12.324 4.27237 7.55438 9.27955 7.09317 10.563 11.3723 4.39114 5.96331 15.0083 11.8288 7.08934 6.1364 14.7087 
12.4987 11.9048 5.28507 17.8684 9.81631 5.21871 8.56356 12.6805 4.33189 8.16114 9.8669 9.16405 14.4607 13.1033 5.49248 6.27835 14.1348 14.1565 5.76991 0.595592 8.80502 11.366 5.4501 12.6273 8.35033 7.15248 10.9582 12.4786 8.24166 2.77146 17.9443 12.2249 6.21914 3.88479 0 1.82072 13.9028 9.30496 5.06851 18.1647 8.04801 8.42422 11.2484 2.23634 5.48376 10.4932 14.9015 4.04543 5.69238 7.80193 12.781 8.41907 12.4578 15.9389 10.1663 12.8465 6.62959 15.2383 11.4933 4.47388 14.8042 11.4522 2.3334 13.7051 3.83583 3.73418 3.23767 8.7871 10.8293 5.40004 10.8396 5.18158 7.52885 12.6689 1.6517 14.0042 16.996 3.43579 10.6993 9.35524 0.534002 6.88423 12.6717 9.2497 8.42151 12.8835 5.49219 12.8551 6.13775 3.82783 9.09689 10.2758 8.05743 10.8144 6.27511 2.52845 12.2212 10.501 5.28947 9.06674 16.1141 
10.6786 10.2148 4.17993 16.2795 9.99241 6.74526 9.00539 11.2964 3.14642 6.64072 8.05284 8.88737 12.8063 11.3587 6.42555 7.73949 12.8552 12.569 3.96323 2.13883 8.00319 9.81051 6.71157 13.0668 9.4728 8.39539 9.13971 10.8755 6.84592 4.48589 16.4227 10.4835 7.70543 4.4987 1.82072 0 12.6165 7.89469 6.7221 16.6672 9.2062 8.00469 9.58481 3.89512 7.1229 11.1454 13.2472 3.22571 4.08776 9.02437 10.9758 6.61903 12.5341 14.4731 8.3568 12.4925 5.50222 13.7893 10.2505 5.39595 13.2246 10.8618 3.57619 11.8914 3.77873 3.67019 3.1967 7.02624 11.0471 7.17897 11.5957 3.37869 9.04534 12.6588 1.92057 12.3662 15.6392 4.80038 9.57979 7.56074 2.18568 8.34011 11.0231 9.73743 7.53535 11.8656 6.42687 11.2162 5.27126 4.6654 7.37492 9.78022 9.56279 9.02232 5.39844 1.57654 10.7279 8.68298 3.47168 8.46867 14.6649 
9.32715 5.33878 8.62268 5.62948 10.335 19.1113 11.533 1.61646 13.9585 6.20317 8.61204 8.01042 4.76393 6.32417 19.0317 15.8734 0.245441 3.6401 9.87472 14.4528 5.96408 3.89338 19.2888 12.8411 15.0509 15.1384 9.87907 3.94992 5.79519 16.5721 4.9932 12.755 15.9818 12.1072 13.9028 12.6165 0 15.0173 16.2687 4.98502 15.1062 7.6078 5.14848 16.1117 19.2908 13.2615 4.89128 14.7019 12.6848 15.3456 8.18524 8.46484 10.3618 2.89747 8.34407 7.54068 15.1494 2.26255 17.3894 12.9478 3.68635 5.86397 13.528 8.91103 16.0007 15.9059 11.2162 11.4896 10.7751 18.838 14.0487 10.1672 21.4125 9.85421 14.5322 4.39596 3.17076 17.3092 17.6075 10.8337 14.4283 20.7861 4.55638 11.913 6.00168 2.5992 13.1522 4.38706 7.98126 17.2727 6.88674 6.64198 21.9436 7.62717 7.84628 13.7213 15.9068 9.88499 10.8262 6.58416 2.88278 
7.54094 10.1694 9.85674 16.0157 17.025 11.8796 16.4348 13.4013 4.99191 9.46175 6.57358 15.2321 12.48 10.2376 9.72129 15.5642 15.2508 12.938 6.27471 9.2111 13.2447 11.1494 10.927 20.3403 17.3558 16.2894 5.96266 11.5126 10.2552 10.9282 16.712 4.69604 15.5134 12.2866 9.30496 7.89469 15.0173 0 14.3504 17.1134 17.0961 14.1788 10.0402 10.3459 12.6264 18.7211 12.8323 5.51165 3.92163 16.9191 8.62953 6.57595 19.2515 15.455 6.91387 18.2926 2.98819 14.9989 2.62117 13.2627 13.5308 16.2157 11.4458 8.9256 6.76246 6.78052 10.7496 3.55089 18.0819 13.4414 19.2578 6.46402 13.5901 19.2059 7.94214 12.3052 17.1772 10.128 2.59044 4.32458 9.33615 12.7776 11.1878 17.1858 12.6419 15.6434 14.2816 11.4259 11.0877 8.78582 8.14643 15.5243 13.9535 7.79771 11.148 6.78062 2.97514 5.69267 5.64953 14.1594 15.7344 
17.0728 15.7085 8.32153 21.0926 8.58882 5.67012 6.8443 15.4178 9.35967 11.6452 14.3792 9.31009 18.0362 17.1056 7.8398 1.72993 16.4671 17.4902 10.349 5.14541 10.3746 14.7185 6.86863 10.2489 4.54424 3.20428 15.6675 15.936 11.3867 4.10614 20.9154 17.2004 1.58374 4.18689 5.06851 6.7221 16.2687 14.3504 0 21.0429 4.1838 9.10153 14.9781 4.45452 5.16302 7.76969 18.4631 8.94518 10.7497 3.77205 17.1551 12.8554 11.1183 18.7813 14.6276 12.6598 11.579 18.0522 16.4448 3.34574 18.0858 12.0751 3.35919 18.1512 8.22014 8.14655 5.46497 13.7366 9.30914 3.84568 7.76454 9.76983 7.16549 11.5468 6.44785 17.5306 19.4356 5.57834 15.5723 14.224 5.01744 7.0145 16.2863 7.23513 10.2692 14.5381 3.48028 16.4265 8.4518 7.00194 13.1452 10.8066 7.6156 15.1321 8.57315 7.57339 17.2825 15.222 10.0903 10.071 18.8936 
9.97369 7.07277 13.0232 1.6706 15.282 23.3671 16.5165 5.62764 17.3571 10.0284 10.6068 12.9922 4.63702 6.91078 22.9236 20.7598 4.84983 4.29727 13.2911 18.6706 10.8888 6.8782 23.3681 17.6092 20.0308 20.0858 11.2368 5.95569 9.93969 20.9142 0.470352 13.645 20.8609 16.8569 18.1647 16.6672 4.98502 17.1134 21.0429 0 20.0804 12.583 7.43789 20.401 23.6414 18.2004 4.30973 18.1906 15.7554 20.3114 8.73227 11.1541 15.0662 2.26387 10.2438 12.1217 18.0253 2.99158 19.1015 17.7659 3.64998 10.7239 18.1237 8.91501 19.6572 19.5744 15.7942 13.6371 15.6601 23.3418 18.9842 13.7252 25.6788 14.5137 18.5218 4.82519 2.3722 21.4632 19.6038 12.8016 18.6681 24.9973 6.06155 16.8853 10.8546 7.41383 18.0441 5.82627 12.6165 21.1958 9.74846 11.5976 26.2032 9.3375 12.4895 17.5198 17.1557 11.4438 14.204 11.5631 2.15778 
18.2035 15.9542 8.85851 20.4593 5.54434 9.85299 3.83545 14.6465 12.2719 11.9497 15.5596 7.22087 17.901 17.4888 11.9274 2.47681 15.2617 17.1392 11.9483 8.36757 9.23115 14.5782 11.0288 6.28727 0.360478 0.994349 17.0766 15.8071 11.4153 8.07226 20.045 19.1239 2.6398 4.92543 8.04801 9.2062 15.1062 17.0961 4.1838 20.0804 0 7.49856 15.197 8.2773 9.3366 3.80453 18.2912 12.0856 13.2295 0.450775 17.9969 14.0425 7.65912 17.8896 15.7233 9.82779 14.6215 17.174 19.4411 3.85643 17.6495 9.90589 5.73478 19.0485 11.7401 11.6498 6.58857 15.7088 5.92677 7.97225 3.64723 11.4466 11.267 8.18751 9.67158 17.372 18.1509 9.58401 18.7108 15.9927 8.22945 11.1739 16.2943 3.85323 9.376 12.9211 2.88918 16.3807 8.37027 10.8918 13.8551 8.7447 11.6875 16.0099 8.44479 10.492 19.8811 16.6717 12.0142 8.52268 17.9385 
12.3419 9.21361 4.36481 13.013 3.41039 13.1306 4.05944 7.22308 10.7105 5.79825 10.0532 1.06715 10.7373 10.7878 13.9104 8.42229 7.76541 9.8605 7.91639 9.0175 1.86191 7.56491 13.7138 6.71645 7.4494 7.55882 11.727 8.73149 4.99646 10.5589 12.5547 14.3854 8.54745 5.26075 8.42422 8.00469 7.6078 14.1788 9.10153 12.583 7.49856 0 8.48764 10.281 13.0725 6.14615 11.0914 11.09 10.4966 7.74083 11.7778 8.78917 5.11435 10.4035 10.07 4.48786 12.7899 9.69341 16.7974 5.78283 10.3133 3.09937 7.06934 12.8239 11.7735 11.6644 5.18904 11.4867 4.30477 12.2694 6.9192 7.72491 15.2863 5.02845 9.70664 10.2093 10.6742 11.7139 16.49 11.3684 8.93411 14.8151 9.30766 4.58503 2.23658 5.52155 5.73363 9.34437 3.10228 12.2468 7.91832 1.86383 15.8095 10.0174 3.03329 9.54755 16.3229 11.4325 8.5549 1.02962 10.4448 
4.42564 0.757177 6.66617 6.77124 11.8786 16.3265 12.404 3.57276 9.93687 3.34231 3.50469 9.38456 3.22178 2.31717 15.6219 15.1428 5.36207 3.14558 5.92608 11.6889 6.68006 1.35127 16.1763 15.0596 15.2642 14.8932 4.73857 1.5104 3.78166 14.0163 7.11097 7.63982 15.2031 10.9374 11.2484 9.58481 5.14848 10.0402 14.9781 7.43789 15.197 8.48764 0 13.4526 16.6992 14.6151 3.6626 10.7829 8.31889 15.2955 3.50239 3.73122 12.9866 5.50776 3.21153 10.8013 10.6239 4.98736 12.3137 12.0172 3.80415 8.63287 11.7357 4.47638 12.2851 12.2071 9.51308 6.48948 12.6827 16.6147 15.3761 6.40861 18.6179 12.6513 11.3396 2.79746 7.15374 14.3575 12.6151 5.76074 11.7106 17.8929 1.44856 13.0139 6.2516 6.55393 12.6052 1.65961 6.84288 13.9282 2.32672 8.66979 19.1299 2.4827 6.75954 10.236 10.761 4.73685 6.80827 7.76034 5.77077 
14.4568 14.0964 7.48906 20.0975 11.1748 3.00012 9.70549 14.9093 5.45134 10.3951 11.8844 10.9086 16.6703 15.2539 3.85888 6.05609 16.3418 16.3849 7.83163 1.76458 10.8628 13.5982 3.43568 13.6463 8.6208 7.29538 12.8496 14.703 10.4755 0.62424 20.1803 13.8127 5.9439 5.24377 2.23634 3.89512 16.1117 10.3459 4.45452 20.401 8.2773 10.281 13.4526 0 3.25253 11.3243 17.1113 4.8344 7.1819 7.93672 14.8273 10.4885 13.846 18.1743 12.2027 14.5828 7.4267 17.4728 12.2211 5.39717 17.0342 13.364 3.35234 15.7151 3.83055 3.76914 5.16048 10.4697 12.1201 3.35419 11.5299 7.25575 5.30275 14.131 2.54859 16.2196 19.2173 1.48126 11.2764 11.1313 1.74449 4.68482 14.8827 10.3144 10.5208 15.0054 6.26689 15.0697 8.26308 2.61449 11.2663 12.1448 5.83312 12.8978 8.40151 3.88299 13.3202 12.3899 7.23109 11.0164 18.3484 
17.5213 17.3367 10.6814 23.3498 13.3898 0.831567 11.7387 18.1261 8.10933 13.6449 15.0101 13.5644 19.9185 18.4681 3.5146 6.86188 19.5174 19.6373 11.0123 5.0119 13.8663 16.8494 2.18201 15.3683 9.69684 8.36508 15.8677 17.9555 13.7073 2.72892 23.4255 16.5446 6.70219 7.82876 5.48376 7.1229 19.2908 12.6264 5.16302 23.6414 9.3366 13.0725 16.6992 3.25253 0 12.9068 20.3595 7.32397 9.99427 8.91363 17.9636 13.6584 16.018 21.4089 15.3411 17.1629 9.63913 20.7038 14.091 7.59342 20.2863 16.171 6.01073 18.8183 5.87633 5.86978 8.16525 13.3407 14.2239 1.46709 12.9264 10.4475 2.2146 16.3864 5.5414 19.47 22.416 2.58888 13.0147 14.0705 4.99685 1.86908 18.1318 12.2276 13.5747 18.0614 8.19798 18.3199 11.3659 3.84491 14.4969 14.9176 2.73711 16.0685 11.5041 6.84459 15.5641 15.4096 10.3478 13.8969 21.5785 
18.2847 15.3485 9.28311 18.8564 2.92842 13.3365 2.35967 13.1913 14.2872 11.7226 15.8262 5.38053 16.8452 16.9235 15.1448 6.17208 13.3688 15.9246 12.8651 10.9492 7.9991 13.7103 14.4049 2.49387 3.48425 4.64954 17.4657 14.8685 10.9965 11.2575 18.2469 19.8969 6.34172 6.68354 10.4932 11.1454 13.2615 18.7211 7.76969 18.2004 3.80453 6.14615 14.6151 11.3243 12.9068 0 17.1844 14.3125 14.8045 4.25423 17.8242 14.4186 4.11488 16.1529 15.9033 6.75371 16.6294 15.4808 21.2368 6.04214 16.3331 7.50767 8.22398 18.8795 14.3287 14.2274 8.01974 16.6817 2.67613 11.615 0.789679 12.4794 14.9339 4.70695 12.1354 16.3204 16.0553 12.7488 20.6708 16.7657 10.8182 14.7703 15.4519 1.64304 8.3707 10.7948 5.07725 15.4844 8.34114 13.8822 13.8175 6.62118 15.3772 15.9753 8.35636 12.6425 21.2701 17.1187 13.2029 6.99895 16.1431 
5.69208 3.07874 10.1512 3.24145 14.3019 19.989 15.146 4.13627 13.4714 6.85515 6.40014 11.8061 0.441039 2.60384 19.2426 18.4927 4.96909 1.31537 9.54758 15.3482 9.23253 3.76151 19.8269 17.1932 18.3157 18.0961 6.92962 2.53071 7.08424 17.6714 3.88962 9.37172 18.5666 14.3433 14.9015 13.2472 4.89128 12.8323 18.4631 4.30973 18.2912 11.0914 3.6626 17.1113 20.3595 17.1844 0 14.3357 11.751 18.4394 4.44247 7.15404 14.8511 3.18388 6.02704 12.2158 13.9075 3.15664 14.7918 15.3795 1.25726 10.2823 15.2876 4.74827 15.8717 15.7978 13.0161 9.39529 14.9422 20.253 17.9693 10.0499 22.2796 14.4043 14.9967 0.933986 5.03739 18.0186 15.3043 8.54023 15.3682 21.5525 2.23002 15.6691 8.96723 7.3157 15.8679 2.05583 10.1144 17.5641 5.9391 10.732 22.791 5.1122 10.0105 13.8747 12.8617 7.14787 10.3984 10.1873 3.47543 
