50
15.9292 21.6508 9.50646 0
5.572 18.2421 0.419776 0
9.1495 17.7498 1.83181 0
12.1499 14.8614 17.8061 0
16.0845 22.1712 1.35085 0
18.1729 20.8719 0.555492 0
12.7881 15.3532 2.20466 0
0.535809 10.4701 13.6094 0
18.5133 22.1459 0.543479 1
13.1106 17.5714 0.216302 0
4.67454 17.382 1.86948 1
16.7255 22.5356 28.8488 0
5.70845 14.1644 1.22345 0
2.79473 10.565 2.11405 0
1.96316 17.3733 2.20131 1
5.57045 18.0838 0.483737 1
14.1443 22.0678 0.287191 0
9.00956 21.9552 1.52791 0
12.7836 19.3639 0.946808 0
1.58841 22.0866 1.02112 0
4.39443 9.59825 14.8328 0
7.37759 12.7543 1.55645 1
10.6301 15.8688 0.585048 0
15.0219 22.4376 0.635188 0
3.73281 8.48584 2.25688 0
0.224154 15.8301 0.325699 1
17.6753 20.1625 1.80287 0
12.0854 20.7784 1.01129 0
12.6642 22.9474 1.19445 0
13.7231 23.1292 0.659377 0
11.5443 20.8758 1.74652 0
10.3419 23.7547 1.58583 0
15.285 22.0858 1.21435 0
7.79407 15.3955 0.449461 1
3.54072 5.18869 2.02628 0
6.19524 12.8668 0.302156 0
5.80172 14.1529 0.70843 0
17.6556 20.4401 1.91673 0
14.613 22.3522 1.01187 0
2.30619 11.7145 0.581898 1
2.98977 5.95901 0.638785 1
5.42608 13.9792 1.58254 1
12.1135 18.8392 1.83371 0
16.6474 23.761 1.05973 0
11.6769 11.6817 1.41525 0
10.8247 23.285 19.2009 0
5.72022 15.9805 1.13708 0
9.8983 23.0874 14.6628 0
15.2121 19.8708 0.814367 0
5.24481 20.9733 0.467035 0
400 50 500
0.025 0.0125 10000 3000 15 1e+06 300000 4 6
0 6.66435 12.9686 13.5874 6.61228 3.10961 13.571 11.6949 15.6112 8.28822 9.26433 14.102 7.88565 1.71302 10.8308 7.52414 7.5289 3.62661 12.6366 10.5638 11.7013 11.9258 8.58896 5.12333 13.2721 13.7811 2.76902 8.19336 10.4491 8.54322 7.26171 3.78328 13.9618 9.77012 7.27819 7.08456 7.9177 10.3576 3.49737 3.2643 3.65731 6.22999 9.0943 4.83283 11.6411 13.6186 10.8908 8.21237 6.57599 3.04165 12.1071 
6.66435 0 6.38699 7.18886 12.0522 5.17129 7.37869 5.05229 9.81414 12.6443 14.854 9.307 8.2939 7.94703 6.46939 1.04458 1.79079 10.1297 6.19276 4.04712 9.02352 16.6318 1.96465 3.41203 9.55332 7.27991 5.31778 13.0689 8.2644 12.8708 6.01611 7.41002 7.72811 15.0347 13.0399 10.081 11.1015 13.0638 10.1514 9.28606 6.11468 12.0932 8.56266 6.9996 10.5151 7.84704 6.26003 6.8026 12.0075 9.67086 5.47584 
12.9686 6.38699 0 4.19842 17.5504 10.8768 2.25091 1.45538 7.62767 17.4903 20.2695 6.46599 13.3506 14.3256 8.41876 5.45077 6.34517 16.2698 3.70142 3.68784 9.28558 21.3633 4.42237 8.53967 8.27081 3.69376 11.1255 18.1735 9.42438 17.6756 10.9144 12.8198 5.11058 20.2338 18.6525 14.5533 16.8648 16.819 16.4657 15.6721 12.3119 17.8132 13.0418 11.9178 11.8249 3.68361 7.96843 11.2937 17.5046 16.0037 1.01815 
13.5874 7.18886 4.19842 0 19.2377 12.3514 6.42635 3.74366 3.47444 19.6978 22.0377 10.6568 11.4382 14.571 5.42143 6.72051 6.06127 17.174 1.00631 3.15315 13.0955 23.6767 5.70903 10.354 12.347 0.629269 12.5062 20.197 12.9978 19.913 9.19883 14.5624 0.915048 22.1907 20.2283 16.9617 15.378 19.6524 16.9613 15.6511 11.7894 19.2763 10.7271 13.9972 15.4576 7.88127 4.97156 9.21666 19.1929 16.4439 3.76602 
6.61228 12.0522 17.5504 19.2377 0 6.8874 17.4041 16.5632 21.7191 2.59228 2.80373 16.2743 14.294 6.99575 17.2885 12.58 13.4179 3.82856 18.2376 16.0876 12.4258 5.39215 13.6564 9.05372 14.5529 19.297 6.73667 1.85389 11.1609 2.78313 13.873 4.74323 19.7716 3.16117 1.18462 4.27146 13.2226 5.95648 5.42601 7.56852 10.1818 1.07414 15.5916 5.70904 10.9072 16.9127 17.2971 14.8175 0.045841 5.73867 16.9021 
3.10961 5.17129 10.8768 12.3514 6.8874 0 11.0942 9.77896 14.9208 7.5936 9.6863 11.1308 9.72662 4.82154 10.8762 5.70778 6.63073 5.526 11.3506 9.2004 8.59306 11.5602 6.79395 2.38884 10.1824 12.4114 0.345339 7.92896 7.34779 7.83203 8.36704 2.27481 12.8986 9.86967 7.90324 5.38513 10.6724 8.65069 6.14251 6.36906 5.68263 6.9941 10.6728 2.37453 8.66967 10.9311 10.8038 9.36271 6.84241 5.81248 10.1443 
13.571 7.37869 2.25091 6.42635 17.4041 11.0942 0 3.35091 9.81262 17.0125 20.0222 4.3249 15.0418 15.0722 10.5262 6.34381 7.81727 16.6124 5.9509 5.65904 7.69775 20.7513 5.52528 8.70601 6.3514 5.89277 11.3859 17.8025 8.09259 17.1741 12.6026 12.779 7.33245 19.8691 18.5517 14.0093 18.3289 15.916 17.0237 16.5119 13.4886 17.7973 14.8741 11.6952 10.3564 1.49569 10.0862 13.089 17.3587 16.6025 3.02584 
11.6949 5.05229 1.45538 3.74366 16.5632 9.77896 3.35091 0 7.20232 16.6765 19.3179 7.17221 11.9092 12.9976 7.1774 4.18066 4.8958 15.074 2.96517 2.31781 9.35206 20.6027 3.10592 7.50971 8.66629 3.4131 10.0051 17.2971 9.28611 16.8736 9.47052 11.8199 4.6334 19.3427 17.6372 13.8022 15.4094 16.2653 15.1899 14.3129 10.8866 16.7625 11.6323 11.0222 11.7395 4.58002 6.73992 9.87165 16.5174 14.716 0.444036 
15.6112 9.81414 7.62767 3.47444 21.7191 14.9208 9.81262 7.20232 0 22.4561 24.5179 14.0929 11.6275 16.3039 5.39746 9.59962 8.30452 19.2368 4.27817 6.10971 16.5421 26.4428 8.71999 13.1798 15.8209 3.93395 15.0198 22.8492 16.3917 22.6839 9.82611 17.1883 2.56992 24.777 22.626 19.8639 15.7018 22.7184 18.7656 17.1488 13.1466 21.6265 10.5644 16.8071 18.8544 11.2914 5.11311 9.48469 21.6757 18.2295 7.24028 
8.28822 12.6443 17.4903 19.6978 2.59228 7.5936 17.0125 16.6765 22.4561 0 3.48571 15.2652 16.1642 9.04816 18.4324 12.9795 14.2056 6.19442 18.6918 16.5603 11.1034 3.98788 13.9976 9.34441 13.3 19.6744 7.55737 1.12659 9.93688 0.255023 15.4348 5.32594 20.3227 2.96196 3.31438 3.0149 15.5046 3.45185 7.83943 9.8567 11.9455 3.66092 17.3814 5.70179 9.1842 16.3147 18.3804 16.4138 2.58839 8.08055 16.9672 
9.26433 14.854 20.2695 22.0377 2.80373 9.6863 20.0222 19.3179 24.5179 3.48571 0 18.5951 16.714 9.39557 20.0326 15.3687 16.2187 6.04409 21.0368 18.8865 14.5265 3.52033 16.4406 11.8159 16.7102 22.0912 9.53983 2.40583 13.3252 3.46899 16.4861 7.5108 22.5749 1.06259 1.99677 6.30075 15.1939 6.65654 7.41645 9.67077 12.7236 3.04972 18.0596 8.3631 12.6688 19.4471 20.0546 17.407 2.84803 7.84346 19.6481 
14.102 9.307 6.46599 10.6568 16.2743 11.1308 4.3249 7.17221 14.0929 15.2652 18.5951 0 17.5795 15.778 14.1008 8.33152 10.4271 16.4608 10.0619 9.24199 4.42167 18.6165 8.00187 8.99241 2.41194 10.1594 11.4706 16.2246 5.37455 15.3743 15.2319 12.1514 11.5711 18.2248 17.4589 12.302 20.2969 13.4059 17.2655 17.3201 15.1007 16.8997 17.7114 10.8196 7.05465 2.82934 13.6979 15.9097 16.2317 16.9432 6.9899 
7.88565 8.2939 13.3506 11.4382 14.294 9.72662 15.0418 11.9092 11.6275 16.1642 16.714 17.5795 0 7.32505 6.29686 9.24809 7.26795 10.671 10.8747 9.71179 16.9941 19.6819 9.68933 10.0615 17.793 11.941 9.53212 15.9942 16.0192 16.4189 2.44189 11.4186 11.2672 17.3813 14.7327 14.8097 4.07429 18.1248 9.45002 7.25116 4.2422 13.6937 1.43748 12.0656 17.928 15.8455 6.66809 2.2258 14.2634 8.95726 12.335 
1.71302 7.94703 14.3256 14.571 6.99575 4.82154 15.0722 12.9976 16.3039 9.04816 9.39557 15.778 7.32505 0 11.2539 8.8819 8.5407 3.36503 13.6587 11.6624 13.4108 12.3875 9.9074 6.78651 14.9828 14.822 4.47988 8.74849 12.1539 9.29856 7.25041 5.22045 14.8596 10.058 7.40949 8.32714 6.58852 11.4978 2.46787 1.55332 3.42476 6.36881 8.66419 6.40786 13.2867 15.1974 11.3812 8.11129 6.96739 1.92881 13.4228 
10.8308 6.46939 8.41876 5.42143 17.2885 10.8762 10.5262 7.1774 5.39746 18.4324 20.0326 14.1008 6.29686 11.2539 0 6.83115 4.67916 14.3919 5.11923 4.90424 15.0953 22.3524 6.49687 9.74775 15.1103 6.00028 10.8812 18.6407 14.5292 18.6768 4.43768 13.1151 5.0784 20.4321 18.0703 16.1944 10.3596 19.3398 13.7175 11.9379 7.94078 17.0332 5.38852 13.0817 16.8797 11.7147 0.461993 4.10838 17.248 13.1775 7.50946 
7.52414 1.04458 5.45077 6.72051 12.58 5.70778 6.34381 4.18066 9.59962 12.9795 15.3687 8.33152 9.24809 8.8819 6.83115 0 2.29155 10.8989 5.7142 3.58213 8.35536 16.9613 1.09476 3.63522 8.71136 6.72957 5.9022 13.481 7.70902 13.1964 6.9192 7.8663 7.35242 15.4852 13.6106 10.2862 12.1374 13.1268 11.0214 10.2565 7.1569 12.6971 9.43688 7.28169 10.0487 6.80467 6.5619 7.65213 12.5346 10.555 4.58575 
7.5289 1.79079 6.34517 6.06127 13.4179 6.63073 7.81727 4.8958 8.30452 14.2056 16.2187 10.4271 7.26795 8.5407 4.67916 2.29155 0 11.1282 5.12495 3.14533 10.6429 18.1836 2.43903 5.14089 10.9707 6.28372 6.71807 14.5574 9.96172 14.4392 4.85332 8.90442 6.44769 16.4735 14.3423 11.7483 10.5468 14.794 10.907 9.70224 6.04755 13.3562 7.28688 8.64099 12.2582 8.57757 4.47161 5.48348 13.3742 10.3935 5.33946 
3.62661 10.1297 16.2698 17.174 3.82856 5.526 16.6124 15.074 19.2368 6.19442 6.04409 16.4608 10.671 3.36503 14.3919 10.8989 11.1282 0 16.211 14.1115 13.3077 9.15846 11.9882 7.90878 15.1997 17.3438 5.22696 5.66794 11.9939 6.42689 10.5659 4.41302 17.572 6.75525 4.07316 6.41801 9.39405 9.15502 1.64949 3.74172 6.75381 3.05489 12.0244 5.81931 12.5076 16.4481 14.4745 11.4523 3.80887 1.91085 15.4677 
12.6366 6.19276 3.70142 1.00631 18.2376 11.3506 5.9509 2.96517 4.27817 18.6918 21.0368 10.0619 10.8747 13.6587 5.11923 5.7142 5.12495 16.211 0 2.1503 12.2697 22.671 4.70569 9.34782 11.6306 1.1706 11.5085 19.1911 12.1169 18.9072 8.56369 13.558 1.74735 21.1859 19.2325 15.9599 14.7422 18.6669 16.0319 14.7732 10.9576 18.2842 10.2657 12.9914 14.5795 7.35013 4.65759 8.67251 18.1927 15.5183 3.07707 
10.5638 4.04712 3.68784 3.15315 16.0876 9.2004 5.65904 2.31781 6.10971 16.5603 18.8865 9.24199 9.71179 11.6624 4.90424 3.58213 3.14533 14.1115 2.1503 0 10.7667 20.5431 2.62222 7.21683 10.4478 3.23882 9.35984 17.0469 10.449 16.7779 7.29112 11.4094 3.77388 19.0379 17.085 13.8584 13.355 16.6318 13.9955 12.8465 9.15759 16.1403 9.35671 10.8637 12.9005 6.81078 4.48097 7.61917 16.0426 13.4904 2.69932 
11.7013 9.02352 9.28558 13.0955 12.4258 8.59306 7.69775 9.35206 16.5421 11.1034 14.5265 4.42167 16.9941 13.4108 15.0953 8.35536 10.6429 13.3077 12.2697 10.7667 0 14.2719 8.6055 7.10464 2.2058 12.742 8.93238 12.125 1.31442 11.1862 14.9152 8.89655 13.9789 14.0595 13.5994 8.24939 18.9308 9.00975 14.3976 14.9521 13.6763 13.1801 17.4803 7.48887 2.70049 6.43542 14.7769 15.7721 12.3864 14.1768 9.37263 
11.9258 16.6318 21.3633 23.6767 5.39215 11.5602 20.7513 20.6027 26.4428 3.98788 3.52033 18.6165 19.6819 12.3875 22.3524 16.9613 18.1836 9.15846 22.671 20.5431 14.2719 0 17.9721 13.3263 16.4695 23.6438 11.5062 3.74286 13.2439 3.76557 19.1732 9.2861 24.3079 2.52226 5.17418 6.81099 18.5044 5.34476 10.6746 12.8882 15.5427 6.1183 20.9682 9.67997 11.9689 19.9469 22.316 20.1341 5.42128 11.046 20.8801 
8.58896 1.96465 4.42237 5.70903 13.6564 6.79395 5.52528 3.10592 8.71999 13.9976 16.4406 8.00187 9.68933 9.9074 6.49687 1.09476 2.43903 11.9882 4.70569 2.62222 8.6055 17.9721 0 4.66364 8.68314 5.6808 6.99342 14.5257 8.11018 14.2104 7.28744 8.93254 6.38682 16.54 14.6945 11.2548 12.8156 14.0099 12.0841 11.2504 7.99159 13.7861 9.72276 8.29585 10.5208 6.16882 6.17162 7.91813 13.611 11.6112 3.52134 
5.12333 3.41203 8.53967 10.354 9.05372 2.38884 8.70601 7.50971 13.1798 9.34441 11.8159 8.99241 10.0615 6.78651 9.74775 3.63522 5.14089 7.90878 9.34782 7.21683 7.10464 13.3263 4.66364 0 8.35479 10.3443 2.68213 9.86286 6.01539 9.5612 8.21919 4.31064 10.9838 11.883 10.131 6.68526 11.8317 9.6569 8.42724 8.32769 6.57188 9.27494 10.7336 3.6473 7.87452 8.57881 9.58458 9.16546 9.00797 8.05269 7.85328 
13.2721 9.55332 8.27081 12.347 14.5529 10.1824 6.3514 8.66629 15.8209 13.3 16.7102 2.41194 17.793 14.9828 15.1103 8.71136 10.9707 15.1997 11.6306 10.4478 2.2058 16.4695 8.68314 8.35479 0 11.913 10.5277 14.3122 3.39607 13.3863 15.5676 10.7964 13.257 16.2583 15.7321 10.4198 20.1017 11.1885 16.1839 16.5358 14.8326 15.2708 18.1157 9.40344 4.69636 4.92158 14.7461 16.3477 14.5125 15.9209 8.58439 
13.7811 7.27991 3.69376 0.629269 19.297 12.4114 5.89277 3.4131 3.93395 19.6744 22.0912 10.1594 11.941 14.822 6.00028 6.72957 6.28372 17.3438 1.1706 3.23882 12.742 23.6438 5.6808 10.3443 11.913 0 12.5815 20.2052 12.6992 19.8852 9.66611 14.595 1.4586 22.2143 20.3076 16.8964 15.8485 19.5193 17.1882 15.943 12.1265 19.3702 11.2687 13.9735 15.1523 7.36334 5.54606 9.72571 19.2518 16.6764 3.37155 
2.76902 5.31778 11.1255 12.5062 6.73667 0.345339 11.3859 10.0051 15.0198 7.55737 9.53983 11.4706 9.53212 4.47988 10.8812 5.9022 6.71807 5.22696 11.5085 9.35984 8.93238 11.5062 6.99342 2.68213 10.5277 12.5815 0 7.8451 7.68337 7.7996 8.24269 2.23403 13.0351 9.75759 7.72625 5.46242 10.3826 8.75259 5.80805 6.02621 5.44387 6.7968 10.5095 2.53497 8.97349 11.2447 10.8233 9.23941 6.69212 5.47262 10.3767 
8.19336 13.0689 18.1735 20.197 1.85389 7.92896 17.8025 17.2971 22.8492 1.12659 2.40583 16.2246 15.9942 8.74849 18.6407 13.481 14.5574 5.66794 19.1911 17.0469 12.125 3.74286 14.5257 9.86286 14.3122 20.2052 7.8451 0 10.9321 1.18844 15.4327 5.66248 20.7875 2.06768 2.29195 3.92278 15.0586 4.53165 7.27722 9.39993 11.8253 2.8398 17.2599 6.275 10.275 17.1652 18.6162 16.396 1.86782 7.5786 17.6058 
10.4491 8.2644 9.42438 12.9978 11.1609 7.34779 8.09259 9.28611 16.3917 9.93688 13.3252 5.37455 16.0192 12.1539 14.5292 7.70902 9.96172 11.9939 12.1169 10.449 1.31442 13.2439 8.11018 6.01539 3.39607 12.6992 7.68337 10.9321 0 10.0336 14.0205 7.58347 13.8539 12.8986 12.3388 7.02875 17.7943 8.07419 13.0935 13.6893 12.5636 11.895 16.5789 6.17557 2.46272 6.98303 14.2392 14.9089 11.1208 12.8795 9.3687 
8.54322 12.8708 17.6756 19.913 2.78313 7.83203 17.1741 16.8736 22.6839 0.255023 3.46899 15.3743 16.4189 9.29856 18.6768 13.1964 14.4392 6.42689 18.9072 16.7779 11.1862 3.76557 14.2104 9.5612 13.3863 19.8852 7.7996 1.18844 10.0336 0 15.6886 5.56699 20.5423 2.87447 3.44215 3.16606 15.7481 3.34432 8.06988 10.098 12.2005 3.84425 17.6364 5.91579 9.22104 16.4603 18.6229 16.6679 2.7821 8.3171 17.1611 
7.26171 6.01611 10.9144 9.19883 13.873 8.36704 12.6026 9.47052 9.82611 15.4348 16.4861 15.2319 2.44189 7.25041 4.43768 6.9192 4.85332 10.5659 8.56369 7.29112 14.9152 19.1732 7.28744 8.21919 15.5676 9.66611 8.24269 15.4327 14.0205 15.6886 0 10.3434 9.1231 17.0282 14.4903 13.6911 6.18236 16.9933 9.64771 7.68569 3.82566 13.4372 2.56527 10.7406 16.0665 13.4261 4.71795 0.996775 13.837 9.11445 9.89787 
3.78328 7.41002 12.8198 14.5624 4.74323 2.27481 12.779 11.8199 17.1883 5.32594 7.5108 12.1514 11.4186 5.22045 13.1151 7.8663 8.90442 4.41302 13.558 11.4094 8.89655 9.2861 8.93254 4.31064 10.7964 14.595 2.23403 5.66248 7.58347 5.56699 10.3434 0 15.1348 7.6293 5.83269 3.39149 11.6932 6.70843 5.5708 6.59516 7.20232 5.02261 12.4977 1.4081 8.26327 12.412 13.0565 11.3378 4.69747 5.4283 12.1599 
13.9618 7.72811 5.11058 0.915048 19.7716 12.8986 7.33245 4.6334 2.56992 20.3227 22.5749 11.5711 11.2672 14.8596 5.0784 7.35242 6.44769 17.572 1.74735 3.77388 13.9789 24.3079 6.38682 10.9838 13.257 1.4586 13.0351 20.7875 13.8539 20.5423 9.1231 15.1348 0 22.762 20.737 17.6322 15.2688 20.3829 17.2797 15.8735 11.9502 19.7684 10.4573 14.6311 16.3157 8.79216 4.65282 9.04218 19.7271 16.7551 4.67338 
9.77012 15.0347 20.2338 22.1907 3.16117 9.86967 19.8691 19.3427 24.777 2.96196 1.06259 18.2248 17.3813 10.058 20.4321 15.4852 16.4735 6.75525 21.1859 19.0379 14.0595 2.52226 16.54 11.883 16.2583 22.2143 9.75759 2.06768 12.8986 2.87447 17.0282 7.6293 22.762 0 2.69995 5.944 16.0349 5.83358 8.21645 10.4525 13.3148 3.70119 18.7015 8.32457 12.0708 19.2214 20.4315 17.968 3.19912 8.61221 19.6563 
7.27819 13.0399 18.6525 20.2283 1.18462 7.90324 18.5517 17.6372 22.626 3.31438 1.99677 17.4589 14.7327 7.40949 18.0703 13.6106 14.3423 4.07316 19.2325 17.085 13.5994 5.17418 14.6945 10.131 15.7321 20.3076 7.72625 2.29195 12.3388 3.44215 14.4903 5.83269 20.737 2.69995 0 5.41038 13.3393 6.76579 5.51687 7.75334 10.7272 1.05319 16.0714 6.8624 12.0323 18.0801 18.1019 15.4103 1.22712 5.91404 17.9842 
7.08456 10.081 14.5533 16.9617 4.27146 5.38513 14.0093 13.8022 19.8639 3.0149 6.30075 12.302 14.8097 8.32714 16.1944 10.2862 11.7483 6.41801 15.9599 13.8584 8.24939 6.81099 11.2548 6.68526 10.4198 16.8964 5.46242 3.92278 7.02875 3.16606 13.6911 3.39149 17.6322 5.944 5.41038 0 14.9052 3.31777 7.96397 9.51694 10.5884 5.16708 15.884 3.11598 6.63725 13.2998 16.0898 14.6876 4.23667 8.00842 14.0733 
7.9177 11.1015 16.8648 15.378 13.2226 10.6724 18.3289 15.4094 15.7018 15.5046 15.1939 20.2969 4.07429 6.58852 10.3596 12.1374 10.5468 9.39405 14.7422 13.355 18.9308 18.5044 12.8156 11.8317 20.1017 15.8485 10.3826 15.0586 17.7943 15.7481 6.18236 11.6932 15.2688 16.0349 13.3393 14.9052 0 18.0851 7.83048 5.65983 5.27176 12.3911 5.25737 12.7202 19.333 18.9358 10.7179 6.25716 13.2029 7.48414 15.8493 
10.3576 13.0638 16.819 19.6524 5.95648 8.65069 15.916 16.2653 22.7184 3.45185 6.65654 13.4059 18.1248 11.4978 19.3398 13.1268 14.794 9.15502 18.6669 16.6318 9.00975 5.34476 14.0099 9.6569 11.1885 19.5193 8.75259 4.53165 8.07419 3.34432 16.9933 6.70843 20.3829 5.83358 6.76579 3.31777 18.0851 0 10.7881 12.5707 13.8985 7.02796 19.2013 6.30777 6.629 14.9673 19.2075 17.9901 5.9435 10.9274 16.4811 
3.49737 10.1514 16.4657 16.9613 5.42601 6.14251 17.0237 15.1899 18.7656 7.83943 7.41645 17.2655 9.45002 2.46787 13.7175 11.0214 10.907 1.64949 16.0319 13.9955 14.3976 10.6746 12.0841 8.42724 16.1839 17.1882 5.80805 7.27722 13.0935 8.06988 9.64771 5.5708 17.2797 8.21645 5.51687 7.96397 7.83048 10.7881 0 2.25854 5.83688 4.56103 10.847 6.96085 13.8156 16.9999 13.8484 10.4685 5.41007 0.540036 15.6034 
3.2643 9.28606 15.6721 15.6511 7.56852 6.36906 16.5119 14.3129 17.1488 9.8567 9.67077 17.3201 7.25116 1.55332 11.9379 10.2565 9.70224 3.74172 14.7732 12.8465 14.9521 12.8882 11.2504 8.32769 16.5358 15.943 6.02621 9.39993 13.6893 10.098 7.68569 6.59516 15.8735 10.4525 7.75334 9.51694 5.65983 12.5707 2.25854 0 4.00676 6.77084 8.66635 7.8525 14.7631 16.6855 12.1168 8.4349 7.54784 1.84244 14.7449 
3.65731 6.11468 12.3119 11.7894 10.1818 5.68263 13.4886 10.8866 13.1466 11.9455 12.7236 15.1007 4.2422 3.42476 7.94078 7.1569 6.04755 6.75381 10.9576 9.15759 13.6763 15.5427 7.99159 6.57188 14.8326 12.1265 5.44387 11.8253 12.5636 12.2005 3.82566 7.20232 11.9502 13.3148 10.7272 10.5884 5.27176 13.8985 5.83688 4.00676 0 9.67536 5.43941 7.94557 14.2176 13.9312 8.11139 4.69854 10.1484 5.30039 11.3296 
6.22999 12.0932 17.8132 19.2763 1.07414 6.9941 17.7973 16.7625 21.6265 3.66092 3.04972 16.8997 13.6937 6.36881 17.0332 12.6971 13.3562 3.05489 18.2842 16.1403 13.1801 6.1183 13.7861 9.27494 15.2708 19.3702 6.7968 2.8398 11.895 3.84425 13.4372 5.02261 19.7684 3.70119 1.05319 5.16708 12.3911 7.02796 4.56103 6.77084 9.67536 0 15.027 6.16278 11.7919 17.3866 17.0699 14.3573 1.08481 4.9284 17.1188 
9.0943 8.56266 13.0418 10.7271 15.5916 10.6728 14.8741 11.6323 10.5644 17.3814 18.0596 17.7114 1.43748 8.66419 5.38852 9.43688 7.28688 12.0244 10.2657 9.35671 17.4803 20.9682 9.72276 10.7336 18.1157 11.2687 10.5095 17.2599 16.5789 17.6364 2.56527 12.4977 10.4573 18.7015 16.0714 15.884 5.25737 19.2013 10.847 8.66635 5.43941 15.027 0 13.0399 18.5993 15.7917 5.80467 1.80535 15.5596 10.3466 12.0403 
4.83283 6.9996 11.9178 13.9972 5.70904 2.37453 11.6952 11.0222 16.8071 5.70179 8.3631 10.8196 12.0656 6.40786 13.0817 7.28169 8.64099 5.81931 12.9914 10.8637 7.48887 9.67997 8.29585 3.6473 9.40344 13.9735 2.53497 6.275 6.17557 5.91579 10.7406 1.4081 14.6311 8.32457 6.8624 3.11598 12.7202 6.30777 6.96085 7.8525 7.94557 6.16278 13.0399 0 6.92322 11.2287 12.9742 11.7359 5.66364 6.79453 11.3321 
11.6411 10.5151 11.8249 15.4576 10.9072 8.66967 10.3564 11.7395 18.8544 9.1842 12.6688 7.05465 17.928 13.2867 16.8797 10.0487 12.2582 12.5076 14.5795 12.9005 2.70049 11.9689 10.5208 7.87452 4.69636 15.1523 8.97349 10.275 2.46272 9.22104 16.0665 8.26327 16.3157 12.0708 12.0323 6.63725 19.333 6.629 13.8156 14.7631 14.2176 11.7919 18.5993 6.92322 0 9.12808 16.6064 16.9908 10.873 13.6914 11.8111 
13.6186 7.84704 3.68361 7.88127 16.9127 10.9311 1.49569 4.58002 11.2914 16.3147 19.4471 2.82934 15.8455 15.1974 11.7147 6.80467 8.57757 16.4481 7.35013 6.81078 6.43542 19.9469 6.16882 8.57881 4.92158 7.36334 11.2447 17.1652 6.98303 16.4603 13.4261 12.412 8.79216 19.2214 18.0801 13.2998 18.9358 14.9673 16.9999 16.6855 13.9312 17.3866 15.7917 11.2287 9.12808 0 11.2878 13.9904 16.8679 16.6104 4.32589 
10.8908 6.26003 7.96843 4.97156 17.2971 10.8038 10.0862 6.73992 5.11311 18.3804 20.0546 13.6979 6.66809 11.3812 0.461993 6.5619 4.47161 14.4745 4.65759 4.48097 14.7769 22.316 6.17162 9.58458 14.7461 5.54606 10.8233 18.6162 14.2392 18.6229 4.71795 13.0565 4.65282 20.4315 18.1019 16.0898 10.7179 19.2075 13.8484 12.1168 8.11139 17.0699 5.80467 12.9742 16.6064 11.2878 0 4.46074 17.256 13.3087 7.06615 
8.21237 6.8026 11.2937 9.21666 14.8175 9.36271 13.089 9.87165 9.48469 16.4138 17.407 15.9097 2.2258 8.11129 4.10838 7.65213 5.48348 11.4523 8.67251 7.61917 15.7721 20.1341 7.91813 9.16546 16.3477 9.72571 9.23941 16.396 14.9089 16.6679 0.996775 11.3378 9.04218 17.968 15.4103 14.6876 6.25716 17.9901 10.4685 8.4349 4.69854 14.3573 1.80535 11.7359 16.9908 13.9904 4.46074 0 14.7821 9.94101 10.286 
6.57599 12.0075 17.5046 19.1929 0.045841 6.84241 17.3587 16.5174 21.6757 2.58839 2.84803 16.2317 14.2634 6.96739 17.248 12.5346 13.3742 3.80887 18.1927 16.0426 12.3864 5.42128 13.611 9.00797 14.5125 19.2518 6.69212 1.86782 11.1208 2.7821 13.837 4.69747 19.7271 3.19912 1.22712 4.23667 13.2029 5.9435 5.41007 7.54784 10.1484 1.08481 15.5596 5.66364 10.873 16.8679 17.256 14.7821 0 5.71938 16.8563 
3.04165 9.67086 16.0037 16.4439 5.73867 5.81248 16.6025 14.716 18.2295 8.08055 7.84346 16.9432 8.95726 1.92881 13.1775 10.555 10.3935 1.91085 15.5183 13.4904 14.1768 11.046 11.6112 8.05269 15.9209 16.6764 5.47262 7.5786 12.8795 8.3171 9.11445 5.4283 16.7551 8.61221 5.91404 8.00842 7.48414 10.9274 0.540036 1.84244 5.30039 4.9284 10.3466 6.79453 13.6914 16.6104 13.3087 9.94101 5.71938 0 15.1322 
12.1071 5.47584 1.01815 3.76602 16.9021 10.1443 3.02584 0.444036 7.24028 16.9672 19.6481 6.9899 12.335 13.4228 7.50946 4.58575 5.33946 15.4677 3.07707 2.69932 9.37263 20.8801 3.52134 7.85328 8.58439 3.37155 10.3767 17.6058 9.3687 17.1611 9.89787 12.1599 4.67338 19.6563 17.9842 14.0733 15.8493 16.4811 15.6034 14.7449 11.3296 17.1188 12.0403 11.3321 11.8111 4.32589 7.06615 10.286 16.8563 15.1322 0 
