50
11.3404 14.7338 1.31395 0
14.0684 16.6773 0.943751 0
0.859723 15.2237 25.0469 0
4.14756 9.76742 0.82904 0
13.2601 17.4783 0.778178 0
12.947 13.2633 0.542893 1
1.00624 5.81077 1.20853 0
12.9157 14.4867 0.9301 0
17.1379 21.7788 1.82395 0
6.55332 14.1382 28.6307 0
5.83256 11.8642 2.23558 0
6.5674 22.8766 1.26934 0
3.70973 23.2645 1.07406 0
9.04907 10.0645 1.74351 0
14.4771 23.3492 1.99571 0
15.3662 16.6834 0.341007 0
13.8296 16.4601 1.58211 1
5.15967 21.5924 0.396565 0
3.51613 20.9049 0.998563 0
1.07003 2.93908 0.507643 0
11.9743 22.2576 4.19164 1
11.8733 15.2481 1.70278 1
7.1894 10.3297 2.20119 0
13.2949 16.2599 1.77246 0
14.8171 21.7753 0.831458 0
6.88895 16.6032 1.81026 0
7.70123 11.3496 1.21186 0
10.4357 22.2952 1.19008 1
0.24965 19.4252 1.53446 1
12.4197 17.2809 0.707602 1
17.8763 20.1207 0.685054 1
5.01347 12.7881 1.66426 0
12.1718 23.8091 1.46374 0
17.8822 22.543 20.2114 0
12.4314 16.7983 1.81433 0
9.66535 22.1783 1.60028 0
1.63264 5.2066 1.15404 0
1.84699 19.6924 0.894262 0
12.5979 22.477 1.50886 0
15.3427 16.626 1.76908 0
13.6032 14.9128 25.3022 0
7.35849 16.3987 1.69923 0
5.21955 20.3342 1.50528 0
12.4304 13.7925 0.713512 0
10.6873 13.9984 0.6068 0
4.39491 20.9342 26.6733 1
17.5116 21.2351 0.821856 0
9.81996 20.3894 1.8216 0
4.90799 23.6841 2.04333 0
4.18056 18.4678 23.4163 0
400 50 500
0.025 0.0125 10000 3000 15 1e+06 300000 4 6
0 23.6991 24.052 1.66507 10.5774 29.4002 17.9734 29.805 31.4697 19.1618 3.2648 27.3938 19.8409 11.1783 15.2176 7.38113 13.984 13.8631 21.2336 25.6442 14.7162 21.1237 25.0509 21.3183 12.1667 10.7216 25.6127 23.0967 26.0116 25.6136 14.7347 27.274 18.5676 22.1427 19.1153 17.4962 20.6282 12.7427 9.26218 24.6381 22.7704 20.3801 20.446 8.94603 11.2273 3.52146 28.8422 18.1922 16.698 26.0954 4.05035 
23.6991 0 11.8034 23.7948 13.8447 11.9705 14.847 15.3344 13.721 6.63225 21.2409 17.4377 11.299 12.5872 22.089 16.5771 20.5464 21.8189 8.48978 21.6456 10.9389 26.0439 1.94363 2.39701 15.4423 17.0713 14.3634 3.53647 8.6583 25.3239 22.3264 9.72774 7.34869 3.50714 5.52241 6.20719 23.3676 24.4607 14.4884 18.1217 6.41629 3.4251 26.3966 15.0043 17.9077 26.8805 11.039 14.8389 8.32263 10.8073 26.6607 
24.052 11.8034 0 24.9238 13.9205 5.94756 23.8521 5.83452 7.7548 7.60026 22.9791 5.75205 21.2548 14.5759 14.8487 17.0752 14.0573 15.2909 4.15469 10.1331 17.8893 16.4808 10.808 11.7829 12.0471 13.7541 2.66005 15.047 4.48974 14.2037 15.3301 4.84852 16.4376 8.52575 14.4445 11.8833 13.6728 18.4877 17.0891 6.53838 5.41255 12.3244 17.1475 18.0533 23.7659 27.5725 5.78932 6.93012 16.0204 2.73094 25.4121 
1.66507 23.7948 24.9238 0 11.1866 30.1234 17.0117 30.7193 32.2136 19.6401 2.61882 28.5004 19.1409 11.4679 16.755 7.94886 15.4604 15.4021 21.9158 26.995 14.291 22.7137 25.2383 21.4 13.2249 11.9003 26.5998 22.946 26.644 27.1071 16.2868 27.9347 18.2619 22.4679 18.9841 17.6312 22.1423 14.382 9.31193 25.8476 23.3116 20.4214 22.0537 8.82573 10.1162 3.09642 29.5279 19.3056 16.4414 26.8608 5.35816 
10.5774 13.8447 13.9205 11.1866 0 18.9446 14.6876 19.7541 21.0418 8.61668 9.08021 18.1393 14.3371 2.25711 11.4869 3.23787 9.65516 10.5602 10.7309 18.1561 8.61892 17.3259 14.9179 11.5966 4.09906 4.55529 15.8522 14.1769 15.464 19.7228 11.398 16.749 10.8617 11.7688 10.4311 7.81827 15.5122 12.146 3.80063 16.0782 12.1933 10.8512 17.1558 4.79571 11.3134 14.0491 18.3416 9.3736 9.04507 15.7092 12.9666 
29.4002 11.9705 5.94756 30.1234 18.9446 0 26.2191 3.99002 2.12354 11.0377 27.9892 8.18491 23.0085 19.1268 20.7494 22.1782 20.0024 21.2298 8.2196 14.1886 20.9845 21.8159 10.2605 13.0818 17.6962 19.4626 6.32148 15.5049 3.82018 18.5545 21.2444 2.46002 18.4901 9.89085 16.4123 14.7985 19.0573 24.4304 21.6349 10.8966 7.40188 13.9814 22.5841 22.5203 27.5339 32.9134 0.932033 12.8768 18.6754 3.37977 31.0666 
17.9734 14.847 23.8521 17.0117 14.6876 26.2191 0 28.9028 28.176 16.2555 14.7086 29.4282 3.90369 12.4747 26.1608 14.5647 24.3317 25.1741 19.6976 31.4745 6.40463 31.989 16.7899 13.1943 18.7159 19.174 26.4551 11.7939 22.4874 33.8469 26.0415 23.7868 7.73086 16.3329 9.80693 11.9694 30.0341 26.2984 11.5299 28.6053 19.1283 12.2446 31.8421 10.9136 7.00605 19.6747 25.3215 22.6428 7.83226 24.1143 21.9955 
29.805 15.3344 5.83452 30.7193 19.7541 3.99002 28.9028 0 3.99191 12.926 28.8065 4.82355 25.9528 20.3745 19.2422 22.8998 18.8266 19.9469 9.59344 10.9743 23.243 19.2679 13.7911 16.0664 17.7019 19.3376 4.41837 18.8506 6.68431 15.3351 19.7916 5.66233 21.2549 12.7299 19.1848 17.0762 16.6339 23.1425 22.8944 8.12694 9.77889 16.8411 20.1358 23.8487 29.4078 33.3205 4.77917 12.066 21.1494 4.7888 30.9723 
31.4697 13.721 7.7548 32.2136 21.0418 2.12354 28.176 3.99191 0 13.1567 30.0957 8.76023 24.8884 21.2482 22.3546 24.2723 21.7137 22.9121 10.3272 14.9097 23.0447 22.9749 11.9227 14.9971 19.6841 21.4325 7.5685 17.2324 5.91226 19.2831 22.8704 4.54166 20.4459 11.8823 18.375 16.8721 20.2713 26.1213 23.7573 11.8733 9.50241 15.9318 23.7972 24.6437 29.6331 34.986 2.90711 14.6486 20.7024 5.38178 33.065 
19.1618 6.63225 7.60026 19.6401 8.61668 11.0377 16.2555 12.926 13.1567 0 17.32 13.2038 13.7957 8.27206 15.4627 11.7809 13.947 15.2306 3.44676 16.0971 10.3397 19.5288 6.96766 5.2956 9.13246 10.8754 10.2017 8.80379 7.27754 19.3481 15.7114 8.64074 8.96722 3.51202 7.08476 4.28659 16.9145 17.967 10.7199 12.8227 3.73788 5.38063 19.8329 11.556 16.5649 22.5932 10.2881 8.36834 8.42322 8.24087 21.514 
3.2648 21.2409 22.9791 2.61882 9.08021 27.9892 14.7086 28.8065 30.0957 17.32 0 26.8804 16.637 9.06985 16.2892 5.90888 14.8025 14.9648 19.7699 25.8706 11.6835 22.4139 22.7203 18.8442 11.6781 10.6065 24.803 20.3331 24.4303 26.385 15.8867 25.7442 15.6438 20.0292 16.3758 15.1051 21.5272 14.4958 6.79476 24.4256 21.0278 17.8531 21.8554 6.24311 8.00614 5.70467 27.3573 17.7591 13.8229 24.782 7.29854 
27.3938 17.4377 5.75205 28.5004 18.1393 8.18491 29.4282 4.82355 8.76023 13.2038 26.8804 0 26.9583 19.2566 15.2284 21.04 15.1206 16.1083 9.80868 6.1542 23.3135 14.5619 16.2685 17.5313 15.277 16.6795 3.10011 20.7576 9.24973 10.5235 15.8094 8.82433 22.1315 14.252 20.1636 17.4802 12.0143 19.2245 21.6781 3.54186 11.1217 18.0741 15.4681 22.6808 28.7731 30.8479 8.69383 9.2025 21.6059 6.92175 28.016 
19.8409 11.299 21.2548 19.1409 14.3371 23.0085 3.90369 25.9528 24.8884 13.7957 16.637 26.9583 0 12.0899 25.6919 15.0721 23.8685 24.8579 17.1498 29.6338 5.79848 31.1911 13.2227 9.9356 18.0738 18.884 23.9054 8.05118 19.3785 32.4004 25.6623 20.623 4.83011 13.231 6.81916 9.61996 29.0007 26.4248 11.9463 26.5324 16.2111 9.11182 31.1726 11.6303 9.80364 22.0273 22.0917 21.066 5.79169 21.1841 23.7277 
11.1783 12.5872 14.5759 11.4679 2.25711 19.1268 12.4747 20.3745 21.2482 8.27206 9.06985 19.2566 12.0899 0 13.731 4.00945 11.8989 12.8166 10.9649 19.8453 6.36182 19.5152 13.8775 10.2384 6.24427 6.81219 16.7428 12.4686 15.4698 21.6802 13.6511 16.8091 8.78118 11.0022 8.58438 6.38905 17.619 14.3574 2.52521 17.509 12.0001 9.37201 19.3729 3.4775 9.63598 14.4926 18.4428 10.9344 6.9151 16.0442 14.0921 
15.2176 22.089 14.8487 16.755 11.4869 20.7494 26.1608 19.2422 22.3546 15.4627 16.2892 15.2284 25.6919 13.731 0 12.1914 1.83214 1.35456 14.7752 11.3594 20.0721 6.18053 22.3017 20.4626 7.6243 6.99902 14.9011 23.778 18.8255 10.4582 0.602668 19.57 21.7264 18.861 20.7213 17.5167 5.4384 4.01376 14.8149 11.7659 17.2539 20.1545 5.78755 15.6369 21.9557 18.1289 20.6379 8.10811 20.1069 17.5658 14.2609 
7.38113 16.5771 17.0752 7.94886 3.23787 22.1782 14.5647 22.8998 24.2723 11.7809 5.90888 21.04 15.0721 4.00945 12.1914 0 10.4472 11.0259 13.9674 20.4612 9.30846 18.3286 17.8095 14.2405 6.05052 5.45355 18.9022 16.4344 18.7001 21.5029 11.9461 19.9868 12.4574 14.8005 12.5054 10.3914 16.9214 11.7598 3.12949 18.7287 15.4046 13.3814 17.9782 3.65461 9.76444 10.8266 21.579 12.0095 10.5415 18.9302 10.0868 
13.984 20.5464 14.0573 15.4604 9.65516 20.0024 24.3317 18.8266 21.7137 13.947 14.8025 15.1206 23.8685 11.8989 1.83214 10.4472 0 1.30688 13.5431 11.94 18.2409 7.88143 20.8541 18.8423 5.81167 5.18091 14.4227 22.1109 17.8112 11.6488 1.8384 18.6488 19.9384 17.396 18.9766 15.7968 6.72672 4.43469 13.0095 11.7926 15.9808 18.4911 7.5699 13.8456 20.207 17.0597 19.8159 7.14982 18.3009 16.7311 13.4514 
13.8631 21.8189 15.2909 15.4021 10.5602 21.2298 25.1741 19.9469 22.9121 15.2306 14.9648 16.1083 24.8579 12.8166 1.35456 11.0259 1.30688 0 14.8484 12.5461 19.1773 7.46342 22.1482 20.086 6.88874 6.01276 15.56 23.3268 19.0948 11.8017 0.934009 19.9161 21.0294 18.6882 20.1297 16.9781 6.78619 3.20995 13.7459 12.7089 17.2876 19.7118 6.99275 14.534 20.7789 16.7837 21.062 8.40858 19.355 17.9781 12.9573 
21.2336 8.48978 4.15469 21.9158 10.7309 8.2196 19.6976 9.59344 10.3272 3.44676 19.7699 9.80868 17.1498 10.9649 14.7752 13.9674 13.5431 14.8484 0 13.2256 13.7637 17.8734 8.01624 7.96456 9.91485 11.7288 6.7726 11.3951 4.81839 16.8342 15.1389 6.0423 12.3229 4.99185 10.3629 7.72866 15.1204 17.8744 13.4868 9.7782 2.50511 8.36347 18.3378 14.4033 19.8146 24.7369 7.61401 6.82756 11.8658 5.08177 23.1116 
25.6442 21.6456 10.1331 26.995 18.1561 14.1886 31.4745 10.9743 14.9097 16.0971 25.8706 6.1542 29.6338 19.8453 11.3594 20.4612 11.94 12.5461 13.2256 0 25.0935 8.88847 20.8573 21.1537 14.4157 15.2657 8.1385 24.6155 14.4631 4.378 11.9596 14.3868 24.8802 18.189 23.1324 20.038 6.76485 15.2728 21.9492 3.59479 15.2668 21.4358 9.88932 22.9505 29.4333 28.881 14.581 8.93362 23.9252 12.2576 25.3914 
14.7162 10.9389 17.8893 14.291 8.61892 20.9845 6.40463 23.243 23.0447 10.3397 11.6835 23.3135 5.79848 6.36182 20.0721 9.30846 18.2409 19.1773 13.7637 25.0935 0 25.7495 12.7695 8.72493 12.5049 13.1738 20.4225 9.05829 17.1684 27.4474 20.0066 18.5248 4.09623 11.2584 5.43909 6.20124 23.7074 20.6433 6.20098 22.2919 13.6286 7.64206 25.66 6.01373 6.97079 17.3334 20.1391 16.2412 2.61752 18.5022 18.4168 
21.1237 26.0439 16.4808 22.7137 17.3259 21.8159 31.989 19.2679 22.9749 19.5288 22.4139 14.5619 31.1911 19.5152 6.18053 18.3286 7.88143 7.46342 17.8734 8.88847 25.7495 0 25.8594 24.7946 13.2733 13.0054 15.5014 28.2647 20.9224 5.81889 6.53373 21.3027 26.9287 22.5958 25.6635 22.3854 2.81095 8.63101 20.834 11.1421 20.3455 24.691 1.05942 21.6967 28.0875 23.797 21.9699 11.2051 25.4655 19.1242 19.6171 
25.0509 1.94363 10.808 25.2383 14.9179 10.2605 16.7899 13.7911 11.9227 6.96766 22.7203 16.2685 13.2227 13.8775 22.3017 17.8095 20.8541 22.1482 8.01624 20.8573 12.7695 25.8594 0 4.06531 16.0678 17.7752 13.2517 5.32749 7.19709 24.7107 22.5861 8.13319 9.27484 3.46475 7.39826 7.61579 23.1238 24.93 15.9314 17.2834 5.64938 5.14788 26.2851 16.5165 19.739 28.3071 9.32988 14.7044 10.1632 9.456 27.8503 
21.3183 2.39701 11.7829 21.4 11.5966 13.0818 13.1943 16.0664 14.9971 5.2956 18.8442 17.5313 9.9356 10.2384 20.4626 14.2405 18.8423 20.086 7.96456 21.1537 8.72493 24.7946 4.06531 0 13.5042 15.0555 14.432 3.51417 9.44898 24.5759 20.6542 10.6876 5.48424 3.35228 3.46279 3.84951 22.2022 22.5913 12.0962 17.7406 6.45706 1.08461 25.0674 12.6073 15.6879 24.4868 12.1701 13.6612 6.13474 11.336 24.3273 
12.1667 15.4423 12.0471 13.2249 4.09906 17.6962 18.7159 17.7019 19.6841 9.13246 11.6781 15.277 18.0738 6.24427 7.6243 6.05052 5.81167 6.88874 9.91485 14.4157 12.5049 13.2733 16.0678 13.5042 0 1.81546 13.4553 16.5974 14.689 15.6865 7.63168 15.8104 14.1426 12.6369 13.2677 10.1736 11.4131 9.10158 7.80907 12.7499 12.0085 13.0178 13.1557 8.76267 15.3025 15.6613 17.2613 6.09567 12.4896 14.3223 13.3818 
10.7216 17.0713 13.7541 11.9003 4.55529 19.4626 19.174 19.3376 21.4325 10.8754 10.6065 16.6795 18.884 6.81219 6.99902 5.45355 5.18091 6.01276 11.7288 15.2657 13.1738 13.0054 17.7752 15.0555 1.81546 0 15.0333 18.0329 16.4966 16.0636 6.86814 17.6075 15.2331 14.3656 14.5437 11.5738 11.4762 7.73852 7.83502 13.9473 13.8187 14.5015 12.7453 8.69184 15.1288 14.1689 19.0448 7.48589 13.4847 16.0847 11.6595 
25.6127 14.3634 2.66005 26.5998 15.8522 6.32148 26.4551 4.41837 7.5685 10.2017 24.803 3.10011 23.9054 16.7428 14.9011 18.9022 14.4227 15.56 6.7726 8.1385 20.4225 15.5014 13.2517 14.432 13.4553 15.0333 0 17.6626 6.40983 12.4236 15.4385 6.2483 19.0843 11.1531 17.0991 14.488 12.7564 18.7631 19.2222 4.65628 8.02434 14.9839 16.2857 20.2089 26.115 29.1147 6.55676 7.67208 18.6236 4.1384 26.6274 
23.0967 3.53647 15.047 22.946 14.1769 15.5049 11.7939 18.8506 17.2324 8.80379 20.3331 20.7576 8.05118 12.4686 23.778 16.4344 22.1109 23.3268 11.3951 24.6155 9.05829 28.2647 5.32749 3.51417 16.5974 18.0329 17.6626 0 12.1674 28.0832 23.9382 13.2604 5.00005 6.5247 3.98244 6.46111 25.6934 25.6945 13.8688 21.1671 9.63944 3.62363 28.5135 14.1618 15.8118 26.0377 14.5731 17.1612 6.57764 14.267 26.4173 
26.0116 8.6583 4.48974 26.644 15.464 3.82018 22.4874 6.68431 5.91226 7.27754 24.4303 9.24973 19.3785 15.4698 18.8255 18.7001 17.8112 19.0948 4.81839 14.4631 17.1684 20.9224 7.19709 9.44898 14.689 16.4966 6.40983 12.1674 0 18.6342 19.2576 1.37116 14.7725 6.16528 12.6918 10.9791 18.1115 22.2263 17.9566 10.8887 3.59069 10.288 21.5556 18.817 23.7211 29.5043 3.01731 10.7209 14.8812 2.32837 27.9293 
25.6136 25.3239 14.2037 27.1071 19.7228 18.5545 33.8469 15.3351 19.2831 19.3481 26.385 10.5235 32.4004 21.6802 10.4582 21.5029 11.6488 11.8017 16.8342 4.378 27.4474 5.81889 24.7107 24.5759 15.6865 16.0636 12.4236 28.0832 18.6342 0 10.9942 18.6544 27.7793 21.8228 26.1875 22.9719 5.02297 13.8567 23.4889 7.7789 19.0651 24.7277 6.87512 24.4489 30.9891 28.5854 18.9242 11.3364 26.6151 16.495 24.671 
14.7347 22.3264 15.3301 16.2868 11.398 21.2444 26.0415 19.7916 22.8704 15.7114 15.8867 15.8094 25.6623 13.6511 0.602668 11.9461 1.8384 0.934009 15.1389 11.9596 20.0066 6.53373 22.5861 20.6542 7.63168 6.86814 15.4385 23.9382 19.2576 10.9942 0 20.0261 21.7684 19.136 20.8149 17.6338 5.97121 3.42109 14.6395 12.355 17.6056 20.3169 6.05967 15.4386 21.7032 17.6054 21.1172 8.53706 20.1199 18.0404 13.6989 
27.274 9.72774 4.84852 27.9347 16.749 2.46002 23.7868 5.66233 4.54166 8.64074 25.7442 8.82433 20.623 16.8091 19.57 19.9868 18.6488 19.9161 6.0423 14.3868 18.5248 21.3027 8.13319 10.6876 15.8104 17.6075 6.2483 13.2604 1.37116 18.6544 20.0261 0 16.0622 7.45384 13.9823 12.3407 18.4994 23.0798 19.3026 10.8755 4.96184 11.5614 21.9866 20.1697 25.0914 30.7744 1.64796 11.5085 16.2186 2.19093 29.1114 
18.5676 7.34869 16.4376 18.2619 10.8617 18.4901 7.73086 21.2549 20.4459 8.96722 15.6438 22.1315 4.83011 8.78118 21.7264 12.4574 19.9384 21.0294 12.3229 24.8802 4.09623 26.9287 9.27484 5.48424 14.1426 15.2331 19.0843 5.00005 14.7725 27.7793 21.7684 16.0622 0 8.61004 2.08069 4.84285 24.6093 22.9543 9.5651 21.7308 11.4801 4.51413 26.9961 9.65619 10.8256 21.3309 17.591 16.4524 1.9196 16.4699 22.1117 
22.1427 3.50714 8.52575 22.4679 11.7688 9.89085 16.3329 12.7299 11.8823 3.51202 20.0292 14.252 13.231 11.0022 18.861 14.8005 17.396 18.6882 4.99185 18.189 11.2584 22.5958 3.46475 3.35228 12.6369 14.3656 11.1531 6.5247 6.16528 21.8228 19.136 7.45384 8.61004 0 6.52957 5.26575 19.8987 21.4661 13.2579 14.6939 3.13396 4.12538 22.9775 13.9621 18.0541 25.4931 9.00222 11.3967 8.83736 7.98608 24.7351 
19.1153 5.52241 14.4445 18.9841 10.4311 16.4123 9.80693 19.1848 18.375 7.08476 16.3758 20.1636 6.81916 8.58438 20.7213 12.5054 18.9766 20.1297 10.3629 23.1324 5.43909 25.6635 7.39826 3.46279 13.2677 14.5437 17.0991 3.98244 12.6918 26.1875 20.8149 13.9823 2.08069 6.52957 0 3.28077 23.2468 22.2759 9.88799 19.904 9.41589 2.44956 25.798 10.1849 12.396 22.0785 15.515 14.9169 2.82516 14.4026 22.4475 
17.4962 6.20719 11.8833 17.6312 7.81827 14.7985 11.9694 17.0762 16.8721 4.28659 15.1051 17.4802 9.61996 6.38905 17.5167 10.3914 15.7968 16.9781 7.72866 20.038 6.20124 22.3854 7.61579 3.84951 10.1736 11.5738 14.488 6.46111 10.9791 22.9719 17.6338 12.3407 4.84285 5.26575 3.28077 0 19.9669 19.2549 8.32005 16.9127 7.42793 3.03367 22.5287 8.90555 12.8244 20.7073 13.965 11.6689 4.1372 12.3164 20.4781 
20.6282 23.3676 13.6728 22.1423 15.5122 19.0573 30.0341 16.6339 20.2713 16.9145 21.5272 12.0143 29.0007 17.619 5.4384 16.9214 6.72672 6.78619 15.1204 6.76485 23.7074 2.81095 23.1238 22.2022 11.4131 11.4762 12.7564 25.6934 18.1115 5.02297 5.97121 18.4994 24.6093 19.8987 23.2468 19.9669 0 8.92405 19.1723 8.52115 17.5791 22.1515 3.52934 20.0886 26.5853 23.5673 19.1897 8.54993 23.231 16.3239 19.655 
12.7427 24.4607 18.4877 14.382 12.146 24.4304 26.2984 23.1425 26.1213 17.967 14.4958 19.2245 26.4248 14.3574 4.01376 11.7598 4.43469 3.20995 17.8744 15.2728 20.6433 8.63101 24.93 22.5913 9.10158 7.73852 18.7631 25.6945 22.2263 13.8567 3.42109 23.0798 22.9543 21.4661 22.2759 19.2549 8.92405 0 14.7722 15.776 20.2716 22.1194 7.82905 15.4106 21.2136 15.2137 24.2502 11.5845 21.1769 21.1654 10.9861 
9.26218 14.4884 17.0891 9.31193 3.80063 21.6349 11.5299 22.8944 23.7573 10.7199 6.79476 21.6781 11.9463 2.52521 14.8149 3.12949 13.0095 13.7459 13.4868 21.9492 6.20098 20.834 15.9314 12.0962 7.80907 7.83502 19.2222 13.8688 17.9566 23.4889 14.6395 19.3026 9.5651 13.2579 9.88799 8.32005 19.1723 14.7722 0 19.7898 14.4571 11.1343 20.5783 1.01168 7.51584 12.3928 20.9404 13.1231 7.64888 18.5672 12.5841 
24.6381 18.1217 6.53838 25.8476 16.0782 10.8966 28.6053 8.12694 11.8733 12.8227 24.4256 3.54186 26.5324 17.509 11.7659 18.7287 11.7926 12.7089 9.7782 3.59479 22.2919 11.1421 17.2834 17.7406 12.7499 13.9473 4.65628 21.1671 10.8887 7.7789 12.355 10.8755 21.7308 14.6939 19.904 16.9127 8.52115 15.776 19.7898 0 11.7203 18.0875 12.0112 20.8014 27.143 28.0273 11.1978 6.72873 20.9139 8.71855 24.9521 
22.7704 6.41629 5.41255 23.3116 12.1933 7.40188 19.1283 9.77889 9.50241 3.73788 21.0278 11.1217 16.2111 12.0001 17.2539 15.4046 15.9808 17.2876 2.50511 15.2668 13.6286 20.3455 5.64938 6.45706 12.0085 13.8187 8.02434 9.63944 3.59069 19.0651 17.6056 4.96184 11.4801 3.13396 9.41589 7.42793 17.5791 20.2716 14.4571 11.7203 0 7.12101 20.8268 15.2926 20.1325 26.2311 6.60662 9.33266 11.414 4.99099 24.9319 
20.3801 3.4251 12.3244 20.4214 10.8512 13.9814 12.2446 16.8411 15.9318 5.38063 17.8531 18.0741 9.11182 9.37201 20.1545 13.3814 18.4911 19.7118 8.36347 21.4358 7.64206 24.691 5.14788 1.08461 13.0178 14.5015 14.9839 3.62363 10.288 24.7277 20.3169 11.5614 4.51413 4.12538 2.44956 3.03367 22.1515 22.1194 11.1343 18.0875 7.12101 0 24.9192 11.6107 14.6036 23.5127 13.0794 13.6514 5.05732 12.0764 23.4609 
20.446 26.3966 17.1475 22.0537 17.1558 22.5841 31.8421 20.1358 23.7972 19.8329 21.8554 15.4681 31.1726 19.3729 5.78755 17.9782 7.5699 6.99275 18.3378 9.88932 25.66 1.05942 26.2851 25.0674 13.1557 12.7453 16.2857 28.5135 21.5556 6.87512 6.05967 21.9866 26.9961 22.9775 25.798 22.5287 3.52934 7.82905 20.5783 12.0112 20.8268 24.9192 0 21.4144 27.7421 23.037 22.7072 11.5856 25.4839 19.819 18.7999 
8.94603 15.0043 18.0533 8.82573 4.79571 22.5203 10.9136 23.8487 24.6437 11.556 6.24311 22.6808 11.6303 3.4775 15.6369 3.65461 13.8456 14.534 14.4033 22.9505 6.01373 21.6967 16.5165 12.6073 8.76267 8.69184 20.2089 14.1618 18.817 24.4489 15.4386 20.1697 9.65619 13.9621 10.1849 8.90555 20.0886 15.4106 1.01168 20.8014 15.2926 11.6107 21.4144 0 6.54138 11.9218 21.8116 14.1327 7.76639 19.485 12.4679 
11.2273 17.9077 23.7659 10.1162 11.3134 27.5339 7.00605 29.4078 29.6331 16.5649 8.00614 28.7731 9.80364 9.63598 21.9557 9.76444 20.207 20.7789 19.8146 29.4333 6.97079 28.0875 19.739 15.6879 15.3025 15.1288 26.115 15.8118 23.7211 30.9891 21.7032 25.0914 10.8256 18.0541 12.396 12.8244 26.5853 21.2136 7.51584 27.143 20.1325 14.6036 27.7421 6.54138 0 12.6824 26.7312 20.5545 9.58515 24.7973 15.2776 
3.52146 26.8805 27.5725 3.09642 14.0491 32.9134 19.6747 33.3205 34.986 22.5932 5.70467 30.8479 22.0273 14.4926 18.1289 10.8266 17.0597 16.7837 24.7369 28.881 17.3334 23.797 28.3071 24.4868 15.6613 14.1689 29.1147 26.0377 29.5043 28.5854 17.6054 30.7744 21.3309 25.4931 22.0785 20.7073 23.5673 15.2137 12.3928 28.0273 26.2311 23.5127 23.037 11.9218 12.6824 0 32.3485 21.6533 19.5224 29.6134 4.54545 
28.8422 11.039 5.78932 29.5279 18.3416 0.932033 25.3215 4.77917 2.90711 10.2881 27.3573 8.69383 22.0917 18.4428 20.6379 21.579 19.8159 21.062 7.61401 14.581 20.1391 21.9699 9.32988 12.1701 17.2613 19.0448 6.55676 14.5731 3.01731 18.9242 21.1172 1.64796 17.591 9.00222 15.515 13.965 19.1897 24.2502 20.9404 11.1978 6.60662 13.0794 22.7072 21.8116 26.7312 32.3485 0 12.6683 17.8071 3.08484 30.6039 
18.1922 14.8389 6.93012 19.3056 9.3736 12.8768 22.6428 12.066 14.6486 8.36834 17.7591 9.2025 21.066 10.9344 8.10811 12.0095 7.14982 8.40858 6.82756 8.93362 16.2412 11.2051 14.7044 13.6612 6.09567 7.48589 7.67208 17.1612 10.7209 11.3364 8.53706 11.5085 16.4524 11.3967 14.9169 11.6689 8.54993 11.5845 13.1231 6.72873 9.33266 13.6514 11.5856 14.1327 20.5545 21.6533 12.6683 0 15.2847 9.58363 18.9782 
16.698 8.32263 16.0204 16.4414 9.04507 18.6754 7.83226 21.1494 20.7024 8.42322 13.8229 21.6059 5.79169 6.9151 20.1069 10.5415 18.3009 19.355 11.8658 23.9252 2.61752 25.4655 10.1632 6.13474 12.4896 13.4847 18.6236 6.57764 14.8812 26.6151 20.1199 16.2186 1.9196 8.83736 2.82516 4.1372 23.231 21.1769 7.64888 20.9139 11.414 5.05732 25.4839 7.76639 9.58515 19.5224 17.8071 15.2847 0 16.3701 20.2072 
26.0954 10.8073 2.73094 26.8608 15.7092 3.37977 24.1143 4.7888 5.38178 8.24087 24.782 6.92175 21.1841 16.0442 17.5658 18.9302 16.7311 17.9781 5.08177 12.2576 18.5022 19.1242 9.456 11.336 14.3223 16.0847 4.1384 14.267 2.32837 16.495 18.0404 2.19093 16.4699 7.98608 14.4026 12.3164 16.3239 21.1654 18.5672 8.71855 4.99099 12.0764 19.819 19.485 24.7973 29.6134 3.08484 9.58363 16.3701 0 27.6979 
4.05035 26.6607 25.4121 5.35816 12.9666 31.0666 21.9955 30.9723 33.065 21.514 7.29854 28.016 23.7277 14.0921 14.2609 10.0868 13.4514 12.9573 23.1116 25.3914 18.4168 19.6171 27.8503 24.3273 13.3818 11.6595 26.6274 26.4173 27.9293 24.671 13.6989 29.1114 22.1117 24.7351 22.4475 20.4781 19.655 10.9861 12.5841 24.9521 24.9319 23.4609 18.7999 12.4679 15.2776 4.54545 30.6039 18.9782 20.2072 27.6979 0 
