20
6.10826 11.1114 0.866874 0
17.0336 19.5627 22.1936 0
14.6726 19.4279 1.80908 0
8.69574 14.2311 8.71485 0
11.3606 19.0318 1.23972 0
15.0989 15.8531 0.330321 0
9.70751 17.3732 0.65444 0
11.1651 16.4639 1.67037 0
2.77833 20.8121 0.37419 0
0.750829 19.078 1.99664 0
15.761 22.5653 0.919869 1
18.3971 19.3509 2.13935 1
6.35305 13.9986 14.4987 0
13.6231 17.5429 11.3701 0
9.00525 17.9542 25.3179 0
9.37204 16.6944 1.70395 0
16.8861 20.5547 22.5027 0
17.3564 19.5249 1.8162 0
2.8422 11.0278 0.417781 0
4.6808 14.9158 0.733784 0
400 50 500
0.025 0.0125 10000 3000 15 1e+06 300000 2 2
0 5.36146 6.17831 10.5914 8.98908 10.3707 10.9196 4.81272 11.0668 15.9653 8.7794 14.3298 14.7328 16.7657 16.955 10.2476 9.77132 10.775 15.0347 12.4863 19.2477 
5.36146 0 3.98536 6.38439 4.67175 5.17516 7.04768 5.86606 5.73244 10.7921 4.34317 10.0683 9.4391 11.4349 14.3675 5.44106 6.18434 12.3075 11.0037 10.5618 16.903 
6.17831 3.98536 0 4.70102 8.39369 5.85805 10.8106 9.02643 7.01995 10.8416 3.39967 8.29471 10.07 12.1921 11.0318 4.99941 10.0663 8.6832 8.9072 6.83836 13.462 
10.5914 6.38439 4.70102 0 8.79429 3.30833 10.9247 12.2501 4.52319 6.43773 2.04223 3.76663 6.12918 8.15537 8.56904 1.76594 10.6595 11.5073 4.62578 6.02271 11.1527 
8.98908 4.67175 8.39369 8.79429 0 5.88794 2.41689 6.59822 5.35111 10.3089 7.08843 11.7233 8.52431 9.9828 17.3617 7.15713 1.86673 16.9458 12.861 14.2513 19.946 
10.3707 5.17516 5.85805 3.30833 5.88794 0 7.80226 10.6627 1.29741 5.62166 2.61986 5.83645 4.40133 6.49532 11.7132 1.54799 7.70502 14.0545 6.97389 9.3018 14.2792 
10.9196 7.04768 10.8106 10.9247 2.41689 7.80226 0 7.66638 6.98528 11.3625 9.35408 13.5382 9.51173 10.5653 19.4746 9.21318 1.20144 19.3462 14.7061 16.5596 22.052 
4.81272 5.86606 9.02643 12.2501 6.59822 10.6627 7.66638 0 10.81 16.0735 10.2092 15.9219 14.472 16.2215 19.9899 11.2274 6.47328 15.4496 16.8694 15.8603 22.4647 
11.0668 5.73244 7.01995 4.52319 5.35111 1.29741 6.98528 10.81 0 5.26376 3.89167 6.5601 3.7322 5.70306 12.7397 2.79976 7.0624 15.3303 7.73396 10.543 15.2826 
15.9653 10.7921 10.8416 6.43773 10.3089 5.62166 11.3625 16.0735 5.26376 0 7.48021 4.95922 1.85311 2.25729 11.404 5.87902 11.7827 17.7815 5.85691 11.2337 13.5871 
8.7794 4.34317 3.39967 2.04223 7.08843 2.61986 9.35408 10.2092 3.89167 7.48021 0 5.75314 6.6738 8.79495 10.3721 1.60635 8.94816 11.439 6.66153 7.21459 12.9513 
14.3298 10.0683 8.29471 3.76663 11.7233 5.83645 13.5382 15.9219 6.5601 4.95922 5.75314 0 5.80213 7.1885 6.64607 4.76883 13.5277 13.4678 1.18201 6.43466 9.03339 
14.7328 9.4391 10.07 6.12918 8.52431 4.40133 9.51173 14.472 3.7322 1.85311 6.6738 5.80213 0 2.12253 12.441 5.09631 9.95212 17.6363 6.87512 11.6029 14.7677 
16.7657 11.4349 12.1921 8.15537 9.9828 6.49532 10.5653 16.2215 5.70306 2.25729 8.79495 7.1885 2.12253 0 13.6606 7.21231 11.1923 19.6477 8.11237 13.3552 15.8262 
16.955 14.3675 11.0318 8.56904 17.3617 11.7132 19.4746 19.9899 12.7397 11.404 10.3721 6.64607 12.441 13.6606 0 10.2616 19.2276 11.2018 5.57948 4.58588 2.58457 
10.2476 5.44106 4.99941 1.76594 7.15713 1.54799 9.21318 11.2274 2.79976 5.87902 1.60635 4.76883 5.09631 7.21231 10.2616 0 9.01166 12.7614 5.82684 7.75567 12.839 
9.77132 6.18434 10.0663 10.6595 1.86673 7.70502 1.20144 6.47328 7.0624 11.7827 8.94816 13.5277 9.95212 11.1923 19.2276 9.01166 0 18.4836 14.6759 16.0904 21.8118 
10.775 12.3075 8.6832 11.5073 16.9458 14.0545 19.3462 15.4496 15.3303 17.7815 11.439 13.4678 17.6363 19.6477 11.2018 12.7614 18.4836 0 13.2981 7.4415 12.402 
15.0347 11.0037 8.9072 4.62578 12.861 6.97389 14.7061 16.8694 7.73396 5.85691 6.66153 1.18201 6.87512 8.11237 5.57948 5.82684 14.6759 13.2981 0 6.01597 7.90331 
12.4863 10.5618 6.83836 6.02271 14.2513 9.3018 16.5596 15.8603 10.543 11.2337 7.21459 6.43466 11.6029 13.3552 4.58588 7.75567 16.0904 7.4415 6.01597 0 6.76186 
19.2477 16.903 13.462 11.1527 19.946 14.2792 22.052 22.4647 15.2826 13.5871 12.9513 9.03339 14.7677 15.8262 2.58457 12.839 21.8118 12.402 7.90331 6.76186 0 
