200
16.3284 23.8679 0.479067 0
6.25399 19.4383 9.48183 0
4.01279 6.45781 2.2436 1
8.00659 14.7302 1.46748 0
17.4859 17.5954 1.09027 0
17.8789 20.9605 2.16626 0
1.11326 11.2892 1.91532 0
4.75344 13.3355 1.62029 0
15.98 18.7841 1.28032 0
12.5438 18.0275 1.5461 0
8.61407 17.8844 1.01209 1
0.478314 2.64542 0.619396 0
3.92052 12.889 0.310576 0
3.68895 4.31514 1.19306 0
11.8124 22.3962 1.04843 0
10.5967 17.4606 0.355342 0
17.8746 22.4241 1.30163 0
3.91282 19.3222 0.768119 0
0.446339 3.40367 0.509923 1
11.7191 14.8615 2.25573 0
12.556 23.9315 1.93157 0
11.2372 16.0496 20.9453 0
17.4249 23.7538 0.878615 1
5.51006 17.748 18.8485 1
3.98326 22.0526 2.20133 0
17.4069 22.5142 12.1334 0
16.1472 22.7307 1.40361 0
8.71475 20.5877 3.57951 0
8.38303 13.5112 1.2117 0
15.7746 18.8625 1.39144 0
8.65339 22.735 13.0167 0
6.32004 7.31514 21.7821 0
6.57279 23.361 1.24825 0
16.1321 23.5956 0.975578 1
5.71714 22.9179 1.31501 1
2.51707 3.02769 6.29732 0
5.56039 14.639 1.37893 0
7.29256 22.7365 0.31487 1
18.5783 20.1787 0.951573 1
10.7372 16.9795 17.8229 0
18.5135 21.3664 6.00581 0
7.86543 11.758 1.38191 0
15.8896 17.6425 2.03179 0
3.0779 18.6546 1.44954 0
1.65212 9.99402 2.1433 0
2.86678 15.0127 0.608508 0
16.2003 21.3822 0.527588 0
8.40445 8.76809 0.459207 0
7.95528 20.9241 1.3863 0
4.81927 18.0069 1.23494 0
11.175 17.6557 1.39799 0
10.3637 22.6991 0.317852 1
14.9897 21.3685 17.5417 0
17.1177 19.8487 1.14018 1
13.382 21.4366 1.89675 0
7.40713 13.2659 1.43756 1
5.85181 8.2446 2.18676 0
2.84166 12.0522 2.0849 0
4.55484 13.2093 28.3443 0
14.3464 16.6342 1.66006 0
15.3838 16.2286 21.6205 0
5.33273 23.1979 1.68363 1
0.490761 3.6636 2.13103 1
11.9235 20.414 1.95182 0
12.0693 23.4826 1.67074 0
15.6499 17.0815 14.006 0
7.86427 14.9044 1.03573 0
1.41352 2.70329 0.202911 0
2.03252 17.3649 16.2425 1
3.02795 10.859 1.56031 0
12.6716 15.6479 1.96982 0
8.57733 13.1668 21.181 0
9.20507 16.2585 0.494926 0
15.4034 17.4825 22.3763 0
5.39671 23.0846 1.55611 0
4.55481 6.92449 2.03173 1
18.0415 22.5815 0.306376 0
4.0849 7.17096 2.12946 0
8.1555 10.7231 1.49518 0
15.694 23.4385 0.868764 0
5.43352 5.73575 1.32982 0
14.6537 17.9015 1.97473 0
2.50201 22.4777 0.490751 0
16.0994 22.3139 2.20847 0
9.21859 19.8634 1.17008 0
9.95071 23.9925 1.30842 0
8.51017 9.86879 1.44609 0
18.3365 22.6063 1.63255 0
17.5122 23.3429 0.363079 0
1.03851 5.28788 1.94316 1
8.755 15.9448 0.607572 0
7.18591 7.34546 1.02819 0
1.1286 3.84186 1.99308 0
17.1688 20.5136 1.35674 1
5.49256 21.9581 1.91603 1
17.0959 22.0882 1.55192 0
2.15204 10.7575 1.47846 0
12.1129 13.7773 8.02109 0
16.3079 19.5919 9.74102 0
7.06214 11.2578 0.418927 0
4.30601 8.94967 1.79648 0
11.4144 14.0926 0.279475 0
7.66026 13.5043 1.02095 1
10.8233 23.0289 0.83176 0
10.9534 21.2038 0.416815 0
10.6662 18.4749 2.19552 0
3.18172 14.3247 0.562174 0
8.81811 12.7855 1.99265 0
4.90069 5.13674 14.0502 0
13.3789 17.3827 2.14828 0
12.6924 12.8718 0.744683 1
4.59555 15.1723 2.15329 0
7.80948 23.5237 0.8018 0
2.1162 15.6052 0.918186 0
3.7134 20.2879 0.936125 0
18.6517 23.2676 20.1947 0
3.99455 11.5458 22.2618 0
0.991594 23.438 1.24362 1
11.9415 14.7433 1.95984 0
8.16974 16.417 0.60643 1
12.7397 21.1974 1.07053 0
18.049 20.1585 27.4612 0
2.37553 7.74269 0.871687 0
9.70681 15.6682 1.65089 0
2.64121 23.5091 0.798289 1
8.93418 20.738 0.366196 1
3.36216 15.93 16.9863 0
1.18941 6.42654 0.574195 0
13.4141 17.0164 0.346446 0
11.1785 13.2202 1.00637 0
7.10349 8.11804 2.14399 0
4.622 23.8243 1.87804 0
16.5557 18.9503 1.87779 0
5.1269 18.1336 0.84158 0
6.75793 22.1902 0.528267 0
6.57881 19.3991 0.760063 0
14.4196 20.3285 0.591936 0
11.662 22.3928 0.686221 0
2.04595 11.3734 13.3506 0
4.54935 18.4498 2.08371 0
7.93522 22.3275 1.56181 0
1.1576 22.7232 0.358015 0
8.77893 17.2077 1.72866 0
4.99898 15.7423 0.734392 0
5.06525 17.7968 1.98163 1
1.87001 4.21615 1.43302 0
13.8936 18.8046 19.3835 1
0.112074 3.2294 1.38546 0
11.582 14.6848 1.39285 1
14.4962 20.7965 2.2244 0
17.1167 23.7761 4.66746 0
11.8959 19.2663 1.63472 0
5.49157 13.9154 1.38334 0
2.20053 5.86502 1.18707 0
11.431 20.7877 1.18556 0
5.75073 10.3424 0.810021 0
14.9455 17.4927 0.98992 0
8.80193 15.0492 1.08609 0
17.3864 21.4957 2.11662 0
2.97853 20.2836 15.9866 0
15.5133 23.131 1.54256 0
1.51877 10.9388 1.19676 0
17.7277 20.6001 1.76336 0
8.8026 11.4284 2.25442 1
13.9894 21.5668 0.373139 0
18.744 23.6076 0.480678 0
0.552269 16.7222 1.01806 0
18.7798 20.103 1.95334 0
2.94392 8.58957 0.390541 0
14.2506 18.6725 0.875712 0
2.23395 22.6934 1.81994 0
9.48613 17.3274 1.22072 0
9.66637 12.9621 1.43808 0
6.88681 8.28502 0.959185 0
1.12072 19.0247 1.58068 0
6.78569 7.35099 0.904611 0
8.61556 21.255 0.60322 0
0.944985 13.3558 20.5577 0
4.2893 10.3822 1.49191 0
5.28809 17.3161 1.76826 0
8.2671 10.2605 1.37212 0
16.8193 20.1815 1.65697 0
1.34963 8.15036 3.02097 0
16.6993 17.014 14.0925 0
17.8898 18.5365 1.67423 0
17.0051 18.8754 1.51698 0
1.65033 22.2812 12.552 0
0.13877 19.3312 0.320977 0
3.55645 12.088 2.18246 0
12.7732 15.5607 1.68769 0
4.71574 7.22326 1.80245 0
5.58701 14.8982 1.01656 0
13.9875 21.8191 1.42999 0
10.0569 17.3423 0.215844 0
5.18217 16.7022 1.44022 0
1.66408 5.21343 18.8854 0
18.872 21.7289 18.0055 0
16.4262 17.2826 1.07006 0
3.93366 10.0333 17.7754 0
11.0262 14.2732 0.641638 0
400 50 500
0.025 0.0125 10000 3000 15 1e+06 300000 8 12
0 51.7749 15.4384 35.497 57.7684 15.1183 33.9223 49.9252 42.8613 29.4366 53.3302 9.27872 15.4385 19.4808 17.8205 34.8012 70.7984 13.7709 18.9287 15.7882 18.071 22.4934 48.7703 18.2431 10.3339 3.47586 51.3042 26.2208 30.0554 40.2151 59.1156 23.2604 21.3525 37.341 50.9357 31.2361 34.0582 62.691 46.2909 14.6089 2.96756 17.5567 33.4591 10.7815 47.3038 9.29949 12.5158 33.5717 42.4537 26.7841 48.0501 53.1112 45.4823 6.53516 14.7738 17.8541 69.8724 32.5731 38.965 19.8415 32.3131 20.5597 34.0872 58.3284 21.0256 25.6857 14.1507 15.0594 40.9068 44.9697 39.2726 31.5896 43.1645 21.2921 35.3992 59.038 38.9663 51.5894 6.9309 52.5997 29.1655 45.7602 17.0667 38.6406 41.2338 37.606 3.65544 41.5263 43.2577 21.0109 22.8407 48.8493 41.531 25.2574 25.5865 45.8005 29.6644 11.614 38.0651 10.1371 3.27719 13.7991 21.2737 30.8047 13.8728 16.4639 27.646 57.3472 54.2197 32.6269 50.3525 9.59692 52.1733 41.5322 38.9658 19.1527 41.4652 24.1624 62.1983 34.5802 61.4074 52.1642 49.0024 22.1055 31.554 39.2506 47.3531 45.3439 34.3833 57.5649 42.7382 33.9498 23.9868 52.3889 8.19808 18.0117 37.2308 45.9559 49.8355 30.6874 33.1021 29.9252 18.3251 50.8537 43.0236 27.2436 40.1561 65.7441 48.5928 59.0986 49.376 26.0946 33.7746 54.6509 45.4218 43.1922 32.0763 32.904 24.277 37.5773 46.3439 42.9856 36.3072 55.8822 64.4644 45.7165 30.2667 34.0156 43.4693 15.5593 31.1625 46.5017 11.5892 56.3989 36.8784 12.6375 25.5685 67.1325 21.2786 12.4713 39.7413 53.1993 27.1899 45.1457 15.0845 37.3568 38.7234 52.9203 10.4226 41.3963 23.3165 52.0854 41.4146 22.6841 35.7706 16.3263 46.8697 16.3154 22.9304 39.8488 6.95314 
51.7749 0 47.002 41.2113 62.7479 47.0486 55.4475 2.35846 18.0531 55.4044 21.8335 47.4903 37.3635 65.2441 34.683 57.9441 21.8536 62.8543 36.1139 43.3592 44.6906 72.8078 24.5133 70.0175 51.7866 48.428 27.504 31.5435 36.7626 13.6818 17.3407 36.0831 73.0382 17.8775 1.56928 22.3782 35.2389 14.6129 64.2979 43.7512 51.5472 48.3661 57.9989 62.2621 59.1523 43.0889 39.4471 41.198 40.0883 42.5328 32.9588 64.9847 16.68 47.6779 60.022 68.6206 24.0249 19.9939 43.5333 71.5059 25.328 71.611 65.7459 7.05823 69.8416 35.4201 42.3681 48.2551 12.6182 7.86391 50.8295 36.92 39.4658 57.4663 25.2234 25.7924 63.1274 64.3113 50.9361 7.03262 50.6816 23.6805 67.138 30.0609 15.0698 36.143 51.5101 39.2762 19.8156 68.9496 29.568 10.4148 10.3168 75.3347 51.8517 12.4837 39.8032 59.346 52.4431 43.1532 54.589 58.1115 70.0656 30.7535 48.4394 38.3248 48.3898 62.8031 32.4443 19.1761 5.63199 49.375 38.9714 59.151 39.9569 60.3779 10.4778 58.9402 24.264 39.001 20.2546 8.34584 47.8206 39.9762 22.3661 35.2065 61.1729 13.5468 36.6016 5.81853 38.7538 46.6644 44.6525 3.40382 44.0866 34.6428 46.2031 33.9754 14.4862 41.0145 24.2604 42.2975 63.1074 33.3694 29.3692 67.3158 16.2692 25.2658 17.917 23.3595 52.6241 27.2683 18.5566 65.205 36.2289 13.3015 51.3186 64.9725 41.1913 27.6178 41.6427 62.8016 35.2386 45.1736 18.8756 57.0484 45.2791 20.5047 18.6668 41.3181 45.9863 26.9536 40.9979 18.6714 67.5747 51.1364 26.2068 17.4639 52.0757 46.632 14.5721 32.2936 33.2163 11.9777 37.6527 14.5248 68.1253 30.0429 48.1254 30.4931 45.5793 59.2663 28.1832 74.2874 32.4824 65.343 22.7694 65.4762 55.026 14.8399 52.8296 
15.4384 47.002 0 44.4938 42.4455 27.3774 19.2974 45.6779 33.6275 15.4041 42.6134 21.7729 12.0493 18.5036 20.7903 20.6531 62.8402 28.63 24.7138 26.1428 29.1905 27.626 37.3204 28.5852 6.82998 13.3912 39.2089 31.0505 37.7554 38.5909 49.9551 30.2309 32.3933 37.1694 45.8077 24.6273 20.4269 55.0171 31.9772 3.75668 18.0143 30.2366 19.5389 20.5342 32.1792 10.977 16.6598 42.7091 27.7772 36.7793 34.7269 38.2196 45.9403 9.29823 13.6695 31.1704 60.7636 31.2874 48.3389 31.1432 22.9569 27.4477 23.0111 52.5821 23.845 13.454 23.616 27.8453 38.9054 39.302 23.8601 39.3324 50.9385 11.2532 38.5046 47.7802 25.5313 36.7381 8.95791 49.8474 41.5493 34.5753 22.3431 26.1239 33.5343 23.6041 18.6243 26.953 44.7575 22.6147 18.449 47.2803 37.7405 29.754 38.6507 37.9557 15.1124 26.9591 22.7628 9.20276 15.4786 11.7767 24.038 19.2702 26.7983 23.1907 12.2798 42.0411 41.2451 29.6395 44.0328 6.01062 37.9848 26.8329 24.2547 34.4901 36.6529 13.5558 51.6325 42.9292 51.7619 49.8427 33.7348 8.61565 31.9141 46.0667 32.4467 37.2189 41.9244 52.4037 50.3486 18.5244 34.9024 48.5731 16.4835 14.08 21.8478 51.8473 40.9908 39.9449 23.9888 14.8624 16.3002 37.5451 30.4707 20.838 39.9102 55.4296 49.3947 48.4106 33.941 19.8487 31.9275 39.6701 31.4279 42.1991 44.3213 21.8997 33.8126 25.9172 54.3736 28.8057 22.5528 41.0906 55.7483 30.4864 40.9634 26.7369 44.5663 24.5368 42.0004 34.4718 18.0922 46.6298 25.6393 26.6949 23.3348 59.7716 7.58179 3.15751 32.9158 40.1996 15.6016 37.6084 19.8347 32.8764 27.104 40.352 5.0164 46.5594 7.90587 36.7649 29.2349 33.9525 22.7884 31.0057 49.2769 30.9319 37.0556 32.8172 22.0579 
35.497 41.2113 44.4938 0 82.3036 20.8751 62.9096 38.8644 46.2195 59.6852 56.65 26.2747 33.5485 54.975 24.3913 64.6823 62.9236 37.3624 19.9274 19.733 17.5616 56.401 55.3418 48.9011 43.6023 34.3198 58.9122 15.4396 7.1868 28.2197 56.8548 14.4192 50.0504 24.1545 41.5119 36.0805 51.2663 55.8011 75.4427 41.1062 33.0047 19.3431 63.7519 44.5211 73.8306 33.7061 27.834 1.92963 60.5458 8.82775 60.1059 80.3244 25.5855 37.2687 50.1055 43.7164 65.1474 25.9862 3.90748 48.6647 41.4814 53.7301 67.2491 47.9107 56.0005 44.0907 21.717 21.4032 29.3118 39.3404 64.3314 5.85613 8.21812 54.5719 16.2572 62.4001 69.8417 79.0203 40.4347 37.068 12.3674 52.6204 51.66 51.362 41.9519 54.6314 32.4335 59.418 22.098 56.2646 32.1664 32.0782 33.5433 59.1586 15.7613 44.7289 50.9012 34.0829 64.3276 35.3681 38.5807 48.8673 56.2443 44.9786 22.4977 21.3062 54.7532 82.0633 63.7407 29.4217 43.9205 41.4776 66.3158 69.9255 58.0091 29.1499 35.7652 57.3231 62.9388 2.34971 59.8504 35.8026 69.2311 44.6752 22.5949 7.28751 74.7923 45.1075 4.72464 45.9887 8.05173 58.3516 12.0567 39.3837 29.0384 32.9372 60.4195 13.5636 49.5566 4.80964 41.3145 52.7578 53.7323 62.1916 54.307 62.2509 25.0581 65.0618 26.4741 60.8692 71.9892 34.7758 27.2384 81.4325 60.2969 27.9121 11.4806 66.0945 11.2355 48.7131 10.997 72.5298 53.0441 72.0924 59.8012 71.7789 6.95669 38.1014 23.1451 20.4756 6.84987 55.2979 26.5872 56.4118 69.9623 25.0037 28.2928 58.4771 52.0712 41.7294 39.3685 63.025 43.5857 43.6557 24.7052 33.5103 71.5277 61.4923 41.2031 12.3837 49.7824 77.021 52.2845 50.5844 50.7239 38.8281 21.7795 39.0904 20.6126 39.8567 30.7347 
57.7684 62.7479 42.4455 82.3036 0 69.0139 24.6154 63.0871 44.9658 29.4804 43.3596 63.8415 49.7596 49.8222 58.3476 24.756 64.7494 70.1404 63.0621 67.0076 70.1409 60.346 38.7809 66.2335 47.8442 55.8225 36.6514 66.9606 75.1169 63.6842 52.4605 68.2279 69.9776 65.0967 61.1805 48.4286 31.5379 60.2582 15.8201 44.3253 60.4411 71.8999 26.3029 59.7943 10.9435 52.3668 56.5769 80.8397 23.3523 76.2623 30.0557 8.14119 72.2435 51.7363 49.0672 71.1061 59.4753 59.8245 86.1779 69.1961 42.7221 62.1094 32.0503 64.0072 55.7917 38.2241 64.3843 69.6711 63.2337 56.2219 18.713 76.5091 86.7209 39.4486 70.6069 43.5645 23.6117 9.30299 50.9472 69.0653 82.5153 39.1015 57.5269 33.9006 48.9027 28.7378 61.0609 24.3726 73.0341 53.9145 50.1901 69.6115 59.2662 60.8554 80.1791 50.3129 31.4685 69.0243 19.7036 50.5572 57.2114 48.2284 55.8173 37.9624 68.7266 62.5513 30.1657 0.591681 33.0048 56.3938 57.2661 48.1723 24.9714 17.6764 24.8994 76.9039 56.661 37.3382 48.3759 80.2519 51.847 69.9473 14.9514 38.4025 62.4736 81.3018 11.9486 49.2629 78.5367 65.3615 85.999 24.5581 75.2371 65.9208 58.109 49.6948 21.9904 85.1234 48.865 78.477 43.336 29.8493 48.3675 30.4135 33.4805 42.3778 66.8154 51.5943 75.4188 46.1623 10.6288 47.9843 59.3514 6.54096 26.5243 67.1327 85.0636 32.6455 73.2606 36.7584 90.1186 18.4968 30.1936 20.0249 57.4592 12.1451 80.6521 47.6963 72.2618 64.914 81.731 35.9002 58.6669 48.604 30.7318 68.9776 54.5436 64.4213 36.9322 45.561 50.686 32.5958 38.776 50.9521 58.9507 55.4175 29.1326 34.8031 47.4076 79.6687 34.8309 5.68336 34.9185 71.5165 32.947 72.2399 77.9416 72.1071 79.1869 50.1878 64.498 
15.1183 47.0486 27.3774 20.8751 69.0139 0 46.6729 44.8517 43.6266 42.669 54.8033 5.96035 19.9115 34.4695 14.1977 47.9858 68.1477 17.7462 11.0945 3.71236 3.4641 35.5589 51.4706 28.4697 24.4993 14.8372 54.6273 16.2203 16.5828 33.7386 58.4046 11.8318 30.1161 29.9123 46.6316 31.3149 40.9265 60.1431 59.3537 24.8259 12.3789 2.88828 46.8037 23.647 59.2321 16.7019 12.957 18.9517 50.2741 12.0473 53.2741 65.4426 36.4677 18.5752 29.8909 24.1844 68.5365 27.1388 24.1125 28.64 34.823 32.9552 48.6574 54.0677 35.1479 32.3945 5.52602 1.21017 34.6939 41.8098 50.3164 17.9335 28.8843 35.7608 25.1999 60.8112 52.6612 63.9913 21.0623 45.8766 14.3342 48.4015 30.788 43.595 40.6005 44.6317 11.7559 49.2036 33.5429 35.4705 23.6077 41.3494 36.9579 38.3268 11.2787 44.7657 38.3048 14.1601 49.6433 18.5321 17.9849 28.8824 35.3907 35.7807 1.75124 9.33776 39.2519 68.6644 58.5632 28.8538 47.2931 22.8468 58.558 54.1809 47.0728 13.354 37.9022 38.6235 62.9452 20.3276 61.1113 45.0765 58.0945 30.8027 24.7269 25.6863 59.6876 44.652 20.6467 52.7763 28.5548 44.4699 8.97547 46.6858 10.9691 21.0173 47.2941 32.6505 49.4671 16.1314 35.217 39.4262 33.4209 55.8806 47.5872 42.3464 32.3857 66.0084 39.0101 60.1658 59.579 27.2904 28.629 66.8199 51.8462 35.7387 17.1996 47.475 10.045 41.6551 31.8638 56.1676 43.1006 63.3494 62.9499 57.4018 15.195 34.1407 34.0871 6.02558 16.0632 50.1032 10.6345 56.5537 51.4415 4.67114 23.1498 64.0169 34.531 24.2563 38.4315 57.6366 32.9524 43.8638 11.8523 34.1029 53.1962 56.7685 23.0116 28.8507 34.3397 63.4009 45.6667 30.8913 41.6207 19.7795 36.0762 19.9904 10.5748 38.731 9.8645 
33.9223 55.4475 19.2974 62.9096 24.6154 46.6729 0 54.8529 38.2479 4.86848 43.0069 41.0491 29.3776 25.6938 38.5723 2.50846 65.6845 45.6983 42.9871 45.3161 48.4 36.4708 37.1758 41.7172 23.6921 32.4598 37.3056 48.4476 55.9124 51.123 52.1065 48.4918 45.501 51.03 53.978 35.0212 20.4558 58.9242 12.7013 22.1007 36.7488 49.5339 3.09739 35.1811 13.7303 30.1332 35.3756 61.2145 20.4883 55.661 30.5653 19.2031 59.4567 28.4008 24.4802 46.4912 61.9763 45.0781 66.806 44.665 30.463 37.9271 11.9621 59.3035 31.8804 21.45 42.7454 47.1401 51.0732 47.693 8.97447 57.4457 68.7026 14.8779 54.4289 46.4019 7.80873 17.6727 26.9951 60.1721 60.802 35.5428 33.1536 26.5882 40.3993 20.7897 37.4046 20.4454 59.1496 30.0336 32.8151 58.9658 48.3862 37.3609 57.9477 43.7849 15.7214 44.8111 6.52242 28.31 32.9844 23.613 31.9404 24.8541 46.0857 41.8396 8.31774 24.1241 36.8369 42.3434 50.9767 24.432 30.3609 7.61205 18.1339 53.0264 46.4064 12.9986 51.1537 61.1519 52.908 60.5939 21.1618 18.7757 46.7851 63.5409 13.4712 42.7825 59.8652 59.8558 68.0544 9.24217 54.0052 57.9137 35.7532 30.3257 11.3845 68.6401 44.8451 58.5546 31.4707 13.2014 24.0418 32.8514 29.4451 19.7417 53.4203 55.0321 62.9248 48.0694 18.7513 32.1576 45.183 20.7854 25.9083 54.8706 63.5468 11.7454 52.6538 28.3675 72.1695 9.63343 21.08 30.4905 58.0179 12.5479 59.9376 35.7637 58.6787 43.5635 60.9928 33.6698 37.0934 48.1668 12.8452 45.8621 37.9171 63.7191 12.6611 22.434 41.0314 35.8938 23.2203 43.9208 38.299 43.6081 12.9171 37.1282 23.9155 63.1688 13.1573 19.079 29.4602 47.0556 23.45 47.7258 64.0115 47.5834 56.2687 40.6968 40.826 
49.9252 2.35846 45.6779 38.8644 63.0871 44.8517 54.8529 0 18.1577 54.6107 23.0885 45.4216 35.7271 63.8006 32.6774 57.3376 24.2099 60.8087 33.9624 41.1711 42.4489 71.1589 25.2918 68.1655 50.2703 46.6082 28.4387 29.2576 34.4072 11.3624 19.3016 33.8062 71.1366 15.5435 2.93279 21.1276 34.8383 16.9449 64.0519 42.3489 49.6154 46.125 57.3315 60.4759 59.0952 41.3538 37.5343 38.8426 40.1885 40.1902 33.538 65.0347 14.5105 45.993 58.5389 66.6286 26.3386 17.8801 41.2109 69.6008 24.5121 69.8937 64.9162 9.36157 68.2795 34.4619 40.2351 46.0562 10.3105 7.20633 50.5769 34.5616 37.216 56.2955 22.865 27.3836 62.5819 64.3103 49.303 6.01345 48.3307 24.1871 65.4843 29.961 14.7129 35.9773 49.5601 39.3314 17.5685 67.4307 27.9613 8.46868 8.39491 73.7126 49.5232 12.8122 39.1514 57.2827 52.1005 41.4889 52.7861 56.636 68.5061 30.0409 46.2624 36.2064 47.6091 63.1204 33.4682 17.2989 6.80502 47.8314 39.6884 58.823 39.85 58.1661 9.02563 57.8572 26.1469 36.6499 22.2583 7.08475 48.1372 38.8965 20.1389 32.9008 61.0634 13.8457 34.2493 7.92511 36.4988 46.2096 42.3316 3.06078 42.1548 33.0191 45.9237 31.8203 15.517 38.6565 23.4642 41.6626 61.6835 34.1361 29.6159 66.1457 13.9108 27.3352 15.9728 25.0512 52.84 25.857 16.474 65.3204 36.5738 10.9609 48.9608 64.1128 38.8721 27.4004 39.4461 62.4458 34.9882 45.9398 21.1362 56.9703 42.9221 19.4801 16.4171 39.1617 43.6282 27.503 39.0231 20.326 66.8146 48.9815 24.3725 19.8151 50.9804 45.1786 13.8224 33.2504 32.3002 12.135 35.6439 12.9142 67.4301 31.0389 46.6042 28.228 44.6065 59.4357 28.2999 72.3671 32.1823 63.2819 20.7022 63.4198 52.7305 14.1603 50.8007 
42.8613 18.0531 33.6275 46.2195 44.9658 43.6266 38.2479 18.1577 0 38.8756 11.1895 41.7685 27.4309 52.0621 29.4457 40.7559 29.2415 55.8983 32.9739 40.0799 42.4562 61.0774 9.19302 60.3544 39.6442 39.3949 12.792 32.0617 39.8094 20.5287 16.4471 35.6779 63.8498 23.3611 16.4922 12.3431 17.7926 21.5734 46.3749 31.1585 43.6319 45.8185 40.994 52.1561 41.1062 33.5619 32.3284 45.4483 22.0541 43.9372 15.9604 46.9387 28.5059 37.2878 47.2872 60.6956 27.2918 20.2334 49.5501 62.402 10.8146 60.5309 49.2241 21.0694 57.4544 20.4224 38.1578 44.7791 19.7691 11.2821 32.9439 40.659 47.6454 42.7093 30.7808 17.2067 45.7396 46.2583 39.855 24.1083 52.0937 6.84709 55.5973 12.0909 4.5536 18.2108 43.8292 21.2265 30.1452 56.2415 20.617 24.8726 15.216 63.3183 51.8175 5.66086 23.0686 52.8116 34.6866 32.9044 44.9988 45.382 57.6516 14.7874 44.5117 34.315 31.9394 44.9875 17.816 16.8553 12.9563 37.5881 22.3801 41.3458 21.9518 56.4437 12.4479 43.6632 19.535 43.8748 18.5678 24.9832 30.0153 25.3861 23.6264 42.3993 43.1456 4.60931 41.5914 21.7575 46.8783 29.1814 44.8057 21.0652 36.7348 24.9491 28.374 44.0318 7.36546 44.1185 9.88371 25.4304 49.8396 17.1834 11.4872 52.3487 24.0868 22.9311 31.3197 16.6035 34.6826 17.0042 19.0184 47.1853 18.5027 23.3752 53.6616 48.5747 41.59 9.89753 50.6296 45.0288 17.4448 28.6709 22.1414 39.0095 47.8073 9.48903 29.1639 37.6359 48.7677 10.0668 34.5166 13.5378 50.7859 46.5963 20.5855 26.3948 37.04 34.2583 7.05255 17.2431 18.1609 6.07738 32.0377 12.9808 51.1216 15.4507 36.2197 39.0983 30.1017 41.2822 10.1506 65.2855 14.8372 58.5162 34.7314 58.5749 53.5478 6.52218 46.1415 
29.4366 55.4044 15.4041 59.6852 29.4804 42.669 4.86848 54.6107 38.8756 0 44.763 36.9298 26.3866 20.9927 35.5498 5.37155 67.1405 40.9264 39.7829 41.5449 44.5836 31.8147 38.9341 36.8629 19.1298 28.1938 39.4815 45.6444 52.8075 49.9149 53.5885 45.315 40.6548 49.4319 53.9896 34.0929 21.3605 60.0633 16.8612 18.5877 32.3115 45.5012 4.13884 30.3225 18.5797 26.378 31.9173 57.9379 23.3597 52.1425 33.0903 23.871 58.0351 24.1951 19.6139 41.6294 63.7841 43.4312 63.5582 39.8069 30.1033 33.1693 10.3711 59.7467 27.2305 20.3414 39.0198 43.0676 49.9682 47.561 13.1547 54.3658 65.8118 10.0211 52.2002 48.6249 10.1622 22.3223 22.51 59.6732 56.9105 36.9907 28.3439 27.814 40.5185 22.496 32.9783 23.1114 57.4551 25.404 30.767 58.0767 47.6676 32.8261 53.9105 44.2363 15.8115 40.1352 10.9184 24.5895 28.3318 18.7507 27.3023 24.6643 41.9825 38.4422 7.01613 28.9865 39.5768 40.9647 51.2651 20.0847 33.6737 12.2482 20.5328 48.4605 45.8967 8.30486 53.2365 58.026 54.637 59.981 25.3129 16.7479 44.8344 60.7658 18.2012 43.2803 56.873 60.1172 65.1888 11.4113 50.3062 57.6599 31.8547 27.682 14.3945 66.1575 45.805 55.214 31.1599 13.4662 19.2684 35.5647 31.1739 15.836 51.9503 57.1415 61.5231 50.0792 23.3509 30.6382 43.6926 25.5037 28.5945 53.661 59.7003 9.70123 49.1605 29.1824 69.2706 13.5796 22.4478 34.4331 59.5403 17.414 56.3522 35.2103 57.0685 39.927 57.393 35.4897 33.4681 49.7395 12.2238 41.5931 35.9253 64.8935 8.20542 18.4488 40.8465 38.5906 22.3819 44.2536 34.9816 42.7903 13.0525 39.6053 19.7059 60.7379 10.7222 23.9469 30.8807 42.2126 24.4327 42.9208 62.2368 42.774 52.0188 40.5649 36.3755 
53.3302 21.8335 42.6134 56.65 43.3596 54.8033 43.0069 23.0885 11.1895 44.763 0 52.8052 38.0193 60.5982 40.6137 45.4294 22.8219 66.6311 44.1601 51.2661 53.6435 70.2346 5.8391 70.3499 49.0589 49.898 6.72357 42.9888 50.5074 29.4767 9.42192 46.7457 73.9578 32.971 20.4232 23.4945 23.6941 17.034 48.5477 40.6641 54.3148 57.0073 46.0151 62.1157 42.2783 44.0721 43.3124 56.0155 23.4519 54.9063 13.7512 47.1938 36.3464 47.4546 56.1935 71.1795 19.0224 30.8086 59.8048 72.5512 21.0312 69.9901 54.7496 21.1067 66.3382 29.1664 49.3243 55.9515 28.5239 18.3783 35.8974 51.2524 57.3098 50.3777 40.7545 6.01789 49.7824 46.8665 49.7127 28.8452 63.1176 8.08575 64.9304 17.1823 14.8475 22.3056 54.5556 23.0914 38.6475 64.9712 31.6154 31.2958 23.8431 72.3014 62.9515 12.0984 29.6842 63.6445 38.1086 43.2357 55.2449 54.3393 66.5177 23.3675 55.6667 45.4991 38.2924 43.5277 10.9357 27.6431 16.3097 47.2247 18.4609 44.267 24.9862 67.5555 21.2502 50.8323 9.02319 54.3006 9.90266 30.0893 29.0675 34.0318 34.2009 52.2558 44.5762 11.5816 51.9581 22.7888 56.5476 33.8024 55.897 25.2371 47.6194 35.6762 31.9027 53.0225 7.73294 54.8638 20.3017 31.6183 58.3738 12.9468 13.6037 59.5545 33.0734 12.8285 38.5684 5.81972 34.2562 27.9403 29.4661 47.0063 18.2476 31.5396 64.5934 54.2963 52.64 16.7349 60.0856 47.9457 22.335 24.2487 15.1326 40.4185 58.6727 20.6635 37.5585 48.8193 59.6067 9.33708 45.5457 5.40393 55.852 57.7055 31.7733 21.4974 44.6852 43.7436 17.3841 11.0263 27.0901 13.1736 43.1675 23.1456 55.8039 8.72406 45.8484 48.4763 37.691 40.9246 13.9959 75.4358 20.703 69.2511 42.7535 69.2953 64.7349 16.9337 57.0123 
9.27872 47.4903 21.7729 26.2747 63.8415 5.96035 41.0491 45.4216 41.7685 36.9298 52.8052 0 15.9035 28.7424 12.9491 42.2725 67.8753 15.4139 11.8525 6.71426 8.79298 30.6914 48.9826 24.5243 18.5573 8.90445 51.9431 18.631 21.1538 34.7884 57.2839 14.9439 26.7455 31.345 46.8856 29.4712 36.8764 59.7777 53.6925 19.5166 6.74197 8.64612 41.0544 18.6657 53.8484 11.546 9.5341 24.3461 46.0275 17.5223 49.9074 59.9707 38.7774 12.7484 24.0327 21.4723 67.7333 27.5509 29.6994 25.2124 32.1453 28.3149 42.7126 54.3739 29.8504 28.2361 5.78658 6.16269 35.6373 41.5129 45.1298 22.6401 34.0566 29.8168 27.9602 58.7496 46.8548 58.4985 15.1096 47.1974 20.2631 45.9013 25.6233 40.213 39.2437 40.5796 6.20311 44.9925 36.1703 30.0253 21.19 42.9838 37.197 33.4797 17.0077 43.6324 33.6798 11.8617 44.3135 13.3167 12.3065 22.9677 30.0966 32.2582 5.05364 9.38588 33.8515 63.471 55.5469 28.557 47.024 16.9768 54.84 48.604 42.7085 14.9356 37.7161 32.6828 61.2892 25.4561 59.8475 46.5569 53.5093 26.0275 25.7369 30.3849 54.2016 43.3798 25.4267 53.299 33.6617 39.3861 14.7141 47.5544 5.94576 17.5968 42.3568 37.2239 48.1263 21.4692 32.694 34.572 27.6016 52.6041 44.3905 36.4367 34.0295 64.5591 41.6276 58.3669 54.6714 24.8751 28.9485 61.3927 48.0626 37.2816 23.1429 41.5296 15.0971 38.5478 37.1777 50.4736 39.1038 59.304 62.1836 52.0756 21.0017 32.3533 36.5525 7.19706 21.9115 47.2742 7.2595 55.0773 45.4985 5.35977 22.037 63.912 28.7538 18.622 37.3098 54.58 29.1064 42.8178 10.0283 33.7102 47.264 53.914 17.2265 32.959 29.0295 58.1933 42.5552 27.7471 37.9099 17.8611 39.2847 18.0026 15.3506 37.5367 5.61451 
15.4385 37.3635 12.0493 33.5485 49.7596 19.9115 29.3776 35.7271 27.4309 26.3866 38.0193 15.9035 0 28.4699 9.19913 31.2183 55.529 28.6229 13.6602 17.4071 20.5146 35.4449 33.695 33.262 14.7851 11.9672 36.4483 19.2703 26.5352 27.3543 43.6831 19.1304 36.6114 25.4837 36.3685 15.9141 21.0691 47.4475 41.8963 8.3017 16.2996 22.7159 30.3692 25.21 40.5925 6.14507 6.9823 31.8807 30.3687 26.6547 34.0385 47.0212 34.2216 10.3618 23.0946 33.2648 54.4544 19.7847 37.4505 35.1317 16.9938 34.3014 34.9221 43.5966 32.5913 12.4883 14.8107 20.7842 27.8117 30.1297 31.2661 28.0715 39.4306 23.2424 26.4554 43.8108 36.4775 45.6654 13.5772 39.213 32.7882 30.6404 29.7745 24.3611 25.8652 24.7787 16.561 29.3037 32.8461 31.8265 7.80358 36.1496 27.4273 37.986 30.6964 30.4428 18.5393 25.7323 30.9951 5.81364 17.7447 21.2439 32.8214 16.3887 20.0589 12.8229 21.2064 49.4534 39.8068 18.7398 35.3646 12.2676 38.9438 36.3941 27.1633 30.7653 26.8942 25.605 46.8248 31.7743 45.9696 39.0269 38.2311 11.3907 20.034 34.3857 41.3972 29.9507 30.5217 43.0487 38.8039 25.287 25.4783 38.4281 10.0872 2.72756 27.8058 39.9362 34.4042 29.2765 17.7291 19.9169 26.4672 36.7577 28.6005 32.5616 28.2832 50.3349 37.6358 43.7538 39.9653 10.7213 20.6281 48.23 32.1731 30.8123 35.3061 33.8383 23.6343 22.8464 42.8918 38.9874 23.2726 43.5165 49.0707 38.6141 31.0206 18.6351 32.7144 15.1997 32.0952 31.6999 9.27717 40.9684 37.4799 21.2344 11.8745 51.9749 19.3724 10.2654 24.507 38.822 13.2093 29.8295 9.2126 22.845 38.8281 38.279 11.1627 34.594 16.2354 44.2559 26.8209 38.003 22.0068 31.242 37.2879 31.2815 30.4648 24.574 19.2183 
19.4808 65.2441 18.5036 54.975 49.8222 34.4695 25.6938 63.8006 52.0621 20.9927 60.5982 28.7424 28.4699 0 35.0291 25.1071 81.2988 24.696 37.4351 35.252 37.532 10.8436 55.0869 16.9113 13.686 20.9923 56.5783 44.68 49.3756 55.8206 68.2948 42.3045 20.4313 53.7682 64.1059 42.9463 37.3815 73.5084 35.2042 21.5068 22.0927 36.7023 23.5643 12.9896 38.9086 23.9625 29.6863 53.0506 42.6216 46.2614 51.2331 43.1904 62.4054 19.226 5.4073 23.0231 79.0577 48.2155 58.4409 19.8786 41.4505 12.2892 19.3669 71.0005 6.29264 31.7004 33.4684 34.265 56.2802 57.6418 34.0654 50.9324 62.5827 11.3745 53.4185 65.4592 26.9284 41.6394 15.6183 67.6119 48.084 52.5131 7.94153 43.6357 52.0332 39.9099 22.7143 42.0817 60.686 4.56801 35.9787 64.6183 55.6621 12.1612 44.2356 56.4591 31.4373 25.5248 31.9041 23.1397 16.4847 7.22599 6.39448 37.4867 33.081 35.1614 24.2886 49.288 57.879 47.1562 62.4797 16.2151 53.2068 32.1466 39.3027 34.4329 54.8087 12.7026 69.5662 54.0182 69.9844 67.4713 46.0632 26.7326 48.1297 58.5001 37.9978 55.7184 53.7194 70.7432 62.1359 31.0204 43.4116 66.6185 26.6186 31.0555 34.4431 65.0586 59.4271 50.1654 42.4876 30.1179 2.22828 53.9631 47.792 9.40769 56.5977 73.42 65.7413 66.3327 44.3434 37.9761 49.0957 44.9727 47.2661 59.2432 50.994 18.364 43.7487 43.8755 65.7951 31.9545 39.2286 54.8688 74.1353 38.0723 49.6636 45.1739 60.6987 34.8315 50.5282 52.0005 29.7622 64.8613 21.8283 31.3047 40.3427 78.2703 16.4705 18.622 51.3558 56.8403 33.929 56.1091 32.8826 50.9013 23.866 57.3587 17.3189 60.2583 23.1423 44.5098 46.8332 21.9103 40.1423 25.8813 64.7738 25.6529 40.772 51.2755 25.1255 
17.8205 34.683 20.7903 24.3913 58.3476 14.1977 38.5723 32.6774 29.4457 35.5498 40.6137 12.9491 9.19913 35.0291 0 40.4158 54.9275 28.1944 4.72746 10.7484 13.4372 40.1163 37.3096 35.8354 21.766 14.8588 40.514 10.2675 17.3419 22.4792 44.5194 10.0001 38.6065 19.5213 34.0183 17.1206 28.2317 46.8327 51.0602 17.1635 17.0654 16.527 39.5544 28.6001 49.5286 11.1414 5.44439 22.7611 37.7025 17.9428 39.5593 55.9999 27.7707 15.8034 29.6581 33.9513 54.8678 14.9385 28.2977 37.0638 20.8009 38.3491 43.8012 41.5024 38.0777 20.2537 8.71207 15.3385 23.225 28.565 40.0893 18.8737 30.2666 31.6588 18.413 46.6185 45.6617 54.6748 19.411 34.9121 24.8599 34.2487 34.5352 29.9857 26.5616 31.8486 16.9514 36.5905 25.762 37.6832 9.63766 31.0453 24.3674 42.8364 23.4774 30.8509 26.887 24.7296 39.9815 12.325 20.9561 27.9955 38.3221 22.4724 15.0758 5.01166 30.3749 58.0726 44.5824 15.6306 34.0755 19.2876 45.1433 45.5352 34.7831 27.0953 24.7806 34.2049 48.8307 22.5827 47.1524 34.4152 46.0424 20.3119 13.7338 25.2958 50.4306 30.6627 21.3293 40.501 29.6512 34.0963 17.3212 34.9513 9.68724 8.65952 36.3629 31.0977 35.4545 20.2312 21.121 28.5682 33.2698 42.0781 33.7795 40.4657 22.3402 51.9702 30.9741 46.0117 48.273 13.2308 16.2478 57.1517 38.5713 25.3767 27.1306 42.6891 14.9685 27.8345 33.7228 48.1751 30.2648 50.3015 49.3038 47.5058 22.3342 19.9568 25.8682 8.27384 23.413 36.0599 6.39379 42.4942 46.4183 17.2974 9.15761 50.9657 28.3075 18.4341 24.5075 43.6813 20.2106 29.9993 2.96993 20.7626 47.8376 42.7147 18.5725 25.888 25.4224 52.9422 31.8122 39.783 28.4111 30.7111 29.7461 30.8339 24.3953 24.767 18.1544 
34.8012 57.9441 20.6531 64.6823 24.756 47.9858 2.50846 57.3376 40.7559 5.37155 45.4294 42.2725 31.2183 25.1071 40.4158 0 68.1338 46.1202 44.7561 46.7849 49.8418 35.7538 39.6037 41.4956 24.4856 33.5579 39.6639 50.389 57.7357 53.4913 54.558 50.278 45.2264 53.3238 56.4769 37.4198 22.9636 61.4058 11.4911 23.6812 37.6808 50.8266 1.54695 35.3013 13.8184 31.5976 37.0125 62.9617 22.7311 57.2822 32.8604 18.6776 61.791 29.5484 24.4249 46.5661 64.3788 47.3565 68.5693 44.4638 32.9249 37.3947 9.81547 61.8119 31.1726 23.7904 44.2404 48.4019 53.4583 50.1829 10.7803 59.2808 70.6218 14.8301 56.5668 48.7392 5.4563 17.1181 27.877 62.6373 62.1986 38.0088 32.7714 29.0802 42.8997 23.2518 38.3483 22.7438 61.4273 29.3044 34.9789 61.3863 50.8235 36.4701 59.2392 46.2932 18.1936 45.4244 8.2549 29.7921 33.6442 23.741 31.2141 27.3241 47.3234 43.5147 10.4659 24.2335 39.0598 44.6742 53.4837 25.4539 32.4014 7.15236 20.5044 53.8008 48.8655 12.589 53.5147 62.9687 55.3273 63.0479 22.7749 20.8968 48.993 65.5026 13.1235 45.291 61.739 62.3629 69.9833 11.7151 55.5225 60.3983 37.1333 32.3002 13.6767 70.7071 47.342 60.2694 33.9381 15.677 23.6125 35.0911 31.8872 18.4226 55.7419 57.3849 65.2645 50.4466 19.9082 34.4467 47.4945 20.3612 28.1768 57.2407 64.9744 9.75304 54.287 30.8744 74.0868 8.21113 23.5699 32.1981 60.4621 12.9991 61.5236 38.2111 60.9745 45.1116 62.571 36.0935 38.6422 50.6099 10.4513 46.9601 40.1043 66.1967 13.5748 23.7384 43.5153 38.1311 25.6106 46.4279 40.0097 46.03 10.429 39.4207 25.0563 65.25 15.105 19.4028 31.9348 46.7626 25.955 48.0572 66.2734 47.9016 57.3851 43.1841 41.743 
70.7984 21.8536 62.8402 62.9236 64.7494 68.1477 65.6845 24.2099 29.2415 67.1405 22.8219 67.8753 55.529 81.2988 54.9275 68.1338 0 82.9535 57.0685 64.4354 66.0371 90.1533 28.5792 88.7908 68.6983 67.3361 29.1793 53.1525 58.616 35.4736 13.5795 57.6353 92.1116 39.6914 21.8575 39.6151 45.8027 8.1214 71.273 60.2344 71.0749 69.6939 68.6521 80.7034 64.8501 61.6252 59.0931 62.9887 46.2572 64.3529 36.3527 69.4145 37.707 65.78 76.4797 88.3298 6.08843 41.0636 65.0512 90.6174 39.9055 89.4485 77.2926 15.013 86.631 49.6554 63.1614 69.3576 34.3898 26.3923 58.7193 58.7634 60.508 71.8364 47.0628 21.1942 72.5804 69.2196 68.624 26.2744 72.5266 30.1797 84.6092 39.3265 29.7175 44.8998 71.148 45.9129 41.0895 85.4522 47.9577 31.1035 31.2868 92.4542 73.6097 25.1449 51.6098 79.5835 60.9228 61.2667 73.2689 74.5676 86.8322 43.9569 69.4217 59.0865 60.4367 64.9993 31.855 39.3961 20.8818 66.5392 39.9829 67.0807 47.7723 81.4962 30.2635 72.6285 16.3913 60.7524 13.137 27.6824 51.2563 54.6232 43.809 56.6422 67.1862 25.7513 58.3663 16.9998 59.8354 56.4478 66.3831 23.5667 63.7419 52.8579 54.6907 54.4977 21.8818 62.864 38.8975 53.7611 79.0777 35.0083 36.2483 81.3567 38.1122 13.5759 37.9658 18.6925 56.4779 44.8115 39.5566 69.0514 40.9784 35.0543 73.1684 76.777 62.919 38.1546 62.3159 70.7532 44.7386 44.8037 7.69088 63.0621 67.1319 36.9292 39.9739 62.245 67.8341 32.0953 60.9533 17.5328 78.5158 71.9767 45.8864 4.45562 66.1405 63.3178 31.0577 32.3992 47.3996 25.7044 57.8541 34.1844 78.5394 30.3696 65.1879 51.7128 59.1483 63.0131 36.2927 93.4746 42.7334 85.5201 43.1168 85.6231 76.621 30.9625 72.9229 
13.7709 62.8543 28.63 37.3624 70.1404 17.7462 45.6983 60.8087 55.8983 40.9264 66.6311 15.4139 28.6229 24.696 28.1944 46.1202 82.9535 0 27.1867 20.8069 21.1249 20.9548 62.2769 12.0194 22.4177 16.9719 64.9166 33.5621 34.1531 50.1966 71.8806 29.4111 12.6892 46.7001 62.2113 43.8694 47.8243 74.8359 57.4006 28.2946 12.3253 18.2764 44.651 11.7301 59.3896 22.6723 23.8866 35.5309 56.1129 28.8554 61.8115 64.7812 53.8734 20.2675 22.4027 6.45564 82.5022 42.9515 39.9643 11.3279 45.615 17.8462 43.1497 69.6965 22.3976 39.4488 20.9259 16.7845 51.0504 56.6845 52.042 35.3985 45.5773 31.475 42.7709 72.4337 49.5032 63.2263 19.675 62.5931 27.154 59.2367 17.9806 52.3638 53.8378 51.3578 12.0779 55.2081 51.0916 23.4946 35.3963 58.3219 52.546 23.4416 22.9917 58.335 43.3138 3.63479 50.5719 23.778 13.1612 22.5851 22.5955 44.4823 16.0073 24.7694 40.4331 69.6813 67.9456 43.8173 62.1788 22.6194 65.9262 53.1701 52.6087 10.3778 52.9492 34.1181 75.3856 37.3079 74.3125 61.93 62.3641 35.8313 41.1356 43.0311 59.1274 57.9853 38.0034 68.6688 45.3641 47.0554 25.4558 62.9657 19.2802 30.9736 50.4405 50.0229 62.6278 32.9465 46.3301 43.4135 24.7844 64.6116 56.7337 34.0407 49.3466 78.8285 56.5683 72.3442 62.3648 38.9133 44.3358 66.4287 59.1834 52.6291 29.8304 42.0248 27.4899 51.2073 48.21 54.0476 50.0714 69.5259 77.0023 57.9969 30.7272 46.7285 51.5649 22.2061 31.2721 60.127 22.0088 69.3975 45.8291 13.0768 37.0812 79.0766 33.2082 25.9041 52.092 66.9295 40.9089 57.5876 25.2272 48.8968 47.83 66.5998 23.7068 46.5107 36.5134 64.4907 55.0883 13.2687 49.5328 2.62017 53.7992 2.68199 18.4503 52.2684 10.0484 
18.9287 36.1139 24.7138 19.9274 63.0621 11.0945 42.9871 33.9624 32.9739 39.7829 44.1601 11.8525 13.6602 37.4351 4.72746 44.7561 57.0685 27.1867 0 7.38701 9.48491 41.4086 41.2074 36.1242 24.7419 16.5513 44.5098 7.31019 13.0468 23.0686 47.3813 5.53288 38.5309 19.5141 35.6354 20.829 32.9109 49.0534 55.5469 21.2322 17.4537 12.9368 43.8363 29.5334 54.1721 14.2675 8.19439 18.2303 42.3787 13.2159 43.9244 60.6285 26.988 18.4754 32.1784 33.321 57.4531 16.133 23.8199 36.9915 25.02 39.3459 47.6518 43.098 39.8439 24.9808 6.30438 12.3021 23.9622 30.7174 44.7616 14.6202 26.2527 35.2177 16.4916 50.1779 49.932 59.2892 21.9752 35.4213 20.2547 38.1793 35.9904 34.4345 29.7109 36.5081 17.1592 41.2634 24.5098 39.657 14.0611 31.1435 25.938 44.1792 19.1422 33.7764 31.6074 23.582 44.6025 15.7682 22.1991 30.6568 40.0915 27.0604 12.3637 2.52755 34.8593 62.784 48.7413 17.7616 36.2048 22.3896 49.6265 50.0533 39.4889 24.4293 26.8137 37.8713 52.0921 18.2468 50.1209 34.7437 50.7536 24.9375 13.9897 21.5417 55.0319 33.7085 17.2213 41.8819 25.6815 38.7683 12.6958 35.9431 10.9099 13.3674 41.0742 27.7666 38.5298 15.6182 25.2386 33.263 35.8422 46.3847 38.1077 43.5972 22.1803 55.0678 29.9281 49.3884 53.0001 17.4917 17.6034 61.802 43.1128 25.4458 22.4551 46.5169 10.2424 32.1793 29.6742 52.6116 34.9203 54.8799 51.8655 52.163 17.6075 23.5578 24.8219 5.20575 18.6864 40.1734 7.67286 45.6444 50.3205 15.0225 12.3898 52.9585 32.2918 22.1021 27.4655 47.8669 24.9069 32.8529 4.90368 23.0106 51.8156 46.7954 21.8837 22.8329 29.8746 57.6441 36.1161 39.5711 32.9992 29.5556 27.9543 29.7173 20.5754 27.7888 17.4532 
15.7882 43.3592 26.1428 19.733 67.0076 3.71236 45.3161 41.1711 40.0799 41.5449 51.2661 6.71426 17.4071 35.252 10.7484 46.7849 64.4354 20.8069 7.38701 0 3.13433 37.3851 48.0551 30.913 24.1722 14.6721 51.2614 12.7951 14.4411 30.0984 54.7332 8.62239 32.8572 26.3239 42.9304 27.8037 38.1784 56.4312 58.0169 23.242 13.428 5.77863 45.6812 25.3637 57.4878 15.1909 10.4578 17.8136 47.5983 11.1414 50.15 63.7969 33.1115 17.9423 30.3785 27.1688 64.8376 23.4331 23.2832 31.3488 31.5187 34.9604 48.1934 50.3722 36.5538 29.7714 2.62362 4.9222 31.0416 38.0988 48.3788 15.9262 27.391 35.3477 21.964 57.2798 51.6487 62.3779 20.8765 42.2958 15.5646 44.9959 32.3375 40.5087 36.9746 41.866 12.9109 46.5105 30.287 36.6965 20.3121 37.8244 33.2518 40.1722 13.2932 41.1059 35.9431 17.1751 47.8667 17.0077 18.9276 29.174 36.8004 32.7968 5.11593 5.77288 37.6161 66.6804 55.296 25.1486 43.5811 22.2374 55.5748 52.7192 44.4831 17.0643 34.1903 38.1694 59.3382 18.7981 57.4532 41.5248 55.6155 28.6242 21.0623 23.6719 58.0757 41.0088 18.7136 49.0962 26.9803 42.4563 8.79877 43.0378 9.76989 18.1682 45.1319 30.5246 45.8273 14.926 31.8626 37.2367 34.0004 52.7142 44.4123 42.6022 28.8451 62.3699 35.7635 56.5849 57.3471 23.9553 24.9211 65.1116 48.9126 32.1847 18.2461 47.0197 8.49893 38.4679 30.5559 54.9003 40.3116 60.5213 59.2503 55.5935 15.0098 30.6059 30.7757 2.47614 16.005 46.7919 8.35333 52.9253 50.9545 7.96956 19.5442 60.3065 33.5414 23.1187 34.7787 54.3851 30.1486 40.1958 8.70084 30.3975 52.6318 53.4509 22.1802 26.3519 32.6342 61.4439 42.466 33.7359 38.6918 22.9921 33.0694 23.1843 13.6618 35.0865 11.9196 
18.071 44.6906 29.1905 17.5616 70.1409 3.4641 48.4 42.4489 42.4562 44.5836 53.6435 8.79298 20.5146 37.532 13.4372 49.8418 66.0371 21.1249 9.48491 3.13433 0 38.9601 50.6193 31.9338 26.9508 17.3435 53.8803 13.3953 13.1223 31.2062 56.7464 8.8624 33.5576 27.2559 44.3595 30.2739 41.2004 58.1006 61.1013 26.3443 15.4753 3.67615 48.7217 27.0117 60.6165 18.2669 13.5819 15.6325 50.6365 8.7574 52.9789 66.9195 33.4372 20.8069 32.8103 27.5753 66.6816 24.9773 20.9178 32.087 34.2311 36.3862 51.053 51.7387 38.4422 32.8377 5.75789 4.34079 32.1986 39.8273 51.5131 14.4696 25.4952 38.1782 22.0929 59.6614 54.6676 65.4976 23.5898 43.1595 12.4397 47.5763 34.1192 43.372 39.1757 44.879 14.8889 49.5441 30.4248 38.7068 23.0711 38.5333 34.7589 41.7334 10.2205 43.1874 39.0537 17.5655 50.9963 20.091 21.0743 31.7007 38.6864 35.7279 5.20545 8.43408 40.733 69.8142 58.0094 27.0144 45.2615 25.1098 58.4841 55.8205 47.5465 15.8249 35.8975 41.0174 61.5573 16.9166 59.5178 42.3017 58.6995 31.7545 22.3266 22.2245 61.1947 43.1488 17.1865 50.3577 25.1485 45.5903 5.96594 44.1467 12.7438 21.1909 48.2598 29.1867 47.9695 12.7804 34.5246 40.3641 36.3902 55.5113 47.2111 45.1645 29.6215 64.497 35.873 58.8684 60.4674 26.6614 26.4882 68.2388 51.8513 32.9891 15.1472 49.8756 6.59161 41.2651 28.5242 57.9723 43.3176 63.5 61.0938 58.7252 12.2611 33.0267 31.0174 5.3802 13.2076 49.4724 11.4869 55.093 53.8236 8.06494 21.8707 61.8399 36.543 26.1405 36.8999 57.1132 33.1605 42.2459 11.663 32.2394 55.5272 56.1185 25.1208 25.4138 35.7557 64.5782 45.2476 34.3126 41.6418 23.0827 32.7892 23.3031 11.0915 37.2354 13.2595 
