100
18.3688 22.601 0.268971 0
5.55777 18.7642 1.22743 0
4.69015 23.9327 0.325867 0
9.1808 18.2606 1.81394 1
12.8949 23.9946 0.509237 0
10.3383 19.0785 0.544705 1
1.14025 11.204 0.208764 1
5.94047 22.1368 1.06667 0
0.0553663 6.29271 1.47916 0
12.6548 17.49 2.03115 0
7.07056 15.979 0.693767 0
9.97415 13.9471 0.935739 0
13.6066 17.2733 2.22931 1
1.81101 3.52155 0.360608 0
16.6787 21.359 2.15822 0
11.0832 13.5446 0.385629 0
16.0588 19.8091 0.700451 0
16.6009 20.5399 2.18071 1
16.3836 22.2121 1.84908 0
7.71477 17.3268 0.744554 1
6.8985 15.7658 2.21198 1
9.89797 14.3553 1.47274 0
16.1298 18.28 1.33046 0
7.6687 23.8941 7.70483 1
12.416 18.4949 0.680611 0
16.8883 22.4118 1.18874 0
7.6003 16.9464 1.78552 0
0.0243818 17.3104 0.901595 0
2.10466 8.60928 1.69714 0
18.8362 22.3076 1.69797 0
13.3423 21.5106 3.88785 1
0.324888 17.3734 1.78576 0
13.6399 18.1696 1.14386 1
1.40499 14.7232 2.19768 0
4.55063 22.5644 0.361958 0
18.2887 21.7627 22.8745 0
10.149 17.5808 13.854 0
6.00644 6.60712 0.620074 0
0.952245 21.3298 2.02841 0
12.448 23.1487 0.815157 0
14.6659 17.8436 1.512 0
9.35209 20.7372 1.95006 0
0.622818 7.88707 0.89495 0
2.38931 16.3552 1.10495 0
11.9376 15.7196 0.894095 0
18.5985 23.6981 1.46498 0
6.73144 15.0512 0.299808 0
4.38086 9.19189 1.55298 1
17.0163 22.0167 1.97045 0
18.7549 23.1033 1.48748 0
14.1119 16.1724 0.412101 0
8.62456 17.9919 0.23549 1
0.728753 17.6114 1.28574 1
12.7954 16.4159 0.481588 0
8.70043 9.85908 0.774709 0
0.566911 17.3648 1.82813 0
3.54441 11.583 2.09502 0
16.5281 16.5341 0.322466 0
17.4177 21.4653 1.4931 0
13.3319 19.064 0.9936 1
4.17209 8.68845 0.640797 0
0.843897 8.41348 0.599112 0
8.68366 14.7346 0.398133 0
6.83053 11.5742 1.19638 0
15.1481 18.486 1.35236 0
16.0845 20.4695 1.42026 0
11.8857 20.5033 0.334067 0
7.76914 17.8015 1.77911 0
16.4214 18.4323 1.78817 1
17.2837 23.4415 0.479004 0
15.9319 18.7395 0.984365 0
5.56222 17.985 1.74879 0
17.8249 20.0587 1.33898 0
13.1442 18.4853 1.84175 0
3.24084 14.2077 0.535741 0
4.17979 19.7168 0.91805 0
18.0485 22.7806 6.04507 0
15.3905 16.7372 1.38594 1
16.1534 19.1814 1.06588 0
16.2158 21.8392 2.00876 0
15.3493 22.7407 2.15101 0
17.0064 20.2601 17.6048 1
7.92801 19.121 0.23678 0
7.15257 21.658 1.61698 0
12.7878 19.6134 1.75178 0
14.3417 22.2544 2.06362 0
5.72278 6.83074 0.888732 0
14.5852 16.0533 0.355682 0
1.44396 2.82608 23.6068 0
15.1353 20.3356 7.69421 1
11.9879 20.325 1.01803 0
1.77077 3.14764 0.366289 0
13.2092 23.9732 1.53997 0
7.83226 8.95162 0.619464 0
6.83793 7.51221 0.822975 0
14.1688 17.2121 1.11803 0
2.46242 14.0787 1.46602 0
8.37184 10.6683 16.6629 0
7.97455 11.298 0.890612 0
18.0208 23.4056 1.27006 0
400 50 500
0.025 0.0125 10000 3000 15 1e+06 300000 6 9
0 15.5066 14.1265 7.60731 15.1106 5.69202 14.8306 5.23682 9.49342 11.3232 13.3989 11.6654 3.15644 4.73518 1.99267 5.70645 4.92352 10.0083 7.47682 16.949 4.86644 8.2913 7.106 11.2343 4.43827 13.0111 10.923 4.25936 16.7858 3.47306 16.7153 9.63758 7.11525 11.0426 8.632 3.23698 15.7287 17.3982 8.01305 10.8835 10.8857 9.22896 13.3912 2.97767 13.9438 10.2325 8.16119 17.0958 10.6429 15.0628 11.4156 13.509 7.5496 3.57438 10.2417 12.7475 4.02947 8.10458 9.80446 5.73043 8.36561 10.247 8.66374 3.14946 15.5152 5.74259 7.67838 10.9775 9.12455 9.75281 7.09881 3.53145 13.3316 8.59683 8.91458 13.0968 12.5473 6.57742 8.10421 11.4735 8.87529 15.3848 12.2092 2.79559 7.64177 4.45882 8.45801 12.0587 12.1007 12.9692 1.56883 17.855 7.27068 9.88945 1.00632 12.5392 16.7074 12.1421 10.3993 15.669 5.60565 
15.5066 0 7.90607 9.93064 12.824 16.1462 12.8595 10.4158 6.93685 4.28759 13.3646 5.0804 16.1018 15.366 13.5862 11.4356 14.7715 5.60149 10.3911 11.7522 19.6463 7.93341 19.6042 4.3107 11.5414 6.92707 7.24861 13.6669 1.52945 18.9747 7.21837 11.2431 18.0855 10.3125 14.1827 13.4018 7.60962 12.7751 20.9456 13.7822 14.3447 6.28306 9.81045 12.9476 7.08946 13.9159 8.93737 8.80568 7.17504 4.54796 5.66879 9.21476 8.70631 18.7847 6.70577 3.0312 11.5505 15.5608 12.2464 11.0334 11.248 6.45938 20.61 13.2081 4.39707 15.5511 20.1328 11.5599 6.83517 18.5815 8.59897 13.202 6.99727 7.62645 7.03307 4.70302 11.5438 15.6368 11.184 12.6987 17.8659 0.514008 4.56145 13.9125 7.97871 19.3521 20.0079 3.44885 9.15538 3.39451 17.0516 11.6974 15.1386 16.646 14.6679 3.83591 1.45376 7.32301 5.35423 3.72797 19.3916 
14.1265 7.90607 0 6.52627 4.92425 11.8745 4.97853 9.35143 10.3131 6.42637 5.76561 4.39257 13.0921 11.5854 12.2237 13.0054 10.9573 6.68239 6.71412 4.22686 16.6646 6.38605 15.201 7.71584 9.74731 1.49359 11.9868 14.5803 7.7925 17.1201 2.91011 15.1563 19.4704 15.0215 8.5269 11.0177 14.6963 5.18528 16.5004 17.9016 18.3547 7.9375 2.12969 12.8151 0.827586 7.51172 6.02044 2.97084 3.77503 3.54567 10.5734 1.50964 6.90557 16.3734 10.7883 8.3222 11.3356 18.0934 6.18202 12.5035 14.4832 10.4572 15.7131 13.3527 11.8391 11.2564 15.5905 16.0865 6.21354 21.025 7.89025 13.6217 13.1708 6.18342 6.34169 3.51706 4.1678 17.4525 14.2727 17.2687 20.1383 8.30871 4.39947 13.9829 7.73549 16.5224 15.0415 7.09816 2.40069 9.24603 15.6098 4.60924 10.1063 19.705 13.1209 4.99424 9.20178 2.10515 8.68312 4.60556 15.7606 
7.60731 9.93064 6.52627 0 8.16951 6.26298 7.94578 3.31072 7.23857 5.8414 6.98684 5.01239 6.78574 5.60935 5.74108 7.6725 4.9814 4.75999 0.478657 9.54892 10.4349 2.24107 9.74695 6.5947 3.30992 5.49911 9.32096 8.66901 10.8019 10.6269 9.20097 11.0071 13.4282 11.5276 4.67203 4.50309 13.6715 10.135 11.0948 13.5086 13.8325 5.08438 5.90149 6.63873 6.39915 5.17946 0.994767 9.49215 3.31399 7.97097 8.63356 5.94483 1.76572 9.96657 8.06178 8.1278 5.31649 12.6675 3.71479 7.21221 9.96365 7.82048 10.6858 7.233 11.9194 5.65221 10.2521 12.2544 3.31286 15.3616 2.88839 7.58961 11.44 2.47155 3.17047 6.14295 5.5582 11.7106 9.69021 13.2976 14.4403 10.0277 5.59591 7.78037 3.31279 10.2364 10.0784 6.8851 4.5424 8.82082 9.08354 10.3796 5.25688 14.449 6.60101 6.19885 11.3579 4.60419 6.61813 8.78856 9.80772 
15.1106 12.824 4.92425 8.16951 0 11.0697 0.320409 11.4797 14.1868 10.7905 2.11239 8.75766 13.1016 11.2614 13.5275 15.7767 10.7411 10.6327 8.05172 2.75212 16.2209 9.2951 13.7838 12.0622 11.3256 6.01867 16.093 16.8282 12.6912 17.4282 6.79172 18.7106 21.5191 18.8883 7.15972 11.8879 19.3495 2.58643 14.9102 21.3633 21.7446 11.7074 3.15599 14.7457 5.73493 5.52549 8.27565 5.57507 7.21402 8.43641 14.8622 3.67464 9.4424 16.3754 14.8204 12.9529 13.4809 20.8238 5.33568 15.2984 17.8192 14.5051 13.8068 15.3541 16.6387 10.5562 14.0097 19.8186 9.66367 23.5288 10.6548 15.7333 17.6149 9.2423 9.70379 8.28882 2.62485 19.8777 17.5676 20.9513 22.6064 13.2163 8.95634 15.8544 10.7824 16.2062 13.1428 11.638 4.35402 13.873 16.3592 3.80836 8.96745 22.5862 14.1513 9.65227 14.1258 5.97752 12.8143 9.47024 14.9172 
5.69202 16.1462 11.8745 6.26298 11.0697 0 10.7553 6.66157 12.0751 11.9436 9.05326 11.2746 2.62393 1.12591 5.40416 9.99636 1.48464 10.7235 5.83343 13.439 5.15209 8.23542 3.48612 12.4644 5.42284 11.2732 14.0076 9.45136 17.0623 6.6976 14.7697 14.108 12.793 15.2037 3.9118 3.8993 18.7966 13.6088 4.83399 15.9243 16.0374 10.613 10.4016 7.41486 12.0302 5.58239 7.239 14.6152 9.45825 14.0675 13.8557 10.7571 7.49457 5.46806 12.9426 14.0663 7.28163 13.619 5.99138 9.76714 12.8353 12.8047 4.50861 7.93129 17.6323 0.627539 3.99129 15.4909 9.35145 15.4424 7.96904 8.41437 16.3993 8.53256 9.16733 12.3429 8.86965 12.1646 12.5436 16.2382 14.5591 16.2077 11.8572 7.9663 8.61175 5.15682 3.96485 12.9441 9.49289 14.6257 6.2696 14.4712 2.11634 15.4504 5.15795 12.4588 17.5533 10.3865 12.14 14.959 3.93469 
14.8306 12.8595 4.97853 7.94578 0.320409 10.7553 0 11.2565 14.0618 10.724 1.79323 8.7029 12.7989 10.9548 13.262 15.5724 10.4379 10.5282 7.81511 3.04949 15.9069 9.12776 13.4634 11.9887 11.0783 6.0116 15.9843 16.5947 12.7643 17.1268 6.95828 18.5507 21.2697 18.7529 6.84461 11.6118 19.304 2.90677 14.59 21.1929 21.5687 11.583 3.11974 14.5023 5.77791 5.20706 8.08142 5.78639 7.1042 8.51013 14.7747 3.66901 9.25261 16.0686 14.7076 12.913 13.2508 20.6085 5.04452 15.0966 17.6454 14.3945 13.4881 15.1124 16.6254 10.2441 13.6894 19.6707 9.52785 23.2986 10.4695 15.4957 17.5408 9.08448 9.56172 8.28788 2.3887 19.6477 17.3915 20.7979 22.3753 13.2436 8.92125 15.606 10.613 15.8941 12.8237 11.589 4.24841 13.8307 16.0701 4.11108 8.65166 22.3772 13.8747 9.62696 14.1761 5.92242 12.7165 9.55346 14.5994 
5.23682 10.4158 9.35143 3.31072 11.4797 6.66157 11.2565 0 5.41477 6.15871 10.2481 6.44274 5.83094 5.62263 3.24979 4.43521 5.17919 4.83419 3.48201 12.7547 9.25815 3.12292 9.79407 6.26502 1.26422 8.0761 7.35978 5.38101 11.6245 8.64364 11.7178 8.10615 10.203 8.90216 6.96427 3.11163 12.1351 13.3922 11.0678 10.4319 10.708 4.26199 9.09033 3.46605 9.0311 7.98959 3.39096 12.2964 5.64986 9.86929 7.22515 9.04614 2.46309 8.37095 6.2814 7.85513 2.03259 9.36258 6.79242 4.00629 6.951 6.14991 11.0806 4.02081 11.128 6.21006 10.3758 9.43503 3.88875 12.0565 1.86643 4.33337 9.73898 3.41061 3.67931 7.89615 8.86861 8.4067 6.66343 10.3814 11.137 10.347 6.97844 4.63334 2.44503 8.94903 10.5934 6.98183 7.68477 8.25451 6.80559 13.5279 6.70908 11.1554 4.31585 7.30389 11.6945 7.26817 5.67236 10.4406 9.18386 
9.49342 6.93685 10.3131 7.23857 14.1868 12.0751 14.0618 5.41477 0 4.11108 13.6497 5.96162 11.0511 11.035 7.84955 4.57757 10.5915 3.64164 7.66411 14.4744 14.1688 5.1975 15.164 3.04515 6.66717 8.82131 2.0826 6.85111 8.43868 12.901 11.5498 4.9208 11.1487 4.732 11.817 8.42105 6.72239 15.3571 16.4078 7.67248 8.16618 2.47942 11.1536 6.60114 9.63287 12.41 6.52454 12.7282 6.9848 8.84902 1.925 10.8087 5.47426 13.0313 0.870103 3.90603 5.51522 8.73117 10.8683 4.23259 4.52499 0.763725 16.4851 6.69617 6.02177 11.6112 15.7523 5.77363 4.54935 11.7779 4.43086 6.576 4.34227 5.12864 4.54367 7.23543 11.8917 8.70519 4.39905 6.95833 11.015 6.63762 6.12475 7.36127 3.92766 13.8036 16.0064 4.0335 9.83793 3.74967 10.916 14.9219 11.9439 10.0044 8.86436 5.83824 7.79545 8.43718 1.82285 8.84785 14.3795 
11.3232 4.28759 6.42637 5.8414 10.7905 11.9436 10.724 6.15871 4.11108 0 10.6971 2.05936 11.8144 11.1208 9.3702 7.91327 10.5386 1.3246 6.31723 10.6507 15.3634 3.70931 15.3751 1.29308 7.25904 4.9753 5.58004 9.98947 5.46883 14.7739 7.4397 9.02978 14.7084 8.68475 10.3578 9.11514 8.6239 11.5904 16.7105 11.7781 12.2764 2.29906 7.64244 8.93409 5.67997 10.3988 4.85488 8.65247 3.80422 4.76271 4.14974 7.18887 4.45656 14.5276 4.43395 2.39316 7.46456 12.6437 8.71761 7.44757 8.58516 4.10144 16.4363 9.27459 6.28703 11.3626 15.9149 9.81099 2.59215 15.6858 4.3206 9.34658 6.82932 3.41932 2.77841 3.1425 8.83929 12.3806 8.42869 11.0054 14.873 4.28393 2.06322 9.98303 3.71377 15.0737 15.8526 1.05724 6.51487 3.23281 12.8834 10.9909 11.0983 14.0364 10.4494 1.73243 5.63866 4.81694 2.33158 4.89033 15.1097 
13.3989 13.3646 5.76561 6.98684 2.11239 9.05326 1.79323 10.2481 13.6497 10.6971 0 8.78373 11.1967 9.32519 11.9419 14.6547 8.83942 10.2831 6.76636 4.80297 14.2028 8.52201 11.6827 11.9035 9.90416 6.4433 15.6534 15.4794 13.4664 15.5275 8.18409 17.8956 20.0339 18.2462 5.14656 10.2235 19.3186 4.69673 12.8001 20.4623 20.8027 11.2022 3.64992 13.3307 6.47197 3.47367 7.32324 7.21876 6.91415 9.27362 14.5783 4.27526 8.49805 14.427 14.3624 13.0076 12.1779 19.5973 3.62494 14.1981 16.9089 14.0656 11.6949 13.9489 16.8352 8.56564 11.9011 19.0838 9.11205 22.1844 9.72319 14.3582 17.4016 8.54044 9.10656 8.67378 1.86496 18.5449 16.642 20.1733 21.2576 13.7011 9.10662 14.3942 9.96741 14.2068 11.0305 11.6484 4.26243 13.9014 14.5679 5.87276 6.93924 21.4015 12.4714 9.85118 14.7475 6.1009 12.4802 10.3454 12.858 
11.6654 5.0804 4.39257 5.01239 8.75766 11.2746 8.7029 6.44274 5.96162 2.05936 8.78373 0 11.5978 10.599 9.67274 9.18364 9.9785 2.40822 5.44477 8.60745 15.2376 3.4018 14.7592 3.35152 7.30605 2.92395 7.59448 11.0596 5.8059 15.013 5.75412 10.8562 15.9106 10.6424 9.10314 9.02799 10.6041 9.53818 16.1071 13.6103 14.0851 3.70437 5.60331 9.66081 3.67788 8.87871 4.05097 6.79777 2.10869 3.45992 6.20427 5.13502 4.18401 14.5793 6.40023 4.23281 8.13593 14.1403 7.19792 8.69024 10.2813 6.0684 15.669 10.0983 8.05625 10.6616 15.2618 11.729 2.57707 17.1484 4.61831 10.2605 8.88132 3.0859 2.77936 1.50086 6.91877 13.7002 10.0943 12.9174 16.2981 5.27552 0.585955 10.7893 4.19122 14.9942 15.0482 2.88933 4.54297 5.14015 13.2313 8.98514 10.1129 15.6442 10.7147 1.24471 6.53376 2.78098 4.29193 4.00516 14.7573 
3.15644 16.1018 13.0921 6.78574 13.1016 2.62393 12.7989 5.83094 11.0511 11.8144 11.1967 11.5978 0 1.89893 3.45052 8.15416 2.36132 10.5081 6.4749 15.2602 3.65335 8.26074 4.27463 12.0686 4.60577 12.2341 12.8009 7.20439 17.1993 4.33145 15.8957 12.2629 10.201 13.5174 6.11959 2.72631 17.663 15.556 5.41154 13.8115 13.8661 10.0834 11.9355 5.39145 13.0921 7.8057 7.62434 15.9842 10.095 14.7423 12.9402 12.1863 7.46635 3.32494 11.8876 13.6696 5.71153 11.2294 7.80114 8.02538 10.974 11.8113 5.76626 5.80846 16.928 2.82684 4.87186 13.6393 9.30479 12.8913 7.53036 6.27189 15.2384 8.5804 9.09885 12.8673 10.6973 9.72258 10.6918 14.2686 12.0222 16.0798 12.1798 5.69387 8.17135 3.45335 5.45937 12.7204 10.8213 14.0854 3.65191 16.2469 4.49267 13.0314 2.83901 12.6709 17.4348 11.331 11.5003 15.5177 3.35438 
4.73518 15.366 11.5854 5.60935 11.2614 1.12591 10.9548 5.62263 11.035 11.1208 9.32519 10.599 1.89893 0 4.29278 8.87045 0.637268 9.8681 5.21975 13.4932 5.1129 7.43266 4.26343 11.5677 4.36831 10.8585 12.9418 8.35809 16.3443 6.21005 14.4463 12.9826 11.8499 14.0854 4.22457 2.77841 17.7504 13.7458 5.59127 14.8056 14.9241 9.6723 10.2742 6.29922 11.6662 5.91375 6.54852 14.4128 8.89087 13.5415 12.8415 10.5732 6.66583 5.11405 11.8995 13.1756 6.16028 12.5509 6.00691 8.64262 11.7096 11.7725 5.46423 6.82415 16.6729 1.00774 4.82037 14.3656 8.53682 14.4516 7.03033 7.30808 15.3451 7.74027 8.34432 11.7491 8.91456 11.1179 11.4179 15.1127 13.5586 15.4015 11.1847 6.88383 7.67891 5.02287 4.97137 12.0979 9.24815 13.6991 5.49553 14.4989 2.60947 14.3895 4.11508 11.7501 16.7535 9.95914 11.1802 14.3895 4.22471 
1.99267 13.5862 12.2237 5.74108 13.5275 5.40416 13.262 3.24979 7.84955 9.3702 11.9419 9.67274 3.45052 4.29278 0 4.71322 4.21399 8.04997 5.66508 15.2129 6.32099 6.30067 7.72512 9.34632 2.48295 11.0683 9.46757 4.09099 14.8383 5.40453 14.7647 8.83336 8.1281 10.0672 7.51944 1.81828 14.3269 15.7192 8.8399 10.5251 10.6332 7.33071 11.6051 2.01415 12.0082 8.99289 6.22299 15.1945 8.68191 13.0724 9.77063 11.6815 5.56465 5.25217 8.64872 10.8906 2.35062 8.33627 8.31699 4.57489 7.54603 8.61275 9.2058 2.53298 13.8404 5.23361 8.32238 10.214 7.13462 10.488 5.11507 3.01742 11.9051 6.60517 6.92434 11.1054 10.9233 6.98428 7.26062 10.8893 9.56935 13.484 10.2172 2.67155 5.67144 5.96267 8.86402 10.1379 10.2754 11.1715 3.55938 16.0847 6.47408 10.1886 1.08174 10.5537 14.8177 10.2099 8.57987 13.6765 6.62471 
5.70645 11.4356 13.0054 7.6725 15.7767 9.99636 15.5724 4.43521 4.57757 7.91327 14.6547 9.18364 8.15416 8.87045 4.71322 0 8.65426 6.8626 7.8962 16.7883 10.5728 6.68376 12.4251 7.24558 5.13433 11.5754 5.45481 2.27818 12.9026 8.82139 14.9179 4.12536 6.79511 5.38273 11.2455 6.1166 10.1161 17.5146 13.4996 6.08795 6.31539 5.6327 13.1607 2.79948 12.5103 12.3898 7.51014 15.8026 9.24547 12.5417 6.33282 13.0101 6.36531 9.24386 5.09937 8.41861 2.80219 5.10876 11.2276 0.501986 2.84287 5.22098 13.9171 2.56357 10.3497 9.72475 13.021 5.50837 6.82435 8.02247 5.20139 2.25501 7.76835 6.84466 6.67748 10.6642 13.1981 4.51658 2.55364 6.25169 7.14556 11.1725 9.56219 3.0774 5.27133 10.1635 13.5759 8.23686 11.7394 8.32715 6.87313 17.4588 10.667 6.81692 5.42809 9.55531 12.3639 10.9131 6.09578 12.7941 11.1925 
4.92352 14.7715 10.9573 4.9814 10.7411 1.48464 10.4379 5.17919 10.5915 10.5386 8.83942 9.9785 2.36132 0.637268 4.21399 8.65426 0 9.29782 4.58686 12.9277 5.72424 6.84076 4.83662 11.0172 3.94658 10.2221 12.5305 8.30491 15.7341 6.69199 13.8142 12.7415 12.008 13.7915 3.80354 2.54119 17.3134 13.2037 6.17468 14.6536 14.7958 9.14565 9.67127 6.18395 11.032 5.47412 5.92754 13.794 8.25674 12.906 12.3714 9.95985 6.08208 5.65294 11.4593 12.6227 5.89524 12.5399 5.45166 8.39623 11.4797 11.3203 5.96871 6.73844 16.16 1.07513 5.3793 14.1214 7.95002 14.5508 6.50085 7.22264 14.918 7.14535 7.76032 11.1181 8.35503 11.147 11.1865 14.9059 13.6475 14.8152 10.564 6.8635 7.14628 5.61814 5.44241 11.525 8.62714 13.1654 5.83119 13.9256 2.35052 14.3883 4.19957 11.1364 16.1654 9.32245 10.6666 13.7569 4.86193 
10.0083 5.60149 6.68239 4.75999 10.6327 10.7235 10.5282 4.83419 3.64164 1.3246 10.2831 2.40822 10.5081 9.8681 8.04997 6.8626 9.29782 0 5.23842 10.8328 14.045 2.54088 14.1296 1.83978 5.94006 5.18892 5.46158 8.84728 6.79179 13.4544 8.14878 8.48153 13.6385 8.37012 9.38417 7.80163 9.15737 11.7181 15.4591 11.2322 11.6976 1.29637 7.55098 7.67444 6.02624 9.59146 3.80807 9.20158 3.4253 5.67922 4.29524 7.18158 3.23303 13.2031 4.19805 3.37821 6.18597 11.7543 7.93698 6.37893 7.87535 3.87763 15.2277 8.04193 7.16843 10.1546 14.6771 9.40923 1.44841 14.774 2.99867 8.1424 7.12611 2.28858 1.59464 3.8317 8.46318 11.3714 7.6865 10.5883 13.9344 5.57297 2.71293 8.74796 2.3892 13.7528 14.6565 2.23082 6.2809 4.06543 11.5708 11.2913 9.99032 13.2397 9.12829 2.71834 6.92857 4.8007 2.20003 5.97773 13.815 
7.47682 10.3911 6.71412 0.478657 8.05172 5.83343 7.81511 3.48201 7.66411 6.31723 6.76636 5.44477 6.4749 5.21975 5.66508 7.8962 4.58686 5.23842 0 9.55771 10.1129 2.71619 9.31947 7.07265 3.3039 5.76417 9.74657 8.77991 11.2436 10.4069 9.4471 11.3299 13.4849 11.8948 4.20782 4.31043 14.1303 10.1022 10.6674 13.7958 14.1061 5.54502 5.94004 6.69984 6.64048 4.78157 1.46484 9.66586 3.67238 8.32816 9.08881 6.03293 2.20561 9.69783 8.49463 8.60643 5.44141 12.8396 3.38179 7.44776 10.261 8.25896 10.2346 7.30494 12.3966 5.21788 9.81771 12.5941 3.79146 15.4859 3.27582 7.68159 11.8875 2.94989 3.64825 6.53272 5.42824 11.8359 9.9837 13.6214 14.5618 10.4941 6.02586 7.82281 3.73673 9.9282 9.62273 7.36208 4.62459 9.29861 8.92143 10.4198 4.78163 14.637 6.47226 6.64304 11.8215 4.86241 7.08374 9.17002 9.43359 
16.949 11.7522 4.22686 9.54892 2.75212 13.439 3.04949 12.7547 14.4744 10.6507 4.80297 8.60745 15.2602 13.4932 15.2129 16.7883 12.9277 10.8328 9.55771 0 18.5556 10.1098 16.3385 11.9414 12.8485 5.6848 16.1988 18.1268 11.3142 19.5395 4.87349 19.255 22.9522 19.2 9.5805 13.716 18.8524 1.02436 17.5086 21.9826 22.4144 12.0504 3.6644 16.1733 5.00652 8.03985 9.37831 3.3597 7.63881 7.20444 14.7992 3.78215 10.4567 18.5773 14.9854 12.5152 14.7872 21.8962 7.48797 16.2919 18.507 14.6558 16.454 16.7563 15.9028 12.886 16.5997 20.2374 10.1798 24.7397 11.5877 17.0872 17.3893 9.97323 10.2742 7.70324 4.58092 21.1103 18.2806 21.4105 23.8321 12.2037 8.62549 17.3236 11.5631 18.5039 15.7841 11.3173 5.07642 13.4353 18.3024 1.07129 11.3824 23.5803 15.9578 9.20243 12.9042 6.05482 12.8885 8.10877 17.3478 
4.86644 19.6463 16.6646 10.4349 16.2209 5.15209 15.9069 9.25815 14.1688 15.3634 14.2028 15.2376 3.65335 5.1129 6.32099 10.5728 5.72424 14.045 10.1129 18.5556 0 11.8791 3.68099 15.5205 8.10495 15.8593 15.7246 8.97508 20.7882 2.70721 19.4988 14.4546 10.2717 15.8938 9.06389 6.25675 20.5591 18.7534 3.89527 15.4614 15.3853 13.5098 15.3867 7.82448 16.7018 10.7298 11.2774 19.5172 13.7464 18.3955 16.091 15.6838 11.0844 1.48864 14.9599 17.1019 8.6571 12.2718 11.0736 10.5881 13.1967 14.9315 5.05956 8.01358 20.1599 5.67483 4.03792 15.7708 12.8993 13.1275 11.0475 8.37821 18.1499 12.1995 12.6908 16.5191 13.9758 10.6749 12.9428 16.1811 12.387 19.5972 15.8178 7.60364 11.673 0.433581 5.20567 16.2306 14.3492 17.4444 3.95725 19.5755 7.26357 13.8795 5.31568 16.2921 20.9478 14.956 14.8469 19.169 1.71393 
8.2913 7.93341 6.38605 2.24107 9.2951 8.23542 9.12776 3.12292 5.1975 3.70931 8.52201 3.4018 8.26074 7.43266 6.30067 6.68376 6.84076 2.54088 2.71619 10.1098 11.8791 0 11.6764 4.36388 3.9052 5.02785 7.25939 8.19613 8.95163 11.6143 8.61599 9.4263 13.0886 9.72459 6.90562 5.64174 11.4645 10.8594 13.0154 12.0683 12.4539 2.89018 6.50593 6.51281 5.98359 7.27729 1.35884 9.27843 2.61418 6.77175 6.44584 6.32878 0.794891 11.1833 5.97576 5.91897 5.00079 11.7924 5.68977 6.18539 8.52688 5.70965 12.7271 7.01759 9.68237 7.65328 12.2115 10.5755 1.11851 14.6748 1.50541 7.25835 9.27573 0.320448 0.947539 4.80617 6.83871 11.0786 8.27891 11.6846 13.7788 7.9757 3.96779 7.67429 1.4883 11.6225 12.1451 4.72394 5.09154 6.5876 9.85229 10.7768 7.44975 13.4713 7.32804 4.41305 9.3249 4.28089 4.39681 7.4018 11.4929 
7.106 19.6042 15.201 9.74695 13.7838 3.48612 13.4634 9.79407 15.164 15.3751 11.6827 14.7592 4.27463 4.26343 7.72512 12.4251 4.83662 14.1296 9.31947 16.3385 3.68099 11.6764 0 15.8297 8.5299 14.691 16.9912 11.3403 20.5421 6.24896 18.1096 16.5252 13.5831 17.7919 6.82115 6.74523 21.8407 16.3689 1.34796 17.9733 17.9893 13.9223 13.585 9.64914 15.413 8.29896 10.719 17.8407 12.938 17.5304 17.0127 13.996 10.9185 4.87407 16.0177 17.4381 9.95845 15.1492 9.12164 12.2999 15.2364 15.9147 1.56469 10.0332 20.9031 4.10542 0.59792 17.898 12.7866 16.4078 11.2852 10.4823 19.4203 11.9796 12.5969 15.8247 11.8696 13.5818 14.9563 18.4947 15.6053 19.6515 15.3423 9.84133 11.9348 3.97769 1.53618 16.3585 12.8021 17.9519 6.88024 17.3984 5.107 16.8797 7.04669 15.9391 21.0013 13.8147 15.4166 18.4343 1.97919 
11.2343 4.3107 7.71584 6.5947 12.0622 12.4644 11.9887 6.26502 3.04515 1.29308 11.9035 3.35152 12.0686 11.5677 9.34632 7.24558 11.0172 1.83978 7.07265 11.9414 15.5205 4.36388 15.8297 0 7.46317 6.26819 4.31921 9.42765 5.70413 14.707 8.60784 7.90704 14.0013 7.4603 11.2238 9.34282 7.42633 12.883 17.1476 10.6378 11.1515 2.01735 8.91991 8.63703 6.96257 11.4035 5.64761 9.87843 4.98959 5.84103 2.85785 8.47532 5.0152 14.5819 3.2302 1.60944 7.25071 11.7436 9.73833 6.8137 7.57005 2.90246 16.973 8.90182 5.32873 11.9097 16.3875 8.61336 3.28709 14.7926 4.56012 8.90869 5.55284 4.12372 3.42445 4.37543 10.0546 11.6097 7.43982 9.80884 14.0101 4.15308 3.334 9.60755 3.91086 15.2047 16.4152 1.00526 7.76248 2.22651 12.768 12.2695 11.8093 13.0487 10.426 2.89377 5.47406 6.09658 1.22661 5.80276 15.408 
4.43827 11.5414 9.74731 3.30992 11.3256 5.42284 11.0783 1.26422 6.66717 7.25904 9.90416 7.30605 4.60577 4.36831 2.48295 5.13433 3.94658 5.94006 3.3039 12.8485 8.10495 3.9052 8.5299 7.46317 0 8.58582 8.58484 5.58118 12.6978 7.70993 12.2843 9.04529 10.1938 9.96028 6.11221 1.87966 13.3824 13.4058 9.8054 11.2194 11.4474 5.47982 9.2093 3.43075 9.52527 7.31855 3.74021 12.7174 6.20569 10.6557 8.48816 9.25084 3.13669 7.30758 7.53126 9.06389 2.3789 9.76615 6.32515 4.77467 7.83423 7.40706 9.82057 4.04671 12.3872 4.99454 9.1116 10.4035 4.84046 12.2809 2.94335 4.45497 10.9794 4.22016 4.62937 8.70088 8.70146 8.64619 7.54122 11.2869 11.3539 11.4983 7.86766 4.529 3.57504 7.8157 9.33955 8.133 7.85109 9.49313 5.98059 13.6888 5.63162 11.6018 3.45078 8.26821 12.8511 7.72716 6.92075 11.3069 7.95098 
13.0111 6.92707 1.49359 5.49911 6.01867 11.2732 6.0116 8.0761 8.82131 4.9753 6.4433 2.92395 12.2341 10.8585 11.0683 11.5754 10.2221 5.18892 5.76417 5.6848 15.8593 5.02785 14.691 6.26819 8.58582 0 10.5141 13.2146 7.06592 16.1208 3.70937 13.6632 18.1088 13.5336 8.2531 9.9927 13.376 6.61535 16.0175 16.4092 16.8638 6.44493 2.90638 11.5208 0.956578 7.50834 4.84999 4.25313 2.42771 3.05328 9.12475 2.34476 5.61327 15.4582 9.30605 6.9778 10.0203 16.6487 5.98367 11.0735 12.9977 8.97559 15.3392 12.0393 10.6201 10.6465 15.121 14.5943 4.7597 19.5979 6.51951 12.2861 11.766 4.79996 4.89868 2.27782 4.64857 16.0459 12.7897 15.7758 18.7176 7.27902 2.99411 12.6866 6.31776 15.686 14.6784 5.70623 2.33817 7.90248 14.5268 6.10241 9.67205 18.2427 12.0112 3.65115 8.30423 0.903331 7.20508 4.10395 15.0773 
10.923 7.24861 11.9868 9.32096 16.093 14.0076 15.9843 7.35978 2.0826 5.58004 15.6534 7.59448 12.8009 12.9418 9.46757 5.45481 12.5305 5.46158 9.74657 16.1988 15.7246 7.25939 16.9912 4.31921 8.58484 10.5141 0 7.65985 8.7739 14.2107 12.8926 3.999 11.3282 3.19107 13.8932 10.2562 4.86365 17.1167 18.2006 6.56568 7.1181 4.45216 13.0087 7.95051 11.2557 14.4907 8.59638 14.1943 8.88051 10.0729 1.62585 12.6217 7.55631 14.4969 1.29188 4.44892 7.12144 8.48375 12.9412 5.27103 4.18245 1.59162 18.3581 7.90521 4.99171 13.5691 17.5849 4.4022 6.5424 11.4415 6.50583 7.67622 2.43918 7.17294 6.55863 8.69463 13.8694 8.83836 4.19412 5.58505 10.7876 6.8392 7.64202 8.4979 6.01025 15.3389 17.9046 5.14519 11.7397 3.85855 12.2357 16.5682 13.9769 9.42572 10.4158 7.20607 7.74839 10.2309 3.31376 9.87223 16.0805 
4.25936 13.6669 14.5803 8.66901 16.8282 9.45136 16.5947 5.38101 6.85111 9.98947 15.4794 11.0596 7.20439 8.35809 4.09099 2.27818 8.30491 8.84728 8.77991 18.1268 8.97508 8.19613 11.3403 9.42765 5.58118 13.2146 7.65985 0 15.1165 6.90805 16.7099 5.51379 4.89422 7.02954 11.4682 5.85293 12.1741 18.7731 12.2724 6.63303 6.66392 7.69042 14.4633 2.20874 14.1672 12.8261 8.74916 17.4677 10.8103 14.4872 8.60704 14.3951 7.70931 7.54973 7.37411 10.6636 3.35382 4.26988 11.906 2.63638 4.2982 7.49913 12.8884 1.59886 12.6003 9.31717 11.92 6.80259 8.56679 6.70905 6.69611 1.13822 9.89159 8.41464 8.39306 12.5588 14.2069 3.06567 4.07353 7.22611 5.78357 13.4189 11.4898 1.51054 6.93901 8.54747 12.6417 10.4029 13.0516 10.5992 5.07038 18.8788 10.5482 6.12543 4.36942 11.5653 14.6263 12.4756 8.31392 14.8238 9.85948 
16.7858 1.52945 7.7925 10.8019 12.6912 17.0623 12.7643 11.6245 8.43868 5.46883 13.4664 5.8059 17.1993 16.3443 14.8383 12.9026 15.7341 6.79179 11.2436 11.3142 20.7882 8.95163 20.5421 5.70413 12.6978 7.06592 8.7739 15.1165 0 20.2412 6.55318 12.7701 19.5846 11.8193 14.8192 14.5315 8.7939 12.3361 21.8889 15.297 15.8614 7.61252 9.83339 14.3092 7.02051 14.3877 9.82356 8.16557 7.79999 4.255 7.19797 9.21476 9.74198 19.9879 8.23051 4.53562 12.8797 17.0859 12.7539 12.4893 12.7755 7.97978 21.474 14.5969 5.55077 16.4539 21.053 13.0679 7.89473 20.1088 9.77523 14.6123 8.41507 8.6349 8.10143 5.04263 11.7082 17.1434 12.7092 14.1985 19.3901 1.9486 5.23382 15.3041 9.17983 20.5104 20.8541 4.7723 9.38756 4.92295 18.3424 11.1255 15.9102 18.1753 15.918 4.60353 1.72392 7.62223 6.80754 3.23588 20.444 
3.47306 18.9747 17.1201 10.6269 17.4282 6.6976 17.1268 8.64364 12.901 14.7739 15.5275 15.013 4.33145 6.21005 5.40453 8.82139 6.69199 13.4544 10.4069 19.5395 2.70721 11.6143 6.24896 14.707 7.70993 16.1208 14.2107 6.90805 20.2412 0 19.8268 12.4118 7.58334 13.9372 10.4321 6.12833 18.9372 19.8661 6.59856 13.1201 12.9913 12.7003 16.1336 6.30545 17.026 12.123 11.3133 20.0629 13.8262 18.3579 14.8139 16.3363 10.8454 1.38593 13.6189 16.2193 7.49209 9.76004 12.114 8.94475 11.2062 13.6457 7.71103 6.30596 18.9162 7.05652 6.67291 13.6651 12.5095 10.44 10.5098 6.56647 16.577 11.928 12.2983 16.409 14.9968 8.16875 10.978 13.9507 9.71941 18.8568 15.5702 5.74424 11.0752 2.32141 7.78447 15.5261 14.9444 16.4285 1.98562 20.5084 8.74171 11.2915 4.32877 15.9383 20.1804 15.2297 13.8664 19.016 4.28525 
16.7153 7.21837 2.91011 9.20097 6.79172 14.7697 6.95828 11.7178 11.5498 7.4397 8.18409 5.75412 15.8957 14.4463 14.7647 14.9179 13.8142 8.14878 9.4471 4.87349 19.4988 8.61599 18.1096 8.60784 12.2843 3.70937 12.8926 16.7099 6.55318 19.8268 0 16.4695 21.5921 16.0619 11.4285 13.6996 14.6866 5.87465 19.4103 19.2173 19.7158 9.44271 4.80016 15.1277 2.80666 10.3523 8.55508 1.61241 6.08755 2.87565 11.3288 4.25376 9.26042 19.1445 11.8369 8.67729 13.6108 19.8944 9.08112 14.4209 15.9854 11.5076 18.6188 15.6218 11.5613 14.1492 18.5006 17.2212 8.14455 22.9006 10.0651 15.8373 13.5821 8.3561 8.31684 4.3336 6.84619 19.4308 15.8113 18.4167 22.0465 7.70885 5.45907 16.2867 9.7712 19.3409 17.9463 7.74885 5.3108 9.53739 18.2348 4.57808 13.0163 21.3863 15.7169 5.72343 8.21416 4.59713 9.76223 3.49161 18.64 
9.63758 11.2431 15.1563 11.0071 18.7106 14.108 18.5507 8.10615 4.9208 9.02978 17.8956 10.8562 12.2629 12.9826 8.83336 4.12536 12.7415 8.48153 11.3299 19.255 14.4546 9.4263 16.5252 7.90704 9.04529 13.6632 3.999 5.51379 12.7701 12.4118 16.4695 0 7.83356 1.62843 15.0695 10.2154 7.20655 20.0976 17.5676 2.75457 3.24738 7.21944 15.8043 6.87608 14.5073 16.0453 10.5724 17.6415 11.6444 13.7457 5.58302 15.5217 9.39892 13.0508 4.71406 8.37469 6.84753 4.69248 14.71 4.34534 1.28897 5.02662 18.029 6.52486 8.62104 13.8156 17.1192 1.38364 9.10646 7.52291 8.17635 6.10977 5.31951 9.46832 9.03823 12.1557 16.2604 5.43109 1.5728 2.29156 6.94225 10.8379 11.0426 6.85515 7.94815 14.0314 17.6974 8.85285 14.4282 7.84928 10.5813 19.7608 14.6662 5.43862 9.49176 10.7524 11.7273 13.2008 6.71523 13.6738 15.2167 
7.11525 18.0855 19.4704 13.4282 21.5191 12.793 21.2697 10.203 11.1487 14.7084 20.0339 15.9106 10.201 11.8499 8.1281 6.79511 12.008 13.6385 13.4849 22.9522 10.2717 13.0886 13.5831 14.0013 10.1938 18.1088 11.3282 4.89422 19.5846 7.58334 21.5921 7.83356 0 9.42224 15.5998 9.92101 15.0297 23.5629 14.1254 7.03178 6.66329 12.4253 19.2887 6.78994 19.0614 17.1145 13.5924 22.3619 15.7028 19.3106 12.631 19.2477 12.5845 8.82832 11.4573 15.0547 8.17435 3.32666 16.4136 7.2659 7.1792 11.664 15.1206 6.19745 16.2726 12.8575 14.0786 8.56881 13.4477 2.85673 11.5899 5.87131 13.1062 13.3088 13.2778 17.4049 18.8952 2.49019 7.1372 8.26388 2.18927 17.7775 16.3188 5.66485 11.8258 9.86314 15.0787 15.0014 17.887 14.8223 6.74553 23.7305 14.3581 4.11713 7.82325 16.3433 18.8831 17.3663 12.8173 19.5876 11.716 
11.0426 10.3125 15.0215 11.5276 18.8883 15.2037 18.7529 8.90216 4.732 8.68475 18.2462 10.6424 13.5174 14.0854 10.0672 5.38273 13.7915 8.37012 11.8948 19.2 15.8938 9.72459 17.7919 7.4603 9.96028 13.5336 3.19107 7.02954 11.8193 13.9372 16.0619 1.62843 9.42224 0 15.8253 11.3071 5.60793 20.0879 18.8807 3.49974 4.07501 7.19704 15.8792 8.18177 14.3201 16.6687 10.9706 17.333 11.7055 13.2561 4.80796 15.5403 9.82856 14.517 4.25168 7.62319 7.92801 6.21288 15.2396 5.49464 2.73165 4.58446 19.268 7.89774 7.27389 14.8655 18.3889 1.24916 9.22541 8.9025 8.64154 7.51608 3.88547 9.71297 9.19365 11.823 16.5348 7.04678 2.96291 2.40205 8.39774 9.87087 10.7444 8.29564 8.30188 15.4759 18.9026 8.32393 14.5494 6.96769 12.0702 19.6252 15.5847 6.71151 10.8107 10.354 10.6343 13.1687 6.36231 13.0625 16.5724 
8.632 14.1827 8.5269 4.67203 7.15972 3.9118 6.84461 6.96427 11.817 10.3578 5.14656 9.10314 6.11959 4.22457 7.51944 11.2455 3.80354 9.38417 4.20782 9.5805 9.06389 6.90562 6.82115 11.2238 6.11221 8.2531 13.8932 11.4682 14.8192 10.4321 11.4285 15.0695 15.5998 15.8253 0 5.70213 18.3371 9.70841 8.06328 17.3263 17.5596 9.75283 6.78723 9.26045 8.84984 1.6925 5.57938 11.0483 7.02971 11.2583 13.2936 7.2317 6.40616 9.29448 12.6623 12.7116 8.47897 15.7327 2.34816 10.8741 13.8984 12.4391 7.19361 9.87056 16.5518 3.42065 7.1468 16.3984 7.93934 18.0068 7.38743 10.3337 16.0812 7.11317 7.81565 9.81607 5.05654 14.4692 13.608 17.34 17.0868 14.3565 9.63836 10.162 7.90796 9.06094 6.51966 11.4148 6.13937 13.4479 9.63078 10.6275 1.80993 17.5859 7.80026 10.3478 15.6353 7.447 11.2901 12.2564 7.7752 
3.23698 13.4018 11.0177 4.50309 11.8879 3.8993 11.6118 3.11163 8.42105 9.11514 10.2235 9.02799 2.72631 2.77841 1.81828 6.1166 2.54119 7.80163 4.31043 13.716 6.25675 5.64174 6.74523 9.34282 1.87966 9.9927 10.2562 5.85293 14.5315 6.12833 13.6996 10.2154 9.92101 11.3071 5.70213 0 15.0982 14.1614 7.98938 12.1159 12.2659 7.35747 10.1768 3.68238 10.9008 7.19376 5.19598 13.9749 7.70956 12.2891 10.2831 10.3188 4.84963 5.55822 9.27293 10.9433 3.38237 10.1181 6.60778 5.87139 8.94791 9.17419 8.10447 4.26212 14.2316 3.60862 7.3358 11.5973 6.64431 12.3062 4.81284 4.74199 12.68 5.96196 6.43532 10.3655 9.31421 8.79388 8.65528 12.3676 11.3876 13.3681 9.60212 4.47875 5.45019 5.98581 7.67022 10.005 8.91312 11.3642 4.6189 14.6299 4.69813 11.9732 2.26348 10.0493 14.7221 9.10274 8.78399 13.0018 6.07469 
15.7287 7.60962 14.6963 13.6715 19.3495 18.7966 19.304 12.1351 6.72239 8.6239 19.3186 10.6041 17.663 17.7504 14.3269 10.1161 17.3134 9.15737 14.1303 18.8524 20.5591 11.4645 21.8407 7.42633 13.3824 13.376 4.86365 12.1741 8.7939 18.9372 14.6866 7.20655 15.0297 5.60793 18.3371 15.0982 0 19.8489 23.0589 8.6478 9.20823 8.58724 16.1938 12.7511 13.8807 18.7151 12.8201 16.217 12.4101 11.8541 5.0474 15.6929 11.9322 19.3009 5.85406 6.40022 11.9834 11.8065 17.0798 10.0131 8.07888 6.0049 23.1894 12.6488 3.24359 18.3331 22.4329 6.57504 10.5244 14.3641 11.0423 12.3708 2.42474 11.2967 10.6084 11.1792 17.4627 12.6366 8.22663 7.29352 13.9372 7.09601 10.3975 13.1935 10.4648 20.1674 22.7209 7.71549 15.1306 5.47747 16.982 18.976 18.6143 12.1039 15.2615 9.72621 7.15965 13.3822 7.07051 11.2296 20.9435 
17.3982 12.7751 5.18528 10.135 2.58643 13.6088 2.90677 13.3922 15.3571 11.5904 4.69673 9.53818 15.556 13.7458 15.7192 17.5146 13.2037 11.7181 10.1022 1.02436 18.7534 10.8594 16.3689 12.883 13.4058 6.61535 17.1167 18.7731 12.3361 19.8661 5.87465 20.0976 23.5629 20.0879 9.70841 14.1614 19.8489 0 17.4963 22.8133 23.2346 12.9145 4.35533 16.7737 5.98171 8.09717 10.0461 4.3301 8.45602 8.22765 15.74 4.57691 11.1569 18.8543 15.8909 13.4977 15.4226 22.6154 7.75497 17.0217 19.3171 15.563 16.3866 17.3665 16.9146 13.0799 16.5961 21.1068 10.9989 25.4227 12.3162 17.7138 18.356 10.7423 11.0821 8.68498 4.87601 21.7821 19.0845 22.2736 24.5096 13.2253 9.58185 17.9128 12.3297 18.7249 15.7242 12.2834 5.7756 14.4197 18.7084 1.59067 11.5183 24.3229 16.4181 10.1763 13.9284 6.92033 13.8034 9.13285 17.4793 
8.01305 20.9456 16.5004 11.0948 14.9102 4.83399 14.59 11.0678 16.4078 16.7105 12.8001 16.1071 5.41154 5.59127 8.8399 13.4996 6.17468 15.4591 10.6674 17.5086 3.89527 13.0154 1.34796 17.1476 9.8054 16.0175 18.2006 12.2724 21.8889 6.59856 19.4103 17.5676 14.1254 18.8807 8.06328 7.98938 23.0589 17.4963 0 18.8917 18.8762 15.2274 14.8465 10.7048 16.7287 9.4772 12.0662 19.1066 14.2834 18.8698 18.2719 15.2722 12.2542 5.29802 17.2557 18.7567 11.1231 15.9215 10.3872 13.4045 16.2814 17.1626 1.41548 11.0468 22.1906 5.45256 0.916532 18.9303 14.1238 16.9753 12.5961 11.4792 20.6355 13.3198 13.9329 17.1706 13.0871 14.3354 16.0066 19.4768 16.2097 20.9892 16.6902 10.7954 13.2463 4.27968 1.91193 17.6891 14.1 19.2576 7.56185 18.5737 6.39462 17.602 8.07836 17.2861 22.3399 15.1447 16.7112 19.7777 2.45611 
10.8835 13.7822 17.9016 13.5086 21.3633 15.9243 21.1929 10.4319 7.67248 11.7781 20.4623 13.6103 13.8115 14.8056 10.5251 6.08795 14.6536 11.2322 13.7958 21.9826 15.4614 12.0683 17.9733 10.6378 11.2194 16.4092 6.56568 6.63303 15.297 13.1201 19.2173 2.75457 7.03178 3.49974 17.3263 12.1159 8.6478 22.8133 18.8917 0 0.580004 9.96424 18.502 8.51124 17.2585 18.4215 13.1544 20.396 14.3573 16.4788 8.18798 18.2364 11.9755 13.9912 7.42157 11.0084 8.88429 3.73672 17.1723 6.45346 3.55441 7.74224 19.5204 8.02224 10.7178 15.7106 18.5528 2.25957 11.8145 5.76982 10.7492 7.54813 7.30842 12.1322 11.7361 14.9079 18.8749 5.12894 3.82058 1.36241 5.4741 13.3503 13.7961 8.13499 10.581 15.0282 19.2637 11.5682 17.1141 10.4112 11.5042 22.503 16.737 3.486 10.9731 13.4969 14.1337 15.9316 9.45736 16.3756 16.4633 
10.8857 14.3447 18.3547 13.8325 21.7446 16.0374 21.5687 10.708 8.16618 12.2764 20.8027 14.0851 13.8661 14.9241 10.6332 6.31539 14.7958 11.6976 14.1061 22.4144 15.3853 12.4539 17.9893 11.1515 11.4474 16.8638 7.1181 6.66392 15.8614 12.9913 19.7158 3.24738 6.66329 4.07501 17.5596 12.2659 9.20823 23.2346 18.8762 0.580004 0 10.4215 18.912 8.62521 17.7221 18.6918 13.5109 20.8773 14.781 16.9915 8.73736 18.6588 12.3324 13.9071 7.94507 11.5548 9.09145 3.42646 17.4749 6.70805 3.92744 8.2627 19.5429 8.11112 11.2978 15.8448 18.5639 2.83791 12.2375 5.25223 11.108 7.63095 7.88837 12.5287 12.1526 15.399 19.2385 4.90321 4.17723 1.91477 5.00666 13.9155 14.2837 8.17386 10.9656 14.9518 19.305 12.0904 17.5174 10.9691 11.431 22.9505 16.9164 2.96704 11.0282 13.9997 14.7075 16.3691 9.96249 16.9046 16.437 
9.22896 6.28306 7.9375 5.08438 11.7074 10.613 11.583 4.26199 2.47942 2.29906 11.2022 3.70437 10.0834 9.6723 7.33071 5.6327 9.14565 1.29637 5.54502 12.0504 13.5098 2.89018 13.9223 2.01735 5.47982 6.44493 4.45216 7.69042 7.61252 12.7003 9.44271 7.21944 12.4253 7.19704 9.75283 7.35747 8.58724 12.9145 15.2274 9.96424 10.4215 0 8.68218 6.69911 7.30201 10.1667 4.24898 10.4948 4.50901 6.93345 3.55662 8.35179 3.3565 12.5646 3.16058 3.59371 5.27176 10.4695 8.56698 5.15983 6.58312 2.86893 15.1143 7.00855 7.02356 10.0814 14.4891 8.1923 2.09034 13.4954 2.64481 7.06149 6.38635 2.75645 2.11211 5.11941 9.42679 10.1242 6.39164 9.36096 12.6625 6.15705 3.99616 7.71743 2.00181 13.191 14.5768 2.84487 7.35915 4.03015 10.7698 12.5414 10.1335 11.9443 8.41099 3.92534 7.48711 5.99772 1.55636 7.16228 13.4308 
13.3912 9.81045 2.12969 5.90149 3.15599 10.4016 3.11974 9.09033 11.1536 7.64244 3.64992 5.60331 11.9355 10.2742 11.6051 13.1607 9.67127 7.55098 5.94004 3.6644 15.3867 6.50593 13.585 8.91991 9.2093 2.90638 13.0087 14.4633 9.83339 16.1336 4.80016 15.8043 19.2887 15.8792 6.78723 10.1768 16.1938 4.35533 14.8465 18.502 18.912 8.68218 0 12.5128 2.82333 5.57874 5.71626 4.26106 4.17586 5.62461 11.7364 0.625613 6.80856 15.2585 11.749 9.79841 11.1228 18.2636 4.46343 12.6672 14.9885 11.4283 13.9633 13.0937 13.5074 9.80529 13.9305 16.8557 6.69898 21.0868 7.96119 13.4229 14.4708 6.3962 6.76744 5.18367 2.06213 17.4528 14.7511 18.009 20.1769 10.1756 5.80358 13.6656 7.98047 15.2894 13.2871 8.48208 1.42171 10.7178 14.7906 4.48109 8.4846 19.9676 12.3915 6.50722 11.1626 2.8257 9.71048 6.69579 14.3336 
2.97767 12.9476 12.8151 6.63873 14.7457 7.41486 14.5023 3.46605 6.60114 8.93409 13.3307 9.66081 5.39145 6.29922 2.01415 2.79948 6.18395 7.67444 6.69984 16.1733 7.82448 6.51281 9.64914 8.63703 3.43075 11.5208 7.95051 2.20874 14.3092 6.30545 15.1277 6.87608 6.78994 8.18177 9.26045 3.68238 12.7511 16.7737 10.7048 8.51124 8.62521 6.69911 12.5128 0 12.4772 10.6217 6.84712 15.7538 9.09328 13.1206 8.50966 12.4948 5.91405 6.55123 7.31375 10.0662 1.52649 6.4733 9.73699 2.76546 5.58728 7.34205 11.1569 0.620781 12.6114 7.22363 10.2432 8.24964 7.08995 8.86263 5.07911 1.07343 10.3546 6.7728 6.8947 11.1529 12.1209 5.24733 5.30806 8.88916 7.93541 12.7742 10.1503 1.16773 5.47112 7.42487 10.8413 9.53728 11.1199 10.1934 4.31989 16.9705 8.37874 8.32782 2.62905 10.349 14.0624 10.7267 7.68266 13.5843 8.39353 
13.9438 7.08946 0.827586 6.39915 5.73493 12.0302 5.77791 9.0311 9.63287 5.67997 6.47197 3.67788 13.0921 11.6662 12.0082 12.5103 11.032 6.02624 6.64048 5.00652 16.7018 5.98359 15.413 6.96257 9.52527 0.956578 11.2557 14.1672 7.02051 17.026 2.80666 14.5073 19.0614 14.3201 8.84984 10.9008 13.8807 5.98171 16.7287 17.2585 17.7221 7.30201 2.82333 12.4772 0 7.95949 5.78589 3.30187 3.38394 2.80165 9.81636 2.1998 6.56859 16.3378 10.0757 7.51632 10.9769 17.5736 6.52973 12.0086 13.8755 9.74349 15.9993 12.9958 11.0126 11.4061 15.8252 15.4042 5.6877 20.532 7.47333 13.2419 12.3829 5.75318 5.83316 2.70457 4.79114 16.9887 13.6734 16.591 19.6547 7.48719 3.63161 13.6431 7.26124 16.5394 15.3326 6.31147 2.73851 8.43886 15.4529 5.31262 10.351 19.1531 12.9422 4.19634 8.39845 1.80242 7.9652 3.87397 15.8728 
10.2325 13.9159 7.51172 5.17946 5.52549 5.58239 5.20706 7.98959 12.41 10.3988 3.47367 8.87871 7.8057 5.91375 8.99289 12.3898 5.47412 9.59146 4.78157 8.03985 10.7298 7.27729 8.29896 11.4035 7.31855 7.50834 14.4907 12.8261 14.3877 12.123 10.3523 16.0453 17.1145 16.6687 1.6925 7.19376 18.7151 8.09717 9.4772 18.4215 18.6918 10.1667 5.57874 10.6217 7.95949 0 5.91957 9.79444 6.77096 10.5614 13.7193 6.09885 6.93757 10.9862 13.2223 12.7905 9.69436 17.0634 1.68634 11.9839 14.928 12.9701 8.47664 11.2401 16.6799 5.10897 8.56543 17.336 8.19259 19.4464 8.05631 11.6879 16.5529 7.42329 8.10716 9.3455 3.65355 15.8646 14.6433 18.3336 18.5219 14.1457 9.36213 11.5879 8.48994 10.7384 7.801 11.4462 5.22674 13.5926 11.2856 9.10122 3.46682 18.9076 9.36481 10.1058 15.3657 6.80299 11.6482 11.6042 9.39329 
8.16119 8.93737 6.02044 0.994767 8.27565 7.239 8.08142 3.39096 6.52454 4.85488 7.32324 4.05097 7.62434 6.54852 6.22299 7.51014 5.92754 3.80807 1.46484 9.37831 11.2774 1.35884 10.719 5.64761 3.74021 4.84999 8.59638 8.74916 9.82356 11.3133 8.55508 10.5724 13.5924 10.9706 5.57938 5.19598 12.8201 10.0461 12.0662 13.1544 13.5109 4.24898 5.71626 6.84712 5.78589 5.91957 0 8.98681 2.51382 7.12352 7.80461 5.65547 1.17887 10.732 7.31797 7.1603 5.41833 12.5877 4.34482 7.02731 9.60006 7.05786 11.6758 7.41078 10.9763 6.63253 11.2301 11.7695 2.36091 15.3768 2.40514 7.72135 10.6341 1.53592 2.23762 5.24608 5.73006 11.7385 9.33829 12.8511 14.4646 9.03298 4.63652 8.01123 2.669 11.0597 11.0707 5.90235 4.30249 7.87349 9.6809 10.1382 6.24595 14.3263 7.16192 5.22021 10.3635 3.98696 5.75036 7.89723 10.7209 
