20
16.2516 16.639 7.49586 0
7.92245 18.9045 0.375951 1
13.2273 21.5017 1.82909 1
2.30461 20.9117 1.22948 0
13.1513 15.8266 29.3928 0
17.3834 23.9164 0.480823 0
16.0802 17.4758 2.13586 0
15.7106 23.5996 1.3817 0
12.3424 20.1915 1.77887 1
4.96321 8.29408 1.67961 1
12.7706 18.7019 1.65185 0
12.0363 23.4891 0.231307 0
16.3006 21.4999 0.312658 0
14.221 18.9888 0.922713 1
5.1949 16.842 2.00114 0
16.3113 17.7054 0.343921 1
0.870493 19.9903 0.622561 0
15.1937 15.9176 1.6629 0
7.32082 14.0319 25.3074 0
3.11376 16.5978 17.8678 0
400 50 500
0.025 0.0125 10000 3000 15 1e+06 300000 2 2
0 6.71623 5.30396 11.3166 10.2231 6.51602 2.35142 12.7518 9.80769 2.64226 13.2297 11.4124 1.27224 15.47 11.2214 5.58495 14.5914 11.424 10.3281 8.99411 13.9017 
6.71623 0 1.41896 17.7721 16.2594 11.8748 4.36608 18.4223 12.2241 4.0783 18.8388 17.4168 7.71254 21.5313 13.3088 12.0107 17.5896 18.064 15.8371 9.28731 15.9268 
5.30396 1.41896 0 16.4255 14.8951 10.5604 2.95257 17.2246 11.329 2.67373 17.5342 16.1544 6.29407 20.174 12.4949 10.6562 16.6781 16.6459 14.5335 8.69295 15.1684 
11.3166 17.7721 16.4255 0 9.7442 11.2382 13.5652 4.33055 16.9658 13.7913 12.5415 2.61543 10.7758 12.051 18.2179 5.77144 19.227 6.08943 11.6011 18.3886 20.1324 
10.2231 16.2594 14.8951 9.7442 0 4.5866 12.227 13.8295 8.96779 12.5665 3.35687 11.9368 8.96638 5.28498 9.83611 8.7083 9.6916 4.37389 1.99585 11.8563 11.0772 
6.51602 11.8748 10.5604 11.2382 4.5866 0 8.12705 14.5344 5.72762 8.46533 6.97482 12.7159 5.27096 9.7347 7.00351 7.60314 8.9223 7.83866 3.97681 7.69692 9.14668 
2.35142 4.36608 2.95257 13.5652 12.227 8.12705 0 14.6709 10.1659 0.340643 15.0548 13.4667 3.39219 17.5094 11.4972 7.79742 15.3188 13.7298 12.0813 8.453 14.2272 
12.7518 18.4223 17.2246 4.33055 13.8295 14.5344 14.6709 0 20.1649 14.8126 16.7815 1.89588 12.6261 16.3794 21.5066 7.48518 23.0271 10.4092 15.5797 20.9777 23.6549 
9.80769 12.2241 11.329 16.9658 8.96779 5.72762 10.1659 20.1649 0 10.4248 9.49961 18.3809 8.94909 12.8819 1.43119 12.9451 5.36553 13.0734 7.23441 3.79245 4.10084 
2.64226 4.0783 2.67373 13.7913 12.5665 8.46533 0.340643 14.8126 10.4248 0 15.395 13.64 3.71666 17.8485 11.7449 8.02022 15.6014 14.0436 12.421 8.61725 14.4748 
13.2297 18.8388 17.5342 12.5415 3.35687 6.97482 15.0548 16.7815 9.49961 15.395 0 14.9124 11.9577 3.39766 9.92267 12.0623 8.26623 6.57539 3.00177 12.9928 10.3186 
11.4124 17.4168 16.1544 2.61543 11.9368 12.7159 13.4667 1.89588 18.3809 13.64 14.9124 0 11.1533 14.6219 19.7065 5.94166 21.1456 8.60382 13.684 19.3446 21.8134 
1.27224 7.71254 6.29407 10.7758 8.96638 5.27096 3.39219 12.6261 8.94909 3.71666 11.9577 11.1533 0 14.2245 10.3775 5.21595 13.5434 10.3521 9.05754 8.58796 13.0098 
15.47 21.5313 20.174 12.051 5.28498 9.7347 17.5094 16.3794 12.8819 17.8485 3.39766 14.6219 14.2245 0 13.3192 13.1388 11.38 6.06325 5.99591 16.3106 13.6032 
11.2214 13.3088 12.4949 18.2179 9.83611 7.00351 11.4972 21.5066 1.43119 11.7449 9.92267 19.7065 10.3775 13.3192 0 14.3376 4.42645 14.0676 7.98172 4.3636 2.73009 
5.58495 12.0107 10.6562 5.77144 8.7083 7.60314 7.79742 7.48518 12.9451 8.02022 12.0623 5.94166 5.21595 13.1388 14.3376 0 16.4932 7.64094 9.87324 13.4986 16.6877 
14.5914 17.5896 16.6781 19.227 9.6916 8.9223 15.3188 23.0271 5.36553 15.6014 8.26623 21.1456 13.5434 11.38 4.42645 16.4932 0 14.0316 7.71316 8.78889 2.69535 
11.424 18.064 16.6459 6.08943 4.37389 7.83866 13.7298 10.4092 13.0734 14.0436 6.57539 8.60382 10.3521 6.06325 14.0676 7.64094 14.0316 0 6.36903 15.5298 15.4425 
10.3281 15.8371 14.5335 11.6011 1.99585 3.97681 12.0813 15.5797 7.23441 12.421 3.00177 13.684 9.05754 5.99591 7.98172 9.87324 7.71316 6.36903 0 10.4086 9.09492 
8.99411 9.28731 8.69295 18.3886 11.8563 7.69692 8.453 20.9777 3.79245 8.61725 12.9928 19.3446 8.58796 16.3106 4.3636 13.4986 8.78889 15.5298 10.4086 0 6.74834 
13.9017 15.9268 15.1684 20.1324 11.0772 9.14668 14.2272 23.6549 4.10084 14.4748 10.3186 21.8134 13.0098 13.6032 2.73009 16.6877 2.69535 15.4425 9.09492 6.74834 0 
