200
8.50769 14.5936 2.10578 1
8.08938 22.817 26.2136 0
11.9134 17.7624 0.713962 0
14.5851 22.5316 1.88983 0
12.6194 14.6181 1.30986 0
6.80366 21.5255 0.622458 0
3.18107 8.56866 0.340306 0
12.0125 20.3448 0.942963 0
6.11754 19.465 0.455862 0
13.3589 23.81 0.611738 0
4.93185 5.72982 27.247 0
3.87952 7.82516 1.77453 0
12.707 17.761 1.07585 0
17.1493 21.8936 2.09961 0
14.917 19.3848 1.73499 0
14.5746 22.8528 0.584501 0
6.55059 14.228 0.592205 0
6.67503 11.9026 0.609734 0
15.1003 15.3458 10.9305 0
13.3697 23.4346 0.993562 1
15.9072 19.4894 1.78365 0
4.19012 7.82899 0.354702 0
5.70548 22.9117 2.10241 0
5.65805 15.2539 2.18142 0
11.1885 17.0296 1.87635 0
2.30028 13.706 2.22487 0
5.67483 7.38122 28.9317 1
6.89761 16.2952 0.946798 0
18.9127 22.2201 0.236383 0
8.12894 9.59138 1.21578 0
5.10171 17.4589 0.384954 1
6.8981 19.8952 1.20113 0
4.93947 10.9176 1.58845 0
11.281 11.4634 0.613135 0
10.6476 15.1774 0.657502 1
2.39567 21.1541 0.746622 0
13.841 16.5804 1.74338 0
11.198 17.9425 0.378657 0
17.2521 21.841 2.07976 0
3.74771 11.9009 0.448683 0
15.3718 18.6653 1.02552 0
17.0667 22.3428 2.17509 1
13.942 19.1263 0.727855 1
15.2955 19.4744 0.418687 0
16.3483 21.1078 0.437767 0
8.68068 9.10749 1.30054 1
3.66793 5.99745 1.97363 0
12.1096 21.3305 1.2204 0
7.06517 9.73031 0.471264 1
14.7503 18.1458 1.4956 1
0.599234 6.19027 1.62685 0
7.95519 8.4079 1.51775 0
10.3938 12.7572 11.7633 0
1.74099 2.84469 0.674787 0
15.0421 23.086 7.61756 0
9.39818 12.688 1.5308 0
6.39882 21.7927 2.11389 0
9.33308 12.2821 2.23125 0
9.7425 23.9896 0.556697 0
5.29953 19.031 1.56893 0
15.712 16.8697 1.34331 0
7.00664 19.6552 1.61061 0
3.56175 16.3627 1.85479 0
2.49817 6.47725 1.88137 1
8.95848 17.215 0.618735 0
2.18542 23.7883 0.796203 0
4.4662 10.0084 2.03617 0
10.3783 14.6923 1.34151 0
12.5512 20.0096 0.276182 0
0.455974 12.0217 1.37822 1
8.7511 17.2674 1.67699 0
6.26388 8.37529 1.7208 1
12.0973 19.3629 1.61032 1
4.27743 17.974 1.38794 1
1.73916 7.57547 11.5809 0
16.8665 21.0414 2.1732 0
7.24913 12.1164 1.93533 0
18.2558 18.8651 1.96539 0
4.57408 4.98642 0.798492 0
0.0261756 10.9352 0.901243 0
6.3808 16.3138 2.14135 0
10.6693 22.2584 1.14076 0
12.7559 17.9454 1.91891 0
2.2038 4.4819 0.518715 0
12.64 12.6821 1.11259 0
9.55027 18.2706 4.81109 0
18.7755 23.7529 0.58333 1
18.5447 19.2097 8.89828 0
6.60799 6.7002 0.265872 1
6.21434 7.03912 1.13139 0
14.0572 14.6557 1.55469 0
0.493486 8.53653 1.69696 1
7.75228 12.9141 1.0998 0
4.44369 20.217 2.05346 0
15.6083 23.1117 2.12436 0
12.5633 20.6644 0.47627 1
14.3819 14.5995 1.18892 0
16.1596 18.9634 1.63033 0
6.05204 22.3521 2.01464 1
8.4791 8.74598 1.80574 0
2.15638 2.42398 20.8971 0
12.8937 18.5919 1.74898 0
8.14915 10.4071 1.04778 0
0.269451 4.34872 0.999657 0
9.85635 21.2145 2.07936 0
9.29183 11.6349 19.0468 1
4.81301 19.7394 1.88714 0
14.6222 22.0392 1.17185 0
4.42637 8.59417 0.922904 0
18.3615 23.0358 0.259111 0
1.58952 7.74393 1.51304 0
15.5709 21.8225 0.523663 1
13.226 15.6069 16.179 0
4.14997 8.64459 1.95549 1
17.3117 19.1686 2.11655 1
1.27729 10.4614 1.21267 0
7.33802 16.9481 0.575066 0
6.1266 8.6268 1.74696 0
14.4276 20.8232 0.917189 0
11.1073 22.6644 10.9237 0
3.46618 7.61744 1.79097 0
8.50851 13.7887 1.85012 0
1.70906 8.97955 1.3922 0
11.4955 14.8092 0.251072 0
3.67067 20.41 1.38103 0
14.7664 19.8816 2.23659 1
4.95635 12.4602 0.714205 0
18.4811 19.6824 0.274536 0
16.8541 17.3413 1.18009 0
9.03883 16.1634 0.664247 0
14.3797 20.7789 25.9573 0
8.33043 13.7245 0.259626 0
14.7792 16.0917 1.7687 0
4.40301 9.2925 1.96472 0
11.7809 18.8986 12.0303 0
12.9992 22.8819 1.69387 0
18.8192 22.8413 0.467049 1
8.06726 11.2632 2.03493 0
16.9827 20.1671 1.338 0
7.46753 11.4227 13.6832 0
11.989 16.2031 1.07874 0
11.9677 15.9356 1.18319 0
17.6877 22.8992 0.58251 0
6.21389 21.4175 0.532642 0
18.978 19.5311 0.697101 0
9.91609 13.1841 1.5888 0
15.5785 19.0479 2.19073 0
2.66571 17.179 2.09864 0
3.28208 4.14224 0.906378 0
9.68946 13.8325 1.39673 0
12.4463 22.9023 17.989 1
11.3816 12.4204 0.242821 0
17.9693 22.8923 1.69842 0
3.01602 13.8285 2.09521 1
8.24818 17.5035 0.842307 0
9.52268 21.5787 0.891463 0
1.27482 18.2753 1.30851 0
6.73839 10.1596 27.3766 1
11.7197 20.3091 0.712294 0
13.8996 18.3558 0.853171 0
13.0125 18.5276 1.88706 0
8.62962 17.2487 0.7753 1
17.6716 19.6182 2.16786 0
6.74938 20.0719 1.03919 1
0.0762684 23.5389 1.99248 1
17.6439 18.6623 0.421773 0
3.55025 11.2681 1.81599 1
13.8912 19.8861 1.29527 0
14.3219 22.9877 2.10031 0
15.7913 22.0203 2.21254 0
15.3836 23.3077 1.18789 0
8.32272 13.9011 2.04605 0
12.9149 14.7436 0.597977 0
5.64902 8.20479 1.89803 1
3.20864 8.76138 0.465552 1
5.20094 5.68993 1.82384 0
2.78924 22.7754 1.91408 0
5.98212 11.9395 0.842272 0
8.78547 11.6211 1.25856 0
2.57453 4.42501 1.36012 0
9.80485 22.9937 10.3051 1
7.79955 14.4977 0.910733 0
16.7846 17.7947 0.456914 0
12.6363 17.4273 1.42422 0
9.93669 13.6696 0.562832 0
13.5179 22.052 20.2555 0
7.35428 15.0914 1.27337 1
11.6095 16.5436 1.09629 0
14.9958 18.6491 1.31617 0
6.67723 7.70585 0.383273 1
16.3678 17.2343 0.368202 0
15.1895 19.258 0.203075 0
4.02582 15.4752 0.532145 0
12.2129 15.044 0.711602 0
2.04475 5.23263 0.836958 0
18.0121 21.988 0.741997 0
14.6688 23.575 3.63321 0
0.769241 12.8532 1.99379 0
13.9949 17.5418 0.656403 0
13.3025 22.4546 0.84303 0
400 50 500
0.025 0.0125 10000 3000 15 1e+06 300000 2 2
0 14.7993 37.4343 40.6312 23.8709 28.1565 31.289 45.7082 3.03655 34.4346 33.8111 22.1796 50.2819 49.4011 43.1346 46.1292 8.69032 36.6464 46.6306 44.3789 2.64071 33.1593 7.79078 37.4812 25.0339 16.7501 42.3876 23.9642 38.3092 20.919 28.2094 17.1906 36.2711 44.3076 33.2391 21.7018 41.1033 24.0429 18.3418 39.0919 10.7874 38.756 18.4613 34.3213 40.7107 10.2264 7.78827 15.0656 11.5687 41.7252 28.4991 48.8475 40.4088 24.4749 14.2977 38.0061 25.8922 4.64437 12.8877 38.6575 18.8484 24.0559 45.5272 9.70762 51.2606 11.358 30.3174 46.949 21.3674 26.1995 49.0927 41.8472 29.6305 39.0327 10.9038 40.6212 52.62 16.4446 13.7826 39.5385 28.4679 53.1529 22.9101 35.8556 44.6806 31.3291 42.4457 27.3281 8.80635 43.6933 43.2862 14.5478 23.9265 27.8388 47.2797 29.6213 13.9072 6.27276 41.6851 50.9918 48.7463 19.4535 12.374 26.7466 12.2666 38.8223 41.8518 45.9948 40.8557 29.124 28.6587 52.3451 24.5589 49.0763 24.1881 51.121 33.1003 26.734 38.9099 51.8452 25.3416 47.1867 22.5295 40.8393 35.0607 41.2848 27.9723 29.1813 35.4407 13.8491 36.8458 35.5982 35.3024 25.0877 41.6356 29.6993 37.9785 13.2142 37.7498 36.6279 27.5933 11.4465 38.1829 19.2484 53.9343 39.0364 13.0585 35.0961 29.295 10.5056 5.23576 38.1569 37.0967 21.8237 13.5564 51.714 3.39883 43.9965 36.8272 40.5862 16.8904 23.7446 46.7074 48.9136 27.6307 42.9239 40.4581 41.5737 22.7802 35.2945 43.348 10.5964 46.9248 37.635 35.663 33.9304 32.7226 13.6187 3.00204 17.0918 35.3818 17.5373 37.9186 31.8554 36.8046 29.2296 39.4725 6.40779 28.8255 13.849 14.8997 27.3252 30.8143 48.1056 20.726 8.20929 34.3426 9.63502 46.3982 41.3412 8.81685 
14.7993 0 30.5501 52.6028 38.6682 41.8381 45.8548 51.4994 16.6018 41.6984 42.9006 9.11832 52.8331 57.5301 55.6171 54.9309 21.4294 40.0406 60.7587 57.4306 15.7581 31.4644 21.1244 43.099 39.8083 30.8578 54.5813 10.9233 27.457 35.6696 27.5407 31.9823 34.2364 43.678 44.9684 31.7094 45.9994 37.8081 32.5146 41.8719 24.1819 51.8538 29.4881 45.3916 39.9447 20.4536 20.1454 27.6278 25.0844 49.2136 37.7104 60.3862 51.4622 22.1694 24.8785 40.9125 40.5722 11.4526 23.1835 52.8543 27.8593 21.6171 57.9639 15.1767 56.6686 4.75559 43.4523 50.6597 18.7629 24.3742 51.4887 39.5643 32.4273 40.053 21.1148 50.3975 58.3433 25.8835 6.19381 51.1777 43.1529 55.7558 30.038 49.8199 46.188 26.4888 54.6018 42.1007 23.0482 55.8624 46.1964 1.65682 30.5477 18.088 56.3552 43.9725 27.2194 8.5987 43.2601 52.0498 56.7454 29.6537 25.6926 28.4185 3.45833 53.036 45.161 53.2377 47.7046 28.507 43.0803 56.1662 15.0329 62.2579 38.5532 57.4631 33.879 27.1236 50.0029 55.2721 16.7903 60.7092 36.713 50.4718 45.8845 38.9242 26.1406 34.7634 25.7969 28.1383 27.351 29.9811 37.83 36.6697 53.4161 20.0034 43.7659 24.0857 50.8214 25.9309 28.4084 24.157 41.6224 7.81642 59.9894 27.3779 25.6511 33.381 43.037 21.1456 10.654 36.2438 34.1274 36.6115 15.6972 58.1268 18.1508 53.4072 35.0735 51.5612 14.1262 38.4011 53.2857 53.4038 29.7209 49.1771 45.1991 43.7257 36.797 38.1665 52.425 13.7887 48.1243 45.0797 41.8283 48.5772 41.7742 26.3965 15.5321 29.9764 40.0123 30.4477 35.2799 41.1768 46.0304 20.445 42.1461 17.5754 30.2562 26.5999 0.105173 15.6714 25.6945 61.9559 13.4038 7.41034 40.1392 21.9099 52.0579 38.5529 14.1188 
37.4343 30.5501 0 53.572 55.2228 50.8589 58.3591 37.8605 36.5143 34.6407 39.3712 22.9728 32.3501 47.567 57.5446 47.1223 36.6472 25.6523 68.424 60.9661 39.8994 12.2565 37.5054 31.9449 57.4004 44.6128 55.8046 21.9052 11.2439 54.1723 14.7696 50.381 11.9588 19.7272 47.1814 58.9704 32.2057 48.2025 54.1857 25.3547 38.8989 56.5597 55.8685 45.7509 17.1126 32.9246 45.1967 38.7841 48.6807 39.9243 36.6489 58.5703 50.127 14.3146 51.5482 25.0942 59.1582 37.6349 33.3527 61.9745 32.2658 14.4962 59.3186 43.7201 40.9663 34.4599 50.1873 32.9711 16.4932 13.7841 31.026 13.9464 21.6773 20.7778 47.8862 46.0803 42.9452 32.5244 25.9169 51.5141 57.1192 34.7589 29.4307 58.3027 25.4874 7.01257 55.7061 59.4387 45.5208 56.7594 28.2619 29.0962 28.6183 13.0339 48.8757 55.45 51.0124 33.3012 23.7203 29.0134 46.6548 56.7297 49.55 19.1596 29.4208 62.2189 28.3994 42.2797 37.4849 14.6922 55.1279 37.3914 15.622 65.5351 59.0514 43.5525 17.8719 16.8849 49.1365 35.9224 13.7614 65.5543 49.0142 45.784 45.4675 13.4054 12.9575 27.8775 7.98878 49.9099 7.2205 3.37208 22.8368 41.3869 53.6521 11.4553 32.6978 34.4409 55.6437 10.7792 17.5202 48.8441 26.5741 22.8121 44.9621 13.999 50.4455 12.4497 51.992 33.5449 37.1262 12.9256 9.88692 53.1395 24.6274 44.2282 39.1307 47.4243 12.8221 49.993 20.5466 52.9579 40.8586 36.5751 19.9572 37.2001 31.3747 25.1626 48.4016 23.693 45.8854 27.1366 26.2714 37.0729 32.3747 61.3445 38.5973 50.9519 40.0679 40.6887 28.1974 54.7025 11.0024 38.8448 41.7063 10.3437 25.2906 43.3896 18.6899 38.6956 30.4923 16.9644 7.12565 68.076 17.6208 35.3853 30.6892 36.0683 37.9893 12.3692 42.5056 
40.6312 52.6028 53.572 0 27.327 15.0065 20.3624 25.3647 37.7284 19.7982 14.3967 55.4776 36.9999 19.1063 4.0238 15.1958 32.0602 30.4557 17.5955 7.91244 41.8222 41.6215 32.8463 24.3777 29.3828 25.1899 2.24042 56.5808 62.0473 30.7781 38.97 30.7561 43.1421 42.7941 7.64277 49.9873 26.9012 18.3581 36.5877 32.4212 29.8654 6.69038 46.696 7.96794 41.7234 32.1838 42.4962 25.5958 39.8535 18.751 17.1997 8.38712 4.59331 41.6703 46.2729 31.8974 31.5236 45.2626 29.42 15.5853 25.3341 41.8698 5.81702 49.1729 28.9638 50.9973 11.5368 32.1654 42.1486 40.9434 36.8715 45.7277 31.9465 36.8861 45.8789 10.1356 28.6958 26.9283 47.8351 2.11812 22.8173 38.3409 25.4129 13.364 37.4424 47.1694 2.16732 29.2562 38.1494 3.35955 33.1434 51.4898 25.779 53.9133 14.7026 18.3683 40.3136 45.0429 36.2296 41.5225 19.2243 48.6827 40.348 34.6 49.1735 15.7891 31.621 20.6778 20.7842 38.9189 19.3777 34.3531 52.1018 12.036 35.1473 25.9323 36.3749 37.0197 4.80392 35.255 51.0723 12.7573 21.0479 10.7211 8.10992 45.6716 41.0773 25.7098 57.8394 36.5955 58.3858 50.2171 32.5217 15.9355 1.362 54.759 23.8908 28.5476 6.73431 60.6219 36.1679 41.8625 30.5178 52.0986 28.4003 64.2651 42.1912 42.1285 14.5175 31.5262 45.7844 43.48 45.4085 27.3036 38.4623 26.0181 37.7632 12.1359 42.7022 4.94363 42.8457 23.9049 23.1697 30.671 33.6617 23.0864 27.2393 34.6834 20.1752 31.6711 13.2594 39.2458 39.188 18.7492 22.8409 21.475 15.0388 41.7764 42.3497 23.5529 27.1361 41.7374 44.991 14.7275 12.8246 53.0561 32.7789 43.8983 34.8825 26.7933 52.6727 56.5603 47.5075 15.8675 48.1423 48.243 24.0261 31.2757 26.0265 46.6736 48.6909 
23.8709 38.6682 55.2228 27.327 0 12.5851 9.12391 45.387 22.3616 34.4131 30.1979 45.4715 54.5575 43.7862 27.7382 39.7 19.3149 42.5373 25.1955 26.9407 23.3096 46.5593 18.8829 39.5096 2.58309 10.659 28.0293 47.1537 59.3266 4.09475 41.8559 6.80784 49.3522 54.1474 22.9135 23.4738 43.4058 10.818 10.2046 45.2651 16.6514 22.1427 20.6517 25.5302 51.3829 22.6239 20.8227 16.567 16.2737 39.0761 26.9503 35.2484 29.7991 40.9083 21.7195 44.2649 4.91139 27.7612 21.8709 17.5933 24.1227 40.7419 29.8708 28.4101 50.5904 35.0208 16.2134 49.9619 39.111 41.6433 53.8065 54.1678 38.6179 47.723 22.9131 33.2305 51.1543 23.104 36.7648 27.4921 5.74355 56.901 28.5809 16.2869 51.5137 48.2626 28.1906 4.23302 16.5175 29.1594 48.3039 38.3392 29.8376 49.0279 40.0116 9.4024 15.5553 30.0975 49.0214 57.4129 43.5231 22.5997 16.3165 38.2507 35.982 17.6634 46.5643 42.8541 39.6884 42.4334 8.24653 54.2418 46.0459 30.6537 7.87548 48.7544 43.609 39.7224 28.588 54.471 46.1522 27.8376 8.20548 33.7358 26.6857 53.7929 42.8877 34.2051 55.7563 12.3467 56.9166 52.4839 42.8451 19.4983 28.6746 50.6378 39.5634 20.7852 21.4578 57.6424 39.7956 18.2376 43.5885 42.252 51.6497 60.6255 17.8019 48.0705 12.8485 21.9209 28.5359 50.7164 51.0483 2.15973 31.5159 49.1135 20.5253 36.6491 49.472 30.1449 36.5117 3.71271 44.7137 50.2611 38.2828 42.3712 43.1835 48.0997 9.2722 42.3439 36.9134 30.0042 53.7964 36.2081 37.2783 10.9381 29.6198 17.1281 23.6751 15.0371 39.7064 15.5809 51.3503 28.4965 31.8303 49.6176 45.7112 23.2031 39.8622 16.5372 38.7682 49.6509 48.0976 27.5608 41.7391 31.8283 37.0465 19.5859 46.1736 54.3378 28.511 
28.1565 41.8381 50.8589 15.0065 12.5851 0 8.46691 33.8988 25.5894 23.8087 18.8396 46.6288 43.9994 31.3498 16.13 27.241 20.4087 33.3328 19.1107 16.4851 28.7771 40.3904 20.7879 29.1204 14.8745 11.4834 16.0261 48.0496 57.14 15.8094 36.3389 15.8347 42.7687 45.7018 10.4631 34.9971 32.8049 4.11562 21.5822 35.9334 17.6906 10.9669 31.75 13.1978 43.4866 22.0065 28.4731 14.4446 25.273 27.3053 16.9481 23.2188 17.2167 37.0493 31.5958 35.0514 17.1569 32.7443 19.8449 11.5425 18.6923 37.0519 18.4538 35.6268 38.8305 39.305 3.6288 39.2124 36.2775 37.126 43.4234 46.853 31.2353 39.2287 31.5867 20.7974 39.212 18.9875 38.1766 14.971 9.2582 46.0893 21.6699 8.1202 42.005 43.8945 16.1591 15.2517 23.9725 17.2555 38.3187 41.0328 22.693 47.5994 27.4766 5.38869 25.5137 33.5302 39.8691 47.4557 31.1362 33.7391 25.685 32.1462 38.606 11.7646 36.5826 30.8193 28.2694 36.6682 5.78017 42.996 45.1077 21.0191 20.4598 36.6989 36.3194 34.152 16.0053 43.4185 44.6314 19.0307 6.26716 21.3262 14.3623 46.5935 37.9229 25.6992 53.1618 21.8085 54.0616 47.7459 34.299 9.9326 16.3213 48.8804 29.0145 18.7084 10.0477 55.5366 33.8121 27.3195 34.096 43.2048 39.544 58.9193 27.4903 41.5436 1.23198 21.237 33.3847 43.7629 44.7752 12.3351 30.2435 37.0074 24.9256 24.1498 42.66 17.5608 35.2526 8.99797 32.8531 39.012 31.7503 30.968 32.7407 38.6924 5.60806 33.6385 24.5092 29.9388 44.1751 24.9593 26.9555 11.1389 18.5086 27.0185 29.2736 12.0407 30.1603 26.7588 44.7856 17.4524 19.9252 47.4829 36.3695 30.2163 33.2878 15.3307 41.9237 49.2867 43.9567 20.118 40.7987 36.2709 27.1599 19.977 34.6763 47.3427 35.3287 
31.289 45.8548 58.3591 20.3624 9.12391 8.46691 0 42.0207 29.2541 32.2361 27.1409 51.7749 52.3737 38.521 19.8713 34.4079 24.9999 41.7872 16.1324 18.3992 31.2053 48.3578 24.9719 37.5557 10.204 15.2724 20.5511 53.34 63.883 13.218 44.0957 15.322 50.8511 54.1153 18.112 32.429 41.2008 10.1668 19.3131 44.3959 22.1384 14.2706 29.7315 20.9441 51.8259 27.528 29.4352 20.2207 25.1705 35.3209 25.41 27.5763 23.731 44.2692 30.815 43.5083 11.904 35.5558 25.926 8.4747 26.1152 44.2107 21.7735 37.0001 46.7653 42.6409 11.2403 47.5598 43.1021 44.575 51.828 55.1048 39.4264 47.635 31.8225 28.1449 47.0035 25.9238 43.0952 21.066 3.38176 54.403 29.6368 7.67844 50.4719 51.3519 20.7407 9.34178 24.9664 21.5211 46.7723 45.3062 30.7387 53.9638 34.3743 3.10331 24.624 37.2767 48.3278 55.9022 38.4217 31.6627 25.2943 40.0318 42.8863 8.54042 45.0383 38.5922 36.4612 44.4997 3.2322 51.1801 51.2359 21.7477 15.9137 44.4012 44.523 41.9042 22.7957 51.6706 51.0091 18.8109 9.68965 28.7147 22.0831 54.8227 45.525 34.0559 60.0425 21.2738 61.0476 55.3479 42.6984 18.2625 21.7178 55.3942 37.4306 24.7564 13.823 62.2381 41.68 27.182 42.5616 48.4192 47.1723 65.4761 26.8516 49.6065 7.79104 26.757 36.2903 51.932 52.7929 10.394 36.3114 44.6535 27.8919 31.2453 50.7938 24.11 41.4042 7.61763 40.7566 47.2111 39.7465 39.1474 41.1603 47.1582 10.0802 42.0536 31.8504 35.4412 52.6402 33.2399 35.4025 2.99936 26.881 26.2006 31.6306 17.9934 38.6249 24.6765 52.8731 25.8478 27.9425 54.1413 44.8326 31.6574 41.3079 20.7358 45.9495 55.1918 51.3382 18.4369 46.8826 39.4702 35.6264 24.9048 42.7891 55.534 36.9796 
45.7082 51.4994 37.8605 25.3647 45.387 33.8988 42.0207 0 42.8149 11.678 15.1994 50.0089 11.8024 10.3483 28.9015 11.7429 38.0162 12.7327 42.9469 32.9887 47.9836 26.1567 39.2773 8.43363 47.936 37.5509 26.9968 50.3232 48.6123 47.3193 26.6942 45.2992 25.9022 20.9097 23.9924 63.1175 5.91551 34.5802 51.4865 12.509 37.6056 31.4909 59.4274 21.173 21.606 35.5065 51.2557 33.6331 51.0873 6.80169 19.0176 25.7257 20.7714 31.8291 57.1079 12.8641 50.2842 49.4496 33.0318 40.1003 27.0641 32.301 29.4791 55.4107 5.59556 52.2104 30.7824 7.22626 34.3015 29.9767 11.9225 25.7241 19.6646 17.1822 55.063 15.2349 6.9429 29.4567 45.3978 23.4905 43.1465 12.977 22.8085 37.0418 14.3972 33.5791 26.8007 48.8142 48.1826 27.2455 10.2649 49.9353 21.8593 44.0681 13.2812 39.129 52.5911 47.0055 14.7345 16.7159 9.49342 61.2053 51.8864 23.8735 48.2867 40.3354 9.60126 5.4519 5.69905 26.0239 39.6694 9.20349 43.7965 36.0533 52.7894 6.10777 20.7881 25.9042 20.8643 9.92494 41.9886 37.715 37.2176 14.6452 20.0833 25.9624 28.9523 16.8994 44.5916 49.3362 44.4881 34.7095 15.5821 26.0572 24.5609 44.0112 7.8239 33.0224 31.0987 47.6587 24.551 52.6322 11.4814 47.3127 8.49034 51.2838 53.6625 25.485 34.3097 35.3199 49.5882 25.1533 28.0394 44.2746 35.9449 6.80046 44.3602 13.8772 25.059 20.4237 37.8157 41.7139 3.20489 5.33468 22.4864 3.04275 6.79002 13.0889 36.1373 14.8611 12.4062 38.4159 15.3863 9.21422 10.0523 44.1565 15.7799 53.6132 48.4803 33.2485 11.6182 55.3965 27.0636 16.9075 14.0919 42.0859 12.5725 51.3752 22.5624 34.6888 51.524 47.9721 34.2913 40.985 41.2979 50.5856 11.5121 36.9062 0.786896 27.1414 54.4668 
3.03655 16.6018 36.5143 37.7284 22.3616 25.5894 29.2541 42.8149 0 31.4793 30.7799 23.1431 47.6796 46.379 40.3092 43.0955 5.69896 34.0402 44.2888 41.6671 5.18071 31.3535 4.90844 34.6366 23.7793 14.3372 39.517 24.8568 38.2789 19.7902 26.3469 15.9258 34.4649 42.1718 30.2934 23.3157 38.3047 21.4936 18.0973 36.5377 7.99059 36.0443 19.8755 31.3254 38.6347 7.30945 9.48007 12.1344 12.1823 38.7369 25.4717 45.9107 37.4215 23.0394 16.0606 35.4462 24.8791 7.55869 9.89238 36.3452 15.8736 22.6644 42.6985 12.6647 48.3801 13.7165 27.5922 44.2374 20.1502 24.6064 46.5147 40.0013 27.1918 36.7116 13.0182 37.5869 49.7131 13.465 14.4756 36.5973 26.5922 50.5312 20.0499 33.4219 42.2411 30.1397 39.57 26.0636 9.01005 40.8216 40.6837 16.0866 21.1043 27.784 44.2435 27.3983 14.5038 8.04909 39.2616 48.5677 45.7284 21.0882 13.0631 24.537 13.6872 36.5199 39.2133 43.0104 37.9047 27.228 26.489 49.5993 24.5831 46.4027 23.6288 48.1766 30.8961 24.734 35.9229 49.1408 25.1197 44.6053 20.1829 37.8036 32.0524 39.4591 26.3213 26.4043 35.1643 13.6458 36.5077 34.4596 32.819 22.1049 38.7127 29.5734 35.1166 10.1843 35.0296 36.5856 25.4992 12.5613 35.5576 19.9936 51.0024 39.2122 14.1138 33.2565 26.7541 7.5281 8.05618 36.3 35.4378 20.2473 12.0617 48.7643 2.61688 40.9601 34.9645 37.5942 16.0739 21.8314 43.758 46.1175 25.3348 40.006 37.6778 39.0764 20.3406 32.7666 40.3124 9.37775 44.5089 34.6585 32.7819 31.9918 29.6933 14.5421 5.66783 14.2382 32.6472 18.1945 36.1885 28.822 33.7696 28.9138 36.9281 8.77241 26.6041 10.9368 16.6961 27.7411 29.6933 45.6402 20.5072 10.7016 31.5011 6.61109 43.5127 39.5871 11.8198 
34.4346 41.6984 34.6407 19.7982 34.4131 23.8087 32.2361 11.678 31.4793 0 5.63746 41.6474 20.2531 15.855 23.8135 13.7032 26.4827 10.7008 36.607 27.645 36.6109 22.421 27.7275 5.32511 36.9909 26.0084 21.9348 42.2846 44.1257 36.0268 20.7379 33.8014 23.5854 23.2166 15.3181 51.4408 9.0427 23.7511 39.9407 12.8748 25.9544 24.4122 47.75 12.9102 21.9369 24.21 39.6779 21.9551 39.4112 7.52829 7.52762 23.9383 15.8064 24.7434 45.4555 12.2267 39.3235 38.3882 21.6079 32.0436 15.6137 25.0967 25.2561 44.1359 17.2559 41.8145 21.2082 15.5638 26.3512 23.4146 19.6254 25.9298 13.1531 17.1263 43.4855 11.4402 18.3847 18.0234 35.8262 17.6801 32.8403 22.5002 11.8491 28.5832 18.5215 28.7974 21.7984 38.0801 36.5223 22.7018 14.5898 40.2265 11.1739 37.4853 15.3319 29.1909 40.9158 36.3139 16.8091 23.6799 15.0539 49.5275 40.2089 16.7316 38.3387 32.2938 12.8774 11.6803 6.42745 20.4349 29.5399 19.9484 36.4576 31.7846 41.5641 16.704 16.9217 19.1655 15.0558 20.0779 34.9602 32.4658 26.209 11.1579 12.1779 25.8789 23.0312 7.60031 39.9084 37.6806 40.2023 31.2712 12.7387 14.9149 19.5855 37.8949 5.2156 21.5033 23.7259 42.8722 18.0234 40.9675 10.952 38.6132 19.5562 46.5781 41.9872 22.6616 24.4549 23.9515 38.5959 23.7694 25.8779 33.1281 26.0087 17.2859 32.8814 13.1246 23.0689 15.6161 28.848 30.8207 12.2806 16.0163 15.4988 8.69666 8.93372 15.4017 25.1505 11.8807 11.7295 28.1068 20.573 3.3813 3.26088 34.7052 5.48913 41.9353 37.1193 21.6184 7.35396 43.7481 25.3573 6.42483 7.16708 36.0321 13.2701 39.9058 16.3423 23.0134 41.7367 40.8893 29.2944 35.4185 33.2169 39.8989 4.22942 25.3782 12.4367 26.8923 43.2432 
33.8111 42.9006 39.3712 14.3967 30.1979 18.8396 27.1409 15.1994 30.7799 5.63746 0 43.9937 25.2566 15.6649 18.4196 12.3325 25.3449 16.3048 30.9789 22.1524 35.7227 27.3018 26.4943 10.7912 32.7415 22.8812 16.5875 44.8298 48.3231 32.2499 24.9805 30.4682 28.7495 28.8499 9.73547 48.9141 14.1554 19.385 36.7121 18.5122 24.2305 18.7772 45.2696 7.27287 27.4857 23.82 38.1222 19.8733 37.1614 9.01275 5.3365 19.4808 10.7603 28.3021 43.4444 17.8567 35.0901 38.0947 21.0026 26.4718 15.3072 28.5804 20.0212 43.3597 20.4216 42.3899 15.9557 20.4235 29.3668 27.2795 24.7687 31.42 17.694 22.7129 41.8887 7.6426 21.1122 17.5889 37.3584 12.2893 28.041 27.2651 13.111 23.0592 24.0869 33.1762 16.468 33.6206 34.53 17.4551 20.045 41.5419 12.9797 40.9251 13.5802 24.1605 38.4171 36.6194 22.4428 29.0268 15.0746 47.1325 37.8951 20.7059 39.4607 26.7209 18.3667 13.1039 9.50829 24.8299 24.6189 24.1903 39.5292 26.4315 37.6668 18.8983 21.9897 23.1653 9.78931 24.5801 38.2316 26.9467 22.0487 7.62874 6.56422 31.3388 27.1841 11.5327 44.0958 34.9691 44.5229 36.0031 18.1902 11.0545 14.3315 41.5435 10.516 20.5969 18.0887 46.9785 22.1848 38.883 16.5893 40.7826 21.8366 50.6663 39.7332 27.7477 19.3576 23.3972 38.4137 29.0907 31.0202 29.1339 27.4979 19.3464 31.7744 10.509 28.3055 10.6409 31.0786 26.5182 14.6532 20.2011 19.6394 12.2043 14.2148 21.0188 20.9656 17.3555 9.62166 29.1125 26.0842 6.12058 8.87509 29.4782 1.12772 39.5805 36.2507 18.9598 12.946 40.9418 30.5943 2.00529 3.12981 39.7455 18.9064 38.7137 20.7386 21.0587 42.9513 44.0116 33.5854 29.8474 35.9298 40.1432 9.77508 24.2939 15.9852 32.3199 42.5811 
22.1796 9.11832 22.9728 55.4776 45.4715 46.6288 51.7749 50.0089 23.1431 41.6474 43.9937 0 49.3115 57.3635 58.8666 55.3148 26.7753 37.6722 65.7392 61.1892 23.7428 26.7473 26.8592 41.9113 46.9206 36.5044 57.5962 1.84472 18.4456 42.9031 23.9215 39.0608 29.0741 38.7296 47.8955 40.7457 44.199 42.8174 40.476 39.0115 29.6372 55.7779 38.3909 47.7881 35.121 24.6247 28.5995 32.1934 33.3233 48.9209 39.2026 62.6993 53.6231 18.4292 33.7784 38.1894 47.9591 19.8273 26.8922 58.0439 30.1439 17.9098 61.1186 24.2455 54.745 13.8398 47.6447 47.9146 15.7075 20.5181 47.9271 33.912 30.3488 36.2593 29.9793 51.6363 56.5649 28.6888 8.71959 53.8166 49.3914 52.1622 30.9025 54.7466 42.3373 20.3961 57.583 49.2063 30.9114 58.8238 43.1736 8.32191 31.0397 9.95718 56.8868 49.5483 35.5641 16.0494 39.6004 47.6969 56.5146 38.6567 34.0136 26.1392 10.1138 58.2475 42.4316 52.6202 47.0606 24.7884 48.7853 53.2821 7.64322 66.0655 46.367 56.1091 30.4215 24.2318 52.2433 52.1817 9.7529 64.9166 42.2344 51.604 48.0739 33.2646 21.9897 34.1706 17.1879 36.0004 18.7448 23.1104 35.0957 39.8821 56.1067 11.7035 42.6465 27.9859 54.7445 16.9762 25.5967 32.6372 39.1772 3.43247 58.3726 18.2639 34.191 28.476 47.8586 25.3966 19.0719 31.0034 28.4353 43.3395 17.02 56.7975 25.2407 54.2748 30.0097 53.6576 12.9157 44.6435 52.2305 51.0253 27.5256 48.0806 43.3446 40.3811 42.1163 35.6155 53.0894 16.7089 44.0072 44.9553 41.0643 54.644 42.9038 34.8988 23.6301 34.5954 38.406 38.9635 29.6932 42.5246 47.061 12.6316 39.2049 26.1391 27.5859 31.387 9.02549 6.72431 19.5228 66.5421 8.7261 16.1207 39.2526 26.9245 50.4613 32.6792 23.1542 
50.2819 52.8331 32.3501 36.9999 54.5575 43.9994 52.3737 11.8024 47.6796 20.2531 25.2566 49.3115 0 21.3441 40.6299 23.4403 43.7742 13.6403 54.5942 44.7169 52.7957 22.8032 45.061 15.0509 57.1402 45.5655 38.7127 49.1897 43.5879 55.9148 25.5169 53.368 21.1769 12.7998 34.7743 69.769 11.2116 43.98 59.3143 11.242 44.0724 42.9107 66.0819 32.0444 15.307 40.5836 56.846 40.7344 57.6267 18.2502 27.614 37.4641 32.4158 31.0493 63.1482 12.3082 59.4581 53.3236 38.6186 51.3045 33.1204 31.5943 41.2695 59.7087 10.8434 54.5592 41.212 4.88819 34.2323 28.8788 1.3899 18.5681 20.8892 13.0537 60.5745 26.8745 12.5764 35.2905 46.6533 35.0589 53.0861 2.93066 28.2489 48.0737 7.08843 30.0887 38.521 58.2988 54.4763 39.0084 6.99685 51.1858 27.019 41.5515 24.8782 49.3625 59.424 50.1352 9.71197 5.23868 20.6145 67.7013 58.4889 24.5467 50.0001 51.5464 8.5145 17.114 16.379 24.5992 49.756 5.38503 42.177 47.8538 61.4946 14.4742 19.0279 25.7122 32.3783 3.76222 40.1321 49.4721 46.3721 26.2989 31.0435 19.0373 27.3279 21.6862 40.0043 56.5315 39.5086 29.7297 15.2077 35.0971 36.2616 40.9776 15.0429 38.943 42.4379 42.9889 24.4262 58.9021 12.1291 47.2085 14.4743 46.3425 60.1351 21.3582 44.583 40.6131 53.288 19.6637 22.7453 53.1732 38.3778 14.9595 49.6687 25.6795 20.1939 32.0816 38.7082 51.0105 14.6097 6.93631 23.3398 13.9243 11.3759 9.1085 45.3278 15.0695 24.2024 41.2747 6.11543 19.2303 17.2807 54.7345 25.4965 60.225 53.2387 40.9473 15.4285 62.5864 21.5012 26.5472 25.0019 39.1224 10.8933 56.452 22.6141 41.5912 52.8342 45.7902 30.9382 52.7243 40.7644 53.569 17.6243 42.6854 11.2588 20.1615 58.6345 
49.4011 57.5301 47.567 19.1063 43.7862 31.3498 38.521 10.3483 46.379 15.855 15.6649 57.3635 21.3441 0 21.8078 4.12092 40.9971 21.9425 35.8694 25.7203 51.364 35.5324 42.1551 15.9983 46.1793 38.0033 20.1041 57.9165 58.0068 46.476 35.2251 45.2533 35.6763 31.2529 20.8964 64.1562 15.4217 33.2256 51.4959 22.3661 39.8809 25.7778 60.5603 18.2617 31.7982 39.3051 53.7653 35.4919 52.6161 8.44261 20.9168 16.7946 14.9424 39.8856 58.9652 22.502 48.4868 53.6026 36.5352 34.6833 30.6774 40.2971 21.7055 58.9943 11.1108 57.4885 27.8035 17.3054 41.8633 38.2824 21.7706 35.9554 27.6996 27.2026 57.5201 10.5593 10.2138 33.0371 51.6804 17.7651 40.3759 21.6836 27.5475 32.2297 24.7426 42.7252 19.887 46.5855 50.0904 19.9313 20.5933 56.07 26.9827 52.5182 4.44573 36.0032 53.7408 51.8618 24.9899 26.5211 0.912599 62.463 53.317 31.7435 54.154 34.8902 19.7932 5.29158 10.4662 34.7014 36.7962 17.1716 51.8176 27.8562 51.5897 7.49264 29.956 34.0381 15.7364 18.4916 50.1798 30.0801 36.0736 10.0509 17.113 36.1608 37.5472 23.1948 53.8876 50.1931 53.924 44.3199 24.7994 26.1088 17.9526 52.6959 15.2227 36.1988 25.6956 56.9378 32.7565 54.3947 21.0028 54.3932 9.47924 60.615 55.1723 35.1175 31.3914 38.9306 53.8831 35.1227 37.8899 43.1312 41.852 7.35109 47.4327 7.27567 34.8943 14.5546 44.6459 40.0898 7.14461 14.4084 30.3962 10.3695 16.2241 23.3218 35.0085 23.9748 6.88035 43.8742 25.6424 12.4818 16.3862 40.1085 16.718 54.9728 51.8901 34.4221 19.8077 56.0437 36.9995 17.6616 12.8825 50.7853 22.5078 54.3785 30.8542 36.6915 57.5701 56.1697 43.3643 33.4164 48.8215 55.4275 18.2276 39.9381 10.5663 37.3312 58.1951 
43.1346 55.6171 57.5446 4.0238 27.7382 16.13 19.8713 28.9015 40.3092 23.8135 18.4196 58.8666 40.6299 21.8078 0 18.1461 34.7115 34.4578 14.1562 4.08777 44.1434 45.6239 35.4016 28.3358 29.5539 27.1153 1.93509 60.0234 65.9089 31.4568 42.9104 31.9245 47.1624 46.7576 11.0189 50.9213 30.7528 19.9225 37.4596 36.3924 32.3503 5.63423 47.7753 11.8349 45.7302 35.1638 44.3982 28.2506 41.3896 22.4265 21.0637 7.71655 8.31955 45.4907 47.7256 35.8854 31.5487 47.7789 32.4717 13.6585 28.7598 45.6749 2.39469 51.3247 32.1649 53.7794 13.08 35.8344 45.8571 44.8206 40.5613 49.743 35.9404 40.8864 47.6312 13.792 31.7338 30.2041 51.0498 6.13863 22.7173 41.8466 29.1639 12.3136 41.3258 51.1017 2.11447 29.1148 39.9533 1.92626 37.0043 54.5658 29.5916 57.628 17.3639 18.4147 41.6358 47.8417 40.1783 45.2536 22.0533 49.7639 41.8129 38.5306 52.2149 13.8209 35.5097 23.9937 24.5589 42.8776 19.5293 37.7411 55.7342 8.01801 35.3742 28.9535 40.3931 40.9389 8.77901 38.7205 54.7632 8.87863 22.3857 14.3521 12.0804 49.6901 44.997 29.6992 61.7092 37.9352 62.2811 54.1939 36.5416 19.0463 4.39905 58.5199 27.8313 31.5346 6.28427 64.467 40.1111 43.4307 34.4946 55.4663 31.2567 68.0968 43.6202 46.1452 15.37 34.4745 48.3402 47.5038 49.4272 28.026 41.8505 28.9711 40.1311 15.2764 46.725 8.61788 46.3556 24.5785 26.5272 34.1599 37.6154 26.7665 31.1216 38.6182 21.6405 35.6896 16.5785 42.4649 43.0274 22.679 26.8373 20.4299 19.0506 43.1461 44.6625 26.0713 31.1449 42.7385 49.0136 18.7108 16.8014 56.8401 36.745 45.9723 38.8552 29.4037 55.6908 60.1752 51.425 12.0955 51.7145 50.9363 28.0423 34.0015 29.5314 50.6944 50.9193 
46.1292 54.9309 47.1223 15.1958 39.7 27.241 34.4079 11.7429 43.0955 13.7032 12.3325 55.3148 23.4403 4.12092 18.1461 0 37.6143 21.555 32.2909 22.1497 48.001 34.916 38.7374 15.1776 42.0818 34.1512 16.3628 55.9786 57.2048 42.4381 34.0336 41.2999 35.4184 32.078 16.7958 60.2927 15.6472 29.1849 47.5304 22.4745 36.3475 21.8242 56.719 14.1945 32.145 36.1507 50.1928 31.9134 48.8631 7.20038 17.6671 14.0259 10.9033 38.3529 55.2469 22.4091 44.3852 50.427 33.3351 30.7255 27.6045 38.7266 18.2972 55.6422 14.0862 54.628 23.6875 18.9692 40.0518 36.9105 23.65 36.3369 26.4063 27.3635 53.921 6.47273 13.588 29.9107 49.2163 13.7465 36.2554 24.2128 24.9002 28.1877 25.8042 41.8398 16.1493 42.471 46.4161 16.3239 21.476 53.5186 24.4842 51.0816 1.75498 31.8825 49.9218 48.9027 25.5705 28.4466 4.05901 58.6358 49.5447 30.2575 51.5167 30.9375 20.387 6.32822 9.67415 33.6086 32.6758 19.8814 50.1424 24.6883 47.5163 10.8081 29.2847 32.6427 11.6367 21.0219 48.6113 26.6717 32.0399 5.99067 13.0555 36.4714 36.3569 21.2879 53.0273 46.3422 53.1814 43.8069 24.306 22.3121 14.1074 51.404 14.4253 32.9175 21.6951 56.0456 31.4258 50.6756 20.879 52.2395 13.2047 59.7461 51.4066 34.7288 27.2729 35.7295 50.7454 35.0936 37.6874 39.0765 39.341 10.8459 44.0205 3.16913 34.7118 10.5155 42.4687 36.0087 8.84141 16.6113 28.9629 10.6425 16.3334 23.8898 30.9804 23.44 2.89794 41.1801 27.0204 10.5211 14.9993 36.0223 13.4388 51.183 48.5312 30.72 18.9498 52.1452 36.9066 14.2739 9.33525 49.5173 22.6909 50.9104 29.6138 33.1304 54.9763 54.5608 42.4185 29.9979 46.9176 52.4412 16.816 36.5779 12.2033 37.6139 54.8828 
8.69032 21.4294 36.6472 32.0602 19.3149 20.4087 24.9999 38.0162 5.69896 26.4827 25.3449 26.7753 43.7742 40.9971 34.7115 37.6143 0 30.233 39.376 36.2049 10.3871 29.6882 1.28806 30.055 21.187 9.72945 33.8749 28.3456 40.0364 17.6411 24.6817 13.7825 32.7346 39.5394 24.6011 26.0821 33.8565 16.3894 17.7992 32.8556 2.86212 30.5925 22.4273 25.6327 36.192 3.84745 13.2582 6.47098 14.0229 33.5587 20.0893 40.2204 31.7249 22.4859 19.3845 31.7596 22.7216 13.2576 5.15606 31.521 10.9678 22.2242 37.0955 18.0287 43.6088 19.1035 22.1459 40.03 20.2136 23.6347 42.6845 38.0905 23.9895 33.6701 17.0601 31.9894 44.8435 8.61269 18.1083 30.906 22.6905 46.5558 15.602 28.4104 38.8242 29.8661 33.9233 23.373 10.7729 35.1779 36.8241 20.6492 16.7851 29.7132 38.7138 22.8187 16.0424 13.2121 35.9162 45.1445 40.3755 23.9681 14.9149 22.0469 18.2178 31.7113 35.2599 37.8409 32.8983 25.4544 22.0236 45.2625 26.7428 40.9845 22.4046 43.1681 28.2559 22.7837 30.2261 44.931 26.8435 39.3195 15.4993 32.224 26.3709 37.6026 25.155 22.1495 36.538 13.8702 37.7458 34.1905 29.3859 16.4066 33.0307 31.3334 30.4699 4.99423 29.5686 38.3487 23.2825 15.1488 31.6767 23.4225 46.0364 41.3106 16.4491 31.471 21.6085 3.43519 13.7421 34.4187 34.0278 17.1569 12.3048 43.7328 6.44552 35.3966 33.0923 31.8995 17.2224 17.9832 38.7399 41.6373 22.5844 35.1252 33.2942 35.5299 15.4673 29.2065 34.8019 10.7025 41.1364 29.5503 28.0797 27.8786 24.2797 16.6229 10.918 8.675 28.4559 19.5315 34.6034 23.3639 28.279 30.3566 33.2699 13.4499 24.0195 5.30973 21.515 30.4432 29.5729 40.5265 22.4268 16.2248 26.9553 1.11157 38.7396 37.8941 17.2943 
36.6464 40.0406 25.6523 30.4557 42.5373 33.3328 41.7872 12.7327 34.0402 10.7008 16.3048 37.6722 13.6403 21.9425 34.4578 21.555 30.233 0 47.2802 38.3279 39.1559 13.6009 31.5161 6.50026 45.1039 32.8672 32.561 37.8651 36.0963 43.4129 14.0204 40.5658 13.8642 12.5989 25.8289 56.2914 6.82543 32.4621 46.3144 2.74287 30.6991 35.0688 52.6171 23.5541 11.2792 26.9681 43.2335 27.6544 44.1698 14.3642 16.391 33.9004 26.3233 19.3046 49.5753 1.73439 47.3579 39.7583 25.0872 42.4453 19.8061 19.8016 35.8042 46.1058 17.0876 41.3706 31.1781 10.6511 22.0304 17.3577 12.4842 15.3549 7.61543 6.43129 46.9501 21.4671 18.9422 21.8603 33.8525 28.3396 41.9126 16.507 14.8794 38.8993 8.99734 20.9114 32.4165 46.508 40.9786 33.2695 6.64368 38.4211 13.6066 31.3543 23.3097 38.6886 46.0361 36.6983 6.55145 15.1258 21.03 54.196 45.0434 11.69 37.0229 42.6973 5.25084 16.6704 11.8822 13.3138 38.8645 16.1702 31.195 42.3891 48.9963 18.7853 8.09146 13.4404 25.6805 15.4117 29.3384 43.1557 34.5306 21.0612 22.8658 15.3627 16.2475 8.46806 32.0108 43.2829 31.999 22.3838 2.87764 23.6382 30.1743 31.2785 7.1996 25.4813 34.3531 35.0718 12.0754 45.3805 1.59107 35.1606 20.8104 38.7294 46.651 13.2111 34.1429 27.0206 39.7496 13.6108 16.1329 40.947 25.0424 19.4811 36.0467 22.1817 13.1626 26.0998 26.0064 39.1824 15.4668 13.4225 10.3447 11.6041 5.95271 5.57563 33.5527 2.12941 20.5903 27.8483 11.3077 12.0982 7.62648 44.4453 15.9858 46.7735 39.5999 28.1718 3.3606 49.2943 15.379 16.7349 17.6774 29.3532 3.18712 42.8126 10.0877 28.4086 40.0525 35.3024 21.6003 46.1192 28.9481 40.1849 6.54067 29.156 13.0521 16.4342 45.0438 
46.6306 60.7587 68.424 17.5955 25.1955 19.1107 16.1324 42.9469 44.2888 36.607 30.9789 65.7392 54.5942 35.8694 14.1562 32.2909 39.376 47.2802 0 10.1523 46.8547 57.0803 39.6349 41.5505 25.8671 29.9517 16.0024 67.1539 75.607 29.2814 53.6616 31.4194 59.0179 59.823 21.6392 48.0519 44.3456 23.0029 35.2925 49.4643 36.5839 12.222 45.5962 23.73 58.3974 41.117 45.4708 33.5529 41.297 36.3442 32.0698 20.0275 22.1851 55.2213 46.9151 48.8334 27.0608 51.0813 38.9205 7.98495 37.081 55.2947 14.2369 52.9976 46.321 57.9494 18.5412 49.7539 54.8491 54.9875 54.4512 62.2343 47.4345 53.6725 47.9466 27.7292 45.8741 37.7656 57.2743 19.553 19.4751 55.918 39.0439 10.9976 54.7881 61.6288 16.2077 24.3965 40.963 15.9697 50.5508 60.0242 39.8079 66.3915 31.4415 17.0902 40.7405 52.3208 53.3642 59.077 36.1588 47.4828 41.4267 49.2897 57.592 7.83497 48.9738 38.1324 38.3346 53.8141 18.1428 51.8682 64.0267 9.3989 31.1386 43.0932 52.2655 51.5401 22.2601 52.8145 63.4325 6.20019 24.1152 28.3119 24.4311 62.1037 55.515 41.2911 71.527 37.4054 72.311 65.1656 49.0365 27.2411 18.4016 67.5737 41.1367 37.7956 13 74.049 50.9483 43.3128 47.5421 62.3147 45.3434 77.5283 42.9757 57.895 17.8815 40.3472 51.7784 59.6362 61.2026 26.5225 49.2578 43.0947 43.2793 29.4298 58.713 22.5267 54.2115 23.5681 40.6574 48.239 48.6121 40.6765 44.6246 51.8832 23.9658 48.2316 30.7056 49.0453 56.62 36.0734 39.8065 14.4655 31.3246 42.3158 47.3104 31.1492 43.9198 40.6002 60.9662 30.6789 30.0694 66.0825 49.8486 47.6117 50.0249 34.4123 60.8474 68.2729 61.8083 3.38804 59.7539 54.8349 40.7424 39.0177 43.5983 63.0234 52.9139 
44.3789 57.4306 60.9661 7.91244 26.9407 16.4851 18.3992 32.9887 41.6671 27.645 22.1524 61.1892 44.7169 25.7203 4.08777 22.1497 36.2049 38.3279 10.1523 0 45.1671 49.17 36.7749 32.2877 28.4793 27.9063 6.00757 62.4234 69.0342 30.8599 46.2575 31.8245 50.816 50.7004 13.9056 50.3863 34.7885 20.538 36.9762 40.3249 33.6775 5.62363 47.4119 15.2467 49.5819 37.0517 44.9448 29.8318 41.5624 26.5074 24.3357 10.4021 12.3713 48.5638 47.7573 39.7884 30.2951 49.0079 34.4753 11.0349 31.2887 48.7177 4.25775 52.1072 36.2016 55.3023 14.0751 39.9185 48.723 48.013 44.6436 53.5583 39.4655 44.7592 47.9887 17.8699 35.7274 32.5179 53.1498 10.0105 21.5368 45.9306 32.176 10.7447 45.345 54.414 6.19651 27.7392 40.4306 5.8265 41.0362 56.4647 32.7092 60.4765 21.2899 17.5506 41.5781 49.4143 44.1407 49.3301 26.0065 49.3887 41.9053 41.862 54.0772 11.1438 39.5249 28.0608 28.6215 46.2755 18.7205 41.8118 58.4448 4.87643 34.2654 32.9466 44.035 44.2366 12.7161 42.8012 57.5757 4.84488 22.6794 18.4334 15.6654 53.4867 48.2874 33.2224 64.8573 37.934 65.4875 57.6326 40.3347 21.3411 8.46848 61.4514 31.8032 33.4677 6.63872 67.5579 43.4711 43.6199 38.4186 57.7675 35.1923 71.155 43.6585 49.7693 15.503 36.3295 49.6132 51.2281 53.0648 27.5382 44.2343 32.9435 41.2409 19.3307 50.4115 12.6812 48.8988 24.124 30.5985 38.2436 41.0093 30.848 35.1403 42.5958 22.0908 39.4927 20.6547 44.6108 47.0707 26.661 30.7256 18.3856 22.7011 43.1251 45.6726 27.535 34.9956 42.3343 52.6955 22.262 20.7313 59.8185 40.6852 46.7 42.3023 30.9162 57.509 62.8469 54.6993 8.01135 54.3372 52.3623 31.8647 35.5912 33.617 54.4721 51.7921 
2.64071 15.7581 39.8994 41.8222 23.3096 28.7771 31.2053 47.9836 5.18071 36.6109 35.7227 23.7428 52.7957 51.364 44.1434 48.001 10.3871 39.1559 46.8547 45.1671 0 35.7967 9.29841 39.8165 24.2225 17.2937 43.4973 25.5618 40.4025 20.0498 30.8495 16.5162 38.9081 46.9405 34.5649 19.1359 43.4843 24.6703 16.804 41.6257 12.0304 39.5601 15.9696 35.8144 43.3478 12.4853 5.31118 16.4728 9.5997 43.821 30.448 50.1147 41.855 27.0779 11.7155 40.5372 24.8604 4.46009 15.0034 38.87 20.9973 26.6525 46.5379 7.64159 53.5526 11.7527 31.1796 49.3989 23.9365 28.8219 51.6178 44.4856 32.2029 41.6379 8.26771 42.3497 54.8752 18.5875 15.6516 40.8352 28.2303 55.6572 25.2294 36.2424 47.257 33.8759 43.5671 26.5025 7.29101 44.8028 45.7988 15.7679 26.2847 29.9787 49.0981 29.7706 11.8836 7.70564 44.2656 53.5737 50.7319 16.8876 10.3303 29.3674 13.6555 39.0214 44.3456 48.0996 43.0383 31.7646 28.7507 54.7707 26.6761 49.7873 22.8071 53.3138 35.7238 29.3731 40.3573 54.3004 27.5712 47.7522 22.8983 42.5943 36.6072 43.9223 30.5998 31.58 37.6609 12.3885 39.0906 38.1277 37.8623 26.5619 42.8768 31.8663 40.2944 15.1945 38.572 38.7316 30.2271 9.17169 40.683 20.9958 56.1492 41.0166 10.7826 37.7349 29.8695 12.6709 5.24761 40.796 39.7216 21.3547 16.1836 53.8964 4.08086 45.7727 39.4666 42.0505 19.3794 23.5943 48.8915 51.2971 30.2374 45.1636 42.8551 44.1303 23.2674 37.8381 45.1886 13.204 49.5085 39.7635 37.9557 33.7229 34.6514 11.4052 0.535307 18.3026 37.8141 15.4159 40.5501 33.7459 38.6658 31.4852 42.0105 3.76902 31.4454 15.2317 15.8622 29.2114 33.3451 48.4958 22.9799 8.57556 36.6814 11.4288 48.6841 43.974 6.948 
