50
8.83182 10.3883 1.23275 0
13.9179 17.8947 1.15931 0
5.23533 12.1993 1.31482 0
14.906 21.0645 0.532866 0
14.6828 20.4403 1.97173 0
7.71246 13.4 1.14879 0
15.3669 22.729 6.97352 0
14.4141 18.4352 0.573659 0
8.25076 10.4386 0.758865 0
17.7623 19.1872 20.8738 0
13.94 21.7902 0.809446 0
0.130537 11.5274 1.06276 0
8.88714 22.085 1.09334 0
1.07138 4.94057 17.284 1
0.213915 15.5518 17.1725 0
13.7912 20.5109 0.821305 0
15.8107 22.3711 1.65224 0
15.4006 21.6856 2.20544 0
17.1706 19.1454 0.478489 0
14.3139 18.8481 2.19005 0
10.3564 11.7779 2.20562 0
17.03 20.9345 1.72285 0
7.09027 17.9252 0.900054 0
18.4031 18.5803 1.30916 0
14.8668 15.6796 1.67521 0
4.49596 13.9287 2.0976 0
10.3716 23.0804 1.62645 0
7.6719 20.6441 0.375546 0
5.84818 12.4125 1.55376 0
18.7139 23.1912 0.846141 1
4.72449 11.8605 0.260979 0
15.046 19.7203 0.655962 1
2.18375 17.1704 2.07674 0
16.5693 19.3821 0.320175 0
10.8578 13.1555 0.508094 0
5.95661 18.3141 19.9318 0
9.29963 15.1901 0.977748 0
17.4639 22.9618 1.93189 0
11.1135 13.3118 0.402702 1
14.8579 17.7408 3.10549 1
3.52223 16.0324 0.821554 0
10.88 18.8606 1.41659 0
0.540449 17.9867 2.13931 0
0.338254 14.5729 0.490146 0
8.12132 20.3587 1.45419 0
15.1003 23.6659 9.97575 0
6.58248 22.487 0.750568 0
14.9399 22.9727 0.956399 0
16.1027 19.6715 1.91396 1
13.1619 17.5507 1.12695 0
400 50 500
0.025 0.0125 10000 3000 15 1e+06 300000 4 6
0 23.2017 25.9002 18.6966 17.1359 6.73828 24.1937 10.2516 11.63 12.5918 7.55204 15.9663 7.80008 13.2966 20.24 17.8691 23.572 22.5886 25.1535 3.17412 18.7648 17.8112 16.3446 20.3853 23.7509 19.9064 22.1948 18.8541 9.92553 26.0471 22.8629 21.2982 8.8548 21.3781 25.2376 20.1918 22.3681 7.16288 19.9164 30.1287 20.1409 3.51041 25.0574 6.72053 9.71517 12.9399 9.68865 9.49372 8.71657 17.2747 12.76 
23.2017 0 9.88122 4.50695 6.4273 16.8777 1.14273 13.1404 20.8152 18.2293 16.2125 20.4788 15.6283 10.6286 11.0464 5.88838 18.1993 11.2478 14.2906 21.8837 7.3714 20.0281 23.2223 5.71256 18.6243 14.3567 3.576 12.0914 13.2977 8.21941 2.20288 2.12111 25.9835 8.47944 8.91364 4.79301 4.30804 24.8575 10.7969 8.71884 8.40483 26.1409 8.36262 17.2907 13.5423 21.5799 16.155 24.4142 19.7289 14.2762 23.8244 
25.9002 9.88122 0 11.0669 10.596 19.2003 10.4344 17.8614 18.7828 16.0965 20.7744 28.4851 19.8847 12.9932 6.15736 13.551 10.2999 4.17861 5.26376 25.7739 16.2184 28.4968 31.0603 15.0499 10.685 23.5843 13.3515 21.1539 16.8731 17.9403 12.0699 9.3468 25.2352 4.53825 18.7597 13.9247 14.1228 24.7118 20.1219 16.8064 17.782 27.929 18.2075 21.8283 16.903 18.8865 22.1172 23.258 25.635 22.9064 30.6715 
18.6966 4.50695 11.0669 0 2.38133 12.3969 5.53414 8.69834 16.9943 14.5637 11.7983 17.5033 11.1694 6.36224 9.56347 2.49417 16.9329 10.6938 14.1419 17.4434 5.39757 17.4356 20.1419 4.88105 17.3461 12.7124 4.74371 10.2396 8.79122 10.1884 4.6566 2.69901 21.7495 7.79 10.2721 3.77502 5.36955 20.5432 9.4259 12.4368 7.28757 21.6415 9.79584 12.8874 9.03909 17.9123 12.0646 20.2837 15.6789 11.8479 20.1893 
17.1359 6.4273 10.596 2.38133 0 10.5991 7.54126 7.64328 14.6439 12.1892 10.7325 18.0079 9.97096 4.2023 7.84867 4.071 15.0838 9.3583 12.8435 16.2136 7.13201 18.2048 20.5212 7.03879 15.4861 14.1273 7.12482 11.6545 7.24833 12.5529 6.97134 4.34095 19.5697 6.63555 12.5828 6.01073 7.74068 18.4303 11.0919 14.7364 9.17093 19.8995 12.1209 11.8278 7.42763 15.541 11.6121 18.0401 15.1903 12.8808 20.093 
6.73828 16.8777 19.2003 12.3969 10.5991 0 17.9298 5.06689 8.52678 7.98615 4.42524 15.8476 3.71266 6.60019 13.6974 12.0387 17.9551 16.0356 18.8123 6.87549 13.645 17.188 17.2998 14.9521 18.2011 16.9687 16.3902 15.2365 3.77743 20.8999 16.8368 14.8783 10.262 14.6679 20.3328 14.5124 16.7013 8.73431 15.8597 24.4256 15.3961 9.30058 20.0511 4.74223 3.45261 9.96104 7.60796 9.436 9.35911 14.4953 14.8457 
24.1937 1.14273 10.4344 5.53414 7.54126 17.9298 0 14.0709 21.9579 19.3712 17.1167 20.8461 16.5656 11.7378 12.0471 6.64948 19.1159 12.1172 15.0505 22.7974 7.73206 20.2882 23.6064 5.93089 19.5405 14.423 3.56382 12.2529 14.3139 7.51238 2.12767 3.26047 27.107 9.42118 8.3445 5.17528 4.18082 25.9688 10.8685 7.61005 8.50117 27.1727 7.79304 18.1856 14.5689 22.7212 16.9088 25.5473 20.4524 14.549 24.3834 
10.2516 13.1404 17.8614 8.69834 7.64328 5.06689 14.0709 0 12.8857 11.5461 3.11434 12.4834 2.49665 5.21314 13.4936 7.62333 19.4201 15.6179 18.8866 8.74732 8.72688 13.405 14.5136 10.207 19.7463 12.1117 11.9437 10.2356 1.98436 16.0385 12.6346 11.3849 15.3275 13.4694 15.382 9.94838 12.1326 13.7783 10.7976 19.9016 10.3784 13.4705 15.1319 4.21077 2.31678 14.2338 4.52925 14.4577 7.8276 9.77028 13.1456 
11.63 20.8152 18.7828 16.9943 14.6439 8.52678 21.9579 12.8857 0 2.7386 12.9516 24.3684 12.1963 10.8286 12.6449 17.7888 12.9913 14.6955 16.0827 13.7151 20.2462 25.7082 25.7243 21.0139 13.0614 24.977 21.6867 22.975 10.9915 26.9307 21.6144 18.7032 6.64508 14.9501 26.7031 20.2273 22.2253 6.65081 23.2797 29.3639 22.2569 11.6103 26.3133 13.1994 10.6223 1.44727 16.128 4.57904 17.6589 22.6535 22.9603 
12.5918 18.2293 16.0965 14.5637 12.1892 7.98615 19.3712 11.5461 2.7386 0 12.2446 23.6255 11.3722 8.62439 9.94509 15.5642 11.1088 12.0478 13.6572 14.1482 18.185 24.7932 25.2343 18.7948 11.2479 23.4315 19.2941 21.2986 9.56989 24.6306 19.1338 16.1296 9.17848 12.2136 24.4881 17.9423 19.8692 8.8868 21.4517 26.8426 20.2397 13.2569 24.0745 12.7094 9.2293 3.35866 15.3068 7.16798 17.3451 21.2432 22.8212 
7.55204 16.2125 20.7744 11.7983 10.7325 4.42524 17.1167 3.11434 12.9516 12.2446 0 11.4343 0.981772 7.85474 16.0488 10.571 21.3938 18.269 21.4096 5.68294 11.222 12.7657 12.9988 12.8842 21.6857 13.036 14.8067 11.6151 3.97961 18.4953 15.5969 14.4902 13.9745 16.313 17.6939 12.7723 14.9202 12.2928 12.5223 22.6499 12.6 10.9568 17.5072 1.09725 4.05431 14.3842 3.19196 13.5026 5.38111 10.46 10.9231 
15.9663 20.4788 28.4851 17.5033 18.0079 15.8476 20.8461 12.4834 24.3684 23.6255 11.4343 0 12.2611 17.3947 25.3654 15.1048 31.8039 27.2243 30.6666 12.7949 13.1233 2.05173 2.77408 14.9329 32.1459 7.79646 17.3703 8.98844 14.3985 17.6594 18.7451 19.7576 24.3977 24.6293 16.3055 15.7012 16.9444 22.6451 10.5981 22.8345 12.6323 19.2211 16.4884 11.1996 14.6682 25.8067 8.31864 24.389 7.28551 6.42689 5.35284 
7.80008 15.6283 19.8847 11.1694 9.97096 3.71266 16.5656 2.49665 12.1963 11.3722 0.981772 12.2611 0 6.92916 15.09 10.1076 20.4143 17.3207 20.4441 6.28024 11.0135 13.5184 13.9068 12.5915 20.7072 13.398 14.4075 11.8279 3.03739 18.3237 15.1254 13.8451 13.6135 15.4061 17.5867 12.3956 14.5688 11.9711 12.6253 22.3287 12.516 11.0969 17.3715 1.94771 3.08814 13.6176 3.95148 13.0103 6.36088 10.8705 11.8994 
13.2966 10.6286 12.9932 6.36224 4.2023 6.60019 11.7378 5.21314 10.8286 8.62439 7.85474 17.3947 6.92916 0 8.28401 6.9659 14.417 10.4422 13.6762 12.8154 9.57557 18.0601 19.5917 10.196 14.7661 15.3828 10.9262 13.0752 3.89521 16.1031 11.0145 8.54121 15.3961 8.48822 15.8905 9.39996 11.4267 14.231 13.0152 18.7912 11.6452 15.8598 15.4915 8.87668 3.90983 11.8819 9.73447 13.9246 12.9963 13.517 18.3585 
20.24 11.0464 6.15736 9.56347 7.84867 13.6974 12.0471 13.4936 12.6449 9.94509 16.0488 25.3654 15.09 8.28401 0 11.8229 7.38685 2.34862 5.3931 20.5024 14.8777 25.7869 27.7043 14.4104 7.80481 21.9759 13.6263 19.5024 12.073 19.0257 12.7947 9.40625 19.0781 2.78275 19.43 13.268 14.389 18.5774 18.8882 19.5459 16.8388 22.0126 18.9069 17.017 12.0025 12.8205 18.0024 17.1021 21.2729 20.6591 26.6381 
17.8691 5.88838 13.551 2.49417 4.071 12.0387 6.64948 7.62333 17.7888 15.5642 10.571 15.1048 10.1076 6.9659 11.8229 0 19.1269 13.1058 16.5732 16.2485 3.06652 14.97 17.7771 3.23163 19.5328 10.2567 4.36305 7.77789 8.26837 9.16676 5.02617 4.69832 21.9251 10.2296 8.92673 2.50799 4.67227 20.5778 7.06545 12.392 5.10198 21.0231 8.52583 11.617 8.58606 18.845 10.2724 20.6421 13.8406 9.35694 18.0462 
23.572 18.1993 10.2999 16.9329 15.0838 17.9551 19.1159 19.4201 12.9913 11.1088 21.3938 31.8039 20.4143 14.417 7.38685 19.1269 0 7.04535 5.21427 24.7193 22.1927 32.46 33.9318 21.7928 0.425001 29.1448 20.9767 26.6914 17.6514 26.3172 20.0756 16.7157 19.4745 9.72272 26.7793 20.6531 21.7465 19.642 26.1752 26.3748 24.1857 24.3554 26.2504 22.1859 17.4614 12.3378 23.9004 17.4036 26.7749 27.6381 32.3097 
22.5886 11.2478 4.17861 10.6938 9.3583 16.0356 12.1172 15.6179 14.6955 12.0478 18.269 27.2243 17.3207 10.4422 2.34862 13.1058 7.04535 0 3.48611 22.8239 16.091 27.531 29.6356 15.3712 7.46664 23.3587 14.2409 20.8783 14.2895 19.4389 13.2212 9.94704 21.2216 2.93295 20.0008 14.2099 15.0245 20.7946 20.1197 19.33 17.9464 24.3408 19.4606 19.2579 14.2403 14.7393 20.0911 19.2146 23.4325 22.2347 28.7368 
25.1535 14.2906 5.26376 14.1419 12.8435 18.8123 15.0505 18.8866 16.0827 13.6572 21.4096 30.6666 20.4441 13.6762 5.3931 16.5732 5.21427 3.48611 0 25.6758 19.5382 31.0033 33.0485 18.747 5.56318 26.8294 17.4747 24.3498 17.4418 22.5084 16.3653 13.2043 22.7268 6.352 23.1647 17.5852 18.2615 22.5439 23.5635 21.8949 21.361 26.5858 22.6179 22.3591 17.3566 15.8194 23.3945 20.6608 26.6591 25.7208 32.0312 
3.17412 21.8837 25.7739 17.4434 16.2136 6.87549 22.7974 8.74732 13.7151 14.1482 5.68294 12.7949 6.28024 12.8154 20.5024 16.2485 24.7193 22.8239 25.6758 0 16.6999 14.653 13.2051 18.4462 24.9437 17.0531 20.4507 16.2012 9.03668 23.8575 21.2728 20.1238 11.8874 21.2415 22.9443 18.4064 20.5288 10.1564 17.3816 28.2095 17.8665 6.50838 22.8131 4.63395 8.93848 15.1131 7.02774 12.2926 5.5667 14.4326 9.73108 
18.7648 7.3714 16.2184 5.39757 7.13201 13.645 7.73206 8.72688 20.2462 18.185 11.222 13.1233 11.0135 9.57557 14.8777 3.06652 22.1927 16.091 19.5382 16.6999 0 12.6692 15.8784 1.93455 22.5988 7.37344 4.3565 4.9364 9.92853 7.31645 5.65652 6.94996 23.8277 13.1862 6.68891 2.58053 4.11718 22.3648 4.02945 11.5318 2.09176 22.1096 6.4118 12.1445 10.2903 21.3879 10.021 22.7229 13.319 6.92086 16.761 
17.8112 20.0281 28.4968 17.4356 18.2048 17.188 20.2882 13.405 25.7082 24.7932 12.7657 2.05173 13.5184 18.0601 25.7869 14.97 32.46 27.531 31.0033 14.653 12.6692 0 4.07923 14.3613 32.8165 6.46761 16.7491 8.10879 15.3717 16.4476 18.164 19.5126 26.0978 24.8371 15.057 15.2377 16.2497 24.3482 9.65213 21.635 11.8682 21.1223 15.2933 12.6665 15.671 27.1341 9.58068 25.9887 9.0952 5.75189 7.33528 
16.3446 23.2223 31.0603 20.1419 20.5212 17.2998 23.6064 14.5136 25.7243 25.2343 12.9988 2.77408 13.9068 19.5917 27.7043 17.7771 33.9318 29.6356 33.0485 13.2051 15.8784 4.07923 0 17.6995 34.2597 10.423 20.1394 11.7472 16.3416 20.3585 21.5096 22.4513 25.0656 27.1095 18.9895 18.4532 19.7177 23.3217 13.3512 25.542 15.4054 19.3545 19.1919 12.5595 16.5749 27.1714 10.0958 25.28 8.11096 9.19727 4.05334 
20.3853 5.71256 15.0499 4.88105 7.03879 14.9521 5.93089 10.207 21.0139 18.7948 12.8842 14.9329 12.5915 10.196 14.4104 3.23163 21.7928 15.3712 18.747 18.4462 1.93455 14.3613 17.6995 0 22.2082 8.67179 2.45006 6.37888 11.1818 5.99803 3.81516 5.70562 25.0016 12.4385 5.69514 1.16201 2.18712 23.6033 5.12779 9.76889 2.746 23.6702 5.30014 13.8493 11.525 22.0763 11.883 23.7825 15.2288 8.61847 18.6828 
23.7509 18.6243 10.685 17.3461 15.4861 18.2011 19.5405 19.7463 13.0614 11.2479 21.6857 32.1459 20.7072 14.7661 7.80481 19.5328 0.425001 7.46664 5.56318 24.9437 22.5988 32.8165 34.2597 22.2082 0 29.537 21.3993 27.0857 17.9643 26.7417 20.5001 17.1394 19.5037 10.1477 27.2021 21.0694 22.1688 19.7088 26.578 26.7953 24.5951 24.4776 26.6735 22.4668 17.769 12.3652 24.2177 17.4377 27.0665 28.0168 32.6054 
19.9064 14.3567 23.5843 12.7124 14.1273 16.9687 14.423 12.1117 24.977 23.4315 13.036 7.79646 13.398 15.3828 21.9759 10.2567 29.1448 23.3587 26.8294 17.0531 7.37344 6.46761 10.423 8.67179 29.537 0 10.8657 2.48056 13.9866 9.98028 12.3091 14.2727 26.9956 20.4858 8.59022 9.7239 10.2583 25.3261 3.56135 15.1675 5.95187 23.414 8.82814 13.4745 14.3548 26.2987 10.255 26.3866 11.9442 2.63195 12.8224 
22.1948 3.576 13.3515 4.74371 7.12482 16.3902 3.56382 11.9437 21.6867 19.2941 14.8067 17.3703 14.4075 10.9262 13.6263 4.36305 20.9767 14.2409 17.4747 20.4507 4.3565 16.7491 20.1394 2.45006 21.3993 10.8657 0 8.69268 12.626 5.50307 1.44347 4.29408 26.1709 11.3418 5.8042 2.05264 0.786797 24.8679 7.3079 8.03548 4.93736 25.3781 5.28103 15.8208 12.9385 22.6364 14.1017 24.8087 17.5292 11.0245 21.1174 
18.8541 12.0914 21.1539 10.2396 11.6545 15.2365 12.2529 10.2356 22.975 21.2986 11.6151 8.98844 11.8279 13.0752 19.5024 7.77789 26.6914 20.8783 24.3498 16.2012 4.9364 8.10879 11.7472 6.37888 27.0857 2.48056 8.69268 0 12.0104 8.82507 10.1255 11.8742 25.4191 18.0075 7.55649 7.37095 8.15725 23.7952 1.61932 13.9391 3.77015 22.3568 7.65085 12.214 12.3859 24.26 9.19366 24.6692 11.5459 2.59953 13.4933 
9.92553 13.2977 16.8731 8.79122 7.24833 3.77743 14.3139 1.98436 10.9915 9.56989 3.97961 14.3985 3.03739 3.89521 12.073 8.26837 17.6514 14.2895 17.4418 9.03668 9.92853 15.3717 16.3416 11.1818 17.9643 13.9866 12.626 12.0104 0 17.1442 13.1185 11.3732 13.9005 12.3802 16.6148 10.736 12.926 12.4439 12.4355 20.6596 11.7522 12.8657 16.3171 4.98353 0.377891 12.3153 6.25961 12.8628 9.24581 11.7037 14.7159 
26.0471 8.21941 17.9403 10.1884 12.5529 20.8999 7.51238 16.0385 26.9307 24.6306 18.4953 17.6594 18.3237 16.1031 19.0257 9.16676 26.3172 19.4389 22.5084 23.8575 7.31645 16.4476 20.3585 5.99803 26.7417 9.98028 5.50307 8.82507 17.1442 0 6.24169 9.61962 30.9945 16.6082 1.42187 6.70347 4.82121 29.5823 7.22636 5.18798 6.01242 29.4156 1.17566 19.3782 17.494 27.9473 16.967 29.7792 19.9325 11.4104 22.3184 
22.8629 2.20288 12.0699 4.6566 6.97134 16.8368 2.12767 12.6346 21.6144 19.1338 15.5969 18.7451 15.1254 11.0145 12.7947 5.02617 20.0756 13.2212 16.3653 21.2728 5.65652 18.164 21.5096 3.81516 20.5001 12.3091 1.44347 10.1255 13.1185 6.24169 0 3.39498 26.3867 10.3709 6.7996 3.15316 2.12147 25.1507 8.75097 7.78026 6.37724 25.9616 6.25355 16.64 13.4071 22.491 15.1273 24.9386 18.6182 12.4286 22.3802 
21.2982 2.12111 9.3468 2.69901 4.34095 14.8783 3.26047 11.3849 18.7032 16.1296 14.4902 19.7576 13.8451 8.54121 9.40625 4.69832 16.7157 9.94704 13.2043 20.1238 6.94996 19.5126 22.4513 5.70562 17.1394 14.2727 4.29408 11.8742 11.3732 9.61962 3.39498 0 23.8722 7.05014 10.0749 4.57837 5.07747 22.7608 10.7825 10.7513 8.43528 24.166 9.54101 15.581 11.5971 19.4836 14.7252 22.2948 18.3345 13.8039 22.721 
8.8548 25.9835 25.2352 21.7495 19.5697 10.262 27.107 15.3275 6.64508 9.17848 13.9745 24.3977 13.6135 15.3961 19.0781 21.9251 19.4745 21.2216 22.7268 11.8874 23.8277 26.0978 25.0656 25.0016 19.5037 26.9956 26.1709 25.4191 13.9005 30.9945 26.3867 23.8722 0 21.1806 30.5104 24.4329 26.5804 1.75276 26.1086 34.1426 25.6355 6.91687 30.202 13.6837 13.5374 7.13854 16.9775 2.07945 17.1335 24.4333 21.596 
21.3781 8.47944 4.53825 7.79 6.63555 14.6679 9.42118 13.4694 14.9501 12.2136 16.313 24.6293 15.4061 8.48822 2.78275 10.2296 9.72272 2.93295 6.352 21.2415 13.1862 24.8371 27.1095 12.4385 10.1477 20.4858 11.3418 18.0075 12.3802 16.6082 10.3709 7.05014 21.1806 0 17.1222 11.277 12.1227 20.5205 17.212 16.8358 15.0218 23.4811 16.5858 17.3532 12.395 15.2735 17.8294 19.2735 21.2858 19.4464 26.4478 
25.2376 8.91364 18.7597 10.2721 12.5828 20.3328 8.3445 15.382 26.7031 24.4881 17.6939 16.3055 17.5867 15.8905 19.43 8.92673 26.7793 20.0008 23.1647 22.9443 6.68891 15.057 18.9895 5.69514 27.2021 8.59022 5.8042 7.55649 16.6148 1.42187 6.7996 10.0749 30.5104 17.1222 0 6.58966 5.04321 29.0536 5.98801 6.58339 5.09729 28.6458 0.552232 18.5342 16.9747 27.7714 15.9892 29.3718 18.8378 10.1183 21.0348 
20.1918 4.79301 13.9247 3.77502 6.01073 14.5124 5.17528 9.94838 20.2273 17.9423 12.7723 15.7012 12.3956 9.39996 13.268 2.50799 20.6531 14.2099 17.5852 18.4064 2.58053 15.2377 18.4532 1.16201 21.0694 9.7239 2.05264 7.37095 10.736 6.70347 3.15316 4.57837 24.4329 11.277 6.58966 0 2.19445 23.081 6.2095 9.96101 3.85764 23.4077 6.14794 13.7791 11.0624 21.25 12.0593 23.1454 15.5083 9.48605 19.2314 
22.3681 4.30804 14.1228 5.36955 7.74068 16.7013 4.18082 12.1326 22.2253 19.8692 14.9202 16.9444 14.5688 11.4267 14.389 4.67227 21.7465 15.0245 18.2615 20.5288 4.11718 16.2497 19.7177 2.18712 22.1688 10.2583 0.786797 8.15725 12.926 4.82121 2.12147 5.07747 26.5804 12.1227 5.04321 2.19445 0 25.2468 6.71612 7.77015 4.38711 25.5971 4.52784 15.9117 13.2499 23.2019 14.047 25.2589 17.4129 10.5573 20.8301 
7.16288 24.8575 24.7118 20.5432 18.4303 8.73431 25.9688 13.7783 6.65081 8.8868 12.2928 22.6451 11.9711 14.231 18.5774 20.5778 19.642 20.7946 22.5439 10.1564 22.3648 24.3482 23.3217 23.6033 19.7088 25.3261 24.8679 23.7952 12.4439 29.5823 25.1507 22.7608 1.75276 20.5205 29.0536 23.081 25.2468 0 24.5259 32.8742 24.1304 5.57551 28.7607 11.9674 12.0898 7.46683 15.2625 2.67267 15.3809 22.7519 19.8765 
19.9164 10.7969 20.1219 9.4259 11.0919 15.8597 10.8685 10.7976 23.2797 21.4517 12.5223 10.5981 12.6253 13.0152 18.8882 7.06545 26.1752 20.1197 23.5635 17.3816 4.02945 9.65213 13.3512 5.12779 26.578 3.56135 7.3079 1.61932 12.4355 7.22636 8.75097 10.7825 26.1086 17.212 5.98801 6.2095 6.71612 24.5259 0 12.3237 2.39293 23.3994 6.055 13.2149 12.8133 24.5171 10.3544 25.2461 12.9435 4.21853 15.0976 
30.1287 8.71884 16.8064 12.4368 14.7364 24.4256 7.61005 19.9016 29.3639 26.8426 22.6499 22.8345 22.3287 18.7912 19.5459 12.392 26.3748 19.33 21.8949 28.2095 11.5318 21.635 25.542 9.76889 26.7953 15.1675 8.03548 13.9391 20.6596 5.18798 7.78026 10.7513 34.1426 16.8358 6.58339 9.96101 7.77015 32.8742 12.3237 0 10.7677 33.3673 6.35033 23.6181 20.9737 30.2009 21.5317 32.7158 24.7054 16.5369 27.4112 
20.1409 8.40483 17.782 7.28757 9.17093 15.3961 8.50117 10.3784 22.2569 20.2397 12.6 12.6323 12.516 11.6452 16.8388 5.10198 24.1857 17.9464 21.361 17.8665 2.09176 11.8682 15.4054 2.746 24.5951 5.95187 4.93736 3.77015 11.7522 6.01242 6.37724 8.43528 25.6355 15.0218 5.09729 3.85764 4.38711 24.1304 2.39293 10.7677 0 23.5548 4.94665 13.4372 12.1225 23.4202 10.9547 24.6034 13.9704 6.21237 16.7877 
3.51041 26.1409 27.929 21.6415 19.8995 9.30058 27.1727 13.4705 11.6103 13.2569 10.9568 19.2211 11.0969 15.8598 22.0126 21.0231 24.3554 24.3408 26.5858 6.50838 22.1096 21.1223 19.3545 23.6702 24.4776 23.414 25.3781 22.3568 12.8657 29.4156 25.9616 24.166 6.91687 23.4811 28.6458 23.4077 25.5971 5.57551 23.3994 33.3673 23.5548 0 28.4486 10.1863 12.6039 12.691 13.1986 8.23992 12.0637 20.7825 15.5633 
25.0574 8.36262 18.2075 9.79584 12.1209 20.0511 7.79304 15.1319 26.3133 24.0745 17.5072 16.4884 17.3715 15.4915 18.9069 8.52583 26.2504 19.4606 22.6179 22.8131 6.4118 15.2933 19.1919 5.30014 26.6735 8.82814 5.28103 7.65085 16.3171 1.17566 6.25355 9.54101 30.202 16.5858 0.552232 6.14794 4.52784 28.7607 6.055 6.35033 4.94665 28.4486 0 18.3677 16.6736 27.3676 15.8892 29.0373 18.807 10.235 21.144 
6.72053 17.2907 21.8283 12.8874 11.8278 4.74223 18.1856 4.21077 13.1994 12.7094 1.09725 11.1996 1.94771 8.87668 17.017 11.617 22.1859 19.2579 22.3591 4.63395 12.1445 12.6665 12.5595 13.8493 22.4668 13.4745 15.8208 12.214 4.98353 19.3782 16.64 15.581 13.6837 17.3532 18.5342 13.7791 15.9117 11.9674 13.2149 23.6181 13.4372 10.1863 18.3677 0 5.01782 14.6436 3.29513 13.3731 4.67003 10.8619 10.2119 
9.71517 13.5423 16.903 9.03909 7.42763 3.45261 14.5689 2.31678 10.6223 9.2293 4.05431 14.6682 3.08814 3.90983 12.0025 8.58606 17.4614 14.2403 17.3566 8.93848 10.2903 15.671 16.5749 11.525 17.769 14.3548 12.9385 12.3859 0.377891 17.494 13.4071 11.5971 13.5374 12.395 16.9747 11.0624 13.2499 12.0898 12.8133 20.9737 12.1225 12.6039 16.6736 5.01782 0 11.9506 6.48171 12.4889 9.37693 12.0616 14.8728 
12.9399 21.5799 18.8865 17.9123 15.541 9.96104 22.7212 14.2338 1.44727 3.35866 14.3842 25.8067 13.6176 11.8819 12.8205 18.845 12.3378 14.7393 15.8194 15.1131 21.3879 27.1341 27.1714 22.0763 12.3652 26.2987 22.6364 24.26 12.3153 27.9473 22.491 19.4836 7.13854 15.2735 27.7714 21.25 23.2019 7.46683 24.5171 30.2009 23.4202 12.691 27.3676 14.6436 11.9506 0 17.5556 5.07481 19.1059 24.0039 24.4002 
9.68865 16.155 22.1172 12.0646 11.6121 7.60796 16.9088 4.52925 16.128 15.3068 3.19196 8.31864 3.95148 9.73447 18.0024 10.2724 23.9004 20.0911 23.3945 7.02774 10.021 9.58068 10.0958 11.883 24.2177 10.255 14.1017 9.19366 6.25961 16.967 15.1273 14.7252 16.9775 17.8294 15.9892 12.0593 14.047 15.2625 10.3544 21.5317 10.9547 13.1986 15.8892 3.29513 6.48171 17.5556 0 16.6233 3.61575 7.62728 8.6457 
9.49372 24.4142 23.258 20.2837 18.0401 9.436 25.5473 14.4577 4.57904 7.16798 13.5026 24.389 13.0103 13.9246 17.1021 20.6421 17.4036 19.2146 20.6608 12.2926 22.7229 25.9887 25.28 23.7825 17.4377 26.3866 24.8087 24.6692 12.8628 29.7792 24.9386 22.2948 2.07945 19.2735 29.3718 23.1454 25.2589 2.67267 25.2461 32.7158 24.6034 8.23992 29.0373 13.3731 12.4889 5.07481 16.6233 0 17.2186 23.8796 22.0075 
8.71657 19.7289 25.635 15.6789 15.1903 9.35911 20.4524 7.8276 17.6589 17.3451 5.38111 7.28551 6.36088 12.9963 21.2729 13.8406 26.7749 23.4325 26.6591 5.5667 13.319 9.0952 8.11096 15.2288 27.0665 11.9442 17.5292 11.5459 9.24581 19.9325 18.6182 18.3345 17.1335 21.2858 18.8378 15.5083 17.4129 15.3809 12.9435 24.7054 13.9704 12.0637 18.807 4.67003 9.37693 19.1059 3.61575 17.2186 0 9.40902 5.55111 
17.2747 14.2762 22.9064 11.8479 12.8808 14.4953 14.549 9.77028 22.6535 21.2432 10.46 6.42689 10.8705 13.517 20.6591 9.35694 27.6381 22.2347 25.7208 14.4326 6.92086 5.75189 9.19727 8.61847 28.0168 2.63195 11.0245 2.59953 11.7037 11.4104 12.4286 13.8039 24.4333 19.4464 10.1183 9.48605 10.5573 22.7519 4.21853 16.5369 6.21237 20.7825 10.235 10.8619 12.0616 24.0039 7.62728 23.8796 9.40902 0 10.9165 
12.76 23.8244 30.6715 20.1893 20.093 14.8457 24.3834 13.1456 22.9603 22.8212 10.9231 5.35284 11.8994 18.3585 26.6381 18.0462 32.3097 28.7368 32.0312 9.73108 16.761 7.33528 4.05334 18.6828 32.6054 12.8224 21.1174 13.4933 14.7159 22.3184 22.3802 22.721 21.596 26.4478 21.0348 19.2314 20.8301 19.8765 15.0976 27.4112 16.7877 15.5633 21.144 10.2119 14.8728 24.4002 8.6457 22.0075 5.55111 10.9165 0 
