20
3.10589 3.96221 2.19949 0
2.51599 17.5113 1.51886 0
15.0155 23.6068 0.539969 0
11.2617 17.7702 0.524835 0
7.96059 12.1431 2.11056 0
3.74305 10.7731 2.04544 0
1.61183 5.11736 1.02127 0
18.1951 23.8737 1.39195 1
6.96533 19.6614 1.7035 1
13.934 19.3091 0.300883 0
8.5125 22.5689 2.00296 0
1.18754 12.3142 0.333122 0
10.6865 16.1222 1.44217 0
6.93928 18.8755 1.61384 0
16.3698 23.3914 1.28133 0
13.6413 15.8523 17.0568 0
18.4479 23.6927 1.63263 0
16.6983 23.1021 1.13437 1
6.07381 10.4892 2.001 0
10.7261 16.8026 2.2571 0
400 50 500
0.025 0.0125 10000 3000 15 1e+06 300000 2 2
0 20.6501 11.7406 16.3669 3.52892 16.5753 13.6926 13.5673 9.1487 16.4093 12.4806 5.15312 14.9956 1.28468 18.8335 17.2722 7.20097 14.5825 12.2515 5.64805 19.6831 
20.6501 0 10.3283 5.67296 18.5321 4.07494 14.6295 10.0276 16.1502 4.513 13.4283 24.5313 9.10189 20.0582 4.64999 15.7644 15.5664 14.0711 8.69822 16.5478 0.997786 
11.7406 10.3283 0 8.72075 8.8528 6.70881 5.96405 9.59062 11.8819 5.83839 4.15697 16.5183 3.38853 11.5933 10.798 16.749 5.38939 13.8187 2.38699 9.87904 9.53921 
16.3669 5.67296 8.72075 0 14.9602 3.37438 14.4464 4.35852 10.6175 4.68047 12.7728 19.6388 9.52056 15.5608 2.48019 10.5707 12.8614 8.52423 6.3703 11.5658 4.75934 
3.52892 18.5321 8.8528 14.9602 0 14.5051 10.1758 13.0174 10.2433 14.1001 9.03089 8.67823 11.9147 4.14904 17.4309 18.0577 3.81077 15.123 9.86034 6.49169 17.6123 
16.5753 4.07494 6.70881 3.37438 14.5051 0 11.8556 7.06366 12.6027 1.35775 10.3623 20.5183 6.55018 15.994 4.48303 13.8465 11.6995 11.5783 4.76279 12.6015 3.11849 
13.6926 14.6295 5.96405 14.4464 10.1758 11.8556 0 15.5348 16.9533 10.6527 1.86678 18.8454 5.52893 14.1002 16.2712 22.6167 6.62043 19.6363 8.31061 14.135 14.0862 
13.5673 10.0276 9.59062 4.35852 13.0174 7.06366 15.5348 0 6.43407 8.06245 13.6908 16.0677 11.661 12.5578 6.24044 7.28233 12.0052 4.61795 7.36501 8.17256 9.09765 
9.1487 16.1502 11.8819 10.6175 10.2433 12.6027 16.9533 6.43407 0 13.2085 15.1477 10.1536 14.9746 7.89802 12.6694 8.12459 11.2624 5.55814 10.5498 3.76158 15.1729 
16.4093 4.513 5.83839 4.68047 14.1001 1.35775 10.6527 8.06245 13.2085 0 9.23696 20.586 5.25784 15.9254 5.80797 15.0283 11.0552 12.6472 4.23982 12.8287 3.70088 
12.4806 13.4283 4.15697 12.7728 9.03089 10.3623 1.86678 13.6908 15.1477 9.23696 0 17.6075 4.44314 12.761 14.7004 20.7531 5.28382 17.7702 6.53233 12.4399 12.803 
5.15312 24.5313 16.5183 19.6388 8.67823 20.5183 18.8454 16.0677 10.1536 20.586 17.6075 0 19.861 4.94166 21.9961 17.6982 12.3238 15.5885 16.639 8.07348 23.538 
14.9956 9.10189 3.38853 9.52056 11.9147 6.55018 5.52893 11.661 14.9746 5.25784 4.44314 19.861 0 14.9241 11.0322 18.9432 8.20181 16.1778 4.5196 13.2263 8.56493 
1.28468 20.0582 11.5933 15.5608 4.14904 15.994 14.1002 12.5578 7.89802 15.9254 12.761 4.94166 14.9241 0 18.0082 16.0223 7.49855 13.367 11.8548 4.49635 19.0787 
18.8335 4.64999 10.798 2.48019 17.4309 4.48303 16.2712 6.24044 12.6694 5.80797 14.7004 21.9961 11.0322 18.0082 0 11.1537 15.2327 9.68756 8.53739 13.9359 4.03602 
17.2722 15.7644 16.749 10.5707 18.0577 13.8465 22.6167 7.28233 8.12459 15.0283 20.7531 17.6982 18.9432 16.0223 11.1537 0 18.1973 3.05124 14.6104 11.761 15.0226 
7.20097 15.5664 5.38939 12.8614 3.81077 11.6995 6.62043 12.0052 11.2624 11.0552 5.28382 12.3238 8.20181 7.49855 15.2327 18.1973 0 15.1494 6.93758 7.93743 14.7132 
14.5825 14.0711 13.8187 8.52423 15.123 11.5783 19.6363 4.61795 5.55814 12.6472 17.7702 15.5885 16.1778 13.367 9.68756 3.05124 15.1494 0 11.7576 8.97211 13.2255 
12.2515 8.69822 2.38699 6.3703 9.86034 4.76279 8.31061 7.36501 10.5498 4.23982 6.53233 16.639 4.5196 11.8548 8.53739 14.6104 6.93758 11.7576 0 9.2556 7.80902 
5.64805 16.5478 9.87904 11.5658 6.49169 12.6015 14.135 8.17256 3.76158 12.8287 12.4399 8.07348 13.2263 4.49635 13.9359 11.761 7.93743 8.97211 9.2556 0 15.5506 
19.6831 0.997786 9.53921 4.75934 17.6123 3.11849 14.0862 9.09765 15.1729 3.70088 12.803 23.538 8.56493 19.0787 4.03602 15.0226 14.7132 13.2255 7.80902 15.5506 0 
