50
3.08621 13.9247 1.53695 0
18.5857 20.5763 1.57217 0
6.23001 6.48189 11.8014 1
3.45125 5.57102 1.94916 1
7.40583 23.0706 1.53659 0
15.9282 19.2733 1.36151 0
13.9982 23.5864 1.37708 1
13.3979 14.0978 1.85127 0
4.82931 19.1249 0.796527 0
11.3134 11.7784 0.886253 1
13.5547 23.5938 0.402688 0
11.7105 20.5374 0.528845 0
15.5658 22.344 13.3362 0
0.716305 5.70797 1.18544 0
13.2068 19.5825 1.27876 0
15.7012 16.0916 2.08532 0
7.28992 11.5753 1.70382 0
11.5596 21.0564 2.2328 0
6.0974 23.0782 0.533684 1
14.0697 14.7751 1.73821 0
4.63448 15.8741 1.34501 0
5.01361 5.24715 0.264655 0
4.91367 10.2256 23.629 0
12.2845 20.2161 1.21245 1
3.41052 22.5277 1.39223 0
8.21521 17.9374 2.17225 0
7.74716 23.5143 1.14269 0
6.79822 13.7913 1.06007 0
2.99088 5.58412 1.22891 1
16.8978 20.276 0.734312 0
1.83137 18.399 0.732279 1
3.82338 6.29577 20.9717 0
9.31513 22.4122 1.92944 1
2.67342 20.4654 0.778062 0
4.39644 17.7111 0.296813 0
8.02184 9.50023 0.545736 1
13.5686 21.8724 1.63205 1
15.2582 22.5958 1.42033 0
11.0322 14.019 0.510859 0
8.03851 23.3704 0.750246 0
9.53264 17.1981 1.01678 0
13.489 18.81 17.3238 1
14.1621 15.0703 0.723864 0
16.1123 20.1366 0.238548 1
2.97523 8.50857 28.5847 0
1.41374 8.6475 5.63725 0
17.4592 23.2775 0.976161 0
17.0425 22.6967 0.767299 0
12.237 15.554 1.40038 0
5.57142 15.6648 0.564343 1
400 50 500
0.025 0.0125 10000 3000 15 1e+06 300000 4 6
0 10.486 14.3244 11.9145 9.4806 15.6325 12.3162 15.5785 18.9032 13.7644 9.67201 5.88803 9.80934 16.5367 13.9176 10.3654 2.68718 9.24507 12.7299 11.9948 9.39978 3.7087 5.43902 13.7875 18.7445 3.06455 7.74511 13.5989 8.35296 15.4832 13.1259 10.4367 10.1379 9.84468 11.876 11.8748 6.31572 10.4854 13.3134 12.0847 16.5106 9.50006 16.3115 11.6945 16.6767 3.78448 16.363 0.948707 3.50207 12.771 11.5133 
10.486 0 24.8099 21.9481 12.6215 5.47028 4.30305 6.24195 10.1294 12.4631 9.1813 4.88211 19.4128 13.3088 24.4012 19.0521 12.7039 19.5855 22.5313 21.981 19.7501 10.8216 9.30144 4.6872 15.4552 12.1924 11.093 12.8645 8.71971 5.82313 9.99237 13.2505 19.5551 18.6619 19.9405 5.6777 11.2197 20.5835 19.9969 16.0666 21.4242 0.987612 12.4473 22.1722 26.9708 14.2534 19.0252 9.67126 7.43051 6.20447 10.1352 
14.3244 24.8099 0 5.62645 18.8035 29.8906 26.2752 29.5785 32.6062 24.2371 21.5455 20.1106 8.14999 27.6573 0.46656 10.7872 12.3522 5.73403 6.88219 5.84335 5.68756 15.1396 17.5733 27.8183 29.2436 13.2464 18.2133 23.7229 20.3551 29.5811 24.9662 19.4092 8.84669 10.3222 12.2138 25.4341 16.7304 5.95366 15.2523 18.5534 19.463 23.8236 27.8827 2.68802 4.28853 10.5783 22.3597 15.1523 17.5916 26.2031 23.0621 
11.9145 21.9481 5.62645 0 19.0008 27.3214 24.2202 25.9173 30.8178 19.2458 20.8155 17.0707 2.93034 27.4838 5.20761 13.0105 10.8886 3.15247 10.6637 0.25281 7.09369 14.0421 16.4924 24.2343 24.1079 12.0928 17.8973 18.6743 16.0345 26.037 20.3195 19.795 11.1615 4.89947 14.818 23.7625 16.2787 1.44357 17.7599 13.1418 22.0302 20.9735 27.4864 4.10122 5.26313 8.81778 24.064 12.5137 15.4162 22.1922 22.5481 
9.4806 12.6215 18.8035 19.0008 0 15.2495 10.9347 18.8573 15.5687 21.7758 4.02389 11.18 17.8667 8.86357 18.563 9.01501 8.62109 15.8561 13.5764 19.1712 13.1573 5.81579 4.50528 17.2875 26.213 7.35171 1.89048 21.8157 16.2946 18.3948 20.2742 0.958043 10.5132 18.6019 8.93028 9.22959 3.17005 17.6219 7.86 21.4625 8.8118 12.0182 9.17266 16.8423 22.4817 10.5352 7.16252 9.81084 7.94851 18.0051 4.73387 
15.6325 5.47028 29.8906 27.3214 15.2495 0 4.31637 6.63281 5.50131 16.5874 11.2577 10.3142 24.8416 12.3892 29.4997 23.0612 17.5868 24.8493 26.9637 27.3644 24.6122 15.2218 13.1907 6.42766 18.3676 16.8726 14.2024 17.1218 13.8413 5.87961 13.856 15.5955 23.8716 24.1301 23.6298 6.08967 14.8615 25.9369 23.0831 21.1693 23.6013 6.40123 11.3179 27.2998 32.2694 19.3177 20.3737 14.8939 12.3011 9.44977 11.3282 
12.3162 4.30305 26.2752 24.2202 10.9347 4.31637 0 9.15412 6.64736 16.7643 6.95449 7.93658 21.958 9.30204 25.9074 18.8699 13.9261 21.5344 22.9025 24.2921 20.8307 11.2878 9.08867 8.1097 19.6377 13.0691 9.90806 17.1567 12.7597 8.50319 14.2857 11.2986 19.7798 21.5543 19.3651 1.9135 10.6503 22.7969 18.7671 20.0149 19.3618 4.70486 8.35537 23.7596 28.9575 15.8035 16.3124 11.7184 8.82882 10.3313 7.18519 
15.5785 6.24195 29.5785 25.9173 18.8573 6.63281 9.15412 0 12.0169 11.0785 15.309 9.71644 23.123 18.3761 29.1407 24.9969 18.0968 24.0239 28.1601 25.8989 24.9712 16.7098 15.4464 1.79302 11.9216 17.8226 17.3318 11.7258 10.2912 0.754506 8.31696 19.4668 25.3121 21.8816 26.0097 11.007 17.3926 24.6777 26.2062 16.927 27.6513 6.94787 17.3729 26.8922 31.1405 19.3176 25.107 14.6566 13.1097 4.18456 16.0506 
18.9032 10.1294 32.6062 30.8178 15.5687 5.50131 6.64736 12.0169 0 22.0155 11.7122 14.4855 28.597 9.57139 32.259 24.3326 20.3266 28.0694 28.6614 30.8965 27.0437 17.4743 15.0861 11.9289 23.8523 19.3621 15.1534 22.5248 18.8404 11.2644 19.3107 15.581 25.5127 28.1972 24.4787 7.17253 16.2908 29.3875 23.2558 26.1932 22.7584 10.8635 8.49862 30.161 35.4685 22.2772 18.8846 18.3419 15.4019 14.9285 10.9038 
13.7644 12.4631 24.2371 19.2458 21.7758 16.5874 16.7643 11.0785 22.0155 0 19.7882 10.7614 16.3365 25.3939 23.7706 23.998 16.2909 18.5753 25.4679 19.1312 21.3414 16.9422 17.2967 10.355 5.13873 16.8259 19.8901 0.726357 5.54031 11.6722 2.78057 22.6726 23.4336 14.4184 25.604 17.9608 19.0215 18.4099 27.0389 6.9742 29.9378 12.1595 24.6493 21.7119 24.3658 16.292 28.9276 12.9567 13.8572 7.19811 21.3157 
9.67201 9.1813 21.5455 20.8155 4.02389 11.2577 6.95449 15.309 11.7122 19.7882 0 9.04904 19.1833 6.86563 21.2484 12.6267 9.93268 17.7737 17.0208 20.9496 15.866 6.77408 4.36103 13.8578 23.7951 8.72583 3.47271 19.9502 14.5767 14.7839 17.9117 4.34537 13.8809 19.4779 12.7994 5.20911 4.81977 19.381 11.8838 20.7336 12.472 8.75607 6.70509 19.3151 24.8747 12.0038 9.84547 9.61055 6.85921 15.0329 1.84481 
5.88803 4.88211 20.1106 17.0707 11.18 10.3142 7.93658 9.71644 14.4855 10.7614 9.04904 0 14.5342 15.0779 19.6894 15.5212 8.3816 14.7662 18.4606 17.1011 15.2867 7.3374 6.84911 7.92341 15.0344 8.17498 9.32971 10.9033 5.56913 9.59837 9.09525 12.0348 15.6711 13.8455 16.7252 8.3324 8.75164 15.7131 17.4242 12.3419 19.7142 3.91841 14.4828 17.4463 22.1204 9.66129 18.269 4.99126 3.69275 7.33826 10.6494 
9.80934 19.4128 8.14999 2.93034 17.8667 24.8416 21.958 23.123 28.597 16.3365 19.1833 14.5342 0 25.9882 7.69505 13.2279 9.34756 3.35245 11.87 2.8496 7.72192 12.4729 14.8223 21.4654 21.2359 10.6179 16.5474 15.775 13.1431 23.2707 17.3898 18.7298 11.5855 2.1982 15.1195 21.6606 14.9245 2.20223 17.8726 10.4044 22.0424 18.4526 25.8883 5.99251 8.17135 7.34147 23.563 10.2692 13.274 19.3351 20.9783 
16.5367 13.3088 27.6573 27.4838 8.86357 12.3892 9.30204 18.3761 9.57139 25.3939 6.86563 15.0779 25.9882 0 27.4082 17.687 16.6692 24.3867 22.3054 27.6319 21.9942 13.5197 11.1928 17.4111 28.758 15.422 9.60837 25.675 20.6142 17.6882 23.152 8.3535 19.3128 26.339 17.229 7.63855 11.2131 26.0639 15.25 27.2541 13.7714 13.3526 1.10117 25.6314 31.2596 18.7264 9.58518 16.4475 13.5923 19.5046 5.03071 
13.9176 24.4012 0.46656 5.20761 18.563 29.4997 25.9074 29.1407 32.259 23.7706 21.2484 19.6894 7.69505 27.4082 0 10.676 11.9815 5.2714 6.91047 5.4293 5.41673 14.8016 17.2446 27.3824 28.7778 12.8969 17.935 23.2566 19.8949 29.1475 24.5017 19.1843 8.72481 9.87134 12.1519 25.0864 16.4382 5.4966 15.1965 18.0969 19.4272 23.4144 27.6183 2.24919 4.29347 10.1828 22.2498 14.7383 17.2041 25.7526 22.7821 
10.3654 19.0521 10.7872 13.0105 9.01501 23.0612 18.8699 24.9969 24.3326 23.998 12.6267 15.5212 13.2279 17.687 10.676 0 7.72923 10.1321 4.62453 13.2433 5.94046 8.28717 9.89887 23.2336 29.0515 7.446 9.18194 23.7613 18.6951 24.7337 23.4911 9.35615 1.95996 14.8726 1.90289 17.4887 8.21995 11.9641 4.75028 20.9309 9.02928 18.178 18.1175 9.58825 14.933 7.94426 11.5745 11.2692 11.916 22.8195 13.712 
2.68718 12.7039 12.3522 10.8886 8.62109 17.5868 13.9261 18.0968 20.3266 16.2909 9.93268 8.3816 9.34756 16.6692 11.9815 7.72923 0 7.89231 10.0974 11.0189 7.05397 3.16045 5.60502 16.3039 21.3261 1.27721 7.2058 16.0795 10.967 17.9572 15.778 9.52683 7.45157 9.98082 9.31611 13.164 5.5882 9.45113 11.01 13.8961 14.5186 11.7351 16.621 9.84273 15.1838 2.07158 14.9554 3.62752 5.30843 15.428 11.6876 
9.24507 19.5855 5.73403 3.15247 15.8561 24.8493 21.5344 24.0239 28.0694 18.5753 17.7737 14.7662 3.35245 24.3867 5.2714 10.1321 7.89231 0 8.51797 3.33834 4.41247 11.0158 13.4867 22.2859 23.6277 9.05231 14.7863 18.0856 14.6272 24.0689 19.2355 16.6451 8.38484 5.42444 11.9935 20.9512 13.174 1.86623 14.853 13.2592 19.0908 18.5997 24.4172 3.13698 7.43167 5.84463 20.9657 9.95552 12.7068 20.5374 19.4805 
12.7299 22.5313 6.88219 10.6637 13.5764 26.9637 22.9025 28.1601 28.6614 25.4679 17.0208 18.4606 11.87 22.3054 6.91047 4.62453 10.0974 8.51797 0 10.916 4.34041 11.7757 13.8142 26.3693 30.6055 10.3636 13.5483 25.1125 20.5789 27.988 25.4445 13.9634 3.14887 13.9028 5.5771 21.6685 12.3814 10.0385 8.53284 21.2223 12.6518 21.5977 22.7178 6.637 11.1703 9.31911 15.846 13.6784 15.1316 25.5002 18.2232 
11.9948 21.981 5.84335 0.25281 19.1712 27.3644 24.2921 25.8989 30.8965 19.1312 20.9496 17.1011 2.8496 27.6319 5.4293 13.2433 11.0189 3.33834 10.916 0 7.33178 14.1756 16.6201 24.2222 23.976 12.2308 18.0518 18.5544 15.9816 26.0258 20.235 19.9705 11.3993 4.75601 15.0548 23.8529 16.4314 1.56924 17.992 12.9826 22.2604 21.0083 27.6263 4.35315 5.32229 8.94735 24.2733 12.5793 15.4969 22.154 22.6883 
9.39978 19.7501 5.68756 7.09369 13.1573 24.6122 20.8307 24.9712 27.0437 21.3414 15.866 15.2867 7.72192 21.9942 5.41673 5.94046 7.05397 4.41247 4.34041 7.33178 0 9.57888 11.9656 23.182 26.4777 7.76531 12.5258 20.9512 16.6703 24.883 21.5072 13.7998 4.06787 9.65722 7.72538 19.8832 11.0479 6.14724 10.6883 16.8884 14.9697 18.7769 22.202 3.79095 9.38862 5.66332 17.2789 10.3148 12.3611 21.9741 17.3745 
3.7087 10.8216 15.1396 14.0421 5.81579 15.2218 11.2878 16.7098 17.4743 16.9422 6.77408 7.3374 12.4729 13.5197 14.8016 8.28717 3.16045 11.0158 11.7757 14.1756 9.57888 0 2.48083 14.9474 21.7406 1.96693 4.18677 16.8632 11.4092 16.4519 15.9131 6.76535 8.74488 12.959 9.39404 10.3073 2.64887 12.607 10.2155 15.7851 13.0245 9.92138 13.4607 12.7514 18.2172 5.23045 12.658 4.1933 3.66202 14.6756 8.52843 
5.43902 9.30144 17.5733 16.4924 4.50528 13.1907 9.08867 15.4464 15.0861 17.2967 4.36103 6.84911 14.8223 11.1928 17.2446 9.89887 5.60502 13.4867 13.8142 16.6201 11.9656 2.48083 0 13.7486 21.8211 4.4466 2.61611 17.3216 11.7981 15.0971 15.8928 5.43446 10.697 15.1554 10.6544 7.94833 1.96675 15.0536 10.8016 17.1035 12.8653 8.50482 11.0661 15.2168 20.697 7.67469 11.6663 5.54992 3.447 13.9823 6.16601 
13.7875 4.6872 27.8183 24.2343 17.2875 6.42766 8.1097 1.79302 11.9289 10.355 13.8578 7.92341 21.4654 17.4111 27.3824 23.2336 16.3039 22.2859 26.3693 24.2222 23.182 14.9474 13.7486 0 11.9739 16.0361 15.7108 10.9467 8.82435 1.80556 7.57952 17.9324 23.5284 20.2878 24.2713 9.87023 15.7042 22.9771 24.5331 15.7329 26.0968 5.29119 16.4516 25.1334 29.4423 17.5306 23.6951 12.8672 11.3342 3.16273 14.725 
18.7445 15.4552 29.2436 24.1079 26.213 18.3676 19.6377 11.9216 23.8523 5.13873 23.7951 15.0344 21.2359 28.758 28.7778 29.0515 21.3261 23.6277 30.6055 23.976 26.4777 21.7406 21.8211 11.9739 0 21.7875 24.3541 5.55137 10.3993 12.6556 5.93919 27.0683 28.5411 19.224 30.6177 21.1329 23.6432 23.3589 31.9232 11.2269 34.6269 15.4391 27.902 26.7592 29.1215 21.4099 33.2929 17.8972 18.4434 9.30765 25.1531 
3.06455 12.1924 13.2464 12.0928 7.35171 16.8726 13.0691 17.8226 19.3621 16.8259 8.72583 8.17498 10.6179 15.422 12.8969 7.446 1.27721 9.05231 10.3636 12.2308 7.76531 1.96693 4.4466 16.0361 21.7875 0 5.93109 16.6635 11.3889 17.6319 16.1126 8.26337 7.49875 11.2515 8.86146 12.1895 4.31177 10.6616 10.2555 14.8682 13.5634 11.2471 15.3956 10.817 16.2567 3.3049 13.7868 3.89177 4.77126 15.4071 10.4581 
7.74511 11.093 18.2133 17.8973 1.89048 14.2024 9.90806 17.3318 15.1534 19.8901 3.47271 9.32971 16.5474 9.60837 17.935 9.18194 7.2058 14.7863 13.5483 18.0518 12.5258 4.18677 2.61611 15.7108 24.3541 5.93109 0 19.9264 14.4047 16.9083 18.4171 2.82015 10.4083 17.1302 9.48247 8.37628 1.62611 16.4869 8.97776 19.6393 10.4909 10.4202 9.71144 16.0765 21.6859 9.21588 9.05298 8.0072 6.05803 16.2637 4.84902 
13.5989 12.8645 23.7229 18.6743 21.8157 17.1218 17.1567 11.7258 22.5248 0.726357 19.9502 10.9033 15.775 25.675 23.2566 23.7613 16.0795 18.0856 25.1125 18.5544 20.9512 16.8632 17.3216 10.9467 5.55137 16.6635 19.9264 0 5.52406 12.3057 3.40919 22.723 23.1433 13.8263 25.3953 18.299 19.0072 17.8681 26.902 6.27191 29.88 12.5146 24.952 21.2196 23.7686 15.9935 28.9758 12.819 13.8753 7.78422 21.5121 
8.35296 8.71971 20.3551 16.0345 16.2946 13.8413 12.7597 10.2912 18.8404 5.54031 14.5767 5.56913 13.1431 20.6142 19.8949 18.6951 10.967 14.6272 20.5789 15.9816 16.6703 11.4092 11.7981 8.82435 10.3993 11.3889 14.4047 5.52406 0 10.5845 4.86675 17.2054 18.2978 11.6948 20.2289 13.568 13.4906 14.9247 21.5445 7.35597 24.3976 8.08297 19.9797 17.7028 21.2976 11.2656 23.4561 7.498 8.35146 6.26569 16.2116 
15.4832 5.82313 29.5811 26.037 18.3948 5.87961 8.50319 0.754506 11.2644 11.6722 14.7839 9.59837 23.2707 17.6882 29.1475 24.7337 17.9572 24.0689 27.988 26.0258 24.883 16.4519 15.0971 1.80556 12.6556 17.6319 16.9083 12.3057 10.5845 0 8.89834 18.9811 25.1041 22.0889 25.7018 10.3741 17.0301 24.7762 25.8197 17.3683 27.1712 6.59541 16.6774 26.8983 31.2415 19.2441 24.552 14.5736 12.8888 4.64107 15.4689 
13.1259 9.99237 24.9662 20.3195 20.2742 13.856 14.2857 8.31696 19.3107 2.78057 17.9117 9.09525 17.3898 23.152 24.5017 23.4911 15.778 19.2355 25.4445 20.235 21.5072 15.9131 15.8928 7.57952 5.93919 16.1126 18.4171 3.40919 4.86675 8.89834 0 21.1293 23.1498 15.6663 24.9739 15.6049 17.7323 19.3333 26.1246 9.08327 28.7213 9.80848 22.3544 22.3514 25.5453 16.1324 27.3563 12.233 12.5367 4.42999 19.3257 
10.4367 13.2505 19.4092 19.795 0.958043 15.5955 11.2986 19.4668 15.581 22.6726 4.34537 12.0348 18.7298 8.3535 19.1843 9.35615 9.52683 16.6451 13.9634 19.9705 13.7998 6.76535 5.43446 17.9324 27.0683 8.26337 2.82015 22.723 17.2054 18.9811 21.1293 0 10.9596 19.5055 9.07856 9.52363 4.12334 18.4287 7.68917 22.4197 8.19096 12.6916 8.76211 17.5215 23.1603 11.412 6.25499 10.7686 8.86886 18.761 4.67723 
10.1379 19.5551 8.84669 11.1615 10.5132 23.8716 19.7798 25.3121 25.5127 23.4336 13.8809 15.6711 11.5855 19.3128 8.72481 1.95996 7.45157 8.38484 3.14887 11.3993 4.06787 8.74488 10.697 23.5284 28.5411 7.49875 10.4083 23.1433 18.2978 25.1041 23.1498 10.9596 0 13.3513 3.6593 18.525 9.2335 10.1804 6.6523 19.87 10.9382 18.6392 19.6807 7.64304 12.9749 7.15076 13.5259 11.079 12.2156 22.8511 15.1157 
9.84468 18.6619 10.3222 4.89947 18.6019 24.1301 21.5543 21.8816 28.1972 14.4184 19.4779 13.8455 2.1982 26.339 9.87134 14.8726 9.98082 5.42444 13.9028 4.75601 9.65722 12.959 15.1554 20.2878 19.224 11.2515 17.1302 13.8263 11.6948 22.0889 15.6663 19.5055 13.3513 0 16.7754 21.4481 15.5349 4.39369 19.4033 8.25844 23.4822 17.7333 26.148 8.18812 9.94808 8.15569 24.6842 10.1123 13.1467 17.9547 21.3083 
11.876 19.9405 12.2138 14.818 8.93028 23.6298 19.3651 26.0097 24.4787 25.604 12.7994 16.7252 15.1195 17.229 12.1519 1.90289 9.31611 11.9935 5.5771 15.0548 7.72538 9.39404 10.6544 24.2713 30.6177 8.86146 9.48247 25.3953 20.2289 25.7018 24.9739 9.07856 3.6593 16.7754 0 17.8575 8.81182 13.8116 3.04709 22.7523 7.31423 19.1101 17.7634 11.2607 16.4416 9.73371 10.2691 12.7456 13.0558 24.0603 13.6589 
11.8748 5.6777 25.4341 23.7625 9.22959 6.08967 1.9135 11.007 7.17253 17.9608 5.20911 8.3324 21.6606 7.63855 25.0864 17.4887 13.164 20.9512 21.6685 23.8529 19.8832 10.3073 7.94833 9.87023 21.1329 12.1895 8.37628 18.299 13.568 10.3741 15.6049 9.52363 18.525 21.4481 17.8575 0 9.30242 22.3245 17.0884 20.6494 17.5154 5.80772 6.77069 22.9916 28.3278 15.1344 14.4047 11.401 8.38734 11.8665 5.28527 
6.31572 11.2197 16.7304 16.2787 3.17005 14.8615 10.6503 17.3926 16.2908 19.0215 4.81977 8.75164 14.9245 11.2131 16.4382 8.21995 5.5882 13.174 12.3814 16.4314 11.0479 2.64887 1.96675 15.7042 23.6432 4.31177 1.62611 19.0072 13.4906 17.0301 17.7323 4.12334 9.2335 15.5349 8.81182 9.30242 0 14.8657 8.83663 18.3381 10.9894 10.446 11.2797 14.5357 20.1269 7.59058 10.1418 6.68572 5.19988 15.9379 6.37105 
10.4854 20.5835 5.95366 1.44357 17.6219 25.9369 22.7969 24.6777 29.3875 18.4099 19.381 15.7131 2.20223 26.0639 5.4966 11.9641 9.45113 1.86623 10.0385 1.56924 6.14724 12.607 15.0536 22.9771 23.3589 10.6616 16.4869 17.8681 14.9247 24.7762 19.3333 18.4287 10.1804 4.39369 13.8116 22.3245 14.8657 0 16.6965 12.6003 20.9432 19.6055 26.057 3.83864 6.46539 7.37973 22.8275 11.1003 13.9857 21.0192 21.1191 
13.3134 19.9969 15.2523 17.7599 7.86 23.0831 18.7671 26.2062 23.2558 27.0389 11.8838 17.4242 17.8726 15.25 15.1965 4.75028 11.01 14.853 8.53284 17.992 10.6883 10.2155 10.8016 24.5331 31.9232 10.2555 8.97776 26.902 21.5445 25.8197 26.1246 7.68917 6.6523 19.4033 3.04709 17.0884 8.83663 16.6965 0 24.8312 4.28591 19.2595 15.9169 14.2872 19.4873 11.8733 7.40544 14.0852 13.7445 24.7127 12.3581 
12.0847 16.0666 18.5534 13.1418 21.4625 21.1693 20.0149 16.927 26.1932 6.9742 20.7336 12.3419 10.4044 27.2541 18.0969 20.9309 13.8961 13.2592 21.2223 12.9826 16.8884 15.7851 17.1035 15.7329 11.2269 14.8682 19.6393 6.27191 7.35597 17.3683 9.08327 22.4197 19.87 8.25844 22.7523 20.6494 18.3381 12.6003 24.8312 0 28.4094 15.3913 26.7411 16.2774 17.9822 13.0265 28.4429 11.6546 13.9144 12.7445 22.5132 
16.5106 21.4242 19.463 22.0302 8.8118 23.6013 19.3618 27.6513 22.7584 29.9378 12.472 19.7142 22.0424 13.7714 19.4272 9.02928 14.5186 19.0908 12.6518 22.2604 14.9697 13.0245 12.8653 26.0968 34.6269 13.5634 10.4909 29.88 24.3976 27.1712 28.7213 8.19096 10.9382 23.4822 7.31423 17.5154 10.9894 20.9432 4.28591 28.4094 0 20.8299 14.6503 18.5702 23.7207 15.686 4.40221 17.1626 16.1857 26.7541 12.3046 
9.50006 0.987612 23.8236 20.9735 12.0182 6.40123 4.70486 6.94787 10.8635 12.1595 8.75607 3.91841 18.4526 13.3526 23.4144 18.178 11.7351 18.5997 21.5977 21.0083 18.7769 9.92138 8.50482 5.29119 15.4391 11.2471 10.4202 12.5146 8.08297 6.59541 9.80848 12.6916 18.6392 17.7333 19.1101 5.80772 10.446 19.6055 19.2595 15.3913 20.8299 0 12.5459 21.185 25.9877 13.2697 18.5889 8.68368 6.4783 6.3376 9.85918 
16.3115 12.4473 27.8827 27.4864 9.17266 11.3179 8.35537 17.3729 8.49862 24.6493 6.70509 14.4828 25.8883 1.10117 27.6183 18.1175 16.621 24.4172 22.7178 27.6263 22.202 13.4607 11.0661 16.4516 27.902 15.3956 9.71144 24.952 19.9797 16.6774 22.3544 8.76211 19.6807 26.148 17.7634 6.77069 11.2797 26.057 15.9169 26.7411 14.6503 12.5459 0 25.7867 31.3969 18.6894 10.5388 16.1607 13.239 18.6233 4.93836 
11.6945 22.1722 2.68802 4.10122 16.8423 27.2998 23.7596 26.8922 30.161 21.7119 19.3151 17.4463 5.99251 25.6314 2.24919 9.58825 9.84273 3.13698 6.637 4.35315 3.79095 12.7514 15.2168 25.1334 26.7592 10.817 16.0765 21.2196 17.7028 26.8983 22.3514 17.5215 7.64304 8.18812 11.2607 22.9916 14.5357 3.83864 14.2872 16.2774 18.5702 21.185 25.7867 0 5.63993 7.986 21.0467 12.5042 15.016 23.5195 20.9046 
16.6767 26.9708 4.28853 5.26313 22.4817 32.2694 28.9575 31.1405 35.4685 24.3658 24.8747 22.1204 8.17135 31.2596 4.29347 14.933 15.1838 7.43167 11.1703 5.32229 9.38862 18.2172 20.697 29.4423 29.1215 16.2567 21.6859 23.7686 21.2976 31.2415 25.5453 23.1603 12.9749 9.94808 16.4416 28.3278 20.1269 6.46539 19.4873 17.9822 23.7207 25.9877 31.3969 5.63993 0 13.1938 26.4958 17.3775 20.1333 27.4488 26.4976 
3.78448 14.2534 10.5783 8.81778 10.5352 19.3177 15.8035 19.3176 22.2772 16.292 12.0038 9.66129 7.34147 18.7264 10.1828 7.94426 2.07158 5.84463 9.31911 8.94735 5.66332 5.23045 7.67469 17.5306 21.4099 3.3049 9.21588 15.9935 11.2656 19.2441 16.1324 11.412 7.15076 8.15569 9.73371 15.1344 7.59058 7.37973 11.8733 13.0265 15.686 13.2697 18.6894 7.986 13.1938 0 16.5548 4.6718 7.03026 16.3312 13.7542 
16.363 19.0252 22.3597 24.064 7.16252 20.3737 16.3124 25.107 18.8846 28.9276 9.84547 18.269 23.563 9.58518 22.2498 11.5745 14.9554 20.9657 15.846 24.2733 17.2789 12.658 11.6663 23.6951 33.2929 13.7868 9.05298 28.9758 23.4561 24.552 27.3563 6.25499 13.5259 24.6842 10.2691 14.4047 10.1418 22.8275 7.40544 28.4429 4.40221 18.5889 10.5388 21.0467 26.4958 16.5548 0 16.8126 15.1109 24.8112 9.13244 
0.948707 9.67126 15.1523 12.5137 9.81084 14.8939 11.7184 14.6566 18.3419 12.9567 9.61055 4.99126 10.2692 16.4475 14.7383 11.2692 3.62752 9.95552 13.6784 12.5793 10.3148 4.1933 5.54992 12.8672 17.8972 3.89177 8.0072 12.819 7.498 14.5736 12.233 10.7686 11.079 10.1123 12.7456 11.401 6.68572 11.1003 14.0852 11.6546 17.1626 8.68368 16.1607 12.5042 17.3775 4.6718 16.8126 0 3.03724 11.8223 11.4546 
3.50207 7.43051 17.5916 15.4162 7.94851 12.3011 8.82882 13.1097 15.4019 13.8572 6.85921 3.69275 13.274 13.5923 17.2041 11.916 5.30843 12.7068 15.1316 15.4969 12.3611 3.66202 3.447 11.3342 18.4434 4.77126 6.05803 13.8753 8.35146 12.8888 12.5367 8.86886 12.2156 13.1467 13.0558 8.38734 5.19988 13.9857 13.7445 13.9144 16.1857 6.4783 13.239 15.016 20.1333 7.03026 15.1109 3.03724 0 11.0259 8.67792 
12.771 6.20447 26.2031 22.1922 18.0051 9.44977 10.3313 4.18456 14.9285 7.19811 15.0329 7.33826 19.3351 19.5046 25.7526 22.8195 15.428 20.5374 25.5002 22.154 21.9741 14.6756 13.9823 3.16273 9.30765 15.4071 16.2637 7.78422 6.26569 4.64107 4.42999 18.761 22.8511 17.9547 24.0603 11.8665 15.9379 21.0192 24.7127 12.7445 26.7541 6.3376 18.6233 23.5195 27.4488 16.3312 24.8112 11.8223 11.0259 0 16.1958 
11.5133 10.1352 23.0621 22.5481 4.73387 11.3282 7.18519 16.0506 10.9038 21.3157 1.84481 10.6494 20.9783 5.03071 22.7821 13.712 11.6876 19.4805 18.2232 22.6883 17.3745 8.52843 6.16601 14.725 25.1531 10.4581 4.84902 21.5121 16.2116 15.4689 19.3257 4.67723 15.1157 21.3083 13.6589 5.28527 6.37105 21.1191 12.3581 22.5132 12.3046 9.85918 4.93836 20.9046 26.4976 13.7542 9.13244 11.4546 8.67792 16.1958 0 
