200
15.3406 16.0863 1.34221 0
9.0683 21.9169 1.03458 0
4.08239 20.512 1.10245 0
8.81592 19.4374 29.8232 0
10.1086 21.2943 1.04688 0
0.177744 21.9367 1.79069 0
5.40657 10.5415 0.944277 0
0.778915 14.3347 2.25742 0
15.5413 22.67 0.733375 0
18.9788 20.3828 0.598719 1
8.93985 23.2772 0.286027 1
9.06895 21.2139 1.33415 0
11.2621 20.6777 1.52502 0
7.75083 18.0849 1.63346 0
4.7857 4.84827 0.283725 0
9.33182 17.9339 1.87589 0
3.63072 16.5811 1.08181 0
17.7499 17.8652 1.7575 1
18.6302 22.0462 0.361002 0
10.3009 15.3443 0.735489 0
3.32571 8.82713 2.09978 0
13.1761 17.9587 0.918461 0
6.46579 7.63466 1.67477 0
14.691 19.8196 0.650572 0
10.3845 16.7035 1.50171 0
10.6569 11.7531 1.36224 1
16.7558 16.9761 2.19999 1
14.7869 21.7355 1.61235 0
8.26394 12.6985 1.87485 0
1.51216 3.12284 1.17611 1
16.0705 23.9424 3.82566 0
18.0775 18.9728 2.06096 0
18.8951 22.769 2.08159 0
11.3605 23.6255 1.56237 0
5.4403 9.40174 1.6127 0
6.64602 18.3426 1.4705 1
11.2433 13.1286 1.37086 0
14.3232 14.8859 1.9226 0
15.6921 21.5002 0.308994 0
13.3987 20.3433 1.46903 0
0.770659 7.09568 1.02792 0
2.97741 14.7572 4.09236 0
5.03976 18.4086 1.54776 0
13.1972 21.5019 0.671061 0
13.685 16.3107 23.7336 0
11.303 18.5729 2.15443 0
10.3067 19.766 1.68537 0
8.20788 9.18647 0.5938 1
5.46709 15.6031 19.707 0
8.48528 21.7718 1.7849 1
5.72503 17.5546 2.22772 0
6.3869 14.6863 1.21072 1
8.94522 16.5405 20.2417 0
7.6035 22.8309 2.03176 0
15.7099 17.245 0.923952 1
18.4189 22.2062 1.4351 0
5.96371 21.0706 0.424109 0
10.2145 10.7608 0.940402 0
16.0537 18.4356 1.98152 0
6.5002 17.2035 0.82098 0
7.18376 17.4168 0.917344 1
7.23719 17.0547 0.867511 0
8.92532 14.502 1.12831 0
11.8549 18.9024 0.870535 0
16.1637 20.2016 0.251981 0
10.8276 18.9236 15.9218 1
15.2523 15.8853 1.22427 0
10.8054 20.5852 1.99373 0
3.90765 20.0741 0.37675 1
3.53584 7.78267 1.42436 0
10.4012 12.141 1.77689 0
15.1411 21.3716 1.01612 0
11.6677 15.3399 1.07669 1
14.9505 16.3936 0.217887 0
13.8919 14.4485 1.64856 0
2.59937 10.7798 0.802049 0
17.6336 18.0205 0.509514 0
15.1004 21.3317 1.83539 0
7.04713 18.5662 1.3389 1
9.74223 14.7187 1.67416 0
3.77743 14.105 0.492026 0
2.01931 23.9984 2.00294 0
9.67565 17.9108 1.11835 0
10.998 12.0106 2.15778 0
12.6046 15.3028 1.74043 0
17.8754 21.7345 1.46524 1
16.8971 16.9323 1.02281 0
1.05057 23.5165 2.04626 0
16.3105 17.6448 2.07337 0
10.9876 18.3446 1.31919 0
18.2533 23.9037 1.32266 0
17.7392 23.2451 0.434245 0
14.6698 20.1654 0.768333 0
2.46671 14.3996 1.71001 0
7.50358 23.4054 1.02695 0
4.71304 20.4155 2.11969 0
10.9601 21.4705 19.8787 0
13.0803 23.8471 1.13036 1
4.91556 12.6655 1.01963 0
17.1633 18.1159 1.41484 0
13.0553 16.3538 1.96518 0
3.44158 8.18777 29.2353 0
10.1986 13.0355 1.33421 1
6.55313 20.8673 1.10815 0
16.389 17.6866 2.14359 0
0.418737 0.523674 1.30509 0
0.599639 6.55585 0.564721 1
9.38714 10.582 2.19674 0
11.053 20.8137 0.30002 0
7.44447 19.9431 1.40868 0
0.0946848 14.5119 0.245597 0
14.3803 19.6274 22.1273 0
3.30653 7.62868 2.04998 1
5.93677 12.4333 0.267676 0
3.01641 8.85954 0.849444 1
18.8191 22.8018 0.891535 0
2.94032 21.0026 0.286979 0
11.2565 19.1273 0.403884 0
4.06782 4.85984 0.525343 0
0.353358 1.10077 1.27651 1
11.4915 14.8932 0.842109 0
1.17768 1.63465 0.253284 0
18.9184 20.9707 26.2886 0
3.30931 12.4041 0.527977 0
16.0822 20.7196 2.26356 0
12.2602 14.7559 0.228779 0
10.2906 21.4113 20.8243 0
5.21754 23.4434 29.2842 0
12.4004 13.0653 0.20244 0
17.1161 20.2984 0.663818 1
15.5452 18.985 1.41919 1
18.5437 21.7654 1.54555 1
7.71791 8.3895 1.46732 1
10.6529 11.9347 0.755228 0
9.8635 20.8814 1.02488 0
17.2675 18.5679 1.69099 0
4.07638 11.6171 2.21616 1
5.81327 6.27879 0.590721 0
15.0626 19.2718 0.596432 0
2.45941 20.4264 1.1508 0
17.6798 19.2959 1.80054 1
9.83077 13.1309 0.984047 1
16.4295 23.719 0.455215 0
9.25521 18.3606 1.57074 0
7.35081 10.332 6.34282 0
16.7825 23.455 1.44174 0
15.7624 21.9243 0.241574 0
17.7932 20.768 1.94554 0
9.32192 19.2804 1.36303 0
7.37826 18.7381 2.23299 0
4.23007 7.4684 0.980069 1
15.2223 15.8807 0.708215 0
10.865 15.9616 1.16601 0
0.149538 14.6693 0.606884 0
6.16513 9.33029 1.47304 1
16.1687 22.5061 1.51199 0
16.0346 19.5873 0.4982 1
10.5618 18.3148 2.15776 0
9.9161 13.4072 0.607721 0
3.34596 15.1279 9.35396 0
13.4489 17.0992 0.528184 0
14.3563 21.0423 2.14509 0
1.62229 10.5846 1.91969 0
0.200112 11.6394 2.22317 0
8.05965 14.5323 0.737824 0
11.6594 12.688 0.550382 1
5.00446 7.90778 0.71536 0
10.2004 20.0629 0.589118 1
10.9888 23.9863 0.873124 0
16.9517 20.3823 23.1563 0
8.63884 21.8788 0.445401 0
8.15038 11.0796 0.557607 0
18.8783 19.0952 1.6595 1
1.00753 18.8131 0.703054 0
11.5333 19.134 1.28134 1
4.11387 23.07 1.99121 0
11.3448 22.8551 1.50142 0
0.046383 2.67591 12.4912 1
0.336131 21.2861 1.339 0
7.65572 9.9124 1.61235 0
12.6116 18.898 0.599131 1
8.91514 13.7281 0.307837 0
11.7755 19.6084 0.41984 0
0.690925 17.3933 0.437246 1
12.7966 18.7173 0.302452 1
5.5822 18.7309 0.225322 1
3.43039 10.2326 0.955323 0
15.2043 19.9303 0.733206 0
15.4894 16.6897 1.76898 0
8.44139 14.8529 0.604341 0
15.6422 15.7612 1.39969 1
8.33985 16.6864 1.53562 1
17.3227 18.4118 1.99957 0
0.190978 7.54421 0.609669 1
12.9195 23.6474 0.427158 0
2.63401 15.96 1.72338 0
6.65883 14.3089 0.98995 1
15.0888 20.3326 25.4363 0
11.1588 15.0884 1.65332 0
0.0174479 22.8781 2.20169 0
400 50 500
0.025 0.0125 10000 3000 15 1e+06 300000 8 12
0 8.95671 11.8159 5.36762 14.4055 7.02918 4.48815 2.74176 3.38581 10.8867 13.2842 8.40234 18.0604 9.3097 7.82688 10.3091 8.72769 12.3902 10.4752 9.78525 13.3484 4.21782 16.2706 4.75061 15.6054 14.5239 3.35182 12.3191 15.5516 10.1286 13.8307 7.69444 3.14881 5.76893 10.5019 11.1205 14.2055 17.5442 5.21295 4.96471 7.81078 10.8795 15.3272 17.3704 15.8108 11.5644 18.1439 21.6132 4.85154 1.88853 13.7209 2.16495 11.8709 10.9618 17.4115 10.9357 13.0714 14.283 13.6065 5.14666 4.29926 11.5757 4.38172 18.6408 10.1282 10.8841 1.44623 3.41661 3.26288 18.8264 11.3433 10.129 16.5172 8.59746 18.3248 3.45126 15.4368 8.48891 20.2031 4.47646 17.5962 12.5965 8.0278 6.58205 5.73174 5.84427 13.1754 10.6183 9.66847 15.5023 9.20807 11.4653 14.9368 9.16774 2.88502 18.5194 15.1224 3.04927 14.6478 9.98912 13.8529 15.9172 6.29898 15.2038 13.211 17.717 1.73594 13.4231 15.7857 12.8234 16.793 9.73271 12.1767 15.9507 6.36903 14.8971 11.0561 14.6066 7.18377 4.53686 8.05992 1.33299 8.03585 9.31349 17.8138 19.0242 5.13862 19.2659 3.76515 10.013 15.0325 8.02079 13.2408 10.1373 16.0777 11.5781 11.9089 2.30859 14.6387 14.0883 3.97629 13.2861 9.03247 2.71712 10.3539 12.7795 8.83653 20.5846 4.04842 14.9278 1.63535 9.76012 16.5645 3.22873 13.5045 5.96266 18.2974 16.6091 16.0273 14.7038 5.82344 10.7889 13.015 15.4978 8.28734 15.2927 15.5599 19.1653 9.51504 11.8938 3.7494 9.57911 13.2474 1.98256 14.5487 14.7744 7.0977 4.57003 15.0195 18.5845 8.56744 9.31598 4.84929 3.97095 2.36657 10.4824 9.31624 17.2601 9.30396 13.871 6.34786 8.18773 10.4733 7.0856 14.5457 13.9424 17.6579 14.8872 16.9353 3.87033 5.04027 
8.95671 0 5.02117 3.82371 19.4765 10.6616 4.54249 10.4266 10.1865 8.87361 10.0095 10.1684 14.7208 10.5429 4.42644 6.83607 0.381561 14.8013 14.3334 16.2496 10.5361 12.529 9.91827 4.90866 17.4678 18.8698 8.73529 11.7817 8.13348 9.16079 13.9375 6.05991 9.46119 13.6063 11.3849 15.8563 7.12668 13.5598 8.98153 9.55641 1.33017 15.7742 9.01257 13.5748 11.8355 5.79668 17.1644 18.6613 10.9991 8.52652 5.04916 10.7068 8.76946 5.46928 11.5707 13.7529 8.75765 19.9521 15.3176 11.7655 11.0164 11.3317 4.76769 15.9874 13.1343 11.1985 8.59136 6.33 6.02067 16.8276 13.2379 15.8834 15.9963 14.607 13.9549 11.7633 11.8076 7.72847 17.5585 12.7955 16.4474 4.60303 13.1478 8.35764 4.11862 4.24893 12.2482 2.51169 10.5688 13.7906 4.08447 12.452 20.6351 3.18626 11.2879 14.651 18.6088 11.912 7.06802 10.3725 6.08154 12.3455 7.64501 20.1676 4.25485 14.8419 9.56232 14.8518 7.3924 18.955 10.3774 11.1619 7.83235 15.0603 8.98218 16.1348 2.19217 18.3791 10.5744 4.81515 4.20393 7.65831 15.4197 4.75641 13.0596 15.0833 13.1481 17.1627 5.27849 14.8949 14.4889 7.85105 7.58314 2.00613 12.2288 2.63502 14.1679 10.1779 7.02444 18.4552 12.4438 17.7172 7.59645 11.6541 13.0624 17.3157 12.9852 16.7615 6.02923 20.129 9.04487 12.0395 14.954 6.99976 17.2536 2.99405 15.8723 13.4564 12.3048 13.751 3.22549 2.48683 9.50585 20.8419 13.6247 6.85726 8.68789 16.9752 9.46537 16.1045 10.4743 15.5019 4.6251 7.61935 16.6798 6.50515 10.0865 8.44727 6.06914 16.8012 15.6497 14.7295 11.3847 5.67032 11.3217 9.30234 13.4269 15.8533 13.3215 5.82072 7.25875 2.13788 13.7952 14.3491 11.8795 10.6597 17.5063 16.45 11.8863 12.1405 6.6796 
11.8159 5.02117 0 7.95864 18.252 10.2418 7.59506 12.2289 11.6151 5.73185 5.76946 8.86628 9.98918 8.78435 4.13401 3.70951 5.38976 12.669 13.083 16.2363 6.4317 14.2979 4.9654 9.13873 14.6939 17.2812 12.7513 8.63823 3.73587 6.58512 10.7294 5.15444 10.9328 14.8713 9.15062 14.8534 2.41462 8.71016 9.37915 10.112 5.05939 14.8754 4.02996 8.77183 7.07895 1.31367 13.1101 13.8938 15.1067 10.6376 3.73491 13.9024 4.95412 1.56589 6.56258 12.0346 4.23207 19.0504 12.7316 12.6367 12.1413 8.46356 7.55763 11.3992 11.6525 8.68888 12.0034 10.2616 8.55658 12.4115 11.1154 15.4774 12.2333 14.5483 9.01452 15.1294 7.16972 6.06948 12.9052 14.5333 12.3774 1.85358 12.8508 7.96056 6.09513 5.9716 8.79668 2.64093 8.60375 9.72903 2.65697 10.0004 19.6959 2.70139 13.3201 9.78927 16.5684 14.8488 2.87118 8.16718 2.27214 7.68341 7.46153 18.8189 5.27904 10.2445 11.7057 12.1869 4.56583 18.4358 5.45181 9.31121 3.52957 11.2261 8.7259 13.1964 5.34779 16.5188 10.0513 7.318 3.84483 10.7545 16.1237 2.80722 8.08014 10.1937 14.6025 12.6935 8.87728 14.1266 10.8812 6.52076 2.64934 6.42355 7.48492 4.9995 12.0628 12.1461 2.87455 16.9205 15.7355 16.2992 5.53987 14.2132 11.4305 16.0048 12.1777 11.8555 7.87298 18.9253 11.2156 10.4196 10.8188 10.9693 15.5061 6.75288 11.3643 8.85525 7.59572 10.0443 6.47841 2.81553 5.24686 19.6669 13.3514 4.22971 3.89405 12.4867 7.34666 14.7658 14.3627 15.2524 3.37944 11.1524 14.1329 3.56199 9.52734 9.21205 6.50099 12.4629 16.1177 14.2976 15.4115 9.70648 13.9894 6.53001 12.4994 11.7252 12.3645 2.59001 7.09262 3.99612 12.3489 15.1144 7.6278 6.30152 13.7741 13.6382 6.89154 13.9368 11.2038 
5.36762 3.82371 7.95864 0 17.8214 9.11043 1.79135 7.32872 7.35711 9.7036 11.5555 9.36544 16.5257 10.0257 5.11938 8.15707 3.52524 14.1007 12.9953 13.9135 11.9005 9.30905 12.887 1.18177 17.118 17.5081 4.95355 12.1836 11.5133 9.51147 14.1897 6.16522 6.69023 10.6157 11.1114 14.2267 10.3246 15.6073 7.09997 7.44728 3.00585 14.075 11.9331 15.5398 13.8107 8.245 18.0265 20.4071 7.26748 5.42955 8.84771 6.94002 10.1283 7.72772 14.3663 12.8186 10.7138 18.0503 14.9432 9.15344 8.3053 11.5643 2.18603 17.5353 12.0784 11.1648 4.80862 2.50867 3.11086 18.1188 12.6656 13.8312 16.6183 12.398 16.1836 7.95471 13.6244 7.75239 19.1474 9.57895 17.3586 8.13061 11.2183 7.24212 3.03406 3.30729 12.8598 5.98897 10.2056 14.8406 5.87402 12.2207 18.7345 5.34839 7.99199 16.6836 17.605 8.19571 10.4888 10.2248 9.55746 14.1613 6.56233 18.5748 7.99465 16.4481 6.32887 14.5761 11.131 16.8313 13.3875 10.6227 9.72766 15.8052 7.60881 16.001 5.77202 17.2466 9.11407 2.54009 5.14045 4.035 12.6714 6.33321 15.4277 17.16 10.0722 18.5088 1.60674 13.1614 15.0556 7.59386 10.1196 4.77201 14.1644 6.34362 13.4972 6.99839 10.4589 17.0726 8.64136 16.2844 7.94941 8.08223 12.1279 15.825 11.4405 18.8317 3.78405 18.4332 5.8453 11.2088 16.0103 3.1896 16.0932 1.22964 17.3175 15.1324 14.1867 14.4619 1.71376 6.07342 11.1271 19.0994 11.6372 10.604 11.8469 18.3532 9.41235 14.7049 6.67324 13.3655 8.4067 3.8277 16.1852 10.1921 8.73236 6.39087 9.76681 17.9986 13.0357 12.7694 7.62512 1.85848 7.71576 9.77339 11.9284 16.8553 11.8545 9.40955 6.2888 3.9667 12.65 11.6192 13.2606 12.2531 18.0229 16.1896 14.3448 8.92636 3.28067 
14.4055 19.4765 18.252 17.8214 0 8.84508 16.0514 11.6742 11.0778 12.7826 14.2753 9.50794 15.7458 9.46956 15.3028 14.5635 19.5192 6.0334 5.21688 5.0112 13.6647 10.9824 19.4772 17.9919 6.50237 1.60501 17.7416 10.5677 20.736 11.74 9.43136 13.6797 11.5318 9.37578 9.21585 3.62893 19.5337 16.5102 10.7432 10.3796 18.1979 3.7504 18.9689 16.1483 15.8234 17.0579 12.0438 17.0011 18.6899 13.0137 21.8838 15.2542 13.9939 16.6868 19.2792 6.25139 15.5876 1.41539 6.82845 9.25943 10.1189 10.3275 15.6642 14.9324 6.60372 9.80533 15.8512 17.2548 14.7669 13.9777 7.3541 4.29187 10.7507 5.81892 17.4658 15.9604 15.2069 12.288 15.6994 10.8456 12.1073 20.0314 6.6208 11.1201 15.5219 15.3297 11.0291 19.2832 9.65555 12.3923 16.3855 8.62803 1.73431 17.1538 11.9349 16.7806 3.38225 14.4996 20.4913 10.1291 20.357 15.272 11.8315 0.80185 22.7908 14.8789 12.6787 7.3397 22.6506 2.68341 19.8434 8.94506 15.5075 11.2086 10.5061 7.55059 21.4816 2.80305 8.91103 15.3687 15.6026 15.1703 7.33296 15.8383 17.8103 17.1449 10.0003 14.3519 16.6218 4.66167 10.5028 11.9477 17.3092 21.4186 15.7308 21.6362 6.5073 12.1077 20.5396 1.66875 15.8168 2.0051 12.739 13.3167 6.82458 2.24718 6.4969 17.8039 14.0585 0.673321 12.915 7.83308 12.503 17.3799 3.15563 17.4369 14.4189 14.8828 15.5287 11.1049 16.8534 19.5731 14.5528 1.41513 6.24105 22.4082 19.8977 14.4421 10.9097 3.48746 17.6369 4.85752 21.4568 16.2039 5.97123 21.7294 9.39077 11.4329 24.4197 13.5243 6.58071 5.13504 18.465 17.5189 13.6511 11.8747 6.04957 12.4021 6.15619 20.801 12.2189 17.464 5.90627 7.82249 13.6188 14.3766 10.5008 6.98279 17.8454 11.1391 19.1789 
7.02918 10.6616 10.2418 9.11043 8.84508 0 7.31985 4.94382 3.97564 6.02673 8.41195 2.02208 12.3573 2.85967 6.67871 6.91529 10.6882 5.39116 3.88632 5.99538 8.14566 6.02389 12.9863 9.45306 8.59956 8.40706 10.2159 6.01451 13.4211 4.87238 7.05403 5.18045 3.91855 5.64166 3.883 5.21615 12.0622 12.284 2.06697 2.07009 9.36775 5.11711 12.2128 12.017 10.8192 9.26643 11.423 15.4352 11.8732 5.19539 13.5911 8.7432 7.37163 8.76023 13.4926 3.95801 9.0155 9.29372 6.5773 3.41521 3.5842 5.2837 6.92585 12.5303 3.15534 4.46463 8.34898 9.01494 6.19874 12.4184 4.32833 5.33183 9.74697 4.30651 13.2077 9.89268 10.2894 4.2823 13.9745 6.13216 10.9568 11.8421 2.62415 2.38223 6.67707 6.48521 6.90407 10.7295 3.29085 9.26732 7.95425 4.64142 9.97554 8.60034 5.92332 13.0684 8.54116 8.71726 12.889 3.82185 12.4974 10.6463 3.05026 9.56319 14.1978 11.8026 5.46703 6.40528 14.8064 8.38379 13.4643 3.03118 8.4827 9.33392 1.6843 7.87396 12.7182 8.14872 0.257778 6.59709 6.99754 7.26313 6.13839 7.52717 13.0218 13.5615 5.71402 12.8711 8.09707 4.23327 8.36872 3.76144 10.169 12.5835 10.9556 12.9259 4.88599 5.25013 12.9184 7.97409 10.1168 7.19476 4.92067 7.50919 3.3392 6.75191 2.3571 14.9111 5.32866 9.48769 5.40244 2.76023 10.1731 9.32363 6.99605 8.6218 12.1099 10.9797 10.8327 8.22718 8.02516 11.0102 8.39057 10.1916 3.12565 14.4646 12.8918 12.8119 3.8979 5.60127 10.7652 5.04309 13.1302 8.33627 7.55732 13.802 0.722714 2.82194 15.9136 12.1087 5.98783 4.14859 11.8344 9.12432 7.60814 5.20151 2.83164 10.7326 2.74926 12.8243 3.45088 8.70845 3.61796 5.26091 8.97288 8.89585 10.7536 7.85865 12.4896 5.83536 10.9798 
4.48815 4.54249 7.59506 1.79135 16.0514 7.31985 0 5.93506 5.81238 8.31468 10.3586 7.61441 15.3357 8.30637 4.04615 7.01385 4.36079 12.3336 11.2042 12.2437 10.6281 8.01206 12.3424 2.38524 15.3772 15.7201 5.25248 10.6171 11.3019 7.98725 12.5652 4.73204 5.11055 9.17737 9.41873 12.449 10.0097 14.5296 5.31746 5.69227 3.33479 12.3025 11.3828 14.4281 12.7331 7.59549 16.5142 19.156 7.5975 4.01779 9.23438 6.41917 8.90649 7.02256 13.6846 11.0381 9.71005 16.3088 13.2077 7.53792 6.71914 9.96721 0.394838 16.2381 10.2931 9.51629 4.4255 2.85612 1.51896 16.7302 10.9175 12.1024 15.0562 10.693 15.1779 7.59446 12.485 6.2003 17.8496 8.28033 15.8647 8.17366 9.46171 5.47958 1.70556 1.94714 11.3362 6.14632 8.50887 13.4126 5.15525 10.5238 16.9942 4.89406 6.75205 15.5843 15.8156 7.51446 10.3422 8.56772 9.49159 13.0114 4.81558 16.8007 8.78468 15.1841 5.03009 12.8556 11.3352 15.1239 12.8584 8.89373 8.73676 14.281 5.82247 14.2941 6.70571 15.4553 7.32273 0.776898 4.16896 3.26168 11.1285 5.45618 14.4994 16.0737 8.68064 17.1344 1.40211 11.3899 13.494 5.97647 9.4152 5.99643 13.0633 7.1774 11.7349 5.66047 10.3252 15.285 8.23217 14.4981 6.48249 7.14527 10.3493 14.041 9.6531 17.7242 1.99745 16.6679 4.51585 9.44185 14.5704 3.52896 14.302 1.6179 15.9872 13.9121 13.0631 12.9431 1.34035 6.30769 9.97165 17.3399 9.8902 10.8336 11.4564 16.9905 7.7908 12.9161 6.78804 11.6501 8.7623 3.55738 14.4312 10.3363 6.94307 4.6189 10.6056 16.5819 11.4441 11.0228 7.86476 2.49155 6.83249 8.27486 10.14 15.3911 10.0651 9.45903 4.56692 3.75353 10.8606 10.0639 11.9649 11.0563 16.4264 14.4635 13.4804 7.62363 4.41747 
2.74176 10.4266 12.2289 7.32872 11.6742 4.94382 5.93506 0 0.974772 9.95866 12.443 6.69156 16.9102 7.61373 8.09525 9.93259 10.2766 10.0822 7.96619 7.0573 12.3632 2.12655 16.1701 7.02409 13.2769 11.8423 6.06748 10.7744 15.8859 8.99596 11.9894 7.39621 1.37908 3.28871 8.74642 8.45119 14.496 16.6093 3.66338 3.0995 9.14506 8.19707 15.2719 16.3883 14.9749 11.6885 16.3574 20.218 7.23755 1.92003 14.7415 3.90035 11.1374 11.0899 17.0731 8.62312 12.5668 11.5419 11.3905 2.42855 1.63257 10.024 5.66708 17.2711 7.82977 9.24935 4.18259 5.91411 4.42095 17.273 9.22601 7.39165 14.6861 5.86005 17.4679 4.97409 14.5226 7.63426 18.7706 2.38577 15.8742 13.3502 5.40785 5.36702 6.55264 6.55088 11.6622 11.5994 8.0212 14.0361 9.57725 9.57744 12.197 9.79852 1.15406 17.5024 12.5321 3.77638 15.0981 8.45425 14.4294 14.9538 5.38832 12.4737 14.6083 16.451 1.07516 11.2812 16.5566 10.0931 16.686 7.91361 11.7835 14.2407 4.8745 12.7261 12.6122 11.9878 5.15302 5.6197 8.39067 3.70535 5.4331 9.48518 17.1011 18.0063 2.75167 17.723 5.78345 7.35258 13.2842 7.08595 13.1375 11.9249 15.1865 13.0454 9.66297 0.433919 15.1032 11.4099 5.17306 10.6122 8.27202 2.59773 8.1111 10.1021 6.3665 19.4708 4.54055 12.1902 1.49357 7.68884 15.0108 5.87321 10.911 7.55205 16.88 15.4809 15.1015 13.0833 7.20644 11.8193 12.2717 12.7566 5.61977 16.1063 15.6866 17.6491 8.19619 9.27424 6.1361 6.83927 14.2571 4.63966 12.2038 15.5211 5.23392 3.34385 16.4331 16.9842 5.90223 6.61066 7.11363 6.34952 2.66532 9.35859 6.82117 15.619 6.82993 14.5628 5.60512 9.15519 8.0763 4.42822 13.4146 13.0422 15.6912 12.6461 16.3627 1.74388 7.70194 
3.38581 10.1865 11.6151 7.35711 11.0778 3.97564 5.81238 0.974772 0 9.05934 11.546 5.7198 15.9638 6.64116 7.49886 9.14059 10.0697 9.16752 7.12405 6.66647 11.4451 2.70427 15.4012 7.20793 12.3721 11.144 6.73511 9.80478 15.2254 8.07124 11.0165 6.6594 0.72907 3.42886 7.77178 7.73868 13.8316 15.6882 2.7396 2.13791 8.87634 7.5026 14.517 15.4615 14.071 11.0011 15.3841 19.2504 8.07842 2.00624 14.2942 4.81039 10.2644 10.4093 16.2504 7.70679 11.7289 11.0461 10.4567 1.86965 0.98707 9.05491 5.49956 16.3063 6.90776 8.27729 4.82296 6.25288 4.30284 16.2998 8.27243 6.83636 13.7138 5.31564 16.556 5.92408 13.6085 6.76739 17.8017 2.92681 14.8996 12.8276 4.64203 4.46584 6.17838 6.13837 10.6933 11.1677 7.05008 13.0678 8.98272 8.60497 11.7143 9.27904 2.05999 16.5697 11.745 4.75012 14.4736 7.48877 13.8453 14.032 4.55092 11.8716 14.2959 15.4945 1.65771 10.3342 16.018 9.67107 15.9136 6.93887 10.9729 13.2659 3.93456 11.7855 12.3787 11.2228 4.18157 5.38225 7.80628 4.10481 5.32231 8.83613 16.2112 17.0729 3.03398 16.75 5.89407 6.6299 12.3096 6.21057 12.3829 11.7946 14.2741 12.7728 8.73264 1.28437 14.4827 10.7075 6.14252 9.90435 7.41627 3.56958 7.1768 9.39895 5.50068 18.5254 4.17654 11.6216 1.8372 6.72679 14.0383 6.31586 10.1255 7.42011 15.9126 14.5385 14.1845 12.1096 7.0067 11.4018 11.3915 12.2184 4.90854 15.5834 14.9736 16.6771 7.25172 8.50925 6.96961 6.30627 13.8097 5.12656 11.3025 14.9809 4.25955 2.5171 16.1147 16.0101 5.68245 5.95855 7.9844 6.60773 3.63834 8.43321 5.96915 14.6445 5.96739 14.012 4.80166 8.75643 7.18502 4.26403 12.4755 12.1341 14.7274 11.719 15.498 2.36784 8.13123 
10.8867 8.87361 5.73185 9.7036 12.7826 6.02673 8.31468 9.95866 9.05934 0 2.48671 4.09676 7.19173 3.59248 4.71485 2.14862 9.11036 6.99146 7.78872 11.6164 2.46175 11.6252 7.0669 10.6424 8.99295 11.6881 13.1943 2.98799 7.9696 1.18195 5.14614 3.58264 8.59819 11.576 3.56679 9.61181 6.75131 6.68554 6.32268 6.98723 8.02523 9.69767 6.38368 6.49325 5.01665 4.44048 8.39769 10.89 15.3803 9.11984 9.46672 13.0117 1.36024 4.21939 7.46637 6.53591 3.03926 13.7168 7.00043 9.26225 9.13368 2.73324 8.02157 7.94418 6.31271 3.01098 11.7345 11.0735 8.26916 8.42398 5.47941 10.6051 7.13458 10.026 7.51698 14.2945 4.58208 2.39918 9.551 11.7924 7.70495 7.58401 8.3035 4.59442 6.69939 6.42964 3.3748 7.52483 3.26837 5.13906 4.82026 4.29752 14.3284 5.74012 11.1033 7.63652 10.8673 13.4852 7.71507 2.71339 7.65329 5.04186 4.64376 13.2878 10.84 6.92723 9.94631 6.45853 9.90773 13.3405 7.51934 3.95683 2.73899 6.22675 5.17219 7.52634 10.2445 10.856 5.77611 7.61403 4.81924 10.374 12.1381 4.1402 7.15463 8.14187 11.5427 8.82292 9.67017 9.08323 5.61588 2.90029 4.5445 10.8139 5.23955 10.1355 6.40532 10.0839 7.76546 11.3524 14.7247 10.7903 1.88848 12.4725 6.01518 10.5518 7.27834 9.69995 7.15411 13.4515 9.60901 5.09937 6.31154 11.6723 9.88997 8.61306 7.67652 5.74058 5.16833 4.89731 8.01659 7.80564 2.37798 14.1919 8.76676 9.70551 7.20995 8.67651 2.17863 9.34011 14.3788 10.5153 9.101 11.2253 8.40246 9.03038 5.35455 6.63931 12.2105 8.29519 11.9163 9.49233 15.519 10.7984 12.4158 0.931527 7.47294 7.17017 7.32881 8.14796 4.54312 6.80621 6.98213 11.2867 3.70491 3.09069 8.63507 7.93881 6.50446 11.3492 12.7304 
13.2842 10.0095 5.76946 11.5555 14.2753 8.41195 10.3586 12.443 11.546 2.48671 0 6.41941 4.98047 5.75838 6.43608 3.40005 10.3083 8.26115 9.61117 13.7407 0.715822 14.1063 5.20227 12.5881 9.49695 13.0087 15.422 3.72066 6.76227 3.55515 5.4214 5.72628 11.0797 14.014 5.33748 11.4175 5.8325 4.26314 8.80934 9.47099 9.42501 11.5522 4.75462 4.11045 2.54039 4.51865 7.34564 8.85437 17.6629 11.5547 9.29548 15.4266 1.45552 4.63263 5.21043 8.192 1.62658 15.3471 7.84103 11.7122 11.6109 3.98177 10.1088 6.03029 8.16264 4.64641 14.0574 13.1895 10.5162 6.81879 6.95879 12.6309 6.50144 12.2195 5.05229 16.7133 2.16088 4.84223 7.63153 14.2704 6.61326 7.5165 10.5294 7.08068 8.67283 8.41724 3.46265 8.14182 5.36548 3.95958 5.99641 5.66707 15.9139 6.84178 13.5887 5.26897 11.91 15.9431 6.8376 4.77441 7.09992 2.66704 7.10438 14.6835 11.0391 4.91219 12.4085 7.27057 9.10873 15.176 5.57395 5.96523 2.26316 5.48434 7.65359 7.94579 10.9514 12.0339 8.1565 9.7176 6.43336 12.6907 14.4548 5.37945 4.66937 5.7691 14.0029 7.15443 11.7509 11.0494 5.24984 5.3687 3.57423 11.7932 2.79358 10.6948 7.76824 12.5625 6.90443 12.7266 17.1622 12.2724 4.2567 14.9471 7.80459 12.1153 9.3877 7.3871 9.434 14.9261 12.0572 7.04332 5.06084 13.824 11.2094 10.3844 5.87601 3.57717 2.75108 4.38556 9.8417 8.38524 0.524472 15.6524 10.9667 9.03788 5.7598 6.96988 4.51409 10.9718 16.6917 12.61 9.0279 13.4853 9.16615 8.40505 7.76833 9.11719 12.1194 6.80672 14.1802 11.579 17.829 12.8463 14.8817 3.21362 9.50449 5.96936 9.36045 7.68555 6.97376 8.14939 8.77092 13.6479 1.88811 0.698901 8.03643 8.46837 4.08018 13.8334 14.7216 
8.40234 10.1684 8.86628 9.36544 9.50794 2.02208 7.61441 6.69156 5.7198 4.09676 6.41941 0 10.3623 0.924865 5.84312 5.30108 10.266 4.75467 4.29113 7.57988 6.12998 7.9847 11.1398 9.93682 7.76464 8.74152 11.3614 4.08858 11.7822 2.91921 5.42844 4.19573 5.4876 7.66373 2.1013 6.00671 10.4622 10.2627 3.19567 3.60374 8.96287 6.01368 10.411 9.99764 8.80227 7.76459 9.75441 13.537 13.2313 6.51403 12.4145 10.3077 5.45597 7.32124 11.5489 3.58946 7.12691 10.2109 5.60166 5.42129 5.49961 3.34129 7.2283 10.6038 2.97761 2.55784 9.58986 9.79474 6.82464 10.5828 3.30311 6.67011 8.11659 5.95383 11.1856 11.5201 8.26875 2.80745 12.085 8.10899 9.23066 10.5876 4.22286 2.14322 6.54868 6.30645 4.97908 9.77835 1.33106 7.35402 6.87758 3.08962 10.8678 7.65426 7.75167 11.0553 8.45338 10.4492 11.3466 1.81447 11.0631 8.62426 2.80312 10.1394 13.2864 9.83364 7.02365 5.28045 13.3813 9.57553 11.6029 1.35346 6.68517 7.58738 2.05288 6.74598 12.0659 8.2107 1.76435 6.84076 6.12982 8.36199 8.05036 6.33908 11.0071 11.5501 7.72537 11.0323 8.65677 5.26324 6.64949 2.43985 8.43576 12.1608 8.93453 12.1746 4.14005 6.93746 11.3837 8.33944 11.8139 7.63676 3.33662 9.28899 2.89558 7.27995 3.33153 12.921 5.76664 10.1778 6.84752 1.88818 8.31954 10.2196 7.08828 8.63592 10.2007 8.97278 8.81085 6.39708 8.00097 10.069 6.42768 10.913 4.69819 13.085 11.158 10.9576 1.92396 6.04109 12.1415 6.5127 11.9768 9.39465 6.81984 12.4103 1.48374 3.84552 14.9133 10.3002 7.81963 5.51225 13.2511 9.76904 9.33744 3.22725 3.6334 8.94255 3.49824 11.4513 3.0965 8.0777 3.65664 7.2285 6.95527 6.88458 9.27304 6.86991 10.4996 7.76986 11.7144 
18.0604 14.7208 9.98918 16.5257 15.7458 12.3573 15.3357 16.9102 15.9638 7.19173 4.98047 10.3623 0 9.49798 11.4084 8.36981 15.0474 10.0309 12.1972 16.6889 4.7481 18.3443 6.74896 17.5671 9.59617 14.2242 20.3568 6.40519 9.25638 7.96078 6.45127 10.6679 15.5958 17.9577 8.58658 13.7862 9.00264 1.52285 13.2515 13.829 14.2778 14.0133 7.05101 1.29429 2.911 8.956 4.79321 3.94127 22.5659 16.2613 12.9133 20.1667 6.42938 9.25184 5.3509 10.6609 5.96846 17.0454 8.94634 15.7724 15.8499 7.09776 15.0799 1.66488 10.9872 7.92996 18.9259 18.159 15.4357 3.05735 9.3672 15.3983 5.25651 15.4242 2.07505 21.4427 2.92872 9.57773 2.94356 18.4713 4.26317 11.4253 13.9152 11.5999 13.6528 13.3964 5.55159 12.5898 9.06656 3.44382 10.8505 8.25915 17.4792 11.6341 18.023 1.07589 12.6812 20.5605 9.85306 8.54788 10.5135 2.38678 11.7739 15.9178 14.9461 0.906613 17.0263 8.48175 11.8881 17.3493 6.73523 9.41937 6.92195 4.57242 12.0358 8.25605 15.3369 13.0602 12.1032 14.685 11.3912 17.5645 17.9211 10.2761 2.96444 1.39975 18.0696 3.12635 16.725 13.7942 5.24892 10.0406 7.35764 16.3602 2.50684 14.9667 9.8026 17.0895 9.93143 14.0785 21.844 13.889 9.07514 19.4847 10.5741 13.9145 12.5876 2.56253 14.3324 16.3116 16.7258 10.2053 3.28624 18.7858 12.6129 15.3442 1.93629 1.4519 2.41649 4.75262 14.8123 12.7913 5.39885 16.9599 14.2597 12.0271 8.06226 2.89252 8.71405 13.0251 21.5698 15.5441 12.7818 18.4009 9.82713 11.5352 11.8396 13.6863 15.6287 3.36143 17.493 14.558 22.7098 17.8248 19.4692 7.60037 12.5271 3.68279 12.3973 11.1283 11.7134 13.0032 11.3969 17.2892 3.51841 4.28166 6.27839 8.84669 3.87905 18.1195 19.7019 
9.3097 10.5429 8.78435 10.0257 9.46956 2.85967 8.30637 7.61373 6.64116 3.59248 5.75838 0.924865 9.49798 0 6.14068 5.11363 10.6698 4.25896 4.31116 8.03461 5.40305 8.86922 10.6541 10.6595 7.10522 8.5643 12.2293 3.1769 11.4803 2.42526 4.52893 4.48806 6.41212 8.47723 1.19729 6.11046 10.2008 9.45907 4.11183 4.52834 9.38979 6.16619 9.97486 9.18243 8.05908 7.60993 8.83815 12.6232 14.1294 7.42123 12.4216 11.2288 4.94049 7.22029 10.9453 3.30649 6.62348 10.2845 4.92567 6.27486 6.39665 2.43488 7.92794 9.69717 2.86813 1.63691 10.4777 10.5939 7.613 9.65949 2.70934 7.01363 7.20796 6.47237 10.3955 12.4437 7.50629 2.89488 11.1691 8.98544 8.30875 10.5634 4.7719 2.91662 7.12386 6.86933 4.0684 9.93718 0.431734 6.44186 7.01717 2.24726 10.9216 7.84891 8.66788 10.2196 8.09355 11.3735 11.1219 0.998155 10.9176 7.83552 3.50598 10.0517 13.4339 8.94692 7.94663 4.55101 13.2258 9.79408 11.099 0.621073 6.29154 6.66475 2.94409 5.98944 12.3505 7.92122 2.60647 7.52951 6.40226 9.23202 8.71105 6.42667 10.268 10.7103 8.5719 10.1093 9.41003 5.50723 5.73035 2.69203 8.08155 12.5472 8.16685 12.4111 3.62617 7.86198 11.1645 8.18376 12.7387 7.53122 3.27816 10.2107 2.66233 7.2228 3.68745 12.0514 6.52677 10.1429 7.76459 1.63678 7.39718 11.0425 6.83789 9.22575 9.28878 8.12544 8.03257 5.47253 8.58628 10.2295 5.82452 10.8841 5.21548 12.9615 10.7804 10.036 1.47656 5.98242 13.0432 6.92601 12.0009 10.2533 6.2152 12.2832 2.3912 4.74402 15.0038 9.37552 8.42204 5.90116 14.1566 10.5356 10.2616 2.67018 3.88622 8.01771 3.74267 11.3437 3.74073 8.4199 3.56463 7.94475 6.13614 6.17019 8.3922 6.1639 9.82408 8.66432 12.4932 
7.82688 4.42644 4.13401 5.11938 15.3028 6.67871 4.04615 8.09525 7.49886 4.71485 6.43608 5.84312 11.4084 6.14068 0 3.03857 4.58921 10.3923 10.0996 12.5887 6.79383 10.1706 8.45929 6.16681 13.0455 14.5845 9.27759 7.47319 7.82071 4.79892 9.60202 1.65642 6.80765 10.8069 6.95842 11.7258 6.44303 10.5252 5.43041 6.13674 3.38304 11.6822 7.50968 10.4423 8.72636 3.73758 13.1123 15.2884 11.6046 6.52694 6.99698 9.96422 5.01248 3.13497 9.69794 9.39539 5.67101 15.9001 10.8919 8.629 8.07264 6.96753 3.87034 12.4266 8.82027 6.78443 8.21341 6.90066 4.62884 13.0572 8.82204 12.01 11.8143 10.8984 11.1465 11.2259 8.51526 3.30214 14.0374 10.4088 12.4194 5.37774 9.28607 4.2965 2.34503 2.12809 8.02875 4.05105 6.14815 9.83147 1.4846 8.02752 16.5735 1.93098 9.18716 11.5924 14.2295 10.8187 7.00439 5.94685 6.34679 9.04996 3.65845 15.9589 7.52755 11.3324 7.58623 10.4298 8.53507 15.0605 8.98109 6.75621 4.69358 10.9315 5.02295 11.7302 6.2258 14.0297 6.5397 3.53199 0.325797 6.88883 12.2067 1.48835 10.4541 12.0753 10.5066 13.436 5.44589 10.8435 10.2711 3.45384 5.45527 6.43179 9.0696 6.33709 9.7583 8.01385 7.00855 14.1811 11.7942 13.4696 3.20451 10.1185 8.71395 13.0965 8.88612 13.7388 3.80079 15.9671 7.10395 7.67998 11.0071 7.57449 12.9201 3.95837 12.222 10.0131 9.08325 9.59413 3.40564 4.33148 6.01116 16.6947 9.78398 8.11766 7.74207 13.2732 5.0408 11.8651 10.7364 11.7027 6.52271 7.46759 12.2535 7.49882 6.01971 5.15824 9.23506 12.9614 12.2775 10.8273 11.8424 6.48699 9.91446 4.9819 9.28923 11.8769 9.17105 6.52354 3.25779 2.28993 9.49895 11.1681 8.15893 7.1338 13.2876 12.0323 9.43657 9.80701 8.3101 
10.3091 6.83607 3.70951 8.15707 14.5635 6.91529 7.01385 9.93259 9.14059 2.14862 3.40005 5.30108 8.36981 5.11363 3.03857 0 7.099 8.96759 9.42459 12.8352 3.79693 11.8275 6.26956 9.20081 11.1243 13.573 12.1663 5.13649 6.51138 2.87812 7.29229 2.61939 8.55677 12.0796 5.44201 11.2169 5.16919 7.51574 6.54655 7.28024 6.10771 11.2584 5.41133 7.4183 5.7196 2.49678 10.3307 12.2544 14.4533 8.72587 7.41967 12.4738 2.00037 2.14957 7.16189 8.3321 2.77047 15.398 9.09661 9.76073 9.44048 4.84904 6.78932 9.411 7.97651 4.99857 10.9257 9.86368 7.3273 10.1034 7.40838 11.9702 9.17697 11.173 8.17995 13.7601 5.48253 2.63558 11.0186 12.0302 9.61643 5.53777 9.44482 4.88442 5.31344 5.06672 5.47639 5.37694 4.90802 6.96989 2.75166 6.31568 16.0348 3.66004 11.0832 8.57271 12.8719 13.1479 6.04566 4.45872 5.80398 6.01499 4.60759 15.119 8.70615 8.3058 9.68865 8.56592 8.11358 14.8601 6.77803 5.61846 1.87481 8.2287 5.61719 9.66971 8.11013 12.8117 6.69488 6.4129 3.0354 9.5641 13.0063 2.08294 7.55951 9.06051 11.9292 10.4671 8.4142 10.5491 7.69424 3.17917 3.29885 8.73565 6.05045 7.98875 8.35769 9.96614 6.08331 13.2143 14.267 12.601 1.99882 12.2732 7.73889 12.3169 8.63218 10.7156 6.31025 15.2365 9.2726 6.74051 8.14017 10.517 11.7966 6.98449 9.22599 6.97703 6.0553 6.93035 6.44337 5.65721 2.97378 15.9786 9.93706 7.84914 5.99783 10.2956 3.65457 11.0815 13.5259 11.796 7.03111 10.2758 10.4998 7.1706 6.19356 6.62349 10.1189 10.038 12.8994 10.807 14.6531 9.48887 12.1442 2.84718 8.91509 9.0328 8.77607 6.23758 4.33902 4.84639 8.67027 12.0603 5.16513 4.09672 10.6989 10.0721 6.63113 11.5059 11.3403 
8.72769 0.381561 5.38976 3.52524 19.5192 10.6882 4.36079 10.2766 10.0697 9.11036 10.3083 10.266 15.0474 10.6698 4.58921 7.099 0 14.9285 14.3972 16.2109 10.8234 12.3682 10.2954 4.58406 17.6335 18.9419 8.40819 11.9967 8.51452 9.35798 14.1471 6.20077 9.34757 13.4801 11.5388 15.8944 7.50727 13.8993 8.96246 9.51762 1.32131 15.8049 9.38764 13.9095 12.1681 6.13963 17.4297 18.9886 10.659 8.36757 5.38902 10.4389 9.04875 5.7964 11.9436 13.8546 9.08083 19.969 15.4762 11.6816 10.9176 11.5304 4.60959 16.2994 13.222 11.3731 8.31629 6.02323 5.85888 17.1234 13.3721 15.8761 16.241 14.579 14.3049 11.4777 12.1301 7.88397 17.875 12.6358 16.7152 4.98258 13.1461 8.41037 4.07933 4.231 12.4824 2.893 10.7102 14.0637 4.35181 12.6144 20.6532 3.46987 11.1128 14.9911 18.7159 11.66 7.44873 10.5326 6.4615 12.6689 7.69322 20.218 4.49345 15.1561 9.39053 15.0181 7.74793 18.9457 10.7558 11.2902 8.14737 15.3128 9.015 16.3168 2.34568 18.4731 10.6097 4.68778 4.38577 7.41904 15.3291 5.01613 13.4157 15.4263 13.0092 17.4628 5.01806 14.9196 14.7259 7.98144 7.93867 1.90228 12.5596 2.8516 14.296 10.0159 7.40491 18.5244 12.1618 17.7799 7.78099 11.4338 13.1615 17.3716 13.0234 17.1057 5.93585 20.1685 8.87538 12.1445 15.23 6.68477 17.3427 2.77622 16.1773 13.7729 12.6324 13.9977 3.0721 2.86739 9.80826 20.8774 13.6183 7.21159 9.06849 17.2772 9.6284 16.167 10.1518 15.4844 4.97294 7.34008 16.8308 6.87023 10.1294 8.4053 6.29299 17.0904 15.5764 14.7295 11.0497 5.35878 11.0942 9.511 13.4714 16.1269 13.3689 6.19592 7.31317 2.32229 13.8765 14.2585 12.1722 10.9641 17.7454 16.6215 12.2455 11.9796 6.31856 
12.3902 14.8013 12.669 14.1007 6.0334 5.39116 12.3336 10.0822 9.16752 6.99146 8.26115 4.75467 10.0309 4.25896 10.3923 8.96759 14.9285 0 2.55622 6.93727 7.63755 10.5586 13.462 14.615 3.21523 4.75643 15.6065 4.54312 14.8348 6.09056 3.5798 8.74369 9.2478 9.51438 3.5427 3.8079 13.6943 10.6231 7.39904 7.45662 13.6454 4.06874 12.9859 10.2708 9.81617 11.4061 7.24689 12.0052 17.2108 10.5808 16.3872 13.975 8.09786 11.1164 13.2489 1.46083 9.6309 7.18725 1.44644 7.96326 8.51292 4.37111 11.9431 9.50199 2.26442 3.98663 13.7336 14.3314 11.4216 8.84352 1.58355 5.57569 5.62987 6.0506 11.5937 15.0431 9.1991 7.11189 10.5792 10.5686 7.03814 14.5052 5.08874 6.85861 11.3018 11.0573 5.00405 14.0973 4.25549 6.59335 11.1871 2.69969 7.71031 12.0491 10.8802 11.0136 3.90842 13.748 14.6766 4.56271 14.6447 9.29542 7.54678 6.42246 17.5646 9.2198 10.7646 1.65467 16.8918 7.32519 13.819 3.63936 9.64735 5.73153 6.55635 2.79634 16.5836 3.86491 5.27522 11.5656 10.6464 12.6514 8.6539 10.5631 11.8547 11.4213 9.88705 9.27468 13.2987 4.08049 4.85428 6.95024 11.4262 16.8059 9.74476 16.6177 0.634012 10.4464 14.7304 4.46546 15.1711 4.04459 7.39016 12.4934 2.05527 3.96122 3.80958 12.3089 10.4263 6.6747 10.7556 2.89205 6.95813 14.6809 2.95161 13.3906 8.99784 9.01485 9.54837 5.28172 12.7555 14.3893 8.5625 7.39573 5.19703 16.6968 13.9428 9.30211 5.45453 2.99426 16.1001 5.85252 15.995 13.7226 2.16627 16.0218 5.5081 8.14924 19.0631 8.42874 8.0605 5.00797 17.1423 14.3793 12.6733 6.14276 3.4489 7.11388 3.38771 15.1349 7.85086 12.6759 2.06828 8.35172 7.60913 8.34401 6.0959 2.59253 11.8301 10.5008 16.2855 
10.4752 14.3334 13.083 12.9953 5.21688 3.88632 11.2042 7.96619 7.12405 7.78872 9.61117 4.29113 12.1972 4.31116 10.0996 9.42459 14.3972 2.55622 0 4.50944 9.0932 8.17077 14.7362 13.3284 5.47341 4.55529 13.7893 6.10975 15.7487 6.67575 5.84007 8.46825 7.34616 7.01948 4.294 1.82441 14.4922 12.5997 5.93294 5.76529 13.0785 1.9411 14.131 12.2665 11.5495 11.9205 9.77826 14.4594 15.1951 8.78153 16.6843 11.8566 9.08057 11.5221 14.7932 1.53724 10.7379 5.97339 4.0015 5.67964 6.34305 5.65608 10.8099 11.8451 1.47627 4.96829 11.8813 12.82 10.0697 11.2963 2.84329 3.2012 8.13592 3.49654 13.5754 12.8454 10.943 7.07822 13.0154 8.15532 9.53082 14.8416 2.66367 5.99089 10.4769 10.2659 6.80347 14.0671 4.55064 8.76636 11.1687 4.06758 6.61338 11.9392 8.6373 13.1194 4.69988 11.4912 15.4241 5.07797 15.2285 11.1336 6.71134 5.85929 17.575 11.442 8.77446 4.16726 17.5369 5.57506 15.1476 3.84346 10.5261 8.13389 5.44767 5.33832 16.2998 4.26955 3.88646 10.4756 10.3957 10.9355 6.10196 10.625 13.6959 13.5592 7.43264 11.7361 11.9667 1.60388 7.20307 6.73088 12.3299 16.2995 11.5486 16.4365 2.49195 8.36326 15.468 4.13139 12.9109 3.38383 7.54961 10.2309 1.80733 2.99686 1.64732 14.5845 9.21476 5.88667 8.85376 2.69985 9.2968 13.0748 3.1203 12.4738 11.3529 11.0476 11.3716 7.47954 11.8653 14.3573 9.79959 6.62247 2.68559 17.2711 14.9937 11.7476 5.78018 1.7714 14.0886 3.38082 16.2526 12.0106 4.40144 16.593 4.30948 6.67799 19.2038 10.8963 5.52486 2.47063 15.0798 12.9706 10.4515 6.85949 1.1594 9.55077 1.18552 15.6505 7.08515 12.2881 0.843596 5.80512 9.38551 9.85411 8.65198 5.06848 13.4952 8.15319 14.7852 
9.78525 16.2496 16.2363 13.9135 5.0112 5.99538 12.2437 7.0573 6.66647 11.6164 13.7407 7.57988 16.6889 8.03461 12.5887 12.8352 16.2109 6.93727 4.50944 0 13.3038 6.04547 18.6833 13.8604 9.27583 5.75184 13.0454 10.474 19.3426 10.4373 10.3486 11.1582 7.26169 4.39885 8.44633 3.25478 18.0035 17.0273 7.28586 6.69402 14.9216 2.94445 17.9804 16.7037 15.8685 15.2391 14.1691 18.9352 13.7949 8.67262 19.5571 10.3754 12.9713 14.7456 18.9496 6.03596 14.6541 4.56343 8.3285 4.80202 5.68077 9.92699 11.8854 16.3529 5.73437 9.15314 11.2083 12.9083 10.8041 15.7714 7.32179 1.37281 12.5668 1.69366 17.9998 11.0017 15.2757 10.23 17.5003 5.88655 13.9753 17.8295 3.39404 8.33056 12.1346 12.002 11.2296 16.6261 8.3972 13.2675 13.9215 8.47387 5.18835 14.5197 7.11094 17.5924 7.1055 9.5366 18.8557 8.98468 18.4885 15.5109 8.93167 5.79543 20.0405 15.9454 8.11969 8.59083 20.7998 3.03844 19.1324 7.77549 14.262 12.6267 7.57915 9.57466 18.3942 6.42137 6.18611 11.6702 12.9128 10.7269 2.34119 13.5166 18.0513 18.0406 5.04186 16.2062 12.5253 2.9056 11.7059 9.73472 16.015 18.0513 15.9046 18.6753 6.98406 7.48518 18.8878 5.39938 10.8271 4.76098 10.8389 8.38794 6.14033 4.30892 4.35598 19.092 10.3494 5.3935 8.4481 6.72032 13.8036 12.9207 5.7246 13.7818 15.8592 15.5052 15.7392 11.9863 13.273 16.8992 13.8464 5.85264 2.89858 20.4599 18.7378 16.2271 9.44821 4.29602 12.7704 1.14985 19.0908 11.6944 8.31196 19.7971 6.70906 7.80565 21.796 15.3618 1.58352 2.17115 13.5423 13.2741 8.74488 10.7022 4.25718 14.0326 4.39877 18.8197 9.33124 14.4592 5.29259 2.85142 13.7567 14.0764 12.9179 9.18534 17.7496 6.24264 14.7484 
13.3484 10.5361 6.4317 11.9005 13.6647 8.14566 10.6281 12.3632 11.4451 2.46175 0.715822 6.12998 4.7481 5.40305 6.79383 3.79693 10.8234 7.63755 9.0932 13.3038 0 13.9533 5.83378 12.902 8.79038 12.3726 15.6101 3.097 7.46847 3.37748 4.71668 5.92967 11.0151 13.7785 4.86254 10.8853 6.5483 4.24685 8.70628 9.33996 9.89059 11.0327 5.43243 4.0389 2.67395 5.16098 6.71444 8.52864 17.8186 11.5781 9.99161 15.4727 1.7969 5.23143 5.70059 7.64345 2.33826 14.7612 7.16493 11.4985 11.4497 3.43781 10.3592 5.63474 7.66385 4.15898 14.1838 13.433 10.6879 6.31339 6.38543 12.1605 5.81166 11.8181 5.11476 16.7549 2.1672 4.86061 7.24691 14.1066 5.98418 8.19945 10.1512 6.99931 8.964 8.70185 2.76955 8.74873 4.99224 3.31629 6.48304 5.09273 15.3175 7.35387 13.4997 5.17684 11.2403 15.9308 7.55335 4.40597 7.81079 2.59319 7.09567 14.0553 11.7086 4.55779 12.3906 6.595 9.82441 14.6396 6.18163 5.54659 2.90501 4.79864 7.52044 7.23843 11.5573 11.3802 7.88825 9.95963 6.82117 12.8207 14.1135 5.84272 4.8771 5.68239 13.7998 6.67149 12.008 10.5656 4.53775 5.35168 4.28794 12.3565 2.83533 11.3211 7.16426 12.5063 7.62022 12.0996 17.1806 11.6654 4.33276 14.9001 7.29287 11.5244 8.96488 7.2403 9.58448 14.3108 12.0624 6.5855 4.44776 14.0512 10.5785 10.7522 5.43182 3.30282 2.7394 3.67527 10.1901 8.99899 1.20372 15.0332 10.5736 9.75322 6.45135 6.49874 4.27373 10.3999 16.8263 12.1651 9.71637 13.6528 8.47737 9.11942 7.53199 9.06822 12.815 6.26718 13.8082 11.1352 17.966 13.1197 14.855 3.01786 9.05179 5.35552 8.9088 8.39404 7.00434 8.62063 8.25009 13.3398 1.36845 0.773179 7.35002 7.76536 4.44693 13.6946 15.0214 
