100
4.96701 12.3933 29.5946 0
4.97593 13.5656 2.00373 0
1.16497 12.7572 1.64891 0
0.000227263 20.382 0.823414 1
10.4331 15.7491 1.78577 0
15.271 19.9754 0.246461 0
12.523 23.878 1.35545 0
12.411 21.3589 0.88165 0
17.8854 21.7013 10.2308 0
17.8018 21.7486 24.5629 0
14.0557 22.6251 0.492537 0
14.2919 17.2851 1.63578 0
16.3541 19.3037 0.269716 1
9.4912 18.3537 0.60652 0
7.72377 13.473 1.73617 1
14.5046 14.8415 1.80525 1
2.8748 22.7332 0.562354 0
14.5433 19.3534 0.551882 1
10.4935 20.4634 2.12111 0
17.255 19.7757 0.901804 1
2.52613 8.23012 21.6361 0
18.4503 20.721 1.37011 0
1.90535 2.07301 0.268273 0
3.02381 6.41581 2.18503 0
17.1344 21.1765 0.753702 0
8.41406 13.7722 1.38611 1
18.5472 21.7021 29.4822 0
18.5616 21.0079 1.40302 0
14.0433 14.6777 1.26276 0
14.7111 19.6458 1.42709 0
16.0815 16.3375 0.601628 0
16.6918 20.281 0.979948 1
8.67084 15.7554 2.15871 0
5.32189 17.1001 1.55256 0
0.890557 4.27311 0.352788 0
2.6948 21.9741 1.03562 1
12.1321 23.9247 0.952289 0
16.9823 22.5794 0.360809 0
9.08706 17.0428 1.77797 0
8.45615 15.1666 0.328707 0
2.27984 21.0322 0.969666 0
5.59587 9.07019 24.651 0
8.05805 23.5026 2.20954 0
12.35 21.8633 1.44451 0
2.96649 10.7477 1.65111 0
1.32667 9.78614 0.690597 0
4.96747 9.83867 1.71453 0
0.307925 0.812582 1.12349 0
0.60549 18.8701 0.753894 1
8.30672 18.7873 0.545249 0
9.05059 11.4964 1.95277 0
10.8023 19.4342 1.53209 0
12.9609 17.8096 1.26142 0
16.2135 18.6821 0.818072 0
18.0343 20.8256 0.412246 0
7.48163 17.9171 1.5549 1
2.42452 6.53231 0.648704 0
11.6922 12.3708 2.09875 0
13.8559 14.1882 22.9012 0
5.43392 22.1642 1.43263 0
13.222 18.5183 21.1954 0
6.17356 15.2184 0.961356 0
10.7664 17.5787 2.89898 0
10.4505 18.6402 3.398 0
16.5804 21.8341 0.677471 0
14.6817 16.4783 0.300427 0
2.08763 2.84834 1.59751 0
3.62663 21.4695 1.12523 0
7.7426 21.2436 1.13673 0
6.51767 23.432 1.78734 1
7.778 8.96803 1.86589 0
11.285 13.4238 0.68562 0
11.1236 20.5685 1.60902 0
0.838538 1.80465 2.14572 0
17.718 23.1469 1.28202 1
3.14405 9.32321 2.17474 0
11.2573 20.3856 2.14858 0
8.5815 21.4628 1.9578 0
2.51585 2.75904 0.773609 0
5.58497 9.74385 0.408812 1
0.965816 10.7809 0.258648 0
4.18491 18.2774 1.00967 1
0.647239 14.1169 20.9437 0
3.44222 23.9801 1.60523 0
9.96054 14.7746 14.1353 1
11.0138 11.4052 2.03018 0
11.2215 16.2058 4.23028 0
9.15176 19.7123 0.878407 0
18.6795 18.9737 1.32702 0
11.4706 16.0835 0.752081 0
15.5762 17.4032 1.4561 0
16.0961 19.415 21.4922 0
10.2316 23.342 0.940955 0
18.7683 21.9797 0.423065 0
2.15991 3.95045 1.58009 1
0.0755303 3.71498 0.527529 0
7.701 12.6831 0.369043 0
15.5803 20.3811 0.247102 0
13.4155 20.6922 0.902706 0
16.9323 19.2651 1.77835 0
400 50 500
0.025 0.0125 10000 3000 15 1e+06 300000 6 9
0 24.1572 15.4665 29.6043 4.64389 18.7407 17.5804 25.0996 21.1603 24.3713 15.5122 26.9287 13.913 20.9522 18.5711 14.1284 21.5319 28.8521 24.517 10.7062 15.4258 23.0006 26.7459 25.1626 17.8723 28.0051 15.349 31.0975 13.0834 30.9997 20.7731 28.4559 28.0493 28.8132 20.5664 19.7385 35.6291 30.2637 26.6036 25.7131 24.9444 30.4312 16.3156 14.4829 37.0448 27.5905 7.36612 21.0955 19.0156 23.4276 12.9861 20.6474 25.6185 10.9119 28.3058 33.5137 32.1392 14.2462 16.5992 4.18904 8.49167 17.2409 26.4086 17.5653 22.5021 14.0983 10.5502 13.8928 23.8612 28.7957 14.9512 16.0594 1.81911 25.2061 15.0806 13.161 18.3102 6.05236 15.4631 1.70514 18.2882 29.8768 14.6578 22.3102 19.2454 28.8873 26.5699 25.3784 13.3142 10.1914 16.4272 29.3891 4.11191 19.2943 31.7715 10.0732 11.4759 13.5458 17.9591 29.4983 11.8268 
24.1572 0 38.5075 49.3016 27.7316 30.1281 41.1614 43.9909 33.0392 25.2069 29.7057 45.8691 30.1631 36.7314 5.78533 21.6769 42.3954 52.6504 40.9052 32.932 17.76 44.5016 47.8065 30.111 41.4877 9.7209 13.8186 39.3246 19.3816 54.8869 4.65261 41.9898 52.1184 52.2158 41.2775 43.7714 58.6948 41.5014 50.7332 43.5692 6.04182 48.7334 31.5665 37.3419 59.9756 49.8026 30.3314 5.82911 8.13238 39.4221 11.81 6.15041 40.1996 20.3273 46.4753 57.5634 56.106 34.8789 15.0464 28.3411 16.6252 38.7646 29.0208 22.6503 45.6596 38.2075 27.7516 18.2353 46.0654 51.7784 24.5291 38.6282 23.8568 39.2935 10.7803 11.0246 42.2642 29.9913 19.3122 25.4015 6.08476 48.5537 34.7808 46.4038 42.9987 43.2359 50.4366 49.3876 36.3529 18.7676 17.2786 53.3347 26.7916 43.2806 54.7005 33.7451 31.7587 24.8539 35.4409 53.5042 24.489 
15.4665 38.5075 0 29.6988 11.0497 29.6209 13.3881 12.9835 30.9713 38.1248 25.9072 14.3375 12.6476 14.349 33.307 28.2495 7.89052 20.0425 15.4954 15.4469 24.478 22.0415 12.0886 37.424 3.61877 40.0786 26.6794 40.7383 27.8676 21.4264 35.7124 21.032 14.7468 21.5898 7.44139 11.7831 28.3686 38.2465 15.7207 14.6173 37.8825 17.8642 13.7837 1.23106 29.9621 12.1946 8.29464 36.2425 31.9019 15.3071 26.7183 33.8817 32.1987 19.741 30.6631 22.6652 21.9826 18.9816 31.9449 12.0728 23.9325 4.29297 39.2987 23.1133 7.16587 5.80007 12.5151 28.8865 8.54994 22.8665 28.0499 1.5104 15.057 32.2956 30.4207 27.6265 11.6642 9.5859 30.1945 15.0407 32.4292 17.0384 19.8623 9.84217 13.3883 20.544 17.8272 11.8924 13.9297 25.3161 25.5446 15.3933 11.9019 6.55592 25.4346 5.58933 7.98704 26.4276 24.5388 15.7544 24.8294 
29.6043 49.3016 29.6988 0 29.993 20.8695 16.3107 42.231 18.8536 31.3119 19.9016 43.2091 39.4055 43.6598 43.6838 28.1196 36.9443 17.0419 45.1933 18.9775 45.0301 7.6777 39.0192 26.634 27.6341 55.9596 44.6 22.2401 30.1263 18.69 44.7852 50.6994 26.1855 14.0649 36.8331 18.7759 15.2505 17.4993 21.0032 44.1024 52.286 46.3974 41.446 30.1444 15.5277 36.357 29.8536 44.139 47.0055 44.9448 40.9402 48.0927 12.5904 40.4081 4.34229 21.984 20.1117 15.4273 35.1366 26.759 33.5137 33.9897 29.3318 46.7295 30.8208 23.986 37.1333 31.3954 34.6678 11.6636 25.4454 31.2034 31.1762 13.6034 38.5246 40.0406 18.2742 27.5464 30.8637 27.9013 44.7692 45.4439 15.1758 24.1693 16.5943 50.2425 17.128 26.1343 17.4234 30.5685 46.0273 28.3774 30.6607 25.1957 12.4056 27.5518 34.4621 24.71 13.9014 27.7085 24.8411 
4.64389 27.7316 11.0497 29.993 0 22.2575 15.9665 20.5493 24.3894 28.7902 18.7645 22.3577 10.488 16.9972 22.3718 18.5685 16.8886 26.5701 20.3072 11.2736 16.0864 22.8002 22.1089 29.1991 13.7791 30.4074 17.1361 34.4449 17.6744 28.5545 24.7251 24.6076 24.4666 26.9861 15.9276 17.2529 33.9612 33.1038 23.6718 21.2663 27.743 25.8855 12.8644 9.99416 35.4563 23.0581 2.77992 25.2087 21.7148 19.3211 16.0791 23.5577 27.9259 11.1101 29.3569 30.7464 29.5495 15.3195 21.2284 3.48845 12.9411 12.5988 30.6249 16.8423 18.1838 10.7664 7.49124 18.5206 19.3096 27.345 19.1015 11.5156 4.00807 27.6648 19.3744 16.7419 16.0566 2.75663 20.0535 4.87878 21.7 25.3051 15.9481 18.814 17.3034 24.8855 24.233 21.6954 12.7078 14.8275 17.171 25.6109 0.975596 15.597 30.2887 6.01671 7.09234 17.5977 19.9796 25.8013 15.876 
18.7407 30.1281 29.6209 20.8695 22.2575 0 21.4737 41.8769 2.99764 11.0485 3.71371 43.512 32.5401 39.2526 25.0185 8.56064 37.298 31.06 42.431 14.4247 31.649 19.0295 41.6728 8.10204 30.0589 38.2192 29.6277 12.3741 11.0165 33.4077 25.4762 46.865 35.9369 29.1988 36.5967 25.5183 33.9114 12.3171 31.9829 42.9745 34.244 47.1071 34.9486 29.2008 34.755 40.9912 24.0876 24.506 29.9928 41.5256 24.7037 30.476 10.0922 28.377 17.2268 36.8323 34.9347 12.1407 15.1635 19.1042 17.1239 33.055 10.4595 35.21 34.9366 24.9093 29.2437 11.9837 37.7791 27.6822 5.74225 30.8543 20.515 9.16671 19.8079 23.0543 23.915 21.4835 10.8298 17.6269 26.7868 46.3767 11.3385 31.0049 23.381 47.1198 29.5717 34.204 17.2335 12.947 32.3764 37.9883 22.2525 29.55 30.058 24.4907 29.2328 6.09415 8.13537 37.6871 7.4594 
17.5804 41.1614 13.3881 16.3107 15.9665 21.4737 0 26.037 21.6767 31.9981 18.1637 27.1256 23.8764 27.464 35.4022 24.0403 20.7577 11.5086 28.8831 8.69449 32.0355 8.66341 23.4019 29.5353 11.5275 45.5851 32.7253 30.2902 24.878 13.797 37.2636 34.4007 14.4678 11.2329 20.5785 4.07135 18.0977 26.9102 10.7484 27.8494 42.4808 30.4437 25.7079 13.8626 19.5543 21.4114 14.8904 37.1974 36.5879 28.6539 30.5126 38.17 20.5744 27.0732 17.5154 16.7494 15.1126 9.34702 30.0098 13.6082 24.5772 17.679 31.9307 32.5679 15.4138 7.71509 22.1354 26.1907 19.0547 11.3837 22.5183 14.8928 18.5815 20.9468 30.9981 30.4195 2.60271 13.2191 26.7116 16.0539 35.5647 29.5213 10.1352 9.88394 2.01914 33.9318 9.37118 12.9042 5.03742 23.5878 33.1144 16.548 16.8519 9.54604 14.3391 11.8876 18.7749 21.0194 14.1492 16.2203 19.9925 
25.0996 43.9909 12.9835 42.231 20.5493 41.8769 26.037 0 43.505 49.3149 38.1908 1.90336 13.8303 8.18284 39.7673 39.1117 5.28703 29.8938 5.2865 28.1599 26.908 34.671 6.20147 49.3602 14.5995 42.6565 30.413 53.4248 38.1829 30.5151 42.3663 10.265 21.2813 32.1785 5.54238 23.5964 38.2317 51.1345 24.8121 2.20526 41.6106 5.33626 12.6004 12.9993 39.7972 10.2993 18.1296 43.311 36.2217 6.40378 32.6314 38.3427 45.1486 23.666 43.5052 30.4408 30.5062 31.8723 41.3307 23.059 32.6683 8.94279 50.9817 23.214 12.4565 18.7319 16.5467 38.9597 8.87458 33.9509 39.482 11.517 23.9246 45.2147 38.3436 34.2414 23.9573 20.5321 40.5624 25.3927 38.1162 4.80644 32.7405 19.2548 25.6472 9.09001 28.0799 19.1628 26.9048 35.246 27.7321 20.4689 20.9878 17.2268 36.0775 17.4319 13.691 37.9195 37.405 21.212 36.224 
21.1603 33.0392 30.9713 18.8536 24.3894 2.99764 21.6767 43.505 0 12.4788 5.65841 45.0806 34.7952 41.3245 27.9846 11.5431 38.7671 30.4602 44.3529 15.5454 34.4997 18.0282 42.918 8.30856 31.083 41.2046 32.5632 10.0627 14.0074 32.7625 28.3867 48.9517 36.0955 28.3728 38.1281 25.7477 32.5974 9.40927 31.8602 44.7105 37.2235 48.6675 37.1973 30.6546 33.331 41.9639 26.0213 27.3767 32.9899 43.5125 27.6772 33.4703 7.3161 31.0978 14.9592 36.2371 34.3066 12.5922 18.029 21.1023 20.0667 34.6049 10.9631 37.9448 35.8616 25.9483 31.5595 14.9519 38.8985 26.6707 8.73734 32.2751 22.962 6.33054 22.7853 26.0455 24.215 23.3616 13.727 19.9284 29.7772 47.9016 11.7159 31.445 23.479 49.1302 29.1569 34.5615 17.8989 15.9234 35.2487 38.2109 24.4706 30.2901 28.8587 26.0733 31.2365 9.04361 7.61237 37.8503 10.3067 
24.3713 25.2069 38.1248 31.3119 28.7902 11.0485 31.9981 49.3149 12.4788 0 13.8734 51.0948 37.9382 45.1969 21.5884 10.2429 45.2936 42.0368 48.8709 24.0827 32.9663 30.0739 50.1496 5.50856 39.2493 34.5901 29.8438 14.6123 11.6638 44.3959 20.8862 52.5485 46.3371 40.2362 44.4388 35.9539 44.9074 17.8669 42.6782 50.0487 30.5688 54.6487 40.273 37.4663 45.707 50.0799 31.2014 19.4326 28.0444 47.743 24.4709 27.7396 19.2074 31.1962 27.3174 47.7956 45.9141 22.7011 11.5871 26.3739 18.7031 40.9437 3.81904 37.5021 44.2155 34.2151 34.5212 11.3985 46.612 38.7299 10.0928 39.149 25.8093 18.1447 17.3819 22.3 34.3017 28.9472 9.48162 23.9258 24.0747 54.035 21.9898 41.1177 33.971 53.1115 40.4715 44.3845 27.3732 14.8024 33.3808 48.2991 28.4419 39.2514 41.083 32.6176 35.8228 11.7231 19.1828 48.0687 13.2954 
15.5122 29.7057 25.9072 19.9016 18.7645 3.71371 18.1637 38.1908 5.65841 13.8734 0 39.8161 29.1454 35.7313 24.277 8.22293 33.5893 28.261 38.8349 10.7595 29.2246 16.7922 37.9612 11.6918 26.3786 37.1661 27.5652 15.6854 10.3389 30.6322 25.1071 43.3546 32.5756 26.6214 32.8941 22.1616 31.805 14.8414 28.8106 39.3137 33.2875 43.4106 31.5492 25.4896 32.7709 37.3129 20.4857 24.3467 28.585 37.9593 22.9396 29.3076 11.1018 25.617 16.7895 33.9945 32.135 8.83531 15.2394 15.5271 15.2158 29.3537 13.8896 32.468 31.2726 21.2324 25.9022 11.5565 34.0792 25.3055 5.57327 27.1418 17.3185 10.4118 19.0323 21.53 20.5287 17.8554 10.9658 14.2701 25.7336 42.6753 8.11667 27.5155 20.1196 43.5671 26.6299 30.7444 13.7137 11.4157 30.0242 34.5868 18.8236 25.9453 27.8571 20.7899 25.6689 4.86235 6.11525 34.3183 5.43541 
26.9287 45.8691 14.3375 43.2091 22.3577 43.512 27.1256 1.90336 45.0806 51.0948 39.8161 0 15.7146 9.81166 41.666 40.9058 6.46262 30.3074 6.42903 29.6652 28.7277 35.7113 5.65573 51.0556 15.6102 44.4234 32.2663 54.9601 40.0112 30.786 44.2657 10.7083 21.3478 32.7066 6.9622 24.4804 38.5661 52.5747 25.178 2.98507 43.4345 3.59534 14.4258 14.4678 40.1149 9.83109 19.8949 45.2133 38.0787 7.74378 34.5288 40.2 46.5353 25.5477 44.6341 30.4946 30.6815 33.3058 43.2038 24.7922 34.5498 10.4759 52.712 24.9419 12.9183 19.9997 18.4499 40.802 9.12768 34.5668 41.2269 12.9154 25.7799 46.6311 40.244 36.1438 24.9523 22.2492 42.3911 27.1841 40.0048 2.9482 34.1818 19.8237 26.6163 9.32481 28.591 19.4178 28.2589 37.0894 29.5368 20.3494 22.8184 18.0625 36.5834 19.029 15.5526 39.6556 38.8552 21.1218 37.967 
13.913 30.1631 12.6476 39.4055 10.488 32.5401 23.8764 13.8303 34.7952 37.9382 29.1454 15.7146 0 7.37971 26.0031 27.7707 12.8448 32.4684 11.396 21.4124 13.4225 31.8727 18.0433 39.0599 16.2551 29.3989 16.6756 44.8263 26.3331 33.9895 28.6108 14.6166 27.1722 33.7072 11.73 23.6055 40.6403 43.5893 28.3455 13.5621 27.9982 18.7121 2.40889 11.5219 42.2196 20.7721 9.6591 29.6197 22.4555 10.0709 18.8593 24.5728 38.3786 9.83628 39.2785 35.3128 34.605 25.5165 28.6228 13.94 19.9276 10.3552 40.2159 10.7935 18.4208 16.5965 3.41793 26.8561 17.3269 34.6635 28.8352 11.784 12.2595 38.1394 24.9774 20.5695 22.9847 12.2278 28.6466 14.9132 24.2917 18.4537 26.214 22.4896 24.5911 15.2012 30.1856 24.3566 22.0257 23.2202 14.356 27.4942 10.3257 19.1848 37.4229 12.0011 5.12634 27.4554 30.4074 27.9735 25.7386 
20.9522 36.7314 14.349 43.6598 16.9972 39.2526 27.464 8.18284 41.3245 45.1969 35.7313 9.81166 7.37971 0 32.9643 34.9879 10.0496 34.0152 4.18324 26.9793 19.2214 35.9861 13.8961 46.0863 17.4056 34.6996 22.9541 51.3871 33.6379 35.1117 35.5763 7.62804 26.8264 35.808 9.2562 26.131 42.4296 49.7878 29.2832 7.0659 33.8943 12.1275 5.32165 13.6551 44.0251 17.5843 15.3699 36.6755 28.7624 2.74171 25.8522 30.8761 44.2503 16.6532 44.1383 35.7301 35.416 31.0292 36.0021 20.2228 27.3067 10.3561 47.3578 15.1754 17.5228 19.7527 10.7411 34.1978 14.9844 37.1864 35.8964 12.954 19.4061 44.1232 32.2646 27.6927 25.9631 18.0641 35.9681 21.7454 31.0585 12.102 31.8123 23.3269 27.6787 7.93515 31.9085 24.2671 26.7991 30.5411 19.9567 26.5412 17.0719 20.459 39.6891 16.3982 10.1168 34.4582 36.2684 27.1813 32.733 
18.5711 5.78533 33.307 43.6838 22.3718 25.0185 35.4022 39.7673 27.9846 21.5884 24.277 41.666 26.0031 32.9643 0 16.4666 37.724 46.8993 37.1419 27.1472 14.987 38.7487 43.1542 26.0022 36.1497 13.3307 10.9665 35.0243 14.0622 49.1464 2.61245 38.8651 46.6088 46.4371 36.6223 38.0731 52.9095 36.7807 45.0719 39.5584 9.29562 44.7143 27.6737 32.1733 54.1915 44.8882 25.047 3.88154 6.85605 35.6991 7.14379 6.16792 35.0035 16.3113 40.9758 51.8581 50.3794 29.1246 10.4088 22.7334 10.845 33.9006 25.3068 20.1045 40.4728 32.6651 23.2687 13.035 41.1272 45.993 19.3155 33.5381 18.4199 34.1384 5.2498 5.70232 36.549 24.5031 14.3727 19.7407 2.7302 44.4486 29.0456 40.8755 37.2524 39.969 44.6964 43.912 30.5759 13.1154 14.84 47.8942 21.4592 37.8107 48.9156 28.3526 26.9668 19.4697 29.8735 48.033 18.9585 
14.1284 21.6769 28.2495 28.1196 18.5685 8.56064 24.0403 39.1117 11.5431 10.2429 8.22293 40.9058 27.7707 34.9879 16.4666 0 35.2011 35.0466 38.6335 15.4661 24.2072 24.5133 40.1677 11.7783 29.6987 29.6615 21.7103 19.6175 2.48884 37.422 17.0388 42.3872 37.81 33.7849 34.3162 27.7049 39.4495 20.6023 34.7495 39.8145 25.6834 44.4476 30.127 27.5109 40.5147 40.3546 21.0313 16.1859 21.5421 37.5162 16.5497 21.9424 18.5514 21.6783 24.9695 40.6226 38.86 15.451 7.01723 16.3011 9.41451 30.8506 12.5179 28.3008 34.6525 24.8382 24.3533 3.44669 36.7908 32.7419 2.85614 29.1858 15.585 17.6742 11.2478 14.7283 26.0283 18.8746 2.83103 13.7218 18.2382 43.8502 15.01 32.3067 26.0593 42.9125 33.1714 35.5958 19.067 5.10757 24.807 39.6179 18.2022 30.0698 35.4474 22.6801 25.5837 3.4525 14.2659 39.4891 4.05051 
21.5319 42.3954 7.89052 36.9443 16.8886 37.298 20.7577 5.28703 38.7671 45.2936 33.5893 6.46262 12.8448 10.0496 37.724 35.2011 0 24.9777 9.18275 23.2885 26.2495 29.3858 5.43026 44.9665 9.31512 42.2355 29.3197 48.592 34.5083 25.7751 40.2715 14.7632 16.9679 27.1334 1.12653 18.3329 33.3767 46.137 19.9864 7.23199 40.7081 9.97368 12.5407 8.1133 34.9575 7.98871 14.2334 41.0534 35.0034 9.63256 30.7045 37.0986 40.0796 22.285 38.2407 26.029 25.9025 26.8715 38.0808 18.9217 29.5991 4.35142 46.7218 23.3866 7.73388 13.5395 14.6707 35.396 4.95026 28.8251 35.311 6.50376 20.6198 40.1846 35.6809 32.0587 18.671 16.3471 36.8807 21.5505 36.3688 9.15609 27.7513 14.2374 20.3629 13.8732 23.0661 14.5713 21.7996 31.7123 27.1972 16.5333 17.4964 11.9996 31.0433 12.8343 10.7811 33.7133 32.4273 17.1978 32.0548 
28.8521 52.6504 20.0425 17.0419 26.5701 31.06 11.5086 29.8938 30.4602 42.0368 28.261 30.3074 32.4684 34.0152 46.8993 35.0466 24.9777 0 34.1237 20.076 42.5417 12.6949 25.1491 38.7376 16.6587 56.7694 43.6687 37.265 36.1128 2.37949 48.7722 39.7347 9.94898 3.04197 25.3208 9.32315 8.42593 33.008 5.15645 32.0407 53.7957 32.8938 33.8012 21.0457 10.0184 21.6241 24.8773 48.6977 47.8462 34.3801 41.8369 49.4992 26.9347 37.5462 20.5255 5.78046 3.87731 19.6745 41.3128 24.7418 36.0825 23.6747 41.33 42.3261 17.4402 16.2362 31.5559 37.4448 21.1806 5.46611 33.2123 21.2444 29.6677 27.6659 42.5016 41.8509 10.5746 23.8449 37.8021 27.4063 47.0017 31.8979 20.2467 10.7656 9.65533 38.8328 2.34438 11.0091 16.463 35.0141 43.6347 11.9393 27.5212 13.5901 6.44732 21.3429 27.4497 31.8301 22.9934 11.1753 31.0118 
24.517 40.9052 15.4954 45.1933 20.3072 42.431 28.8831 5.2865 44.3529 48.8709 38.8349 6.42903 11.396 4.18324 37.1419 38.6335 9.18275 34.1237 0 29.5298 23.3473 37.5313 11.482 49.5061 17.9704 38.6709 27.1168 54.3965 37.398 34.9569 39.7541 5.63659 26.051 36.1962 8.81329 27.0002 42.5357 52.5329 29.1623 3.44605 37.9857 8.12084 9.47709 15.1009 44.1199 15.537 18.3494 40.8443 32.9189 1.50633 30.0244 35.0297 46.7993 20.8309 46.0376 35.1639 35.0789 33.4802 39.9636 23.327 31.2503 11.2087 50.8908 19.1393 16.902 21.2353 14.6556 38.0177 13.6918 37.7917 39.3814 13.9937 23.0701 46.7487 36.3625 31.8466 27.0889 20.9922 39.7493 25.1552 35.2417 8.23555 34.3042 23.3625 28.8128 5.06021 32.1637 23.7342 28.8991 34.3326 24.0533 25.4262 20.5098 20.8858 40.1074 18.7028 13.2285 37.8973 38.874 26.1381 36.1733 
10.7062 32.932 15.4469 18.9775 11.2736 14.4247 8.69449 28.1599 15.5454 24.0827 10.7595 29.6652 21.4124 26.9793 27.1472 15.4661 23.2885 20.076 29.5298 0 26.1024 12.3222 27.375 22.4492 15.6368 38.1473 25.967 25.3036 16.1928 22.41 28.8603 34.5281 22.4128 19.3329 22.7032 12.2393 25.7713 23.0401 19.3092 29.5101 34.7837 33.2352 23.6757 15.1983 27.0789 26.5671 11.8072 28.6924 29.0844 28.8699 22.9313 30.4753 17.2888 21.4327 18.089 25.4365 23.7685 4.10519 21.3154 7.87744 16.3148 19.2188 24.58 27.7923 20.5148 10.4862 18.6973 17.5006 23.3932 18.8538 14.2148 16.785 12.2136 17.2189 22.5243 22.5031 10.5633 9.1848 18.0767 9.00351 27.5784 32.442 4.84064 17.0525 10.6964 34.4812 18.0253 20.3316 3.65754 14.9381 27.1179 24.2948 11.8302 15.2335 21.7911 10.855 16.9671 12.6394 9.34451 24.1163 11.4475 
15.4258 17.76 24.478 45.0301 16.0864 31.649 32.0355 26.908 34.4997 32.9663 29.2246 28.7277 13.4225 19.2214 14.987 24.2072 26.2495 42.5417 23.3473 26.1024 0 38.3231 31.4625 35.8842 27.98 15.9883 4.05191 43.6744 21.9509 44.4371 17.4805 24.2359 39.1725 43.0649 25.1289 33.2232 50.0461 43.9076 39.2638 26.216 14.7075 31.3379 14.3076 23.2477 51.5427 34.1213 17.689 18.8684 9.65133 21.8469 8.81144 11.734 40.1262 4.99656 43.6283 46.3855 45.3363 29.653 21.6823 18.6619 14.7958 23.3472 36.1483 5.11897 31.1486 26.408 12.0662 21.7796 30.5753 43.419 26.4013 24.0806 13.9005 39.5524 16.339 11.0688 32.1057 18.843 23.7 17.1292 12.6001 31.2543 30.0231 33.8774 33.3872 25.4767 40.1977 36.3152 28.3928 19.1186 1.09393 39.8655 15.1847 30.5023 46.3689 21.2979 16.6227 25.6 32.9304 40.2316 24.2004 
23.0006 44.5016 22.0415 7.6777 22.8002 19.0295 8.66341 34.671 18.0282 30.0739 16.7922 35.7113 31.8727 35.9861 38.7487 24.5133 29.3858 12.6949 37.5313 12.3222 38.3231 0 31.7365 26.3364 20.103 50.3206 38.2893 24.6099 26.1007 14.8982 40.1788 43.0267 20.2183 10.3739 29.2332 11.4956 15.0132 20.4878 15.2545 36.505 46.8428 38.9696 33.8644 22.4698 16.0127 29.3478 22.4162 39.764 41.2684 37.2701 35.1212 42.5605 14.2954 33.5464 9.15538 18.4006 16.4476 9.62408 31.3354 19.7435 28.1089 26.3342 28.9852 39.6358 23.5873 16.3119 29.7353 27.438 27.3716 8.66512 22.2135 23.5487 24.4278 14.9896 33.8013 34.515 10.7722 20.2376 27.3443 21.305 39.4797 38.0307 9.75736 17.228 9.16074 42.5841 11.8292 19.6135 10.0938 25.8385 39.3565 22.4489 23.5386 17.8245 11.074 19.9478 26.878 21.0855 10.9156 21.888 20.7154 
26.7459 47.8065 12.0886 39.0192 22.1089 41.6728 23.4019 6.20147 42.918 50.1496 37.9612 5.65573 18.0433 13.8961 43.1542 40.1677 5.43026 25.1491 11.482 27.375 31.4625 31.7365 0 49.5092 12.0777 47.4217 34.6432 52.5387 39.6063 25.4504 45.7014 16.2974 15.8638 27.6999 6.53607 20.2711 33.2739 49.7611 19.9929 8.28293 46.013 7.74601 17.4279 12.6834 34.7998 4.17889 19.3909 46.4784 40.3598 12.5157 36.1305 42.462 43.5539 27.6401 40.8287 24.9664 25.2505 30.6453 43.3367 23.8724 34.927 9.52113 51.3846 28.3082 8.20289 17.0571 20.0631 40.5417 4.36497 29.691 40.0966 11.0006 25.9246 43.7627 41.0726 37.4885 21.0141 21.3057 41.9664 26.6435 41.7881 6.74983 31.5404 15.0439 22.5775 14.9653 23.5878 14.1512 25.38 36.8844 32.3794 14.7466 22.7694 13.9201 31.5221 17.5321 16.2064 38.48 36.1915 15.5314 36.8606 
25.1626 30.111 37.424 26.634 29.1991 8.10204 29.5353 49.3602 8.30856 5.50856 11.6918 51.0556 39.0599 46.0863 26.0022 11.7783 44.9665 38.7376 49.5061 22.4492 35.8842 26.3364 49.5092 0 38.0498 39.2421 33.1475 9.26645 13.9346 41.0506 25.6331 53.6171 44.0031 36.6798 44.2082 33.5912 40.8195 12.3619 39.9516 50.3194 35.1958 54.6468 41.4535 36.9239 41.5004 48.9831 31.3182 24.285 32.0983 48.4972 27.8375 32.0468 14.2028 33.4535 22.4845 44.5174 42.5924 20.225 15.6292 26.3321 21.1416 40.6667 2.70497 40.0716 42.957 32.9096 35.6681 14.1861 45.7041 34.974 10.2285 38.5959 26.804 13.1455 21.3306 25.806 31.9989 28.8319 12.3265 24.3622 28.3109 53.9568 19.4068 39.1061 31.4182 54.0157 37.3797 42.301 25.3339 16.8735 36.4301 46.0687 29.0295 37.629 37.1258 32.1333 36.2857 11.628 15.779 45.7554 13.3533 
17.8723 41.4877 3.61877 27.6341 13.7791 30.0589 11.5275 14.5995 31.083 39.2493 26.3786 15.6102 16.2551 17.4056 36.1497 29.6987 9.31512 16.6587 17.9704 15.6368 27.98 20.103 12.0777 38.0498 0 43.4543 30.038 40.5529 29.596 17.9273 38.4855 23.5988 11.1939 18.4077 9.28636 9.06063 25.0487 37.6909 12.1697 16.5136 41.1387 18.9179 17.3127 4.8067 26.6446 10.9344 11.1625 38.9144 35.1301 18.0104 29.7612 37.0706 31.4762 23.1788 29.0429 19.0626 18.4252 18.6531 33.9853 14.0667 26.3514 7.05017 40.0952 26.7255 4.96783 5.1508 16.0871 30.7035 7.86109 19.8671 29.1662 4.6115 17.743 31.6904 32.9514 30.5176 9.36011 11.8226 31.8561 17.1692 35.434 18.0002 19.5498 6.24313 11.0479 22.9205 14.5115 8.33599 13.3466 27.2679 29.0542 11.995 14.7034 3.06857 22.2982 7.82252 11.5869 27.5357 24.1718 12.293 26.0363 
28.0051 9.7209 40.0786 55.9596 30.4074 38.2192 45.5851 42.6565 41.2046 34.5901 37.1661 44.4234 29.3989 34.6996 13.3307 29.6615 42.2355 56.7694 38.6709 38.1473 15.9883 50.3206 47.4217 39.2421 43.4543 0 13.4175 48.3289 27.2053 58.8493 13.7069 38.451 54.5686 56.8181 41.1158 47.527 63.6182 50.0979 54.0792 41.7652 4.04804 46.7812 30.115 38.8514 65.0157 50.1063 32.5786 15.2127 9.06284 37.168 15.2162 7.88773 48.0955 20.3679 53.5989 61.1462 59.9056 40.8295 23.7212 32.0407 22.4479 39.2781 38.3746 19.5353 46.9492 41.1642 27.9304 26.2703 46.5421 56.7568 32.483 39.8294 27.1017 47.2685 18.4313 15.919 46.1952 33.0398 27.6873 29.5623 11.4508 46.8001 40.9124 49.0649 47.2225 39.918 54.4589 51.7304 41.193 25.7644 15.0443 55.4393 29.4335 45.7437 59.7302 36.2174 32.4284 32.4746 42.4245 55.7458 31.7463 
15.349 13.8186 26.6794 44.6 17.1361 29.6277 32.7253 30.413 32.5632 29.8438 27.5652 32.2663 16.6756 22.9541 10.9665 21.7103 29.3197 43.6687 27.1168 25.967 4.05191 38.2893 34.6432 33.1475 30.038 13.4175 0 41.3239 19.3261 45.6832 13.4376 28.2367 41.1533 43.9181 28.1932 34.3684 50.823 41.9448 40.7716 29.863 11.3971 35.0153 17.8671 25.4546 52.272 37.0437 19.1961 14.8465 5.81817 25.6273 5.37292 7.93848 38.6328 7.07767 42.8304 47.8657 46.6855 29.1797 18.3564 19.1209 12.5046 26.0853 33.1866 9.15057 33.6068 27.8416 14.7377 18.9615 33.4026 44.0514 24.1325 26.4763 14.1524 37.9758 12.7728 7.57541 33.1117 19.8311 20.8342 17.0183 8.54849 34.8791 29.4358 35.6686 34.2473 29.446 41.3388 38.3137 28.6549 16.7572 3.89688 42.0258 16.1711 32.3374 47.0244 22.8427 19.1396 23.5337 31.8521 42.3288 22.2983 
31.0975 39.3246 40.7383 22.2401 34.4449 12.3741 30.2902 53.4248 10.0627 14.6123 15.6854 54.9601 44.8263 51.3871 35.0243 19.6175 48.592 37.265 54.3965 25.3036 43.6744 24.6099 52.5387 9.26645 40.5529 48.3289 41.3239 0 22.0392 39.3851 34.8041 59.0143 44.29 34.7203 47.9983 34.2772 37.4104 4.84815 39.6251 54.6866 44.2813 58.5352 47.2314 40.498 37.7634 51.296 36.0768 33.4955 40.8581 53.5687 36.1552 40.9685 10.331 40.6487 17.9084 42.879 40.9234 21.9023 24.6157 31.1649 28.9213 44.4966 10.9814 47.4517 45.1805 35.485 41.5644 22.5946 48.4119 32.6267 17.2732 42.0883 32.8803 9.63121 30.1578 34.2665 32.8916 33.4106 20.8946 29.9306 37.2179 57.7454 21.0059 40.1728 31.8714 59.1885 36.4132 43.1128 27.2112 24.6054 44.333 46.484 34.5077 39.4439 34.1861 36.0124 41.2973 18.1592 16.3938 46.0247 19.7071 
13.0834 19.3816 27.8676 30.1263 17.6744 11.0165 24.878 38.1829 14.0074 11.6638 10.3389 40.0112 26.3331 33.6379 14.0622 2.48884 34.5083 36.1128 37.398 16.1928 21.9509 26.1007 39.6063 13.9346 29.596 27.2053 19.3261 22.0392 0 38.4752 14.7708 40.9256 38.2552 35.0278 33.5773 28.3668 40.915 23.091 35.4785 38.7621 23.2401 43.5137 28.6475 27.0447 42.037 40.0482 20.2752 14.0237 19.0533 36.2247 14.1164 19.4653 20.9429 19.6773 27.1274 41.5884 39.8768 16.7596 5.25601 15.7996 7.23185 30.1761 14.3817 26.185 34.5058 24.912 22.922 1.34531 36.4132 34.1236 5.27778 28.6987 14.3538 20.0866 8.82186 12.2574 26.7006 18.3326 2.37999 12.967 15.7704 42.9594 16.4246 32.6497 26.8863 41.5284 34.1494 35.9255 19.8473 3.13863 22.5107 39.977 17.1951 30.2191 36.8974 22.2788 24.5369 5.47791 16.2258 39.8986 5.39413 
30.9997 54.8869 21.4264 18.69 28.5545 33.4077 13.797 30.5151 32.7625 44.3959 30.6322 30.786 33.9895 35.1117 49.1464 37.422 25.7751 2.37949 34.9569 22.41 44.4371 14.8982 25.4504 41.0506 17.9273 58.8493 45.6832 39.3851 38.4752 0 51.0466 40.5255 9.74027 4.71282 26.2102 11.3239 7.83752 35.0567 5.82973 32.6932 55.93 33.1808 35.2092 22.4898 9.34962 21.7165 26.7489 50.9941 49.9615 35.3073 43.9845 51.6425 29.0564 39.4484 22.375 3.5033 1.54977 22.054 43.6691 26.8617 38.3453 24.8393 43.6529 44.039 18.0959 18.0439 33.2539 39.8057 21.685 7.03775 35.5918 22.5388 31.7567 29.8157 44.7937 44.0494 12.6896 25.8532 40.1747 29.5854 49.2007 32.1858 22.625 11.7931 11.8974 39.5439 4.45036 11.3707 18.7836 37.3463 45.531 11.4628 29.5147 14.8836 7.07028 23.1645 29.0409 34.209 25.3259 10.6521 33.3857 
20.7731 4.65261 35.7124 44.7852 24.7251 25.4762 37.2636 42.3663 28.3867 20.8862 25.1071 44.2657 28.6108 35.5763 2.61245 17.0388 40.2715 48.7722 39.7541 28.8603 17.4805 40.1788 45.7014 25.6331 38.4855 13.7069 13.4376 34.8041 14.7708 51.0466 0 41.448 48.8184 48.1916 39.1733 40.0749 54.5534 36.8847 47.1228 42.1678 9.70336 47.3226 30.2861 34.5934 55.7986 47.3775 27.4311 1.65412 8.80705 38.3107 9.75247 7.60553 35.5503 18.9233 41.8904 53.8323 52.3117 30.5743 10.4048 24.8948 12.715 36.4122 24.6776 22.5882 42.8751 34.8651 25.856 13.6025 43.6129 47.6475 19.8881 35.9851 20.7427 34.6421 6.38258 8.21388 38.5213 26.7668 14.6597 21.8491 4.9329 47.0534 30.4297 43.0756 39.1509 42.5628 46.6019 46.1507 32.3649 14.3515 17.2757 50.1542 23.8302 40.0609 50.5438 30.6708 29.503 20.2483 30.9008 50.271 19.9468 
28.4559 41.9898 21.032 50.6994 24.6076 46.865 34.4007 10.265 48.9517 52.5485 43.3546 10.7083 14.6166 7.62804 38.8651 42.3872 14.7632 39.7347 5.63659 34.5281 24.2359 43.0267 16.2974 53.6171 23.5988 38.451 28.2367 59.0143 40.9256 40.5255 41.448 0 31.4823 41.829 14.4435 32.6156 48.139 57.3976 34.7476 8.07242 38.3577 10.6319 12.2782 20.5578 49.7204 20.4681 22.9894 42.6903 33.8642 5.76653 31.9287 35.9134 51.8141 22.8168 51.4155 40.6276 40.607 38.5509 42.9517 27.8506 34.3437 16.7685 54.8221 19.4155 22.4387 26.7148 18.0343 41.4067 19.0681 43.428 43.4058 19.5426 26.8515 51.7069 38.8108 33.9458 32.6677 25.6814 43.2224 29.3179 36.6992 11.2281 39.3488 28.9799 34.3928 1.6876 37.7904 29.2496 34.1622 37.8023 24.7306 30.7293 24.649 26.5221 45.7404 23.8247 17.7396 41.9936 43.8425 31.4671 40.2704 
28.0493 52.1184 14.7468 26.1855 24.4666 35.9369 14.4678 21.2813 36.0955 46.3371 32.5756 21.3478 27.1722 26.8264 46.6088 37.81 16.9679 9.94898 26.051 22.4128 39.1725 20.2183 15.8638 44.0031 11.1939 54.5686 41.1533 44.29 38.2552 9.74027 48.8184 31.4823 0 12.872 17.6066 10.4206 17.5667 40.5067 5.18896 23.4849 52.1347 23.5447 27.9142 15.9666 19.0489 12.0082 22.0529 49.0802 46.1085 26.5977 40.5439 47.9981 34.1846 34.3527 29.0897 9.1611 9.40018 23.7994 43.1106 23.9317 36.296 17.0876 46.39 37.8141 9.30416 13.9533 27.261 39.4951 12.4174 15.1873 36.6164 15.4018 28.2648 34.7243 42.9543 41.0945 12.0474 22.1273 40.3123 27.0132 46.1315 22.5535 24.6004 5.74661 12.6167 30.371 9.11594 2.85802 18.974 36.4133 40.2475 2.2309 25.4309 8.87305 16.3692 18.4724 22.7291 35.0507 28.5125 1.75488 33.8332 
28.8132 52.2158 21.5898 14.0649 26.9861 29.1988 11.2329 32.1785 28.3728 40.2362 26.6214 32.7066 33.7072 35.808 46.4371 33.7849 27.1334 3.04197 36.1962 19.3329 43.0649 10.3739 27.6999 36.6798 18.4077 56.8181 43.9181 34.7203 35.0278 4.71282 48.1916 41.829 12.872 0 27.3856 10.1183 7.00736 30.3593 7.85839 34.2894 53.6977 35.4248 35.1983 22.4967 8.55255 24.3217 25.5581 48.0157 47.8176 36.3565 41.7321 49.3843 24.399 38.0755 17.6712 8.17155 6.22379 18.3342 40.2705 24.8214 35.5921 25.4563 39.3125 43.2035 19.789 17.1764 32.5113 36.3706 23.6113 2.42953 31.7783 22.8933 29.7931 25.1796 41.8562 41.5819 10.995 24.2309 36.5825 27.2781 46.7154 34.4313 18.804 12.9241 9.68741 41.005 4.1186 13.663 15.864 34.1746 44.1523 14.9185 27.9074 15.3766 3.91161 22.1656 28.6138 30.4745 21.0692 14.1689 29.7955 
20.5664 41.2775 7.44139 36.8331 15.9276 36.5967 20.5785 5.54238 38.1281 44.4388 32.8941 6.9622 11.73 9.2562 36.6223 34.3162 1.12653 25.3208 8.81329 22.7032 25.1289 29.2332 6.53607 44.2082 9.28636 41.1158 28.1932 47.9983 33.5773 26.2102 39.1733 14.4435 17.6066 27.3856 0 18.3464 33.7389 45.6311 20.396 7.27192 39.5818 10.5406 11.4794 7.50697 35.3258 9.07217 13.3083 39.9651 33.8775 9.09893 29.5945 35.9732 39.6208 21.1589 38.0059 26.5985 26.3983 26.3631 37.0865 18.0671 28.5754 3.5439 45.9263 22.3035 8.31078 13.1966 13.5474 34.4467 5.88532 29.0074 34.4861 5.98186 19.6129 39.6987 34.6205 30.9618 18.5838 15.498 35.9528 20.635 35.2541 9.78196 27.2358 14.556 20.2924 13.6668 23.3504 15.1213 21.3663 30.755 26.0793 17.2858 16.5092 12.1135 31.2971 12.1065 9.6978 32.8963 31.9064 17.9256 31.227 
19.7385 43.7714 11.7831 18.7759 17.2529 25.5183 4.07135 23.5964 25.7477 35.9539 22.1616 24.4804 23.6055 26.131 38.0731 27.7049 18.3329 9.32315 27.0002 12.2393 33.2232 11.4956 20.2711 33.5912 9.06063 47.527 34.3684 34.2772 28.3668 11.3239 40.0749 32.6156 10.4206 10.1183 18.3464 0 17.0996 30.7798 7.13769 25.5552 44.635 27.6257 25.155 12.5688 18.6624 17.8803 15.5783 40.1322 38.6542 26.9682 32.708 40.3574 24.4295 28.2271 20.6364 13.7934 12.4063 13.3792 33.3989 15.5746 27.3643 15.9006 35.9697 33.1347 12.0979 7.06031 22.4105 29.6527 15.9101 11.132 26.3392 13.1922 20.4414 24.8552 33.9293 32.8542 1.67708 14.5375 30.3062 18.3832 38.0001 26.6696 14.1849 5.94675 2.45528 31.9732 6.98211 8.85318 8.66787 26.8291 34.3159 12.4811 18.2077 6.42607 13.8235 12.0961 18.5022 24.8036 18.2108 12.1693 23.6789 
35.6291 58.6948 28.3686 15.2505 33.9612 33.9114 18.0977 38.2317 32.5974 44.9074 31.805 38.5661 40.6403 42.4296 52.9095 39.4495 33.3767 8.42593 42.5357 25.7713 50.0461 15.0132 33.2739 40.8195 25.0487 63.6182 50.823 37.4104 40.915 7.83752 54.5534 48.139 17.5667 7.00736 33.7389 17.0996 0 32.7226 13.4201 40.3943 60.4184 41.0099 42.071 29.3285 1.59595 29.5537 32.5646 54.2802 54.5887 42.8045 48.4725 56.102 27.4096 45.0607 19.5281 9.41538 8.32607 24.1741 46.1697 31.7045 42.0854 32.0815 43.5133 50.2089 25.7788 24.1595 39.5071 42.2594 29.4465 6.9176 37.2127 29.6119 36.6772 28.3395 48.1821 48.2177 18.0012 31.2046 42.2776 34.0559 53.3243 40.0144 24.4931 19.1876 16.659 47.2127 10.5459 19.1546 22.4729 40.3519 51.1318 19.2019 34.8748 21.9827 4.02204 29.1688 35.565 36.0453 25.8704 18.3816 35.5698 
30.2637 41.5014 38.2465 17.4993 33.1038 12.3171 26.9102 51.1345 9.40927 17.8669 14.8414 52.5747 43.5893 49.7878 36.7807 20.6023 46.137 33.008 52.5329 23.0401 43.9076 20.4878 49.7611 12.3619 37.6909 50.0979 41.9448 4.84815 23.091 35.0567 36.8847 57.3976 40.5067 30.3593 45.6311 30.7798 32.7226 0 35.6876 52.5392 46.0743 56.1107 45.9678 38.1361 33.0253 48.2167 34.4211 35.7108 42.1442 51.8147 36.995 42.4898 6.35149 40.4452 13.1945 38.5308 36.5816 19.269 26.4973 29.6867 29.4409 42.1965 14.6184 47.2963 42.1306 32.7525 40.46 23.8851 45.5335 28.1901 17.9225 39.6596 32.0807 6.00302 31.6908 35.2882 29.5034 31.7255 22.4109 28.9151 38.7572 55.2784 18.3955 36.7228 28.3353 57.4402 32.3129 39.5289 24.4067 25.2432 44.6579 42.7236 33.3003 36.3046 29.6027 33.8938 39.6749 18.4112 13.7305 42.2187 19.7156 
26.6036 50.7332 15.7207 21.0032 23.6718 31.9829 10.7484 24.8121 31.8602 42.6782 28.8106 25.178 28.3455 29.2832 45.0719 34.7495 19.9864 5.15645 29.1623 19.3092 39.2638 15.2545 19.9929 39.9516 12.1697 54.0792 40.7716 39.6251 35.4785 5.82973 47.1228 34.7476 5.18896 7.85839 20.396 7.13769 13.4201 35.6876 0 26.9743 51.343 27.738 29.4807 16.8238 14.9896 16.4932 21.6271 47.2178 45.3289 29.4895 39.4908 47.1013 29.4105 34.3064 23.9837 7.1217 6.26193 19.9773 40.5303 22.4149 34.4277 19.025 42.4287 38.5755 12.3587 12.9303 27.803 36.771 16.0507 10.0862 33.2666 16.7754 27.1442 30.0091 41.0206 39.7625 8.78606 21.0666 37.3852 25.3356 44.8912 26.742 20.7057 5.97751 8.73947 33.7989 3.93982 5.85547 15.6832 33.9668 40.356 7.3749 24.6458 9.16566 11.5667 17.9857 23.4802 31.7649 24.2483 6.72479 30.7086 
25.7131 43.5692 14.6173 44.1024 21.2663 42.9745 27.8494 2.20526 44.7105 50.0487 39.3137 2.98507 13.5621 7.0659 39.5584 39.8145 7.23199 32.0407 3.44605 29.5101 26.216 36.505 8.28293 50.3194 16.5136 41.7652 29.863 54.6866 38.7621 32.6932 42.1678 8.07242 23.4849 34.2894 7.27192 25.5552 40.3943 52.5392 26.9743 0 40.9133 5.16658 12.0054 14.4942 41.9629 12.4292 19.0024 43.1811 35.681 4.80055 32.4153 37.8005 46.6295 23.3116 45.2572 32.6438 32.6987 33.3143 41.6782 23.9886 32.9734 10.4177 51.8538 22.2405 14.6156 20.4116 16.5519 39.4774 11.0744 36.0277 40.3315 13.119 24.423 46.6573 38.4223 34.1264 25.8444 21.5164 41.1354 26.1428 37.7873 5.04366 34.17 21.3672 27.548 6.88609 30.1997 21.3498 28.4587 35.7662 26.982 22.6707 21.616 19.2312 38.1934 18.6856 14.2374 38.7954 38.8133 23.4155 37.085 
24.9444 6.04182 37.8825 52.286 27.743 34.244 42.4808 41.6106 37.2235 30.5688 33.2875 43.4345 27.9982 33.8943 9.29562 25.6834 40.7081 53.7957 37.9857 34.7837 14.7075 46.8428 46.013 35.1958 41.1387 4.04804 11.3971 44.2813 23.2401 55.93 9.70336 38.3577 52.1347 53.6977 39.5818 44.635 60.4184 46.0743 51.343 40.9133 0 46.0207 29.0114 36.6687 61.7846 48.4397 30.0819 11.2459 6.02958 36.4805 11.9688 4.31638 44.1619 18.4693 49.8178 58.3538 57.0405 37.288 19.6756 29.0685 18.8008 37.4685 34.3466 19.0025 44.896 38.4973 26.1316 22.2766 44.7916 53.526 28.5158 37.766 24.2124 43.3215 14.4385 12.3283 43.2429 30.2814 23.664 26.428 7.56205 45.9544 37.3269 46.5374 44.1849 39.7307 51.5084 49.323 37.9483 21.9194 13.9376 53.1289 26.7686 43.2681 56.4915 33.6775 30.4981 28.5561 38.6513 53.3884 27.8864 
30.4312 48.7334 17.8642 46.3974 25.8855 47.1071 30.4437 5.33626 48.6675 54.6487 43.4106 3.59534 18.7121 12.1275 44.7143 44.4476 9.97368 32.8938 8.12084 33.2352 31.3379 38.9696 7.74601 54.6468 18.9179 46.7812 35.0153 58.5352 43.5137 33.1808 47.3226 10.6319 23.5447 35.4248 10.5406 27.6257 41.0099 56.1107 27.738 5.16658 46.0207 0 17.1675 18.0374 42.5302 11.5881 23.457 48.3236 40.8324 9.61776 37.5706 42.9508 50.0445 28.4772 47.9583 32.582 32.944 36.845 46.6108 28.371 37.9297 14.0654 56.2936 27.2462 15.7593 23.4648 21.6362 44.2822 11.8742 37.3834 44.8018 16.4645 29.2377 50.1566 43.498 39.263 28.1974 25.8333 45.8928 30.728 42.9534 0.99621 37.7242 22.6751 29.8324 8.99448 31.3088 21.8971 31.7608 40.5681 32.0836 22.2874 26.3193 21.202 39.2585 22.6226 19.0026 43.2343 42.3999 23.092 41.5427 
16.3156 31.5665 13.7837 41.446 12.8644 34.9486 25.7079 12.6004 37.1973 40.273 31.5492 14.4258 2.40889 5.32165 27.6737 30.127 12.5407 33.8012 9.47709 23.6757 14.3076 33.8644 17.4279 41.4535 17.3127 30.115 17.8671 47.2314 28.6475 35.2092 30.2861 12.2782 27.9142 35.1983 11.4794 25.155 42.071 45.9678 29.4807 12.0054 29.0114 17.1675 0 12.7558 43.6592 20.5271 11.8773 31.3675 23.6849 8.06279 20.5498 25.8055 40.7157 11.3681 41.4446 36.3337 35.7379 27.7806 30.7939 16.2976 22.1308 10.8414 42.5889 10.8863 18.8845 18.2469 5.78806 29.1382 17.3034 36.2711 31.2269 12.7217 14.6497 40.4911 26.9547 22.3734 24.6518 14.4988 30.9468 17.3218 25.8188 17.0123 28.4945 23.5454 26.2982 12.9441 31.5561 25.1521 24.1297 25.5251 15.1395 28.0501 12.7267 20.3294 38.972 13.9203 6.98662 29.8546 32.7359 28.5835 28.1391 
14.4829 37.3419 1.23106 30.1444 9.99416 29.2008 13.8626 12.9993 30.6546 37.4663 25.4896 14.4678 11.5219 13.6551 32.1733 27.5109 8.1133 21.0457 15.1009 15.1983 23.2477 22.4698 12.6834 36.9239 4.8067 38.8514 25.4546 40.498 27.0447 22.4898 34.5934 20.5578 15.9666 22.4967 7.50697 12.5688 29.3285 38.1361 16.8238 14.4942 36.6687 18.0374 12.7558 0 30.9191 13.1106 7.22017 35.1472 30.6931 14.8004 25.545 32.6787 32.16 18.5109 30.944 23.8069 23.0838 18.8731 31.0224 11.2507 22.9174 4.07918 38.7409 21.9201 8.31764 6.15844 11.2946 28.0346 9.40081 23.6927 27.4161 1.68337 13.992 32.2164 29.3658 26.4856 12.312 8.71511 29.3865 14.1465 31.2608 17.2522 19.7415 10.9907 14.0249 20.1611 18.803 13.1107 13.9653 24.4326 24.3148 16.6244 10.8185 7.66425 26.3135 4.84871 6.78042 25.8016 24.4077 16.9842 24.1777 
37.0448 59.9756 29.9621 15.5277 35.4563 34.755 19.5543 39.7972 33.331 45.707 32.7709 40.1149 42.2196 44.0251 54.1915 40.5147 34.9575 10.0184 44.1199 27.0789 51.5427 16.0127 34.7998 41.5004 26.6446 65.0157 52.272 37.7634 42.037 9.34962 55.7986 49.7204 19.0489 8.55255 35.3258 18.6624 1.59595 33.0253 14.9896 41.9629 61.7846 42.5302 43.6592 30.9191 0 31.0497 34.0956 55.4953 55.9768 44.3944 49.8509 57.4686 27.8977 46.5615 19.8551 10.6646 9.73026 25.3337 47.2868 33.1511 43.3827 33.6773 44.201 51.7536 27.3475 25.7226 41.0634 43.3796 31 8.26048 38.2235 31.2073 38.1212 28.854 49.4212 49.5579 19.534 32.6997 43.3453 35.458 54.6523 41.5353 25.6149 20.7769 18.1629 48.7873 12.141 20.6984 23.8382 41.5559 52.6269 20.6314 36.3643 23.5787 5.29369 30.7177 37.1399 37.0942 26.7768 19.809 36.6727 
27.5905 49.8026 12.1946 36.357 23.0581 40.9912 21.4114 10.2993 41.9639 50.0799 37.3129 9.83109 20.7721 17.5843 44.8882 40.3546 7.98871 21.6241 15.537 26.5671 34.1213 29.3478 4.17889 48.9831 10.9344 50.1063 37.0437 51.296 40.0482 21.7165 47.3775 20.4681 12.0082 24.3217 9.07217 17.8803 29.5537 48.2167 16.4932 12.4292 48.4397 11.5881 20.5271 13.1106 31.0497 0 20.2786 48.032 42.6402 16.4741 38.0166 44.7118 41.918 29.9711 38.5016 20.9954 21.402 29.4514 44.1266 24.2634 35.999 11.0411 51.0132 31.3735 6.1166 16.082 22.309 41.078 3.76815 26.4349 39.9872 11.5429 27.024 42.2199 42.3779 39.1871 18.8814 21.7786 42.365 27.231 43.7316 10.6068 30.3459 12.1895 20.2967 19.1441 20.2561 10.6588 24.1177 37.5101 35.0914 10.7014 23.8347 11.9136 28.0579 17.7747 18.0569 38.3568 34.9046 11.5043 36.8136 
7.36612 30.3314 8.29464 29.8536 2.77992 24.0876 14.8904 18.1296 26.0213 31.2014 20.4857 19.8949 9.6591 15.3699 25.047 21.0313 14.2334 24.8773 18.3494 11.8072 17.689 22.4162 19.3909 31.3182 11.1625 32.5786 19.1961 36.0768 20.2752 26.7489 27.4311 22.9894 22.0529 25.5581 13.3083 15.5783 32.5646 34.4211 21.6271 19.0024 30.0819 23.457 11.8773 7.22017 34.0956 20.2786 0 27.9481 24.0565 17.4919 18.5999 25.96 28.9616 12.705 29.6218 28.7426 27.6536 15.9102 23.9652 4.99834 15.7203 9.90851 32.8694 17.7015 15.4475 8.72422 7.32679 21.1698 16.5317 26.1371 21.3579 8.73592 6.77194 28.7946 22.1456 19.3859 14.5635 2.69584 22.6484 7.32759 24.2728 22.8337 16.6378 16.4891 15.9748 23.1128 22.5331 19.2439 12.4327 17.4983 18.7829 23.0925 3.60734 13.19 29.0307 3.6492 5.25402 19.8057 20.9699 23.3226 18.1028 
