200
6.62093 12.3575 0.265057 0
13.3614 16.935 0.495528 1
16.4521 19.4065 0.856022 1
2.6895 6.0631 1.19571 0
9.60445 23.5244 0.906702 0
1.54845 15.1586 1.8144 0
4.8357 5.45942 1.53998 0
10.5286 17.2887 1.66838 0
15.8874 16.8321 0.307855 0
1.22925 22.4823 0.546941 0
4.29103 6.7192 26.2552 0
4.74879 7.67162 22.0111 0
15.3886 22.9473 1.48598 0
5.10679 15.0981 1.51184 1
5.5764 21.8426 2.02643 1
16.5499 17.6339 1.05045 0
7.5627 10.2497 0.238901 0
12.3504 12.6191 0.603798 0
17.9882 21.5621 1.72301 0
16.6777 20.8878 0.496575 1
13.8401 18.817 6.21909 0
15.1798 18.3355 0.903585 0
12.6761 21.5405 1.68021 0
17.9373 18.1152 2.00819 0
15.1638 19.9859 1.40693 0
6.08009 22.8823 0.295327 0
12.5605 19.4045 1.35607 0
10.4071 21.6227 0.603298 0
14.4079 17.2242 0.430619 0
2.5056 8.0241 1.02215 0
18.9342 19.5568 1.13307 0
17.097 19.9098 2.2296 0
11.8706 12.5616 1.06725 0
5.58263 13.3126 0.830431 0
18.8166 21.1933 1.44653 0
4.30698 15.3889 0.769393 0
9.69805 22.7458 13.377 0
6.08586 7.43993 1.15053 0
2.28101 2.91858 24.2065 0
0.721478 12.9461 1.35281 0
11.9525 22.4055 1.84347 0
1.82616 11.6214 0.742213 0
3.83153 17.8363 1.73295 0
12.8593 21.9296 0.310033 0
12.5601 13.0316 0.911289 0
4.4532 11.451 1.66961 1
7.64657 23.3279 2.04308 0
13.4807 16.3835 11.9698 0
17.4989 18.7492 0.520673 0
15.9669 18.6044 12.6698 1
17.8522 18.1925 2.20894 1
16.4399 21.6497 0.674092 0
17.0418 20.2689 1.72901 1
9.33379 23.519 1.95762 1
14.9741 16.7526 1.28267 0
1.16171 14.4846 1.12964 1
11.618 22.679 1.87564 0
14.5071 20.8074 0.983501 1
16.715 19.8728 16.1269 1
13.6242 23.3698 1.69038 0
7.86302 11.9172 2.14769 0
9.73253 9.84098 2.22757 0
9.54799 18.8542 20.8883 0
13.8202 22.3901 1.5573 1
16.377 17.329 0.652868 0
1.05433 17.4746 2.03098 0
17.6198 18.1225 0.87598 1
18.5714 19.7337 2.037 0
2.07037 9.57244 0.565968 0
3.14977 19.1681 0.491717 0
17.8733 20.6449 0.687084 0
6.45964 23.8584 4.67294 0
11.7798 22.5972 10.5377 0
18.9158 19.2531 0.703252 0
4.857 9.57831 1.61137 0
10.8505 12.3852 1.63741 0
7.86474 9.15195 1.61683 0
15.2954 21.0883 1.87259 0
14.0106 22.2579 2.00267 0
1.36795 14.4231 0.40951 0
1.77902 23.5713 1.23021 0
13.8515 23.0607 0.421857 0
18.9412 23.3467 2.0402 1
11.9252 17.8915 0.747926 0
8.78625 20.9866 1.5875 0
17.9509 22.4279 1.32008 1
0.276241 11.0573 1.8252 1
8.57076 14.2969 1.45943 1
7.70218 11.2331 0.24115 0
10.0376 14.4628 20.5539 0
0.411539 3.4179 0.602994 0
7.96576 12.7295 1.32165 0
8.36293 11.9838 22.8298 0
17.0423 18.8228 1.45778 0
16.1946 16.4926 0.366528 0
2.16697 7.3694 1.03461 0
2.62641 7.60142 1.93158 0
2.35303 20.8632 1.24024 0
11.4717 20.6587 0.655261 0
12.2184 13.8286 14.305 0
14.1772 17.7569 2.17343 0
16.0976 16.8178 1.6584 0
16.9726 21.6205 1.88831 0
13.441 18.0298 1.4731 0
10.9233 12.8421 0.28705 1
4.50922 15.5488 2.0549 0
8.78174 23.5134 1.83767 0
17.1116 17.3758 0.432772 0
16.9308 21.4266 1.66232 0
9.82876 18.9127 10.3929 1
11.5103 22.2513 0.899489 0
6.64405 17.7154 0.291282 0
12.0068 22.0404 0.86179 0
5.18514 14.0683 0.553631 0
16.4124 23.8449 0.800989 0
1.08397 10.5861 0.287853 0
6.65728 7.67308 2.0833 1
13.6812 23.5085 1.65291 0
6.40373 16.0617 1.66517 0
12.161 14.42 0.907144 0
9.38567 23.5712 7.07791 0
9.70104 21.5079 0.784606 0
12.7011 22.6112 0.232238 0
3.72472 22.6176 0.749816 0
15.9458 19.7822 1.58352 0
5.51117 10.8189 0.804413 1
0.939546 10.9791 0.38862 0
14.1626 22.3144 1.44773 0
3.78299 6.17219 2.02071 0
12.9561 15.8115 21.4967 1
10.3633 23.9253 0.628587 1
10.8053 12.8884 1.99355 0
14.8101 15.3029 2.08545 1
3.70754 11.3467 2.09751 0
15.9478 23.239 0.217169 0
4.22734 23.6234 1.56264 0
6.2367 23.7245 0.967378 1
13.8473 18.9638 1.29923 1
2.65149 7.10983 2.25234 1
17.0216 19.0685 1.73344 0
16.7996 23.31 0.803925 0
6.40374 11.8144 1.86984 0
9.33266 21.822 21.3503 1
3.56309 13.1181 1.0876 0
8.04463 21.4384 6.6563 0
13.3228 23.5365 23.0411 1
12.7559 14.9311 1.04246 0
6.82648 17.6663 0.654292 0
9.32504 19.3419 0.864627 0
6.35046 10.0159 0.714925 0
0.305622 2.80171 19.616 1
9.33742 23.8475 28.5345 0
11.9096 18.5739 0.60274 1
16.3065 17.2323 0.726427 0
14.7702 22.3237 2.04809 0
8.41748 14.9638 27.3366 0
2.53767 22.0881 2.02359 0
12.113 12.1491 0.903958 0
12.9731 22.4504 0.242366 0
1.88751 21.0551 19.3686 0
1.07491 19.01 1.28026 0
2.14223 12.9993 19.5718 1
4.58019 17.7261 1.16839 0
5.58612 15.9339 0.324428 0
12.5371 22.3079 1.9837 0
2.36416 7.76314 2.23727 0
4.62228 8.49489 21.0805 0
4.11673 20.483 1.04232 0
10.3002 15.9212 29.6583 0
12.7748 20.2126 0.455765 0
0.665506 21.5377 0.807599 1
5.49333 11.3731 0.830031 0
6.76352 18.6264 0.86563 0
10.5926 18.1647 1.08283 1
0.622511 5.09304 1.65293 1
4.70282 23.646 2.08866 0
1.83092 1.88649 2.00309 0
17.7381 21.9737 0.700324 0
6.68071 14.4892 0.815717 0
12.5398 22.0368 1.21967 0
12.6744 19.2347 0.657415 1
3.70046 4.42576 1.05046 1
11.1402 18.6099 1.56684 0
1.54286 23.7731 28.1 0
9.44404 23.2657 1.09275 0
3.25882 17.3376 0.276262 0
7.20598 9.78018 25.8394 0
2.01943 13.6016 0.803539 0
13.8856 19.3962 1.77735 0
11.8857 20.0174 1.28671 1
13.6102 20.8879 0.841909 0
8.14355 23.3518 1.03371 0
11.7499 21.7918 1.64095 0
1.6278 9.56687 1.67957 1
14.4836 15.8344 1.21103 0
11.3261 23.6483 1.06874 1
12.3786 18.7805 1.06704 0
13.5557 20.1906 0.497666 0
0.541084 17.0398 1.19475 0
7.28143 21.9484 1.62763 0
400 50 500
0.025 0.0125 10000 3000 15 1e+06 300000 8 12
0 11.6483 10.4353 22.6637 3.25907 11.4638 18.3164 6.03658 24.4233 1.39956 12.3564 13.3012 24.0797 24.6496 22.1918 16.9277 18.9957 9.9712 11.0916 15.2661 15.9663 22.5384 26.5075 5.9642 20.3786 5.40929 17.6949 13.8281 19.4046 7.75778 26.2456 8.18279 8.29903 11.4539 17.0103 9.99147 17.4722 21.6967 0.961924 4.28809 22.5781 18.8758 10.021 7.51646 21.4202 24.2882 8.145 10.9788 8.32705 16.4292 5.89693 6.55981 16.8032 14.2719 11.0366 24.6703 17.9208 9.47816 16.934 2.97991 22.8232 20.6055 26.2922 15.4197 24.6611 11.1967 11.5345 19.4905 21.4887 7.44677 12.8986 25.484 15.1435 2.66184 18.0295 19.036 22.1729 23.5294 5.16201 24.8879 3.96471 5.08834 17.7072 7.37357 10.3585 18.7939 26.942 15.8795 2.32704 22.7951 10.7399 20.1102 26.0101 21.4778 18.3076 1.46381 23.3689 6.377 20.2058 14.92 0.912479 3.1873 14.4586 6.73735 11.3576 6.41047 18.6545 17.7562 16.0682 14.851 9.73924 23.0211 11.7341 13.6073 16.2763 21.165 3.04653 12.2413 17.6167 25.9337 23.1975 11.1007 23.8425 2.7106 23.5095 19.5502 7.25269 13.0384 20.0647 9.53202 6.34662 4.17793 13.2448 5.15797 10.8846 20.6898 26.6451 24.1189 4.9595 6.74286 13.8194 12.7372 9.67939 16.2985 15.0664 21.643 4.15307 25.1744 19.0187 28.5321 21.0402 4.82075 9.34681 24.1596 7.34037 3.65626 24.0867 4.28945 10.0872 18.7559 15.5263 23.9494 18.2188 21.3428 9.35656 20.1681 16.6218 2.08412 12.0044 10.0676 26.7518 17.9386 18.984 19.7285 3.85678 16.0533 19.8216 19.1027 5.90596 12.4961 6.88457 20.3188 23.1608 13.082 16.2998 18.8971 9.93456 3.90039 4.96449 12.7144 13.9318 15.3774 17.5136 13.8771 17.9121 4.01527 19.2603 24.0811 18.0417 15.6787 12.8052 
11.6483 0 14.9344 12.6701 10.3213 14.8103 7.52413 13.2349 14.9085 12.3335 20.9923 21.6299 13.6317 13.7145 20.7177 6.20446 8.1481 11.3995 10.1516 4.37983 19.7127 16.2393 18.5387 10.6618 9.7434 13.7736 12.127 12.7681 15.958 7.02891 21.4953 7.79637 13.0074 12.7335 6.42123 15.2129 21.7797 19.0381 11.7876 13.2056 12.4727 7.55424 4.0193 9.99847 17.7923 14.0275 5.18283 1.02368 14.0437 8.38912 16.5646 5.10081 19.7318 3.40325 19.0763 13.1168 18.3727 13.0204 7.52852 9.22634 18.415 9.42151 18.6829 4.54867 14.6102 18.6585 6.46418 7.86478 12.7096 12.9033 2.85912 17.0351 22.992 9.08818 16.3147 9.17356 10.5767 12.1252 16.39 16.4485 15.61 12.0493 8.95831 6.81578 17.0559 7.47663 22.1013 5.02251 12.5968 11.217 15.3632 10.114 14.5225 13.2868 6.93329 10.604 14.4063 8.22551 18.4467 18.6449 11.2534 11.3946 3.58865 8.40089 10.6023 16.7396 18.742 20.1048 8.09402 22.0905 13.0076 11.4808 12.0475 14.8394 5.89347 17.0571 8.64935 15.8964 12.3898 18.0545 13.725 16.2472 21.0423 13.8827 11.8613 16.028 14.3739 15.101 9.87101 17.6042 15.484 12.9229 8.43792 8.69419 12.794 10.0412 22.4065 16.8452 15.3158 4.94666 7.03357 7.13745 16.591 14.274 17.4664 10.091 11.658 19.5827 19.083 22.7381 10.7454 7.23512 8.05631 12.5195 9.24196 13.5678 12.9862 7.35993 8.83073 14.5392 3.8927 18.9676 7.40805 10.8454 6.33252 19.8699 6.98582 9.64872 20.1993 19.6479 20.545 8.39267 7.48887 12.4019 12.6651 11.43 8.51964 11.7584 13.9808 18.0964 14.2613 10.239 11.8558 9.35286 11.3962 10.5846 16.9788 8.34851 6.69561 9.02184 4.94238 21.1313 9.60598 21.3414 15.1462 14.8585 10.0266 21.158 11.9884 14.9575 3.13653 
10.4353 14.9344 0 20.1397 13.1936 21.7025 22.3984 16.4633 20.9681 11.7505 7.4633 7.67052 21.9511 23.2709 12.6398 16.8479 22.9878 19.6164 5.95922 15.9906 5.63447 16.2274 21.0329 5.2017 24.6121 5.46493 12.1412 6.29367 11.5531 15.8727 18.1536 16.6802 2.31267 21.2315 16.7252 20.398 7.40453 12.8552 9.49314 14.703 20.2206 19.3047 11.0465 5.02364 13.26 21.8458 9.80939 14.9932 18.7239 22.7383 8.47063 12.0558 6.37107 15.3902 5.50357 26.8266 7.97274 1.92061 15.3206 9.00276 14.9662 20.3876 20.5028 16.0658 21.8617 4.66579 9.77366 21.6506 17.7876 3.02595 14.0002 20.6504 8.5033 11.1616 9.29233 17.2137 23.0126 26.2834 9.68564 20.1419 11.6469 15.4354 15.1178 15.3621 20.7617 19.2304 18.8349 16.3376 8.36339 24.9574 21.1167 18.1589 28.363 17.1683 18.9821 9.41803 19.4625 7.11048 11.0594 4.54283 11.2135 13.5088 15.4953 6.78581 5.71933 7.87893 8.7757 7.32847 13.4397 7.37835 19.8446 25.3444 21.2565 4.22158 20.8242 13.3992 11.0552 1.831 11.7962 20.4558 19.9134 1.34177 14.8075 9.24268 24.8696 11.7182 17.6872 3.26915 18.3791 4.76558 16.5307 6.44085 9.59813 14.243 20.7744 19.504 18.1732 18.3672 7.77374 12.329 20.5911 10.2349 20.0808 8.33757 4.72839 24.0167 14.4839 17.8316 9.10805 20.9381 25.6644 12.4613 7.08055 25.719 5.78621 13.9401 27.5045 10.9993 6.62957 11.6852 17.6966 16.3288 17.8806 19.7898 8.74093 10.2906 15.3765 9.91965 6.43454 7.77508 19.6796 16.1029 19.86 15.0558 6.69767 10.4047 20.0148 14.6452 5.00042 3.17122 17.3169 25.1733 22.8124 8.59147 10.7758 15.4457 3.32023 9.01488 10.9075 8.51448 13.4382 6.20958 14.1743 6.80812 9.96637 8.60845 16.654 15.0895 12.7825 6.94496 17.6905 
22.6637 12.6701 20.1397 0 22.3651 27.4288 13.2958 25.6708 2.44133 23.7311 27.5861 27.8017 1.8685 3.64541 17.2267 6.48933 13.2763 24.0004 14.303 8.29706 22.1657 8.40539 7.30452 18.7744 14.3034 22.2852 8.75469 14.3407 12.3675 19.6955 13.6878 20.4637 19.4678 25.2335 6.25218 27.8806 24.0968 14.8079 22.414 25.3097 0.350799 6.22471 12.6616 17.1622 12.9208 1.71985 14.519 13.6907 26.6746 17.7658 25.8753 16.9174 21.3806 9.26993 25.5921 11.433 18.0451 18.5879 5.73012 19.725 12.2042 4.75938 7.89029 8.12955 2.00376 24.7994 11.4918 9.45865 3.02361 19.9597 10.225 5.51263 28.4214 20.576 14.6424 3.65253 7.21532 12.2181 26.2757 5.10277 26.4315 24.421 5.18415 19.4605 29.6858 6.25866 14.007 7.66594 22.6496 10.466 28.0303 2.60342 12.7323 4.25054 6.77585 21.2912 2.97345 16.8532 15.5839 21.4822 22.5951 23.4161 9.08239 16.6733 14.4633 25.7257 17.8504 21.0322 6.93939 27.1328 25.6652 10.9466 24.4532 17.2164 13.8856 11.9368 20.1118 19.8986 9.23718 7.05732 1.63275 21.3492 15.8361 24.1217 8.95145 12.2948 26.8852 18.1043 2.79912 24.5614 27.6939 22.0273 10.6861 21.1019 25.3657 3.01744 14.9803 7.17057 24.6368 16.8879 18.0499 10.4891 29.196 13.597 19.5495 10.478 23.8809 11.2853 18.0145 13.3077 15.5269 19.2607 14.3542 9.74983 16.7378 25.4408 14.1263 18.7993 14.1844 10.9088 9.8345 11.7373 5.41454 2.16709 13.578 18.0655 6.07641 20.5984 26.5685 27.3888 11.124 4.72518 6.96991 5.91268 21.9216 10.1145 5.62125 5.98552 22.2224 22.8355 26.733 15.7671 4.94315 11.5774 9.74679 4.72764 23.3207 18.7776 18.0499 11.7128 8.7636 25.0262 5.967 26.7712 12.9565 24.6478 3.56936 15.7596 8.04265 15.2622 14.4081 
3.25907 10.3213 13.1936 22.3651 0 8.50982 16.1634 3.7416 24.3422 2.78185 15.6154 16.5593 23.5974 23.9125 24.2418 16.2046 16.8408 6.72822 12.6486 14.4244 18.8121 23.4367 26.9976 8.23954 18.1001 8.54166 18.613 15.6179 20.9272 4.90931 27.6347 5.14177 10.9367 8.24449 16.3473 7.37478 20.4322 23.4757 4.14745 2.94564 22.2313 17.851 9.87191 9.43826 22.967 23.8954 8.28719 9.46482 5.71166 13.6888 9.05759 5.4583 19.5399 13.3992 14.2762 22.8618 20.2397 11.9648 16.7033 4.39752 24.2206 19.6869 26.8916 14.5895 24.3654 14.3997 12.0289 17.881 21.6138 10.1681 12.2008 25.8004 18.3962 2.30533 19.8967 18.7156 20.8501 21.5804 8.13932 25.1972 6.23491 2.47607 17.7214 4.63415 8.28118 17.7719 28.3214 15.0694 5.55296 21.0455 8.01538 19.7641 24.1077 21.7932 17.2402 3.80429 23.472 7.71323 22.1401 17.7332 2.34954 1.07437 13.5935 8.14758 12.9949 9.62026 20.9249 20.4206 16.2333 18.0756 6.66511 21.2155 8.48403 15.8957 14.0775 22.5886 2.65601 14.939 18.6199 26.4427 23.1127 14.0075 25.6433 5.87687 21.9759 21.0602 5.0871 15.467 19.6378 12.7574 5.33507 7.28483 14.0402 2.16551 7.70586 20.0707 28.1678 24.7778 8.19732 5.51643 11.0428 13.2611 7.64341 18.0161 17.6548 19.8723 1.63581 26.3257 21.2958 29.6904 18.6293 3.13024 10.5109 22.5438 9.03112 3.25908 21.9311 3.73408 11.408 20.0663 14.1721 25.2314 17.4827 20.8044 9.97506 22.4063 16.3004 3.32495 15.2562 13.3036 27.7678 17.6989 17.8098 20.2501 6.94435 17.1244 18.8159 19.596 9.02224 15.5195 4.80402 17.8644 22.1636 14.1435 17.3143 19.094 13.0713 4.8635 4.44759 13.7457 13.6448 18.4799 17.7749 17.1077 19.5347 7.20508 19.1711 25.8596 18.8478 17.6587 10.7362 
11.4638 14.8103 21.7025 27.4288 8.50982 0 17.2065 5.67909 29.7087 10.3746 23.3971 24.3995 28.2293 27.9884 32.4182 20.9396 17.7709 3.43137 20.6583 19.1425 27.3157 30.3883 33.2414 16.7123 18.4026 16.8724 25.7566 23.714 28.6769 7.95574 35.1178 7.07841 19.4453 2.55638 21.1842 2.27515 28.9029 31.4304 12.4232 7.65976 27.2108 21.774 16.3984 17.7716 30.7024 28.6906 15.4138 13.7876 3.41991 12.7862 16.4764 11.8983 28.0489 18.2031 22.3292 24.2428 28.618 20.4505 22.2922 12.8285 31.7718 23.6702 33.3102 19.3083 29.3266 22.5874 19.075 20.3495 27.474 18.6766 17.5149 31.8003 26.3093 10.6489 27.9763 23.9821 23.7684 22.632 15.2056 31.2071 12.6234 6.38314 23.6357 8.32047 4.25874 21.7092 35.7822 19.7656 13.7689 22.7677 1.51288 24.9054 25.0933 27.9535 21.1338 12.2943 29.2052 15.8438 30.2453 26.2404 10.5964 8.27955 18.3834 16.288 21.051 17.1762 29.2729 28.9214 22.4915 26.1711 1.98974 22.7527 3.57368 24.2888 15.3464 30.2007 10.8595 23.4477 25.8655 32.7334 28.5324 22.4922 33.5926 13.61 24.2347 28.7944 4.96014 23.9187 24.6362 20.8864 7.3327 15.6396 21.2723 7.88673 2.14374 24.6581 35.798 31.3498 15.9615 11.7633 10.7262 20.235 4.4052 26.0049 26.1445 21.6504 7.31071 33.5385 29.6454 36.8495 18.3462 10.0799 18.3273 24.5234 17.2714 8.70478 22.2482 11.4226 19.294 27.6145 17.8222 32.6285 22.0584 25.5005 17.3556 30.7263 21.7696 11.8137 23.2108 20.8419 34.7715 23.1891 21.3943 26.7936 15.3135 24.507 22.6848 26.1296 17.3697 23.9501 5.32316 17.5072 25.7692 21.6527 24.6252 25.2091 21.3902 13.1086 11.8995 21.2458 19.4499 26.8383 24.0697 25.1826 27.4092 14.8615 24.8126 33.7852 25.8414 25.8545 13.2638 
18.3164 7.52413 22.3984 13.2958 16.1634 17.2065 0 18.0055 15.7173 18.6729 28.4932 29.1461 13.2263 12.2298 26.4921 8.34762 0.680139 14.0393 17.2502 7.67852 26.9426 19.9509 20.4988 18.1716 2.21982 21.1808 17.0966 19.4855 21.3766 11.51 25.5741 11.7599 20.522 14.6716 8.67589 18.5036 29.033 24.4627 18.6626 18.6676 12.9701 7.18254 11.3601 17.5094 22.8934 13.8744 12.7052 7.72562 17.9084 4.94776 23.7172 11.9558 26.8227 7.6923 26.5907 7.07287 24.9694 20.4785 10.8878 16.3381 23.0281 8.56338 20.9618 7.72214 14.6847 26.1821 13.2456 3.94598 14.9338 20.4273 8.73255 18.7349 30.5159 15.6546 22.4048 11.1749 7.22592 5.55751 23.3556 18.2566 22.15 17.1059 12.4127 11.6348 20.6855 7.16987 26.066 7.80827 19.669 5.57102 18.2997 11.5414 8.09504 15.9857 6.7626 17.5313 16.0216 15.7431 24.3045 25.9085 17.7264 17.1519 7.68576 15.9249 17.6771 23.9736 25.2072 27.0639 12.61 29.6058 15.9769 5.54707 13.6875 21.8839 2.09109 22.0028 15.2837 23.2532 17.4985 20.1706 14.8496 23.7229 26.2156 20.8153 7.16446 21.4018 18.8019 22.2773 11.0692 25.1075 20.58 20.2489 14.7207 14.0944 15.0833 10.3137 26.7047 19.6939 22.5067 11.7215 6.48117 13.4797 20.4215 20.4961 24.5657 4.49001 17.0662 23.3267 25.5164 26.0084 3.31021 13.5174 15.3957 7.34837 16.7568 19.325 5.77998 14.1625 16.0611 19.7911 5.24679 23.1771 8.58939 11.134 13.6865 26.1323 10.3458 16.5162 27.7141 27.0547 23.743 11.1684 6.35509 16.0879 19.967 17.0574 7.67511 15.5924 21.4201 25.5682 18.8319 3.01164 9.71649 15.8229 16.8916 13.9015 24.5027 15.5517 13.6363 15.5814 10.2024 28.5683 13.6146 28.8636 20.971 21.9208 12.5349 26.2625 16.6922 21.5175 5.51116 
6.03658 13.2349 16.4633 25.6708 3.7416 5.67909 18.0055 0 27.7388 4.80617 17.7192 18.7235 26.7939 26.9494 27.8995 19.3492 18.6597 5.45224 16.3729 17.5322 22.0023 27.1375 30.597 11.7548 19.7094 11.3772 22.3262 19.3182 24.6648 6.58799 31.3761 6.24571 14.2896 6.45346 19.5248 3.96656 23.4846 27.1897 6.9919 1.98075 25.5134 20.7674 13.4117 13.0805 26.7042 27.1396 11.9394 12.2786 2.33202 14.6429 10.798 8.82998 22.8338 16.5124 16.6831 24.9771 23.7955 15.4133 20.097 8.03562 27.9622 22.6494 30.5217 17.7008 27.6578 16.9771 15.7029 20.3008 25.1123 13.459 15.4463 29.3481 20.6366 6.03598 23.5912 22.0443 23.4797 23.5527 9.54069 28.7447 6.99794 1.29879 21.206 6.60102 4.54548 20.6916 32.0625 18.1827 8.26003 23.2565 4.74898 23.069 26.0948 25.3575 20.1366 7.11819 26.9515 11.4367 25.824 20.9565 5.25645 3.03496 16.7066 11.867 16.7109 11.4973 24.5025 23.7738 19.7848 20.5248 4.33611 23.3617 7.105 19.4545 15.9329 26.3299 6.39761 18.2602 22.3431 30.0491 26.5154 17.134 29.3559 7.96329 24.3938 24.7985 1.34551 18.9594 22.9021 15.2645 2.6261 10.1811 17.7508 4.57254 5.76149 23.222 31.9077 28.428 10.2981 8.82104 12.0698 16.9311 3.90231 21.7323 21.0588 22.0825 2.12884 30.0551 24.8713 33.4183 20.0203 6.5209 14.2524 24.8711 12.7185 3.03142 23.6298 7.41743 15.1466 23.8075 16.9192 28.9702 20.5982 23.9948 13.6855 25.9992 19.6576 6.91112 17.5464 15.1649 31.4804 21.0771 20.6144 23.8811 9.87303 20.8563 21.7298 23.2226 11.8807 18.4902 1.0861 19.2048 25.0369 17.8792 21.041 22.6342 15.8476 8.58461 8.09421 17.4803 17.0575 21.2987 21.3452 19.534 23.2639 9.19402 22.6011 29.5756 22.5437 21.324 12.9241 
24.4233 14.9085 20.9681 2.44133 24.3422 29.7087 15.7173 27.7388 0 25.5506 28.4284 28.5602 3.02805 4.93775 16.4703 8.79794 15.6806 26.2868 15.3355 10.5702 22.3973 7.30807 5.07602 20.1555 16.6621 23.6087 9.01968 14.8924 11.9778 21.9083 12.0903 22.7014 20.5453 27.5534 8.53628 30.0858 24.2316 14.0355 24.1058 27.2773 2.75219 8.66604 14.5197 18.473 12.1457 2.34166 16.3041 15.9321 28.8357 20.2071 27.2579 18.9308 21.4891 11.5079 26.4678 13.394 17.9259 19.5562 7.64545 21.4552 11.1394 7.1603 5.77555 10.4058 1.61738 25.6281 13.0096 11.8529 3.18808 21.1165 12.3422 3.30301 29.0267 22.4602 14.4801 5.74367 9.3937 14.3346 27.7597 3.03508 28.0975 26.4728 6.7166 21.6503 31.8411 8.69987 12.3203 9.95706 24.2332 12.6139 30.2653 4.80617 14.5849 3.92501 9.21486 23.0166 1.65966 18.4043 15.0757 21.8152 24.419 25.3778 11.3262 18.1814 15.4299 27.051 17.6249 21.014 8.39481 27.6956 27.9158 13.0815 26.7921 17.6898 16.3269 11.1957 21.9994 20.5214 9.45479 4.93 1.2308 22.1071 14.7621 25.7099 10.9742 11.8772 28.979 18.6396 5.11144 25.5452 29.6771 23.4604 11.8581 23.1859 27.6646 5.45876 13.4133 5.56647 26.0459 18.9224 20.4681 11.9015 31.3336 13.7571 19.8287 12.7329 25.8913 9.70768 17.742 11.3174 17.8681 21.2703 15.7309 11.7077 18.1248 27.3482 16.2477 20.7085 15.4288 10.6986 12.2336 10.4299 7.79612 4.60525 15.1643 17.6331 8.08442 22.3847 27.3927 28.4492 9.2336 6.66183 9.40612 6.01338 23.3838 10.6262 8.04879 6.34006 23.501 23.4705 28.8106 18.1386 6.91918 12.5954 10.2498 5.70638 24.2303 20.523 19.9621 12.7978 10.6995 25.4315 7.10239 27.4157 12.8423 26.1427 5.18201 14.6441 8.32012 15.4727 16.7823 
1.39956 12.3335 11.7505 23.7311 2.78185 10.3746 18.6729 4.80617 25.5506 0 13.1459 14.1235 25.0984 25.5923 23.5886 17.8538 19.3528 9.20281 12.4696 16.1466 17.2347 23.8584 27.7631 7.36315 20.6727 6.57275 19.0105 15.2242 20.7903 7.65197 27.6249 7.9229 9.65315 10.5977 17.9556 8.77205 18.685 23.095 2.27129 2.95502 23.6321 19.7091 11.0696 8.91074 22.8086 25.3327 9.2465 11.5852 7.13057 16.4277 6.39234 7.24334 18.1071 15.1369 11.9704 25.2064 19.3016 10.8525 18.004 4.22737 24.2015 21.4801 27.5677 16.3047 25.7331 12.2128 12.7514 20.1024 22.66 8.78727 13.8115 26.7038 16.0065 3.26182 19.4287 20.0885 22.9066 23.998 5.38409 26.1054 3.5084 4.01046 18.8426 7.33736 9.01318 19.6279 28.3209 16.7733 3.45793 23.3543 9.55063 21.1586 26.5047 22.6911 19.1241 2.81202 24.5386 7.70234 21.6053 16.2031 1.13636 2.27259 15.3272 8.07747 12.7425 7.00955 20.0393 19.0784 17.234 15.8091 8.75011 23.5557 10.977 14.995 16.6033 22.5444 3.71786 13.5669 18.9447 27.1922 24.3217 12.3593 25.2414 3.29385 24.1624 20.935 5.9581 14.4124 21.0902 10.5134 4.94724 5.3895 14.5282 4.92235 9.98773 21.6604 28.034 25.4024 5.66742 7.38685 13.7872 13.9669 8.33258 17.6932 16.4105 22.1905 3.1401 26.53 20.4027 29.8905 21.26 5.20279 10.6711 24.7794 8.71764 2.25818 24.4527 5.0489 11.4368 20.1229 16.2261 25.318 19.1456 22.3392 10.583 21.5548 17.6658 3.18533 12.8834 10.7178 28.092 19.0096 19.7645 20.9799 5.09153 17.3878 20.6644 20.3474 7.07671 13.6864 5.58068 20.5115 24.0148 14.4076 17.6269 20.0788 11.0459 5.08859 5.7807 14.0342 14.9728 16.498 18.7059 14.8239 19.303 4.605 20.3746 25.4797 19.3404 17.0782 13.1825 
12.3564 20.9923 7.4633 27.5861 15.6154 23.3971 28.4932 17.7192 28.4284 13.1459 0 1.03409 29.3864 30.6575 18.091 23.9327 29.1308 22.3064 13.3196 22.8675 8.59804 23.4033 28.2877 10.3319 30.7041 7.5378 19.5529 13.6465 18.4223 19.7582 24.5301 20.3443 8.38509 23.7396 23.8462 21.5474 8.60562 19.0239 11.4992 15.7387 27.659 26.355 17.4962 11.2667 19.861 29.2961 15.8639 20.7893 20.0218 27.8751 6.94636 16.9412 9.98569 22.1408 2.01825 33.6228 13.4408 9.03767 22.6206 12.7528 21.6298 27.5829 27.7011 22.9645 29.3225 2.80055 16.84 28.3435 25.2497 8.20922 20.6781 28.0135 2.97119 14.3887 15.8712 24.577 30.0556 32.9037 8.30975 27.5215 10.9705 17.1303 22.5231 19.3005 21.118 26.2773 25.1721 23.2906 10.1028 31.7206 22.3887 25.5485 35.1294 24.6128 25.9718 12.1888 26.9134 12.7746 17.1255 8.27918 13.2666 15.3977 22.2722 12.6396 13.1288 6.22529 14.227 11.1467 20.8178 3.3648 21.8767 32.0709 24.0761 11.1238 26.6947 20.193 14.5269 8.12222 19.1861 27.7195 27.3767 6.35042 20.6563 9.85228 31.8304 18.5852 18.6062 10.096 25.7449 3.38853 16.6498 8.69694 16.9735 17.4024 23.1336 26.8278 24.2931 25.6161 7.47855 17.2121 25.4291 17.4782 20.4779 15.4064 10.0176 30.7038 16.2854 24.6086 14.4502 27.4865 31.6271 16.3592 13.9309 32.6471 11.9555 14.7061 33.9386 15.126 13.7313 18.83 24.26 23.0421 25.043 27.1597 15.3816 15.5173 22.624 13.1207 1.05014 2.71377 26.5058 23.4484 26.8281 22.4966 9.03547 17.8411 27.1284 22.0996 7.19602 5.36242 18.2178 31.0327 30.0669 16.015 18.2146 22.9035 4.30395 13.295 15.3853 15.9076 20.473 5.65315 21.6191 2.51552 16.9085 8.55632 24.0799 20.9592 20.2095 13.8035 23.3017 
13.3012 21.6299 7.67052 27.8017 16.5593 24.3995 29.1461 18.7235 28.5602 14.1235 1.03409 0 29.6184 30.9387 17.6531 24.3548 29.777 23.2638 13.6074 23.3488 8.08787 23.3266 28.2349 10.9759 31.3615 8.36082 19.6232 13.704 18.2667 20.6286 24.2177 21.2341 8.84216 24.7097 24.2557 22.5628 7.88608 18.7024 12.4291 16.7435 27.887 26.7919 18.0511 11.7924 19.6261 29.5041 16.4733 21.4649 21.0304 28.6559 7.96565 17.7043 9.47967 22.6516 2.55702 34.1412 13.0741 9.36506 22.9535 13.5778 21.3995 27.9682 27.6225 23.4402 29.5014 3.07829 17.2511 28.8805 25.3931 8.76165 21.201 28.026 1.9385 15.2724 15.6665 24.8739 30.499 33.4635 9.33746 27.5473 11.9983 18.1166 22.7875 20.1646 22.148 26.7151 24.8483 23.7521 11.0272 32.2453 23.4022 25.8265 35.6568 24.7118 26.4271 13.0796 27.0212 13.4045 16.8027 7.89223 14.2129 16.3674 22.7771 13.2428 13.386 7.23767 13.8422 10.6198 21.103 2.4389 22.8635 32.605 25.0311 11.0716 27.3785 20.005 15.3941 8.09964 19.2392 27.6724 27.5326 6.4599 20.2623 10.8322 32.3013 18.4277 19.6222 10.0565 26.0405 4.08469 17.6782 9.55186 17.258 18.3126 24.1093 27.1505 23.9282 25.5662 8.45981 17.9774 26.2356 17.8299 21.5068 15.3351 9.73174 31.2456 17.2636 24.3944 14.0448 27.2024 32.3067 17.2087 14.3816 33.1285 12.504 15.7154 34.5389 15.9461 14.1175 18.7604 24.8174 22.8175 25.4388 27.4529 15.887 15.0771 22.982 13.993 1.43411 3.74604 26.2988 23.7563 27.2911 22.5933 9.89465 17.9426 27.5446 22.2213 7.98938 5.21072 19.2335 31.727 30.4276 16.2619 18.3182 23.0967 4.72742 14.0812 16.176 16.1791 20.9044 4.95129 21.8394 1.733 16.7853 9.54655 24.3241 20.5668 20.2935 13.6915 24.012 
24.0797 13.6317 21.9511 1.8685 23.5974 28.2293 13.2263 26.7939 3.02805 25.0984 29.3864 29.6184 0 1.96566 18.9522 7.44741 13.1114 24.7988 16.0823 9.27101 24.0342 9.97442 8.08143 20.419 13.9569 23.9445 10.6204 16.1983 14.1682 20.6449 15.0324 21.3676 21.2202 25.9548 7.27033 28.8117 25.9647 16.5232 23.8779 26.5416 1.73356 6.55454 14.059 18.8418 14.6294 0.711151 15.9562 14.6358 27.6748 17.9204 27.5013 18.1393 23.2475 10.285 27.3869 10.3794 19.8952 20.3715 7.21253 21.1726 13.8101 4.76773 8.80168 9.10182 1.54927 26.6051 13.1131 9.2894 4.81246 21.6864 11.3971 6.32495 30.2621 21.9013 16.4838 5.08934 6.51276 11.3733 27.8516 6.0579 27.9014 25.5666 6.89863 20.447 30.6866 6.60839 15.2934 8.62149 24.1798 9.67928 28.912 4.01844 11.5571 5.98298 7.17457 22.7361 4.27151 18.4229 17.3686 23.3485 23.9625 24.6599 10.0914 18.2663 16.2578 27.3771 19.6878 22.8927 8.64483 28.9795 26.5264 10.136 25.1309 19.0773 14.085 13.6516 21.4362 21.743 11.1015 7.95647 2.9573 23.1721 17.4502 25.6452 7.98453 14.0899 27.9738 19.9597 4.01574 26.331 28.9038 23.6384 12.4453 22.2226 26.1335 3.59222 16.3468 8.47838 26.253 18.0875 18.4721 12.1666 30.2222 15.463 21.4176 9.8923 25.0736 12.6349 19.8456 14.3453 15.1214 20.4733 16.0194 8.69605 18.3874 26.7289 13.2833 20.1108 15.9009 12.7354 10.4359 13.2355 6.22447 2.79942 15.1475 19.8699 7.46745 22.0022 28.3735 29.1332 12.2502 6.23274 7.13564 7.75379 23.5189 11.9798 5.75046 7.84882 23.9 24.6758 27.8417 15.4551 3.95076 13.3714 11.6129 6.5802 25.1104 20.2185 19.3627 13.4897 10.1496 26.8879 7.78039 28.6074 14.8008 26.2215 5.31114 17.3568 9.90773 17.1302 15.0406 
24.6496 13.7145 23.2709 3.64541 23.9125 27.9884 12.2298 26.9494 4.93775 25.5923 30.6575 30.9387 1.96566 0 20.8598 7.73976 12.0276 24.5732 17.3402 9.48952 25.6388 11.9303 9.91923 21.3779 12.6965 24.915 12.3111 17.7093 16.0113 20.6246 16.9905 21.2877 22.3916 25.6356 7.64052 28.7209 27.6031 18.4361 24.5208 26.8409 3.40081 6.24159 14.6874 19.874 16.5452 2.6018 16.6172 14.6812 27.6726 17.0738 28.3981 18.4819 24.9044 10.514 28.6464 8.61604 21.6436 21.6203 8.13163 21.8057 15.7614 4.33656 10.6773 9.3254 3.35484 27.8971 14.091 8.30074 6.66707 22.7995 11.7823 8.19781 31.6662 22.3536 18.2582 6.0894 5.14287 9.74377 28.6593 7.97151 28.5369 25.7572 8.15645 20.4729 30.6724 6.31161 17.243 8.84745 24.9253 8.12226 28.7622 5.1122 9.71215 7.87783 6.88356 23.3561 6.23717 19.2653 19.2293 24.9121 24.4624 24.9843 10.3199 19.1485 17.5527 28.3214 21.4696 24.5978 9.84007 30.4105 26.3636 8.55134 24.7678 20.6006 13.3345 15.5637 21.8901 23.1763 12.8007 9.83559 4.91623 24.5241 19.401 26.3738 6.32288 15.9396 28.0801 21.448 4.9234 27.5277 29.1634 24.5225 13.6857 22.401 25.8656 3.99673 18.3068 10.4385 27.1362 18.4016 17.8881 13.2526 30.2411 17.1389 23.0128 8.49892 25.3281 14.595 21.6406 16.2353 13.7958 20.7832 17.0442 6.95524 19.3671 27.1039 11.6346 20.5565 17.0239 14.5421 10.196 15.2002 6.44911 3.5099 16.0179 21.7075 8.25999 22.5655 29.6599 30.264 14.1707 7.23366 6.60301 9.53994 24.3793 13.5604 5.30865 9.56682 24.9055 26.0865 27.974 14.206 2.53027 14.6833 13.2029 8.13932 26.3612 20.8481 19.8161 14.76 10.8397 28.4049 9.20579 29.9961 16.5694 27.0311 6.67404 19.3111 11.6058 18.7763 14.7254 
22.1918 20.7177 12.6398 17.2267 24.2418 32.4182 26.4921 27.8995 16.4703 23.5886 18.091 17.6531 18.9522 20.8598 0 18.3804 26.8508 29.6486 11.7771 18.8148 9.58396 9.20055 13.506 16.2318 28.382 17.9616 9.51171 8.70886 5.18744 25.1296 7.04993 26.0648 14.1838 31.2803 18.0821 31.6 10.4345 2.43595 21.3524 26.415 17.5023 20.3877 17.1477 14.8191 4.33068 18.461 17.3811 21.3713 29.9492 29.0078 21.1058 20.8441 8.20251 18.9188 16.7544 27.8449 4.75821 12.8714 15.8484 19.8672 5.53342 20.3216 12.6375 18.7701 17.9875 15.7899 14.357 23.901 14.2064 15.0961 18.2532 14.2297 17.092 21.9502 4.50874 16.4743 23.3892 28.0916 22.3201 14.0263 24.1484 26.6984 14.5313 24.6446 32.4161 20.3497 7.56851 18.7089 20.5086 26.3752 32.1871 16.8131 29.3219 12.982 20.4651 20.8796 14.8591 16.5942 2.27582 9.8153 22.7853 24.8677 18.8883 16.1507 11.3725 20.4933 3.94056 7.12299 13.924 15.7184 30.4382 26.8598 30.9951 8.67498 25.7744 5.30149 21.6625 10.9593 9.06538 13.0984 16.0337 12.8353 2.73674 21.6276 25.3854 5.19612 29.2211 9.44283 17.279 16.8084 28.5319 18.7266 12.2805 24.5323 31.003 18.5765 6.44009 11.3131 20.3945 21.0462 27.7165 13.5803 31.7496 6.56519 8.27033 25.8891 25.7823 8.172 3.66761 10.1047 29.6519 22.3578 14.1665 26.2754 15.2152 25.8467 29.8324 20.9958 13.1827 6.80531 21.2725 6.71245 18.648 18.2876 15.4231 2.57621 16.3163 20.9884 17.1331 19.61 9.94576 15.9168 21.2512 11.5244 18.9083 9.46415 20.5669 11.7222 17.5402 12.9109 28.8881 29.4968 21.8227 11.4343 9.60583 13.4849 15.3262 19.4021 20.538 11.8032 16.4096 12.9324 13.1979 15.9893 5.58899 21.1669 15.1724 3.03702 10.0432 6.584 23.8393 
16.9277 6.20446 16.8479 6.48933 16.2046 20.9396 8.34762 19.3492 8.79794 17.8538 23.9327 24.3548 7.44741 7.73976 18.3804 0 8.60275 17.5118 10.971 1.82691 20.3471 11.6546 12.8787 14.0829 10.0587 17.5908 8.88152 12.3736 13.206 13.2325 17.2582 13.9847 15.5477 18.7581 0.332781 21.4144 22.4307 16.2471 16.8319 19.1425 6.27786 2.46265 7.05136 12.7584 14.611 7.82457 8.98598 7.21904 20.2436 12.0131 20.9329 10.7579 19.9381 2.83765 21.9184 10.1889 17.4637 15.0217 2.56124 14.1195 14.6839 3.76783 13.178 1.65762 8.40928 21.2765 7.104 5.55406 7.02996 15.7994 4.04269 11.2365 25.3482 14.6138 14.5516 3.20588 6.16521 10.0057 21.0874 10.6814 20.8359 18.1273 4.06506 13.017 23.2562 2.39097 17.769 1.18216 17.3102 8.43187 21.549 3.99881 11.7406 7.90041 2.24177 15.6578 8.51189 11.8146 16.2671 19.4341 16.7249 17.2733 2.644 11.7616 11.3014 20.9241 17.5675 19.95 4.49306 24.2122 19.1794 8.8786 17.9943 15.1224 8.21366 13.699 14.1504 17.177 9.31647 12.4581 7.65852 18.1743 17.9223 18.7382 8.05633 13.2149 20.5264 15.7596 3.69846 20.6479 21.4878 17.0684 7.59661 14.7793 18.88 3.87513 18.3693 11.6338 19.661 10.6882 11.8499 6.66569 22.7837 12.8126 17.7788 7.71255 17.6532 15.0526 17.8405 17.8788 11.3421 13.0747 10.0067 8.92804 12.1536 19.377 11.5992 12.8167 10.2461 11.5958 3.63964 14.8391 1.29205 4.65099 8.69041 18.3058 2.06406 14.8444 22.9936 23.1931 15.6152 2.86723 3.12372 7.75621 16.8945 9.14015 3.1973 7.24683 17.6437 19.9073 20.3951 11.2793 6.34524 8.75336 8.9088 5.58498 19.6482 13.1633 12.0765 8.65518 3.46287 22.6007 5.2891 23.6519 12.9976 19.4686 4.39388 17.9568 8.4167 14.1027 8.02366 
18.9957 8.1481 22.9878 13.2763 16.8408 17.7709 0.680139 18.6597 15.6806 19.3528 29.1308 29.777 13.1114 12.0276 26.8508 8.60275 0 14.6341 17.7829 8.0603 27.4807 20.138 20.5232 18.805 1.6353 21.8343 17.4182 19.9663 21.7159 12.1766 25.7673 12.4143 21.1315 15.2288 8.92615 19.1039 29.5737 24.7911 19.3395 19.3371 12.9443 7.25913 11.943 18.1178 23.1954 13.7733 13.3235 8.37868 18.5336 5.34624 24.3884 12.6277 27.3388 8.14378 27.2226 6.47791 25.4231 21.0673 11.1588 17.0076 23.2825 8.52128 21.0121 8.09205 14.5934 26.8053 13.7601 3.83336 15.0347 21.0495 9.24273 18.7491 31.1346 16.3339 22.8083 11.3233 6.95401 4.92464 24.032 18.2846 22.8301 17.769 12.6596 12.3064 21.2933 7.25412 26.2466 8.14323 20.3417 5.05612 18.8849 11.6298 7.45428 16.1161 6.88761 18.2067 16.0545 16.3725 24.6779 26.4532 18.4065 17.8276 8.12461 16.5476 18.2058 24.6412 25.645 27.5608 12.9415 30.2142 16.5742 4.99321 14.2374 22.3999 2.76491 22.2936 15.9623 23.8172 17.8298 20.2114 14.8526 24.3153 26.5133 21.4918 6.72703 21.7366 19.4442 22.8116 11.1481 25.7441 21.2388 20.9095 15.1789 14.7688 15.655 10.326 26.9149 19.8044 23.1759 12.3946 7.04735 13.9525 21.0383 20.9198 25.0857 4.02649 17.7365 23.498 25.9499 26.1239 2.82695 14.1974 15.9666 6.84866 17.3678 19.9991 5.09993 14.8382 16.6144 20.1218 5.67721 23.3927 8.74797 11.1264 14.2636 26.545 10.6308 17.1922 28.3458 27.7096 23.8616 11.384 6.40166 16.3044 20.6292 17.4393 7.67397 15.8273 22.0697 26.1586 19.4786 2.67677 9.50132 16.2921 17.2625 14.1126 25.1251 16.2168 14.3085 16.0608 10.6357 29.1475 13.8889 29.4787 21.3522 22.5945 12.6986 26.5531 16.9932 21.9747 6.19051 
9.9712 11.3995 19.6164 24.0004 6.72822 3.43137 14.0393 5.45224 26.2868 9.20281 22.3064 23.2638 24.7988 24.5732 29.6486 17.5118 14.6341 0 17.8763 15.7181 25.2483 27.1438 29.8759 14.4638 15.4029 15.2511 22.5832 20.9484 25.6851 4.69336 31.9944 3.76961 17.3112 1.64391 17.7583 4.47581 26.9682 28.5221 10.8751 7.14347 23.7812 18.3519 13.2039 15.291 27.6927 25.2592 12.3927 10.3786 4.21808 9.9222 15.59 8.86275 25.8582 14.7852 21.003 21.1091 26.0718 18.1823 18.9016 10.6137 28.6854 20.2502 29.9655 15.8834 25.8958 21.1238 15.9485 17.0237 24.0863 16.6255 14.1337 28.4139 25.1142 8.47053 25.1636 20.5657 20.4207 19.5419 14.4976 27.8229 12.1543 5.41794 20.2678 5.11748 6.69097 18.2864 32.6493 16.339 12.2799 19.5635 4.2808 21.4821 22.0413 24.5937 17.7111 10.4459 25.8034 13.2392 27.4353 24.1472 9.05881 6.93092 14.9641 13.6777 18.2915 16.2119 26.6841 26.6515 19.172 24.8036 1.94271 19.578 1.77418 21.7953 12.1054 27.1445 8.56169 21.2786 22.7187 29.3744 25.1142 20.5419 30.6708 12.4806 20.9656 25.7952 5.56071 21.5286 21.2091 19.4856 7.91301 13.9924 18.1656 5.37822 1.42446 21.2269 32.7236 28.0327 14.8442 8.69218 7.61538 17.0733 6.51018 23.1515 23.8406 18.4266 6.11383 30.3425 27.0563 33.6291 15.4825 7.37077 15.4841 21.2955 14.713 8.19199 19.3056 8.81586 16.4665 24.5506 14.3975 29.4878 18.6272 22.0691 14.3613 28.0969 18.3725 9.75144 21.9754 19.9193 31.5219 19.7876 17.9854 23.4907 13.6486 21.4116 19.2669 22.8286 15.7239 22.1342 5.76672 14.6444 22.3744 18.6297 21.5069 21.8554 19.7688 10.6913 9.16147 18.2249 16.0985 25.1435 20.7449 23.8359 24.4838 13.8025 21.4161 30.85 22.6309 23.142 9.85511 
11.0916 10.1516 5.95922 14.303 12.6486 20.6583 17.2502 16.3729 15.3355 12.4696 13.3196 13.6074 16.0823 17.3402 11.7771 10.971 17.7829 17.8763 0 10.2835 9.69952 11.7312 16.1542 5.42725 19.4178 8.51928 7.04114 3.07214 8.33402 13.4046 15.1554 14.332 5.20978 19.5111 10.8276 19.935 11.7949 10.8335 10.4092 15.08 14.3608 13.4337 6.14859 3.67217 10.3643 16.02 5.7825 10.512 18.309 18.4677 12.2117 9.12066 9.6012 9.81639 11.3123 21.0697 8.46551 4.28965 9.36153 8.39926 11.7321 14.4458 15.7793 10.3382 16.098 10.5575 4.06579 16.0089 12.1515 5.81559 8.55493 15.471 14.4444 10.3435 7.31807 11.2674 17.1296 20.6487 12.9581 14.9159 13.958 15.1244 9.20469 12.9106 20.9183 13.3617 15.8514 10.5606 9.97726 19.2337 20.484 12.2297 22.6169 11.7037 13.151 9.659 13.925 4.93643 9.58725 8.68643 11.5108 13.3833 9.89259 4.50668 0.458521 11.8984 8.96969 9.9545 7.50029 13.2664 18.6742 19.6429 19.2526 4.68828 15.9307 10.0748 10.0125 6.2228 6.84032 15.568 14.2192 7.25477 13.0021 11.3696 19.0236 8.47545 17.7144 5.02873 12.4345 10.2598 17.3573 8.67218 3.65456 12.7726 19.2264 13.5469 15.5875 13.5807 11.0896 9.33839 16.7175 4.31076 20.2692 5.37495 7.33597 18.354 14.2443 14.1339 9.33474 17.4759 20.5597 10.5856 2.4306 19.888 3.75196 14.6798 21.9945 9.24635 1.45287 7.68334 12.239 12.8674 11.9569 13.8478 3.95834 10.2991 9.42671 9.53845 12.3197 13.1216 15.7813 10.1492 14.0366 9.65822 8.69859 5.26694 14.1068 9.14981 8.32683 8.94526 17.4066 20.1675 16.8554 2.74371 5.58492 9.68307 9.03112 7.78859 8.76486 2.59254 7.63938 11.6534 8.34928 12.7536 6.89344 11.4314 10.7714 13.2141 7.55428 5.28785 13.2099 
15.2661 4.37983 15.9906 8.29706 14.4244 19.1425 7.67852 17.5322 10.5702 16.1466 22.8675 23.3488 9.27101 9.48952 18.8148 1.82691 8.0603 15.7181 10.2835 0 19.8878 12.8086 14.4645 12.8025 9.63287 16.2595 9.46795 12.0902 13.7138 11.4087 18.331 12.1674 14.507 16.9891 2.04489 19.5921 21.9851 16.81 15.2187 17.3563 8.09454 3.66414 5.58983 11.6107 15.2882 9.65138 7.49242 5.39688 18.4168 10.7603 19.4935 8.99399 19.5993 1.02563 20.8661 10.836 17.4328 14.1128 3.59885 12.5182 15.5554 5.33984 14.7026 0.169314 10.2306 20.2781 6.24546 5.7296 8.59289 14.6724 2.39276 12.8744 24.4466 12.8938 14.7496 4.87848 7.25176 10.3661 19.5717 12.304 19.1998 16.3156 5.17163 11.1905 21.4294 3.58185 18.8787 0.650508 15.7711 8.97134 19.7336 5.76442 12.3732 9.33982 3.16868 14.0357 10.1823 10.4521 16.6265 18.9209 15.0237 15.4956 0.831011 10.4488 10.6598 19.5285 17.6205 19.7182 4.9851 23.3675 17.3686 9.36892 16.2447 14.6957 7.12375 14.4263 12.4326 16.4975 9.85142 14.0166 9.40744 17.3303 18.6129 17.1758 8.96426 13.7439 18.7039 15.2347 5.49896 19.534 19.6909 15.6554 7.25033 12.9646 17.0944 5.69031 19.3785 13.0332 18.2201 8.91206 10.3217 6.117 20.9569 12.8786 17.384 8.07059 15.8551 16.2163 17.9181 19.1786 10.881 11.2946 8.97484 9.78093 10.9549 17.6155 11.7628 11.0991 9.36517 12.1406 2.47938 15.8547 3.06831 6.47657 7.493 18.4903 3.01153 13.1885 21.961 21.9678 16.9303 4.26726 3.98342 8.87401 15.4608 9.38166 4.57963 8.29512 16.3498 19.1133 18.5753 10.6867 7.89834 8.39821 9.21309 6.80513 18.6227 11.568 10.3664 8.21982 2.69083 21.9243 6.17726 22.7524 13.2954 17.9653 5.89889 18.6751 9.11464 14.0019 6.38623 
15.9663 19.7127 5.63447 22.1657 18.8121 27.3157 26.9426 22.0023 22.3973 17.2347 8.59804 8.08787 24.0342 25.6388 9.58396 20.3471 27.4807 25.2483 9.69952 19.8878 0 16.228 21.1463 10.8047 29.1159 10.7241 13.446 8.04753 10.9694 21.428 16.3134 22.2571 7.93721 26.8651 20.154 25.9561 2.09876 10.821 15.0106 20.1873 22.328 22.7796 15.6986 10.3292 11.9838 23.7708 14.8309 19.9389 24.2877 27.8484 12.9354 17.4735 1.39209 19.4893 7.52987 30.5348 5.17665 7.18158 18.3402 14.6354 13.7419 23.5056 20.4334 19.9264 23.5905 6.62705 13.7497 25.6125 19.392 8.64951 18.2536 21.2423 7.55335 16.7961 8.26569 19.8985 26.3932 30.2342 14.3281 20.8393 16.644 21.0146 17.6888 20.9153 26.2061 22.7143 16.9173 20.0999 13.7905 28.749 26.6925 20.6762 32.0866 18.4736 22.5804 15.0219 20.762 12.4885 8.94417 1.11648 16.7775 19.0879 19.5552 12.1122 9.2838 12.212 5.88003 2.54935 16.2574 6.16132 25.4703 29.1781 26.8808 5.22487 25.5664 12.523 16.6866 4.02957 12.982 20.618 21.5382 4.87692 12.2336 14.4652 28.3573 11.1169 23.1924 4.67267 21.0045 8.01791 21.8747 11.8504 12.7514 19.8728 26.4087 22.2604 15.9289 18.5384 12.601 17.74 25.8515 13.7796 25.5259 8.6407 2.62918 27.9297 20.0647 16.7494 6.03687 19.3451 30.2505 18.0533 11.6594 29.2445 11.051 19.3641 31.6438 16.5853 10.9032 11.8505 21.929 15.1582 21.1681 22.3446 13.3812 7.013 18.5558 15.5514 7.70201 10.4458 18.6566 18.9151 23.467 16.4225 12.1432 12.0784 23.3364 16.2169 10.2231 3.91347 22.8154 29.8418 25.6972 11.5937 12.4373 17.501 6.74607 14.616 16.4444 11.7083 17.2036 3.40709 16.4906 6.40751 9.70818 13.5993 19.0089 12.5391 14.1599 6.9309 22.664 
