20
18.2058 18.3259 0.647212 0
14.9673 18.7296 11.6581 0
4.91469 18.7829 1.34889 0
4.55132 14.9185 1.01022 1
3.99728 21.9691 0.505722 0
9.24595 13.6522 0.5425 0
4.06039 10.5979 1.54629 0
13.8974 16.775 0.328376 1
11.8259 11.9097 0.80623 0
1.14828 12.7295 14.034 1
9.63568 20.2719 1.12878 0
14.2902 22.484 3.62291 0
6.03628 12.6843 14.4285 1
11.7991 13.0635 1.06907 0
10.5926 21.2317 2.17592 0
2.58387 18.5661 0.975097 0
10.6832 20.3082 0.307172 0
1.41106 11.2498 0.507759 1
8.26288 8.32853 15.7649 1
17.8359 22.3909 0.962208 0
400 50 500
0.025 0.0125 10000 3000 15 1e+06 300000 2 2
0 2.02659 1.4575 4.9954 3.83358 1.80243 4.2503 4.88834 4.65944 1.26582 3.22212 2.19982 3.02117 3.52591 5.18267 3.30267 4.70213 4.00362 4.29364 5.32652 2.0532 
2.02659 0 2.18213 3.06879 1.99025 0.499653 4.16802 2.93001 4.04427 0.769346 1.22681 0.180051 2.83278 1.86203 3.62064 1.86445 3.86653 3.13218 2.83183 4.28837 1.32048 
1.4575 2.18213 0 4.48839 3.31093 2.29837 2.79386 4.45004 3.27971 1.75113 3.03393 2.28566 1.61254 2.86255 4.25256 2.49803 3.39278 2.75423 3.35888 4.07189 1.27 
4.9954 3.06879 4.48839 0 1.18703 3.49592 4.65371 0.245463 3.77813 3.81278 1.8564 2.89005 3.87329 1.63547 1.58098 2.05277 3.30709 2.96847 1.71173 3.14022 3.22364 
3.83358 1.99025 3.31093 1.18703 0 2.46043 3.85062 1.14061 3.18775 2.69389 0.911515 1.82013 2.86476 0.524624 1.75967 0.977736 2.80058 2.24957 1.23376 2.90756 2.04242 
1.80243 0.499653 2.29837 3.49592 2.46043 0 4.53608 3.34044 4.48856 0.590062 1.63952 0.647483 3.18687 2.35883 4.1161 2.36111 4.33403 3.59563 3.33148 4.7758 1.68064 
4.2503 4.16802 2.79386 4.65371 3.85062 4.53608 0 4.76261 1.15115 4.17322 4.24625 4.15669 1.3517 3.35036 3.49433 2.9259 1.62167 1.68687 2.94972 2.29223 2.85856 
4.88834 2.93001 4.45004 0.245463 1.14061 3.34044 4.76261 0 3.92481 3.68462 1.706 2.75019 3.9236 1.63004 1.79909 2.06718 3.46432 3.08449 1.84443 3.33461 3.1805 
4.65944 4.04427 3.27971 3.77813 3.18775 4.48856 1.15115 3.92481 0 4.26004 3.78705 3.98369 1.66919 2.7555 2.44766 2.41323 0.5061 0.96777 2.08283 1.14169 2.86486 
1.26582 0.769346 1.75113 3.81278 2.69389 0.590062 4.17322 3.68462 4.26004 0 1.98945 0.947288 2.82467 2.47958 4.22261 2.37157 4.16883 3.4289 3.37901 4.68264 1.39524 
3.22212 1.22681 3.03393 1.8564 0.911515 1.63952 4.24625 1.706 3.78705 1.98945 0 1.04676 3.06253 1.07865 2.66873 1.37484 3.4718 2.81933 2.05447 3.69948 1.82391 
2.19982 0.180051 2.28566 2.89005 1.82013 0.647483 4.15669 2.75019 3.98369 0.947288 1.04676 0 2.83431 1.71464 3.46998 1.74761 3.78608 3.05732 2.69671 4.18441 1.33669 
3.02117 2.83278 1.61254 3.87329 2.86476 3.18687 1.3517 3.9236 1.66919 2.82467 3.06253 2.83431 0 2.34014 3.1206 1.88706 1.83124 1.31097 2.32713 2.54828 1.51489 
3.52591 1.86203 2.86255 1.63547 0.524624 2.35883 3.35036 1.63004 2.7555 2.47958 1.07865 1.71464 2.34014 0 1.75921 0.453115 2.40894 1.79625 1.00647 2.62302 1.61069 
5.18267 3.62064 4.25256 1.58098 1.75967 4.1161 3.49433 1.79909 2.44766 4.22261 2.66873 3.46998 3.1206 1.75921 0 1.88239 1.94301 1.89292 0.899472 1.6041 3.14797 
3.30267 1.86445 2.49803 2.05277 0.977736 2.36111 2.9259 2.06718 2.41323 2.37157 1.37484 1.74761 1.88706 0.453115 1.88239 0 2.11915 1.44552 1.01003 2.44404 1.2927 
4.70213 3.86653 3.39278 3.30709 2.80058 4.33403 1.62167 3.46432 0.5061 4.16883 3.4718 3.78608 1.83124 2.40894 1.94301 2.11915 0 0.741232 1.63741 0.737541 2.78649 
4.00362 3.13218 2.75423 2.96847 2.24957 3.59563 1.68687 3.08449 0.96777 3.4289 2.81933 3.05732 1.31097 1.79625 1.89292 1.44552 0.741232 0 1.26299 1.32654 2.05127 
4.29364 2.83183 3.35888 1.71173 1.23376 3.33148 2.94972 1.84443 2.08283 3.37901 2.05447 2.69671 2.32713 1.00647 0.899472 1.01003 1.63741 1.26299 0 1.67379 2.25163 
5.32652 4.28837 4.07189 3.14022 2.90756 4.7758 2.29223 3.33461 1.14169 4.68264 3.69948 4.18441 2.54828 2.62302 1.6041 2.44404 0.737541 1.32654 1.67379 0 3.33973 
2.0532 1.32048 1.27 3.22364 2.04242 1.68064 2.85856 3.1805 2.86486 1.39524 1.82391 1.33669 1.51489 1.61069 3.14797 1.2927 2.78649 2.05127 2.25163 3.33973 0 
