20
2.50021 5.30859 1.8677 0
13.006 18.8954 19.3607 0
12.2062 14.8818 0.653015 0
0.706984 21.562 1.642 0
13.6893 17.8232 0.614886 0
2.58073 3.75209 0.480484 1
8.27807 12.3943 0.607395 0
16.1228 19.1588 0.508693 0
9.00479 16.8997 1.35052 1
13.0008 17.6287 1.56296 0
16.4637 21.1195 2.2309 0
12.0029 16.4805 0.584905 0
17.3921 17.3926 1.04865 0
18.8735 19.4024 1.46226 0
5.02226 9.81025 2.26356 0
15.7869 18.9839 1.62703 1
10.069 12.8497 1.9074 0
18.4588 19.1328 0.654403 1
6.16603 13.6575 1.3037 0
9.58673 14.3338 4.4515 0
400 50 500
0.025 0.0125 10000 3000 15 1e+06 300000 2 2
0 3.5925 5.03198 3.10376 3.21017 3.48369 1.81106 3.11995 5.34751 1.73666 3.97609 2.89574 4.64309 6.04726 1.5601 5.20716 6.7596 2.06801 3.63626 2.63743 2.57419 
3.5925 0 8.44963 4.11965 5.07041 7.06805 1.78529 3.76737 8.64365 4.27685 5.63604 5.47398 4.22749 5.60515 2.03246 6.23563 9.83574 5.24628 0.807712 5.34302 1.39682 
5.03198 8.44963 0 5.48398 4.43137 2.60309 6.75558 7.5817 4.69121 5.66742 7.28299 3.4671 9.18319 10.3499 6.48968 8.64516 6.22517 3.21909 8.24936 5.52284 7.59873 
3.10376 4.11965 5.48398 0 1.13785 5.39903 3.25725 5.90904 7.8458 4.83832 7.06144 2.01689 7.19894 8.68154 3.09596 8.23334 9.41835 2.68592 3.53743 5.70552 4.15593 
3.21017 5.07041 4.43137 1.13785 0 4.70744 3.921 6.26914 7.26981 4.89638 7.14508 1.02534 7.69275 9.1503 3.70883 8.41127 8.88894 2.02554 4.56577 5.60196 4.87181 
3.48369 7.06805 2.60309 5.39903 4.70744 0 5.28276 5.30048 2.6231 3.42448 4.729 3.72911 6.85728 7.90349 5.03952 6.07249 4.26819 2.7244 7.10546 3.02387 5.93294 
1.81106 1.78529 6.75558 3.25725 3.921 5.28276 0 2.87734 6.93922 2.68427 4.46843 4.05846 3.9764 5.4626 0.266207 5.381 8.21488 3.60712 1.95118 3.77092 0.958922 
3.11995 3.76737 7.5817 5.90904 6.26914 5.30048 2.87734 0 5.80137 1.91581 1.92123 6.01426 1.60639 2.93306 2.92604 2.52847 6.61237 5.09688 4.39091 2.44622 2.44688 
5.34751 8.64365 4.69121 7.8458 7.26981 2.6231 6.93922 5.80137 0 4.40379 4.38407 6.32281 7.05973 7.66931 6.74607 5.40209 1.64542 5.24922 8.88444 3.43074 7.31743 
1.73666 4.27685 5.66742 4.83832 4.89638 3.42448 2.68427 1.91581 4.40379 0 2.25031 4.42505 3.51585 4.74198 2.55252 3.53357 5.56216 3.37751 4.61809 1.08681 2.92074 
3.97609 5.63604 7.28299 7.06144 7.14508 4.729 4.46843 1.92123 4.38407 2.25031 0 6.63186 2.73481 3.32009 4.43309 1.38042 4.88981 5.53228 6.19817 1.79031 4.26536 
2.89574 5.47398 3.4671 2.01689 1.02534 3.72911 4.05846 6.01426 6.32281 4.42505 6.63186 0 7.53151 8.943 3.81171 7.95496 7.95542 1.17035 5.09146 4.97621 5.01268 
4.64309 4.22749 9.18319 7.19894 7.69275 6.85728 3.9764 1.60639 7.05973 3.51585 2.73481 7.53151 0 1.48627 4.10767 2.45185 7.61974 6.66677 4.99 3.90047 3.2317 
6.04726 5.60515 10.3499 8.68154 9.1503 7.90349 5.4626 2.93306 7.66931 4.74198 3.32009 8.943 1.48627 0 5.5928 2.37341 7.93196 8.02599 6.39058 4.88015 4.70145 
1.5601 2.03246 6.48968 3.09596 3.70883 5.03952 0.266207 2.92604 6.74607 2.55252 4.43309 3.81171 4.10767 5.5928 0 5.40055 8.0486 3.34206 2.13914 3.63484 1.20111 
5.20716 6.23563 8.64516 8.23334 8.41127 6.07249 5.381 2.52847 5.40209 3.53357 1.38042 7.95496 2.45185 2.37341 5.40055 0 5.56151 6.87789 6.89986 3.1706 4.96449 
6.7596 9.83574 6.22517 9.41835 8.88894 4.26819 8.21488 6.61237 1.64542 5.56216 4.88981 7.95542 7.61974 7.93196 8.0486 5.56151 0 6.86409 10.1641 4.49399 8.4623 
2.06801 5.24628 3.21909 2.68592 2.02554 2.7244 3.60712 5.09688 5.24922 3.37751 5.53228 1.17035 6.66677 8.02599 3.34206 6.87789 6.86409 0 5.03094 3.83603 4.50783 
3.63626 0.807712 8.24936 3.53743 4.56577 7.10546 1.95118 4.39091 8.88444 4.61809 6.19817 5.09146 4.99 6.39058 2.13914 6.89986 10.1641 5.03094 0 5.70364 1.9456 
2.63743 5.34302 5.52284 5.70552 5.60196 3.02387 3.77092 2.44622 3.43074 1.08681 1.79031 4.97621 3.90047 4.88015 3.63484 3.1706 4.49399 3.83603 5.70364 0 3.96882 
2.57419 1.39682 7.59873 4.15593 4.87181 5.93294 0.958922 2.44688 7.31743 2.92074 4.26536 5.01268 3.2317 4.70145 1.20111 4.96449 8.4623 4.50783 1.9456 3.96882 0 
