50
10.2469 17.8917 1.31069 0
11.4485 16.1776 2.23843 0
15.529 20.2001 1.29668 0
2.59724 17.8401 1.67788 0
12.9416 16.7998 1.61815 0
5.60274 10.0099 0.958617 1
11.0931 12.0139 1.73913 0
2.83245 13.485 11.9793 0
6.08987 12.9537 0.796561 0
3.35004 20.1308 28.6215 0
8.06724 21.7653 1.45654 1
13.23 21.8864 2.19969 0
13.7995 13.8981 1.41921 0
2.97826 22.5221 0.984266 0
7.50662 18.9097 0.223169 0
14.0143 17.278 0.851199 0
8.7484 11.9374 0.281732 0
8.77702 23.7116 2.24062 0
4.83991 21.4153 11.7913 0
17.9459 22.5547 0.751573 1
7.49209 8.61328 16.7637 0
5.01335 18.1516 1.57791 1
8.1514 16.2291 2.26219 1
13.6824 22.0187 1.5492 0
0.73953 19.5959 2.1141 0
18.7364 18.8996 1.21941 0
1.04021 14.601 0.374613 1
10.2156 10.6834 16.2485 1
6.44355 11.0331 0.75175 0
11.8842 20.6638 1.25967 1
13.1145 14.8723 1.82091 0
5.36977 14.0058 6.61165 0
3.65638 21.8459 1.78494 0
3.9591 11.9046 0.565985 0
0.380231 18.8304 12.334 1
7.76827 16.9162 0.98757 0
12.5911 23.3314 1.48354 1
7.30498 22.1558 1.57485 0
10.37 22.2115 9.05424 0
1.43197 8.58202 0.317299 0
17.4072 23.1496 20.4076 0
6.27504 14.1397 2.18456 0
12.1215 21.5444 0.631534 1
3.23206 6.89658 1.57775 0
12.4974 14.6312 1.54882 0
17.5091 18.9879 0.774275 1
0.355283 22.7935 1.54936 0
3.18103 17.8398 0.613734 0
9.10413 16.7381 0.89415 1
4.81355 7.12383 0.34038 0
400 50 500
0.025 0.0125 10000 3000 15 1e+06 300000 4 6
0 7.7203 3.20555 3.82341 3.88686 3.08282 3.34313 8.30476 3.05517 2.58036 2.3421 5.93173 6.2859 6.51474 2.65516 0.230553 2.64761 4.50857 8.23513 8.41086 0.966296 3.9776 6.18362 1.97495 1.19654 3.39995 3.81306 4.15382 4.53339 6.49571 1.48185 2.67769 6.0547 7.63672 4.06151 7.00374 4.6266 1.30299 7.07819 5.00794 4.6277 2.71834 5.18586 3.31872 2.25077 5.80661 4.16885 1.0367 3.93766 4.8124 7.66521 
7.7203 0 9.7909 3.90075 10.4884 7.81279 4.41147 2.28926 5.49097 9.57756 8.41579 8.97645 9.0616 3.70153 8.12578 7.94953 6.45578 3.31118 2.68554 4.60806 8.62099 6.21537 3.85043 7.04315 8.50401 8.02129 4.34857 6.7163 4.67566 2.62372 8.58902 9.92835 8.51716 0.956777 4.48617 4.81674 8.14762 8.00751 1.29607 3.44345 3.33717 9.89995 2.8726 5.00622 8.96848 2.46005 3.75393 8.67245 6.93517 4.83118 7.77295 
3.20555 9.7909 0 6.09012 0.732294 2.22691 5.538 10.8873 6.12804 4.71279 5.20852 4.07226 4.44124 7.41441 5.65227 3.06928 3.35742 6.99899 10.9062 8.93928 3.19723 4.09124 7.0667 2.75913 3.79709 2.2197 5.44501 3.84132 7.56492 7.85498 1.7237 1.08449 4.48865 9.4306 6.99759 7.38468 3.18711 4.28935 9.47561 6.48398 6.45405 0.954271 7.76119 6.28581 4.78024 7.46642 6.7979 3.24856 3.52404 5.53355 6.72222 
3.82341 3.90075 6.09012 0 6.81399 4.40314 0.55213 4.8057 2.27555 5.86238 4.84851 6.42955 6.64864 3.54555 4.69116 4.05181 2.96199 0.978751 4.85688 5.49899 4.7398 3.3838 3.31947 3.34825 4.67617 4.68815 1.22319 3.90854 2.63217 3.05274 4.73628 6.09188 6.1731 3.84576 1.96348 4.50825 5.26114 4.24578 3.39276 1.79984 1.09893 6.07567 1.74654 1.85853 5.28936 2.19398 1.04143 4.79513 3.98651 2.76754 6.56225 
3.88686 10.4884 0.732294 6.81399 0 2.8104 6.2619 11.6142 6.84541 5.16727 5.78213 4.20229 4.55473 8.00753 6.24771 3.73568 4.0386 7.72763 11.6361 9.45936 3.77948 4.66906 7.66285 3.4743 4.37668 2.73724 6.13994 4.36704 8.28847 8.49733 2.41229 1.45002 4.68718 10.1057 7.7261 7.90427 3.51731 4.90732 10.1957 7.15303 7.15156 1.34107 8.49096 7.01176 5.30255 8.14198 7.52962 3.82238 4.0536 6.13965 6.99973 
3.08282 7.81279 2.22691 4.40314 2.8104 0 3.87496 9.162 5.17494 5.47205 5.42485 2.84958 3.20318 5.19962 5.71345 3.10549 1.44135 5.37541 9.24663 6.719 3.69015 1.86622 4.85394 1.33483 4.17809 0.342527 3.50445 1.63655 6.43124 5.70231 2.19921 2.9029 2.99512 7.35907 5.7742 5.16643 1.54972 4.38541 7.66978 4.40737 4.50814 2.80417 6.14796 5.16422 5.27497 5.40583 5.29399 3.76857 1.32097 3.32929 4.8707 
3.34313 4.41147 5.538 0.55213 6.2619 3.87496 0 5.35645 2.25114 5.49824 4.56072 6.00132 6.23731 3.65218 4.45791 3.56862 2.43674 1.50219 5.40194 5.6263 4.27918 2.97662 3.38699 2.79744 4.26021 4.16739 0.992712 3.48696 2.90581 3.31593 4.19707 5.5499 5.77916 4.29436 2.21298 4.5104 4.79777 3.87542 3.94312 1.9209 1.34579 5.53147 2.27602 1.91714 4.94737 2.52257 1.45686 4.33838 3.53664 2.58257 6.33769 
8.30476 2.28926 10.8873 4.8057 11.6142 9.162 5.35645 0 5.50154 9.64125 8.35912 10.7748 10.9102 5.8461 7.95616 8.53215 7.72791 3.89243 0.458207 6.89683 9.08202 7.8234 5.93379 8.15382 8.81852 9.42339 5.68943 8.35392 4.21879 4.74479 9.44954 10.8084 10.3787 3.24568 4.38475 7.00908 9.7896 8.22906 1.55558 5.13407 4.74076 10.8063 3.14636 5.09326 9.01244 4.29572 4.15224 9.11618 8.51875 6.61732 9.90823 
3.05517 5.49097 6.12804 2.27555 6.84541 5.17494 2.25114 5.50154 0 4.16864 2.94 7.76375 8.05223 5.81952 2.63576 3.25974 3.94049 2.25519 5.35737 7.77427 3.66974 4.92549 5.58436 3.85054 3.33794 5.51352 3.23964 5.36758 1.47988 5.28665 4.45168 5.72736 7.65796 5.73352 1.11693 6.74611 6.45999 2.7317 4.53303 4.07107 3.37195 5.76066 2.63369 0.490134 3.54303 4.39177 1.77769 3.69142 5.32163 4.81751 8.51375 
2.58036 9.57756 4.71279 5.86238 5.16727 5.47205 5.49824 9.64125 4.16864 0 1.31933 8.25445 8.62348 8.9632 1.81805 2.46067 5.22705 6.26762 9.4606 10.9002 1.7831 6.55592 8.64609 4.52819 1.3853 5.74929 6.18376 6.70965 5.45012 8.80134 3.36273 3.71836 8.46335 9.68148 5.27671 9.53951 7.01149 1.62282 8.69324 7.34699 6.84368 3.83268 6.7746 4.62316 0.628816 8.01902 5.82646 1.704 6.47571 7.34712 10.2137 
2.3421 8.41579 5.20852 4.84851 5.78213 5.42485 4.56072 8.35912 2.94 1.31933 0 8.27382 8.62776 8.16013 0.535719 2.34185 4.83721 5.12756 8.16525 10.1279 2.01139 6.14873 7.86422 4.26437 1.41144 5.74147 5.36567 6.39999 4.15154 7.87136 3.59798 4.36347 8.38882 8.59138 4.02544 8.8601 6.967 1.03963 7.47087 6.46962 5.89319 4.4556 5.57208 3.41515 0.718154 7.03995 4.66711 1.96249 6.21336 6.69834 9.89655 
5.93173 8.97645 4.07226 6.42955 4.20229 2.84958 6.00132 10.7748 7.76375 8.25445 8.27382 0 0.375226 5.53013 8.56008 5.94698 3.82541 7.38153 10.9607 6.28176 6.48814 3.04875 5.26536 4.10201 7.00475 2.53436 5.2596 2.52101 8.84313 6.43866 4.89988 5.10783 0.615836 8.27448 8.15316 4.87305 1.33154 7.23459 9.2198 5.64374 6.07898 4.98079 8.10333 7.65367 8.10181 6.54914 7.44853 6.5639 2.47511 4.17094 2.94946 
6.2859 9.0616 4.44124 6.64864 4.55473 3.20318 6.23731 10.9102 8.05223 8.62348 8.62776 0.375226 0 5.54906 8.90693 6.30556 4.12278 7.58967 11.1092 6.1833 6.85486 3.2659 5.3008 4.43533 7.36756 2.8937 5.46158 2.75059 9.1002 6.49464 5.27123 5.48053 0.547343 8.3326 8.40804 4.82185 1.66721 7.58821 9.35464 5.77638 6.24579 5.35325 8.29962 7.92708 8.46491 6.65577 7.6759 6.93094 2.73879 4.2933 2.69709 
6.51474 3.70153 7.41441 3.54555 8.00753 5.19962 3.65218 5.8461 5.81952 8.9632 8.16013 5.53013 5.54906 0 8.09759 6.70532 4.23072 3.935 6.15642 1.97482 7.47632 3.33932 0.350435 5.00892 7.62491 5.2859 2.79647 3.69844 5.95237 1.10131 6.75588 7.90663 5.00301 2.85521 5.37295 1.19149 4.97909 7.36667 4.3799 1.74943 2.46006 7.83619 4.26777 5.4004 8.46697 1.78516 4.33009 7.54948 3.99345 1.88668 4.07567 
2.65516 8.12578 5.65227 4.69116 6.24771 5.71345 4.45791 7.95616 2.63576 1.81805 0.535719 8.56008 8.90693 8.09759 0 2.69346 5.0069 4.87393 7.74481 10.0718 2.4683 6.29196 7.81486 4.49572 1.87347 6.03933 5.32087 6.58039 3.73766 7.73921 4.0017 4.84492 8.64185 8.35343 3.67792 8.8569 7.24046 1.38283 7.13283 6.37862 5.76419 4.93217 5.26139 3.12344 1.24412 6.88331 4.40245 2.42773 6.41441 6.72605 10.0494 
0.230553 7.94953 3.06928 4.05181 3.73568 3.10549 3.56862 8.53215 3.25974 2.46067 2.34185 5.94698 6.30556 6.70532 2.69346 0 2.77453 4.73904 8.46012 8.59104 0.77215 4.09963 6.37193 2.06832 1.09427 3.41266 4.0207 4.25075 4.73932 6.7052 1.35288 2.48864 6.09286 7.86121 4.27814 7.17127 4.65464 1.31603 7.30853 5.21633 4.84715 2.53573 5.41519 3.53491 2.17985 6.02442 4.39818 0.847489 4.02284 4.98311 7.75844 
2.64761 6.45578 3.35742 2.96199 4.0386 1.44135 2.43674 7.72791 3.94049 5.22705 4.83721 3.82541 4.12278 4.23072 5.0069 2.77453 0 3.93537 7.80688 5.98231 3.51833 1.33073 3.88119 0.791672 3.84416 1.73119 2.11057 1.57426 5.08908 4.53205 2.53205 3.69468 3.75934 6.07318 4.41392 4.49181 2.52064 3.83548 6.24693 3.1291 3.12346 3.63351 4.70736 3.85633 4.87754 4.109 3.86808 3.59831 1.43598 2.36953 5.05954 
4.50857 3.31118 6.99899 0.978751 7.72763 5.37541 1.50219 3.89243 2.25519 6.26762 5.12756 7.38153 7.58967 3.935 4.87393 4.73904 3.93537 0 3.91168 5.79186 5.36487 4.33278 3.77998 4.28324 5.208 5.66395 2.12928 4.8627 2.01779 3.19189 5.5678 6.92793 7.10321 3.48059 1.48005 5.02109 6.23162 4.69806 2.57117 2.31116 1.58068 6.92173 0.773979 1.76612 5.6613 2.27831 0.479794 5.4108 4.95351 3.5576 7.33282 
8.23513 2.68554 10.9062 4.85688 11.6361 9.24663 5.40194 0.458207 5.35737 9.4606 8.16525 10.9607 11.1092 6.15642 7.74481 8.46012 7.80688 3.91168 0 7.28176 8.98144 7.97726 6.22455 8.19406 8.69136 9.51837 5.80954 8.51093 4.01373 5.05712 9.42692 10.7816 10.5832 3.63679 4.24672 7.33102 9.9394 8.08894 1.79289 5.33847 4.89366 10.7851 3.14511 4.97328 8.83232 4.54785 4.12389 9.01194 8.66175 6.82422 10.1998 
8.41086 4.60806 8.93928 5.49899 9.45936 6.719 5.6263 6.89683 7.77427 10.9002 10.1279 6.28176 6.1833 1.97482 10.0718 8.59104 5.98231 5.79186 7.28176 0 9.36306 4.88173 2.2642 6.77384 9.54703 6.73081 4.7623 5.10003 7.7996 2.6279 8.50743 9.56066 5.6799 3.65132 7.26049 1.5556 6.11945 9.31615 5.63675 3.71551 4.40292 9.47701 6.0058 7.34326 10.4181 3.52602 6.21799 9.43842 5.41668 3.62654 3.93549 
0.966296 8.62099 3.19723 4.7398 3.77948 3.69015 4.27918 9.08202 3.66974 1.7831 2.01139 6.48814 6.85486 7.47632 2.4683 0.77215 3.51833 5.36487 8.98144 9.36306 0 4.83373 7.14349 2.7823 0.6 3.97181 4.77877 4.95261 5.13519 7.46031 1.63678 2.38583 6.68334 8.57224 4.74844 7.9399 5.23253 1.1625 7.9203 5.97323 5.58071 2.46796 6.00499 4.01143 1.64114 6.76214 4.99283 0.0808761 4.70863 5.75335 8.44582 
3.9776 6.21537 4.09124 3.3838 4.66906 1.86622 2.97662 7.8234 4.92549 6.55592 6.14873 3.04875 3.2659 3.33932 6.29196 4.09963 1.33073 4.33278 7.97726 4.88173 4.83373 0 2.99628 2.05788 5.17405 1.95003 2.21394 0.535599 5.86231 3.91738 3.69715 4.68035 2.80269 5.65681 5.16792 3.34038 1.96651 5.1582 6.27904 2.77476 3.08504 4.59548 5.05791 4.73861 6.20724 3.75767 4.41009 4.9142 0.720368 1.49498 3.75756 
6.18362 3.85043 7.0667 3.31947 7.66285 4.85394 3.38699 5.93379 5.58436 8.64609 7.86422 5.26536 5.3008 0.350435 7.81486 6.37193 3.88119 3.77998 6.22455 2.2642 7.14349 2.99628 0 4.66039 7.30173 4.9447 2.499 3.36616 5.79029 1.22725 6.40743 7.5562 4.75357 3.04848 5.19076 1.24743 4.66797 7.05553 4.43595 1.52177 2.25576 7.48577 4.16815 5.17801 8.157 1.74502 4.15316 7.21716 3.65768 1.53687 3.97588 
1.97495 7.04315 2.75913 3.34825 3.4743 1.33483 2.79744 8.15382 3.85054 4.52819 4.26437 4.10201 4.43533 5.00892 4.49572 2.06832 0.791672 4.28324 8.19406 6.77384 2.7823 2.05788 4.66039 0 3.15892 1.67703 2.71252 2.18262 5.14586 5.25805 1.74706 2.95987 4.14772 6.72699 4.5067 5.28201 2.77109 3.23462 6.72208 3.81713 3.71138 2.90976 5.05426 3.86605 4.22571 4.77086 4.13179 2.86305 1.96304 3.15803 5.69222 
1.19654 8.50401 3.79709 4.67617 4.37668 4.17809 4.26021 8.81852 3.33794 1.3853 1.41144 7.00475 7.36756 7.62491 1.87347 1.09427 3.84416 5.208 8.69136 9.54703 0.6 5.17405 7.30173 3.15892 0 4.47495 4.86842 5.34138 4.76919 7.52254 2.21073 2.97233 7.17177 8.52169 4.44464 8.16739 5.72739 0.646445 7.72791 6.04935 5.59389 3.05872 5.80026 3.72529 1.09748 6.77732 4.80417 0.554514 5.11649 5.97418 8.85082 
3.39995 8.02129 2.2197 4.68815 2.73724 0.342527 4.16739 9.42339 5.51352 5.74929 5.74147 2.53436 2.8937 5.2859 6.03933 3.41266 1.73119 5.66395 9.51837 6.73081 3.97181 1.95003 4.9447 1.67703 4.47495 0 3.74631 1.63184 6.75994 5.84516 2.43445 3.00185 2.71573 7.53687 6.09931 5.17523 1.263 4.70289 7.91995 4.59573 4.73988 2.8941 6.43462 5.49662 5.57243 5.59499 5.5974 4.04913 1.31693 3.44051 4.68346 
3.81306 4.34857 5.44501 1.22319 6.13994 3.50445 0.992712 5.68943 3.23964 6.18376 5.36567 5.2596 5.46158 2.79647 5.32087 4.0207 2.11057 2.12928 5.80954 4.7623 4.77877 2.21394 2.499 2.71252 4.86842 3.74631 0 2.74793 3.83542 2.68541 4.35285 5.65006 4.97397 4.01828 3.15252 3.55832 4.14827 4.57722 4.17464 1.19581 1.01302 5.60917 2.84418 2.90859 5.67516 2.07479 2.2641 4.84723 2.86567 1.59217 5.36622 
4.15382 6.7163 3.84132 3.90854 4.36704 1.63655 3.48696 8.35392 5.36758 6.70965 6.39999 2.52101 2.75059 3.69844 6.58039 4.25075 1.57426 4.8627 8.51093 5.10003 4.95261 0.535599 3.36616 2.18262 5.34138 1.63184 2.74793 0 6.35585 4.36045 3.6774 4.53213 2.30671 6.13036 5.6625 3.54465 1.44056 5.38661 6.8076 3.2841 3.61779 4.43668 5.59125 5.20626 6.40298 4.25629 4.92927 5.03348 0.317422 1.93138 3.51156 
4.53339 4.67566 7.56492 2.63217 8.28847 6.43124 2.90581 4.21879 1.47988 5.45012 4.15154 8.84313 9.1002 5.95237 3.73766 4.73932 5.08908 2.01779 4.01373 7.7996 5.13519 5.86231 5.79029 5.14586 4.76919 6.75994 3.83542 6.35585 0 5.18378 5.91107 7.20151 8.66074 5.13835 0.694575 7.0257 7.5853 4.14154 3.52596 4.29762 3.55538 7.23197 1.91094 1.28871 4.82268 4.27526 1.6483 5.15293 6.36829 5.39967 9.19368 
6.49571 2.62372 7.85498 3.05274 8.49733 5.70231 3.31593 4.74479 5.28665 8.80134 7.87136 6.43866 6.49464 1.10131 7.73921 6.7052 4.53205 3.19189 5.05712 2.6279 7.46031 3.91738 1.22725 5.25805 7.52254 5.84516 2.68541 4.36045 5.18378 0 6.97278 8.21562 5.94755 1.83797 4.67066 2.27648 5.73917 7.18015 3.28613 1.48982 1.97848 8.16017 3.37867 4.82893 8.26048 0.913787 3.63741 7.52764 4.62366 2.43047 5.17197 
1.48185 8.58902 1.7237 4.73628 2.41229 2.19921 4.19707 9.44954 4.45168 3.36273 3.59798 4.89988 5.27123 6.75588 4.0017 1.35288 2.53205 5.5678 9.42692 8.50743 1.63678 3.69715 6.40743 1.74706 2.21073 2.43445 4.35285 3.6774 5.91107 6.97278 0 1.36015 5.14259 8.35926 5.37952 6.99932 3.69224 2.62085 8.11545 5.50794 5.30956 1.35817 6.3032 4.65007 3.2779 6.42759 5.3043 1.70536 3.3918 4.90157 7.06324 
2.67769 9.92835 1.08449 6.09188 1.45002 2.9029 5.5499 10.8084 5.72736 3.71836 4.36347 5.10783 5.48053 7.90663 4.84492 2.48864 3.69468 6.92793 10.7816 9.56066 2.38583 4.68035 7.5562 2.95987 2.97233 3.00185 5.65006 4.53213 7.20151 8.21562 1.36015 0 5.48742 9.66766 6.69822 8.02043 4.12028 3.53997 9.47448 6.77597 6.6274 0.130366 7.66203 5.96132 3.85956 7.72063 6.66085 2.41968 4.21977 6.02418 7.64881 
6.0547 8.51716 4.48865 6.1731 4.68718 2.99512 5.77916 10.3787 7.65796 8.46335 8.38882 0.615836 0.547343 5.00301 8.64185 6.09286 3.75934 7.10321 10.5832 5.6799 6.68334 2.80269 4.75357 4.14772 7.17177 2.71573 4.97397 2.30671 8.66074 5.94755 5.14259 5.48742 0 7.7855 7.96687 4.29332 1.45274 7.35048 8.82353 5.2467 5.73237 5.36363 7.80316 7.51058 8.26786 6.11661 7.20639 6.7613 2.33858 3.76165 2.36558 
7.63672 0.956777 9.4306 3.84576 10.1057 7.35907 4.29436 3.24568 5.73352 9.68148 8.59138 8.27448 8.3326 2.85521 8.35343 7.86121 6.07318 3.48059 3.63679 3.65132 8.57224 5.65681 3.04848 6.72699 8.52169 7.53687 4.01828 6.13036 5.13835 1.83797 8.35926 9.66766 7.7855 0 4.8312 3.92071 7.53663 8.07626 2.10306 2.95491 3.05209 9.62744 3.23985 5.24353 9.09147 1.96425 3.956 8.63029 6.37464 4.2054 6.89612 
4.06151 4.48617 6.99759 1.96348 7.7261 5.7742 2.21298 4.38475 1.11693 5.27671 4.02544 8.15316 8.40804 5.37295 3.67792 4.27814 4.41392 1.48005 4.24672 7.26049 4.74844 5.16792 5.19076 4.5067 4.44464 6.09931 3.15252 5.6625 0.694575 4.67066 5.37952 6.69822 7.96687 4.8312 0 6.41454 6.90098 3.84597 3.45493 3.68069 2.93859 6.71997 1.61646 0.743347 4.64932 3.75688 1.04405 4.77528 5.67807 4.72632 8.51647 
7.00374 4.81674 7.38468 4.50825 7.90427 5.16643 4.5104 7.00908 6.74611 9.53951 8.8601 4.87305 4.82185 1.19149 8.8569 7.17127 4.49181 5.02109 7.33102 1.5556 7.9399 3.34038 1.24743 5.28201 8.16739 5.17523 3.55832 3.54465 7.0257 2.27648 6.99932 8.02043 4.29332 3.92071 6.41454 0 4.59333 7.99039 5.56253 2.73385 3.47618 7.93439 5.41424 6.36046 9.09058 2.96284 5.3829 8.0172 3.86144 2.19322 2.98259 
4.6266 8.14762 3.18711 5.26114 3.51731 1.54972 4.79777 9.7896 6.45999 7.01149 6.967 1.33154 1.66721 4.97909 7.24046 4.65464 2.52064 6.23162 9.9394 6.11945 5.23253 1.96651 4.66797 2.77109 5.72739 1.263 4.14827 1.44056 7.5853 5.73917 3.69224 4.12028 1.45274 7.53663 6.90098 4.59333 0 5.92741 8.24552 4.72251 5.05002 4.00152 6.97705 6.3714 6.82446 5.6881 6.25435 5.31021 1.28272 3.33229 3.53763 
1.30299 8.00751 4.28935 4.24578 4.90732 4.38541 3.87542 8.22906 2.7317 1.62282 1.03963 7.23459 7.58821 7.36667 1.38283 1.31603 3.83548 4.69806 8.08894 9.31615 1.1625 5.1582 7.05553 3.23462 0.646445 4.70289 4.57722 5.38661 4.14154 7.18015 2.62085 3.53997 7.35048 8.07626 3.84597 7.99039 5.92741 0 7.18192 5.73094 5.22087 3.61652 5.25341 3.14132 1.10236 6.39645 4.27455 1.14356 5.19078 5.80671 8.89212 
7.07819 1.29607 9.47561 3.39276 10.1957 7.66978 3.94312 1.55558 4.53303 8.69324 7.47087 9.2198 9.35464 4.3799 7.13283 7.30853 6.24693 2.57117 1.79289 5.63675 7.9203 6.27904 4.43595 6.72208 7.72791 7.91995 4.17464 6.8076 3.52596 3.28613 8.11545 9.47448 8.82353 2.10306 3.45493 5.56253 8.24552 7.18192 0 3.57849 3.20394 9.46225 1.92884 4.07016 8.07096 2.75652 2.92898 7.96315 6.97938 5.06197 8.40952 
5.00794 3.44345 6.48398 1.79984 7.15303 4.40737 1.9209 5.13407 4.07107 7.34699 6.46962 5.64374 5.77638 1.74943 6.37862 5.21633 3.1291 2.31116 5.33847 3.71551 5.97323 2.77476 1.52177 3.81713 6.04935 4.59573 1.19581 3.2841 4.29762 1.48982 5.50794 6.77597 5.2467 2.95491 3.68069 2.73385 4.72251 5.73094 3.57849 0 0.742905 6.72686 2.80746 3.65788 6.82132 0.999374 2.65137 6.04119 3.4935 1.48582 5.09244 
4.6277 3.33717 6.45405 1.09893 7.15156 4.50814 1.34579 4.74076 3.37195 6.84368 5.89319 6.07898 6.24579 2.46006 5.76419 4.84715 3.12346 1.58068 4.89366 4.40292 5.58071 3.08504 2.25576 3.71138 5.59389 4.73988 1.01302 3.61779 3.55538 1.97848 5.30956 6.6274 5.73237 3.05209 2.93859 3.47618 5.05002 5.22087 3.20394 0.742905 0 6.59175 2.13716 2.94255 6.29259 1.18402 1.90857 5.64353 3.77805 2.0397 5.77046 
2.71834 9.89995 0.954271 6.07567 1.34107 2.80417 5.53147 10.8063 5.76066 3.83268 4.4556 4.98079 5.35325 7.83619 4.93217 2.53573 3.63351 6.92173 10.7851 9.47701 2.46796 4.59548 7.48577 2.90976 3.05872 2.8941 5.60917 4.43668 7.23197 8.16017 1.35817 0.130366 5.36363 9.62744 6.71997 7.93439 4.00152 3.61652 9.46225 6.72686 6.59175 0 7.6601 5.98521 3.96243 7.6769 6.66235 2.50479 4.12323 5.95197 7.53244 
5.18586 2.8726 7.76119 1.74654 8.49096 6.14796 2.27602 3.14636 2.63369 6.7746 5.57208 8.10333 8.29962 4.26777 5.26139 5.41519 4.70736 0.773979 3.14511 6.0058 6.00499 5.05791 4.16815 5.05426 5.80026 6.43462 2.84418 5.59125 1.91094 3.37867 6.3032 7.66203 7.80316 3.23985 1.61646 5.41424 6.97705 5.25341 1.92884 2.80746 2.13716 7.6601 0 2.15796 6.15518 2.50274 1.01702 6.04566 5.69585 4.17333 7.89607 
3.31872 5.00622 6.28581 1.85853 7.01176 5.16422 1.91714 5.09326 0.490134 4.62316 3.41515 7.65367 7.92708 5.4004 3.12344 3.53491 3.85633 1.76612 4.97328 7.34326 4.01143 4.73861 5.17801 3.86605 3.72529 5.49662 2.90859 5.20626 1.28871 4.82893 4.65007 5.96132 7.51058 5.24353 0.743347 6.36046 6.3714 3.14132 4.07016 3.65788 2.94255 5.98521 2.15796 0 4.00096 3.92792 1.28797 4.04007 5.18832 4.49967 8.24273 
2.25077 8.96848 4.78024 5.28936 5.30255 5.27497 4.94737 9.01244 3.54303 0.628816 0.718154 8.10181 8.46491 8.46697 1.24412 2.17985 4.87754 5.6613 8.83232 10.4181 1.64114 6.20724 8.157 4.22571 1.09748 5.57243 5.67516 6.40298 4.82268 8.26048 3.2779 3.85956 8.26786 9.09147 4.64932 9.09058 6.82446 1.10236 8.07096 6.82132 6.29259 3.96243 6.15518 4.00096 0 7.46096 5.21514 1.57343 6.18835 6.90473 9.91453 
5.80661 2.46005 7.46642 2.19398 8.14198 5.40583 2.52257 4.29572 4.39177 8.01902 7.03995 6.54914 6.65577 1.78516 6.88331 6.02442 4.109 2.27831 4.54785 3.52602 6.76214 3.75767 1.74502 4.77086 6.77732 5.59499 2.07479 4.25629 4.27526 0.913787 6.42759 7.72063 6.11661 1.96425 3.75688 2.96284 5.6881 6.39645 2.75652 0.999374 1.18402 7.6769 2.50274 3.92792 7.46096 0 2.72433 6.82556 4.47792 2.38306 5.67929 
4.16885 3.75393 6.7979 1.04143 7.52962 5.29399 1.45686 4.15224 1.77769 5.82646 4.66711 7.44853 7.6759 4.33009 4.40245 4.39818 3.86808 0.479794 4.12389 6.21799 4.99283 4.41009 4.15316 4.13179 4.80417 5.5974 2.2641 4.92927 1.6483 3.63741 5.3043 6.66085 7.20639 3.956 1.04405 5.3829 6.25435 4.27455 2.92898 2.65137 1.90857 6.66235 1.01702 1.28797 5.21514 2.72433 0 5.03483 4.99028 3.78467 7.57925 
1.0367 8.67245 3.24856 4.79513 3.82238 3.76857 4.33838 9.11618 3.69142 1.704 1.96249 6.5639 6.93094 7.54948 2.42773 0.847489 3.59831 5.4108 9.01194 9.43842 0.0808761 4.9142 7.21716 2.86305 0.554514 4.04913 4.84723 5.03348 5.15293 7.52764 1.70536 2.41968 6.7613 8.63029 4.77528 8.0172 5.31021 1.14356 7.96315 6.04119 5.64353 2.50479 6.04566 4.04007 1.57343 6.82556 5.03483 0 4.78942 5.83004 8.52655 
3.93766 6.93517 3.52404 3.98651 4.0536 1.32097 3.53664 8.51875 5.32163 6.47571 6.21336 2.47511 2.73879 3.99345 6.41441 4.02284 1.43598 4.95351 8.66175 5.41668 4.70863 0.720368 3.65768 1.96304 5.11649 1.31693 2.86567 0.317422 6.36829 4.62366 3.3918 4.21977 2.33858 6.37464 5.67807 3.86144 1.28272 5.19078 6.97938 3.4935 3.77805 4.12323 5.69585 5.18832 6.18835 4.47792 4.99028 4.78942 0 2.19393 3.73814 
4.8124 4.83118 5.53355 2.76754 6.13965 3.32929 2.58257 6.61732 4.81751 7.34712 6.69834 4.17094 4.2933 1.88668 6.72605 4.98311 2.36953 3.5576 6.82422 3.62654 5.75335 1.49498 1.53687 3.15803 5.97418 3.44051 1.59217 1.93138 5.39967 2.43047 4.90157 6.02418 3.76165 4.2054 4.72632 2.19322 3.33229 5.80671 5.06197 1.48582 2.0397 5.95197 4.17333 4.49967 6.90473 2.38306 3.78467 5.83004 2.19393 0 3.79569 
7.66521 7.77295 6.72222 6.56225 6.99973 4.8707 6.33769 9.90823 8.51375 10.2137 9.89655 2.94946 2.69709 4.07567 10.0494 7.75844 5.05954 7.33282 10.1998 3.93549 8.44582 3.75756 3.97588 5.69222 8.85082 4.68346 5.36622 3.51156 9.19368 5.17197 7.06324 7.64881 2.36558 6.89612 8.51647 2.98259 3.53763 8.89212 8.40952 5.09244 5.77046 7.53244 7.89607 8.24273 9.91453 5.67929 7.57925 8.52655 3.73814 3.79569 0 
