100
6.85833 9.59959 8.29869 0
9.90626 13.7394 0.304263 0
4.36895 17.927 18.1638 0
6.19202 23.5843 1.78715 1
5.98232 13.532 1.32974 0
17.2312 19.2072 0.206566 1
13.4698 15.7426 2.14291 1
3.82814 7.46124 16.1039 0
3.72529 16.7381 1.24553 0
3.082 7.51562 2.23118 0
5.45657 13.5356 0.417976 0
6.57013 23.7285 0.562149 0
4.64571 6.53085 2.16951 0
7.01357 14.9591 0.440521 0
0.797292 9.79489 1.01176 1
5.63456 12.2613 2.09002 0
16.8111 19.5881 1.43848 0
1.347 22.6678 2.23568 0
13.167 22.2346 2.00906 0
4.59367 22.6387 8.74023 0
3.78115 19.6487 0.268569 0
7.64058 21.8227 1.14588 0
12.4409 14.2226 1.91416 0
0.301357 10.2551 1.04116 0
16.1258 22.3333 1.12349 0
16.5137 22.0765 2.02553 0
6.15026 20.0244 1.62482 0
9.75619 18.9957 1.01472 0
16.9399 17.6973 2.03826 0
17.5164 22.4306 0.685096 0
3.05889 17.7362 2.01275 0
12.1621 14.0137 1.60261 0
9.87756 12.0305 1.97553 0
18.9609 20.8349 0.923747 0
6.36772 7.61918 0.272567 0
7.57306 8.01862 1.8089 1
10.6608 17.1373 2.20032 0
2.86303 18.5818 1.17446 0
1.39045 9.56914 25.6058 0
9.5072 22.7947 1.43881 0
10.9934 17.6286 0.990069 1
5.59591 9.26967 1.35132 0
12.6129 14.1565 0.929105 0
0.198669 8.88427 0.433235 0
8.65301 20.6247 1.80227 0
15.5573 19.8525 0.267228 0
11.1516 21.1024 0.574409 0
13.6169 19.6528 1.94026 0
0.586249 16.6987 1.17069 0
2.00731 17.1582 23.3099 1
9.02328 23.5615 1.56998 1
6.35989 7.89848 2.09955 0
0.777134 16.7263 0.442125 0
0.316446 19.4792 1.39178 1
5.31092 14.7703 2.06165 0
9.75587 11.2413 0.429232 0
14.4722 23.8645 1.61881 0
0.222813 15.5754 1.44136 1
7.96335 11.9489 0.77571 0
17.315 19.3614 1.64975 1
6.38523 12.943 12.8837 0
1.75079 20.4023 0.46234 0
14.4715 22.1046 1.33202 0
12.673 17.7655 0.960292 0
8.878 23.3569 0.218785 0
4.9091 7.56755 1.2065 1
6.71638 18.7518 2.00617 1
12.5808 20.7336 0.433561 0
11.1277 15.7866 0.757502 0
15.1869 18.0433 1.87043 0
14.8605 23.1798 1.1172 1
6.0322 15.5902 1.70799 0
13.0187 23.7923 1.45344 1
6.15934 10.3571 0.987382 0
11.2038 22.2441 1.18511 0
7.78168 23.6929 1.89253 0
0.602974 11.8815 1.2967 0
6.40541 12.2314 0.38289 0
10.1188 21.5841 29.8239 0
7.32585 17.8985 1.35117 0
14.6193 15.3332 1.19099 0
1.12672 17.8524 2.09976 1
16.3222 21.0441 2.13525 0
2.27709 14.6756 1.11689 0
4.34014 8.55092 23.8901 0
4.97175 12.8556 0.375109 1
8.48972 12.178 0.758269 0
11.7783 21.3066 0.512229 0
0.614299 1.76873 0.322215 0
6.39329 8.33641 7.33921 0
16.1354 19.6814 2.55559 0
7.61635 8.95943 0.66891 0
18.0067 23.6456 16.2682 0
4.01228 9.39685 1.9439 0
3.62728 5.31797 1.21337 1
12.21 15.3893 0.971617 0
14.6057 17.5478 1.22439 0
12.1288 15.6265 0.575133 0
0.186165 14.0614 1.75356 0
9.5117 13.9698 1.39564 0
400 50 500
0.025 0.0125 10000 3000 15 1e+06 300000 6 9
0 25.0241 12.2817 5.74889 12.9684 18.5755 22.7511 32.8041 2.54554 25.7773 30.7435 22.888 29.3824 26.3289 17.3243 32.7851 26.1404 34.7622 19.3974 24.5142 14.2162 31.4298 13.0757 19.8602 32.0276 17.2344 11.4302 23.0831 4.78486 28.6631 24.1712 27.7316 29.8485 16.0831 27.9626 24.6873 42.281 14.3203 8.63438 40.9002 27.1247 27.5251 31.8285 12.5817 27.7727 26.4454 17.5418 11.7377 34.8915 30.6614 16.2133 31.0452 20.7732 27.7787 34.7118 26.3523 14.9693 30.8847 28.659 17.8447 15.2457 21.0534 13.6961 22.9238 15.4862 10.4896 22.886 17.5014 4.84633 40.2998 27.9175 24.8519 13.4323 39.5145 16.491 1.67376 17.4307 35.7019 3.49545 32.0526 19.1311 24.3877 37.1981 33.7283 29.0586 33.918 9.88506 31.5109 11.9903 40.6709 29.2402 8.83672 26.1758 25.0558 15.7515 26.4983 15.4694 27.3796 29.1594 29.6451 27.0134 
25.0241 0 22.7994 21.3402 13.5234 8.75744 16.2391 8.6672 26.1972 30.0611 6.64893 2.77606 10.3309 11.4834 7.71607 17.0285 2.29688 12.2304 6.245 30.1314 23.9502 9.1933 19.2506 6.49769 28.9201 9.99996 15.9713 7.00029 21.7142 7.21008 30.5448 4.13893 29.5437 25.9366 9.25666 23.2488 22.124 10.8127 27.0337 19.2087 15.6442 7.98974 29.47 25.9551 13.7822 7.12906 10.9794 15.8809 24.4468 13.398 8.82936 30.9565 16.5968 19.8269 20.1366 2.8454 24.7725 10.7335 30.2818 8.31991 17.0576 10.621 21.7964 21.6254 16.2395 21.0913 28.5144 7.52557 20.6288 18.9996 19.0887 6.8901 15.9049 18.1433 19.6782 23.4182 9.44521 13.8169 25.7117 24.4276 8.15 0.639832 22.8534 25.4999 24.0003 19.2622 26.1019 27.9177 16.3698 19.0295 11.5756 24.1143 3.77142 3.2738 9.33717 7.25492 26.0138 11.4927 25.1753 12.5655 5.5139 
12.2817 22.7994 0 7.17717 9.82105 14.1191 12.8707 28.2026 10.808 13.6835 26.432 20.0567 30.8735 18.5902 16.2372 23.7199 24.739 28.638 16.6163 12.5764 2.12025 31.4364 3.60361 20.552 19.8493 19.8379 17.3463 17.6914 14.4523 28.8676 12.3789 23.7369 17.5689 4.45183 29.4154 12.7364 33.9263 15.3298 6.27762 33.5155 17.702 28.5138 19.6005 3.17346 19.1657 20.728 20.9474 7.41208 23.8111 22.656 16.0435 18.7653 10.7911 16.9649 24.9078 22.7631 3.07635 24.1641 16.4073 14.5141 6.2779 24.382 1.79353 11.1927 7.03718 2.52321 10.8367 16.5343 13.0231 32.7433 17.351 19.2633 19.6854 32.0797 5.37804 11.2654 19.6369 29.0368 9.50739 20.5718 14.7577 22.214 27.0195 22.2311 17.3316 24.2552 4.4828 19.3976 18.3864 33.2779 21.78 3.78404 25.5212 21.2215 16.0209 20.7234 4.08369 30.0231 17.2314 21.8141 26.9616 
5.74889 21.3402 7.17717 0 8.15033 13.8371 17.0377 28.4411 5.43304 20.8566 26.4424 18.9003 27.4302 20.9854 13.7373 27.2485 22.8192 29.9497 15.2699 19.7478 9.27293 28.8353 7.35738 17.2227 26.5018 15.4213 11.2503 18.2566 7.28582 26.0983 19.5252 23.4753 24.5071 11.4585 25.9606 19.0726 36.9436 11.4558 6.52726 35.7935 21.4923 25.2928 26.3559 8.53312 22.2762 21.6146 16.1848 6.38459 29.1428 25.3168 12.9474 25.7661 15.0407 22.0313 29.0681 22.2019 10.1672 25.8551 23.4943 13.4286 9.50911 19.8039 8.29979 17.2592 9.78541 4.98531 18.0138 13.9779 5.92272 35.1444 22.1789 20.0195 13.6079 34.3849 10.8052 4.36242 15.418 30.7456 4.56444 26.3199 14.4483 20.703 31.5141 27.9949 23.3654 28.2911 6.6271 25.94 12.1825 35.5604 24.0021 4.71889 23.1693 20.7835 12.6528 21.6522 10.9495 25.9517 23.5157 24.3273 24.2933 
12.9684 13.5234 9.82105 8.15033 0 5.70011 11.4272 20.2943 13.4447 20.7344 18.3051 10.9335 21.0534 13.5043 6.43945 20.2142 15.2482 21.8778 7.30206 20.1861 11.4248 21.7487 6.6831 10.7383 23.5803 10.391 10.0775 10.1696 11.5008 19.1249 20.3082 15.3539 22.5923 13.7252 19.5945 16.1493 29.3834 5.87496 13.5104 27.9318 14.9826 18.702 23.7222 12.8333 15.1766 13.5381 11.6686 2.44451 23.7637 17.8063 6.24652 24.0202 9.93993 16.8031 22.4624 14.1185 12.3798 17.9194 22.3382 5.33564 5.9057 14.8679 9.32053 14.1314 5.40288 7.75122 18.3657 6.73212 9.91586 27.3338 16.6536 11.9401 12.021 26.5466 8.8361 11.2988 10.0923 22.7563 12.7018 21.6771 6.3023 12.9006 25.1217 23.2746 19.4066 21.6098 12.6283 22.7866 11.1333 27.7024 16.3129 10.6072 15.87 12.6693 6.28648 13.5835 13.5971 20.2593 20.0009 16.7709 17.2315 
18.5755 8.75744 14.1191 13.8371 5.70011 0 9.38296 14.6549 19.1433 22.0092 12.7069 5.9848 17.9382 8.63923 4.67311 15.5822 10.8403 16.1983 3.00917 21.8766 15.1982 17.7372 10.5376 8.71873 22.5703 10.2998 13.1458 4.50876 16.5395 15.3805 22.2076 9.82202 22.4372 17.1835 16.5808 15.8612 24.0905 7.18146 18.814 22.3941 11.268 15.4751 22.9317 17.2895 10.712 7.87026 11.7714 7.6809 20.6221 12.7224 5.76367 23.8914 8.91302 14.3132 18.195 8.71138 16.0152 12.3654 22.7629 1.57111 8.30553 13.937 13.0493 13.9941 7.48961 12.5978 20.1734 4.89779 15.0719 21.8397 13.8728 6.27651 14.3894 21.0329 11.0038 16.9018 9.76129 17.1332 18.3958 19.3305 0.647884 8.20637 20.9761 20.7584 17.8541 17.2965 17.6842 21.6435 14.0246 22.1684 11.0582 15.798 11.864 7.19336 6.30256 7.9228 17.2564 17.9588 18.779 11.663 13.4817 
22.7511 16.2391 12.8707 17.0377 11.4272 9.38296 0 18.007 22.2508 14.1491 16.7716 13.7761 26.4161 6.8473 14.0211 10.8551 18.5359 17.0909 12.1688 14.521 12.5501 25.3471 10.1261 18.042 13.1997 19.6122 21.3104 9.25899 22.5472 23.4379 15.0881 14.941 13.3532 13.3897 25.1869 7.02469 21.1022 15.94 19.095 20.9943 4.83657 23.9788 13.596 15.5067 6.57854 10.759 21.0799 11.3743 12.3963 10.2087 14.9594 14.7863 2.09465 5.37601 12.165 14.6703 12.8598 12.5481 14.0502 10.9027 7.55093 23.3104 11.1091 5.57639 7.26595 13.0755 13.1581 14.2623 20.9057 20.1669 5.27683 9.91183 22.9981 19.5692 7.52434 21.2275 19.0967 17.0737 21.1115 10.3023 9.59695 15.899 14.4992 11.8684 8.48051 11.4562 17.3511 12.2638 22.322 20.7584 9.80789 16.258 19.9251 13.317 15.4166 10.689 13.8248 26.9255 9.40166 9.54633 21.6643 
32.8041 8.6672 28.2026 28.4411 20.2943 14.6549 18.007 0 33.6465 31.9866 2.09058 10.0484 15.1684 11.2612 15.6977 13.0989 9.0981 4.44143 13.4093 32.4912 28.8348 11.8645 24.6229 15.1617 28.312 18.6668 24.5508 10.5313 29.938 11.9141 33.0835 5.09135 29.9147 30.3927 14.8229 24.5816 14.4924 19.0564 33.3848 11.0631 15.0276 13.6916 29.0623 31.3418 12.5877 7.56057 19.6131 22.3308 21.4786 9.99214 17.0046 31.1708 19.2832 19.3589 15.9886 6.53523 29.4756 6.38054 31.2368 15.044 21.9562 18.8005 26.8273 23.4998 21.1736 27.0442 31.1649 15.586 28.7148 11.0627 18.4451 8.9462 24.5698 10.2482 23.8999 31.1483 18.112 6.22025 32.9777 22.8011 14.0243 9.19228 18.2158 23.3598 23.6274 15.3077 32.1326 27.2987 24.9997 10.9199 9.00449 30.3408 10.3891 7.74868 17.5819 7.58863 30.6462 17.6093 24.9749 9.81045 11.4039 
2.54554 26.1972 10.808 5.43304 13.4447 19.1433 22.2508 33.6465 0 23.9571 31.6178 23.9042 31.2276 26.4164 18.4875 32.6263 27.479 35.3137 20.322 22.6225 12.5768 33.0707 12.2441 21.4231 30.6565 19.0394 13.5632 23.6068 7.19728 30.3044 22.2249 28.6237 28.2952 14.2328 29.7867 23.4828 42.3713 15.7312 6.32178 41.2189 26.812 29.2742 30.3955 10.5983 27.6763 26.973 19.4809 11.8129 34.1222 30.7464 17.4985 29.4335 20.2064 27.0642 34.3627 27.2982 13.2322 31.2652 26.9732 18.6029 14.7024 23.0528 12.3923 21.8235 15.0689 9.41737 21.0629 18.6941 6.93637 40.5742 27.2847 25.3754 15.6778 39.8123 15.5077 3.25944 19.1769 36.1448 1.31161 31.1082 19.7373 25.5574 36.75 32.7821 27.9886 33.6043 7.78038 30.2023 14.2153 40.9861 29.4346 7.11451 27.6423 25.9305 17.0966 27.0149 13.5858 29.3672 27.9798 29.7591 28.5919 
25.7773 30.0611 13.6835 20.8566 20.7344 22.0092 14.1491 31.9866 23.9571 0 30.8745 27.4225 39.9017 20.7261 26.0051 21.9196 32.3355 30.4411 25.0184 1.63694 11.6207 39.2504 14.6957 30.4741 9.06785 30.9854 30.1668 23.2319 28.1131 37.1501 2.43332 29.0839 5.64828 9.72494 38.5713 7.44251 31.5075 26.565 18.0194 32.7231 17.2383 37.4365 8.33405 13.3943 19.6535 24.8998 32.3351 18.9918 17.1635 23.0327 26.4453 6.17612 13.4666 13.4689 21.2899 28.7484 10.8129 26.0928 3.51744 23.2088 14.8485 35.3005 12.7195 8.5731 15.4545 15.9793 2.89509 26.2984 26.6414 31.7942 14.3718 24.0428 32.3804 31.418 11.8993 24.8983 30.6095 30.0197 22.6546 13.3928 22.4569 29.6459 22.1035 14.5368 10.28 21.1016 16.2687 9.28259 31.2442 32.5061 23.2711 16.9442 33.6006 27.3371 26.6851 24.8264 10.3735 39.9365 9.13831 22.7178 35.2998 
30.7435 6.64893 26.432 26.4424 18.3051 12.7069 16.7716 2.09058 31.6178 30.8745 0 7.95888 14.0476 10.2323 13.6093 13.1849 7.31386 5.82845 11.3461 31.2927 27.1496 11.0904 22.8378 13.1451 27.7407 16.6419 22.4755 8.74412 27.8493 10.6949 31.8521 3.01349 29.1273 28.7875 13.5347 23.5338 15.9479 16.9658 31.492 12.7397 14.2477 12.3409 28.4493 29.5869 11.8662 6.06228 17.624 20.3875 21.4442 9.78513 14.9141 30.4282 17.8925 18.6439 16.213 4.44531 27.8238 6.23274 30.328 13.0241 20.2226 16.9738 25.1077 22.3266 19.4273 25.1874 29.9 13.4962 26.6313 12.6344 17.7552 7.27831 22.5304 11.793 22.292 29.0906 16.08 7.55098 30.968 22.4255 12.0689 7.14987 18.6304 23.1243 22.9528 15.4581 30.2825 26.7212 22.9366 12.5771 8.46943 28.4574 8.72384 5.69257 15.4914 6.11622 29.012 16.2605 24.2749 9.38719 9.9228 
22.888 2.77606 20.0567 18.9003 10.9335 5.9848 13.7761 10.0484 23.9042 27.4225 7.95888 0 12.6401 9.75735 5.6523 15.9662 4.94824 12.8834 3.63976 27.448 21.1817 11.8931 16.4961 6.14086 26.6881 9.35021 14.6777 4.74581 19.8909 9.73212 27.844 4.97337 27.1263 23.1609 11.4261 20.7384 22.2854 9.01464 24.4263 19.7497 13.7239 10.2063 27.1931 23.2183 12.1288 6.03153 10.5854 13.2401 22.846 12.4314 6.9605 28.5542 13.9814 17.7196 19.0048 3.51372 21.9998 10.4006 27.7674 5.64162 14.282 11.1549 19.0302 19.054 13.4637 18.3992 25.8109 5.53778 18.6862 19.4124 17.0422 5.2167 15.003 18.5566 16.9083 21.2509 8.74616 14.2725 23.3454 22.4836 5.37438 2.25766 21.7912 23.661 21.7861 18.1038 23.4379 25.6992 15.2316 19.5504 10.5513 21.475 6.18699 2.55816 7.54654 6.1525 23.2405 13.3407 22.9088 11.4815 7.90905 
29.3824 10.3309 30.8735 27.4302 21.0534 17.9382 26.4161 15.1684 31.2276 39.9017 14.0476 12.6401 0 21.7596 14.654 26.7337 8.10044 19.6027 14.947 39.8125 32.3978 3.95714 27.5961 10.3683 39.2409 12.1884 18.1715 17.2754 25.0191 3.39049 40.1449 13.287 39.7655 34.6111 1.47384 33.3663 29.6277 16.0164 33.8125 26.0303 25.9545 2.46544 39.7778 33.8656 24.0067 17.2478 11.8731 23.4789 34.5518 23.1232 14.8801 41.1917 26.5462 30.1578 29.8462 12.6543 33.3187 19.9231 40.3886 16.9065 25.9356 8.59514 30.2492 31.6468 25.1595 28.7415 38.1111 14.3535 24.5419 26.1437 29.4162 17.2037 16.7365 25.3568 28.8115 28.0403 12.0793 21.3811 31.1427 34.7263 17.4574 10.5711 32.4296 35.7526 34.323 29.018 33.3301 38.241 17.9296 25.9151 21.4284 31.2341 6.56021 13.5555 14.9991 17.3692 34.5563 3.15451 35.4849 22.4304 4.81805 
26.3289 11.4834 18.5902 20.9854 13.5043 8.63923 6.8473 11.2612 26.4164 20.7261 10.2323 9.75735 21.7596 0 12.7252 6.94706 13.6605 10.3155 10.0783 21.2437 18.7321 19.9552 15.2777 15.4842 17.7885 18.0839 21.7564 5.24765 24.919 18.5004 21.8513 8.96871 18.9387 19.9164 20.7362 13.3333 15.9651 15.7265 24.489 15.0004 4.23892 19.4655 18.4327 21.5356 2.37702 4.6348 19.5025 14.6359 13.0887 4.33571 14.0529 20.2674 8.41051 8.60322 9.67696 9.17717 19.2047 5.75398 20.0963 10.0472 12.4457 20.7544 16.9678 12.2524 11.8113 18.1059 19.9592 12.8472 23.3756 14.2787 7.77704 4.6149 22.8583 13.5683 13.607 24.6815 17.4864 10.4901 25.4525 12.9687 8.36512 11.3644 12.4884 14.0167 12.9046 8.76675 22.9299 16.77 22.6029 14.7634 3.19001 21.4741 15.2322 8.21708 14.6556 4.52699 20.2767 22.929 14.1833 3.34562 16.9525 
17.3243 7.71607 16.2372 13.7373 6.43945 4.67311 14.0211 15.6977 18.4875 26.0051 13.6093 5.6523 14.654 12.7252 0 19.6069 9.08199 18.3062 2.7548 25.6983 17.7454 15.3456 12.9459 4.50666 27.1745 5.62838 9.38482 7.70549 14.2403 12.6957 25.9373 10.6128 26.8831 19.9758 13.2062 20.2847 27.2263 3.42829 19.7057 25.0161 15.8055 12.2778 27.505 19.2718 14.9742 10.5504 7.09976 8.88264 25.196 16.4163 1.41674 28.339 13.3732 18.9841 22.4016 9.16526 18.6714 15.2298 27.0571 3.12099 11.4536 9.41438 15.6005 18.354 10.7227 14.1851 23.9271 0.303518 13.0395 24.594 18.5306 9.16991 10.1837 23.7498 14.4111 15.709 5.08853 19.5622 18.0319 23.999 4.61804 7.07703 25.2112 25.4148 22.501 21.4918 18.9776 26.2613 10.0962 24.8056 14.6016 16.9163 9.51788 8.04494 2.04618 10.6452 19.9066 14.0901 23.3954 15.3704 10.8112 
32.7851 17.0285 23.7199 27.2485 20.2142 15.5822 10.8551 13.0989 32.6263 21.9196 13.1849 15.9662 26.7337 6.94706 19.6069 0 18.9017 9.75793 16.9091 22.8929 23.363 24.1857 20.8183 22.0003 16.0966 24.829 28.7027 11.9579 31.7029 23.3492 23.6484 13.4572 18.4052 23.9865 25.9416 14.7704 10.2919 22.6667 29.9177 10.8242 6.01896 24.6727 16.9536 26.3411 5.04008 9.99415 26.2121 21.0521 8.3916 3.63711 20.9585 19.438 12.9288 8.48613 3.11979 14.2878 23.6029 6.95565 20.1859 16.9926 18.0781 27.1211 21.9634 14.6231 17.605 23.7616 22.0708 19.711 30.1292 9.90795 7.62744 10.8195 29.7725 9.49985 18.3789 31.1704 24.2235 8.73098 31.5697 10.2273 15.3112 17.0953 5.83801 10.4696 12.0291 2.28932 28.1963 15.1381 29.544 10.6029 5.4624 27.0284 20.5213 13.8733 21.5683 9.86866 24.4837 28.4195 13.3815 4.49411 22.1137 
26.1404 2.29688 24.739 22.8192 15.2482 10.8403 18.5359 9.0981 27.479 32.3355 7.31386 4.94824 8.10044 13.6605 9.08199 18.9017 0 13.1312 8.12388 32.3859 25.9733 6.9449 21.2297 6.66992 31.1894 10.0969 16.3988 9.29507 22.5413 4.91911 32.7884 5.53997 31.8385 28.0116 7.10956 25.5447 23.2169 11.8202 28.7141 20.0516 17.8547 5.83321 31.7474 27.8743 15.9207 9.1841 10.8131 17.6568 26.5221 15.2656 9.9805 33.25 18.8757 22.0761 22.021 4.63226 26.8185 12.3334 32.5778 10.2267 19.1402 9.70258 23.8118 23.9148 18.3267 22.9275 30.756 8.84337 21.5822 19.9436 21.3243 9.10737 15.9977 19.099 21.8243 24.5777 9.6165 14.8231 27.0806 26.626 10.2583 2.69614 24.6884 27.6622 26.2686 21.1646 27.8754 30.1847 16.6544 19.8904 13.497 25.8523 1.62008 5.45651 10.3997 9.30747 28.063 9.51842 27.4525 14.4975 3.29432 
34.7622 12.2304 28.638 29.9497 21.8778 16.1983 17.0909 4.44143 35.3137 30.4411 5.82845 12.8834 19.6027 10.3155 18.3062 9.75793 13.1312 0 15.7224 31.1484 28.9505 16.2904 25.1762 18.6282 25.6851 22.0647 27.5491 11.7084 32.3715 16.3259 31.8154 8.14642 27.6851 30.2184 19.2205 23.0088 10.1314 21.7343 34.2689 6.97843 13.2051 18.065 26.5032 31.6743 10.8178 8.34077 23.1526 23.62 18.0669 7.451 19.6964 28.8353 18.726 17.2045 12.3271 9.60589 29.4681 4.56157 29.2432 16.9675 22.3783 22.7436 27.0968 22.2509 21.6613 27.846 30.0064 18.2563 31.0221 6.81372 16.2716 9.93864 27.8523 5.96784 23.8501 33.089 21.4793 1.77908 34.513 19.914 15.6319 12.6442 14.2686 20.2273 21.2776 11.7731 32.8386 24.6976 28.1149 6.80105 7.29529 31.2151 14.5518 10.3388 20.3108 8.29922 30.563 21.9888 22.6481 7.73239 15.7078 
19.3974 6.245 16.6163 15.2699 7.30206 3.00917 12.1688 13.4093 20.322 25.0184 11.3461 3.63976 14.947 10.0783 2.7548 16.9091 8.12388 15.7224 0 24.8777 17.8668 14.9129 13.109 5.88805 25.3636 8.02969 12.126 4.96978 16.6679 12.4728 25.1998 8.33478 25.3635 19.9458 13.5797 18.8086 24.4905 6.10654 20.8068 22.3481 13.3856 12.487 25.763 19.7565 12.3742 7.81642 9.47069 9.63791 22.7763 13.6754 4.16411 26.815 11.8675 16.8389 19.7482 6.97781 18.7267 12.5012 25.7423 2.10285 11.112 11.2067 15.7029 16.9676 10.3115 14.8518 23.1668 2.81734 15.3666 21.903 16.3098 6.41624 12.9241 21.0632 13.9102 17.745 7.44133 16.9153 19.7335 21.8123 2.61171 5.63481 22.5622 23.1627 20.5759 18.8367 19.857 24.417 12.85 22.1345 11.8528 17.8735 8.9996 5.66098 4.7933 7.90823 19.9723 14.9601 21.5616 12.6332 10.5635 
24.5142 30.1314 12.5764 19.7478 20.1861 21.8766 14.521 32.4912 22.6225 1.63694 31.2927 27.448 39.8125 21.2437 25.6983 22.8929 32.3859 31.1484 24.8777 0 10.4753 39.3231 13.9203 30.1934 10.6574 30.5228 29.3863 23.4099 27.0283 37.1475 0.847129 29.3762 7.26689 8.43148 38.4568 8.18809 32.6447 26.0518 16.5954 33.716 17.9567 37.3481 9.94513 12.0283 20.3318 25.2693 31.8416 18.3156 18.5328 23.7944 26.055 7.81072 13.6137 14.4078 22.4361 28.9604 9.60956 26.7339 5.15416 22.9997 14.3673 34.9014 11.7689 8.99215 15.0281 14.9547 1.83041 25.9959 25.5922 32.7952 15.2847 24.3263 31.637 32.3879 11.3822 23.6982 30.1721 30.8097 21.3276 14.7446 22.3576 29.6902 23.3813 15.9593 11.5207 22.1991 14.8858 10.8245 30.4589 33.4954 23.9149 15.6798 33.5992 27.515 26.2594 25.2026 9.05085 39.7182 10.4593 23.4162 35.2771 
14.2162 23.9502 2.12025 9.27293 11.4248 15.1982 12.5501 28.8348 12.5768 11.6207 27.1496 21.1817 32.3978 18.7321 17.7454 23.363 25.9733 28.9505 17.8668 10.4753 0 32.7677 4.8038 22.1465 18.1666 21.6397 19.4021 18.4223 16.5559 30.2569 10.2627 24.5673 15.7185 2.39592 30.9516 11.3298 33.6395 17.106 7.35485 33.4769 17.3655 30.0059 17.8583 3.00864 19.0454 21.2916 22.7968 9.09987 22.7403 22.6213 17.6706 16.8652 10.5494 16.1156 24.2993 23.6885 0.996796 24.4201 14.4451 15.7708 6.97408 26.1743 2.16476 9.99533 7.79012 4.60749 8.75494 18.0468 15.1383 32.6712 16.5984 19.8982 21.73 32.0446 5.12992 13.2815 21.4072 29.2223 11.2655 19.3489 15.8187 23.3864 26.2587 20.9829 16.0104 23.7025 5.44915 17.7809 20.4497 33.2398 21.9078 5.46266 26.8468 22.1422 17.6978 21.2748 2.17276 31.6841 15.7786 21.8446 28.3446 
31.4298 9.1933 31.4364 28.8353 21.7487 17.7372 25.3471 11.8645 33.0707 39.2504 11.0904 11.8931 3.95714 19.9552 15.3456 24.1857 6.9449 16.2904 14.9129 39.3231 32.7677 0 27.9886 11.6616 37.7125 14.2818 20.6182 16.0906 27.3262 2.76788 39.7309 11.0508 38.5638 34.8584 4.517 32.3711 26.1418 17.4212 35.0075 22.4399 24.1939 4.22048 38.3198 34.5335 22.0511 15.3243 14.328 24.1904 32.2864 20.6627 15.917 39.9559 25.7842 28.5347 27.2551 10.8243 33.6366 17.2459 39.396 17.0001 26.0098 11.5425 30.6029 30.7906 25.2019 29.4968 37.699 15.0667 26.6533 22.6201 27.7287 15.6263 19.5002 21.8617 28.7386 29.9816 14.0218 18.0628 32.8421 32.8394 17.1715 9.63978 29.7157 33.7276 32.8022 26.4724 34.3229 36.6976 20.5449 22.3394 19.109 32.2577 5.92127 12.0513 16.183 15.4356 34.8823 7.05991 34.0354 20.0942 4.54995 
13.0757 19.2506 3.60361 7.35738 6.6831 10.5376 10.1261 24.6229 12.2441 14.6957 22.8378 16.4961 27.5961 15.2777 12.9459 20.8183 21.2297 25.1762 13.109 13.9203 4.8038 27.9886 0 17.3649 19.2912 17.0178 15.4781 14.1018 14.0368 25.4623 13.9334 20.1337 17.5611 7.04993 26.1515 11.786 30.8943 12.4766 9.21677 30.2685 14.8524 25.2023 19.2119 6.77517 16.0696 17.1765 18.2367 4.48821 21.8902 19.4528 12.9112 18.8976 8.04341 14.8202 22.2912 19.1621 5.72646 20.7454 16.8392 11.0074 2.83198 21.5263 2.65522 9.92505 3.51498 2.95194 12.0915 13.2478 12.4433 29.5251 15.0504 15.693 17.7172 28.8341 3.4719 11.7164 16.749 25.6458 11.0534 18.9778 11.1725 18.6736 24.5852 20.6537 16.0097 21.5752 7.67255 18.6797 16.5539 30.0312 18.4558 6.23548 22.0675 17.6199 12.9695 17.1761 6.96073 26.9232 16.1891 18.5633 23.5508 
19.8602 6.49769 20.552 17.2227 10.7383 8.71873 18.042 15.1617 21.4231 30.4741 13.1451 6.14086 10.3683 15.4842 4.50666 22.0003 6.66992 18.6282 5.88805 30.1934 22.1465 11.6616 17.3649 0 31.2412 3.50978 9.72926 10.2393 16.0036 8.90297 30.4398 10.4823 31.1528 24.4118 8.89811 24.5696 28.3158 5.77264 23.5107 25.5894 19.1111 8.10705 31.6274 23.5123 17.85 12.1544 4.52791 13.1424 28.4529 18.5204 4.51759 32.6076 17.6235 22.7052 24.9889 9.02918 23.0884 16.52 31.4269 7.32734 15.9587 5.34318 20.0187 22.6792 15.2293 18.3817 28.4271 4.20557 15.1607 25.3237 22.1517 11.1809 9.43347 24.4654 18.9177 18.37 2.97837 20.1429 21.1805 27.6572 8.44701 6.00938 27.7938 28.9743 26.4634 24.0806 22.9736 30.2989 10.0018 25.4016 16.6398 20.8807 6.37082 8.59178 4.63968 12.2731 24.3156 9.59054 27.441 17.5438 7.16969 
32.0276 28.9201 19.8493 26.5018 23.5803 22.5703 13.1997 28.312 30.6565 9.06785 27.7407 26.6881 39.2409 17.7885 27.1745 16.0966 31.1894 25.6851 25.3636 10.6574 18.1666 37.7125 19.2912 31.2412 0 32.7162 33.6505 21.9776 33.3169 36.1002 11.488 26.7571 3.48234 17.0515 38.0928 7.55593 24.3024 28.7999 25.3953 26.2746 13.5737 36.8514 0.939095 20.7104 15.8838 22.4195 34.1743 22.6382 9.14949 18.4104 28.0325 3.75867 13.905 9.18578 14.4359 26.8927 17.6792 21.9556 5.77341 24.0686 18.0766 36.5058 18.335 9.53748 18.3276 21.5613 11.1334 27.4251 31.7081 25.3278 10.0258 22.1225 35.5774 25.1364 15.8372 30.8371 32.2211 24.81 29.3534 5.93297 22.7966 28.6723 14.4017 6.35492 4.92099 14.5654 23.5088 1.02061 34.7115 26.0839 19.3316 23.5746 32.684 25.7616 28.4466 22.3138 17.7438 39.989 3.80342 18.5016 34.4306 
17.2344 9.99996 19.8379 15.4213 10.391 10.2998 19.6122 18.6668 19.0394 30.9854 16.6419 9.35021 12.1884 18.0839 5.62838 24.829 10.0969 22.0647 8.02969 30.5228 21.6397 14.2818 17.0178 3.50978 32.7162 0 6.43222 12.8847 13.0445 11.5346 30.6747 13.9303 32.2723 23.9968 10.7488 25.6812 31.6332 4.54185 21.9078 29.0064 21.3762 10.2946 33.0152 22.5808 20.3981 15.221 1.47164 12.5573 30.7726 21.4619 4.68969 33.7255 18.8445 24.6123 27.7296 12.4595 22.6208 19.7342 32.3041 8.73932 16.1592 4.54488 19.608 23.7114 15.5311 17.4724 28.7121 5.42022 12.4147 28.7121 24.1565 14.0786 5.92727 27.8543 19.1411 15.8601 0.610113 23.5432 18.9684 29.6273 10.233 9.49513 30.5447 31.0395 28.091 26.8176 21.6345 31.8181 6.57469 28.8144 19.595 19.5381 9.58438 11.8835 4.33537 15.3333 23.8029 10.5305 28.9537 20.4489 10.0378 
11.4302 15.9713 17.3463 11.2503 10.0775 13.1458 21.3104 24.5508 13.5632 30.1668 22.4755 14.6777 18.1715 21.7564 9.38482 28.7027 16.3988 27.5491 12.126 29.3863 19.4021 20.6182 15.4781 9.72926 33.6505 6.43222 0 16.9992 6.86674 17.8987 29.3603 19.5876 32.5437 21.7863 16.8009 26.1853 36.6111 6.06727 17.6582 34.3482 24.248 16.5219 33.7743 19.5069 23.857 19.935 6.32476 11.2539 33.4255 25.676 7.96822 33.9524 19.9744 26.656 31.3397 18.0981 20.3928 24.6142 32.1208 11.7105 15.7317 9.68151 17.6992 24.169 15.3677 14.8233 27.5606 9.37737 6.63353 33.9512 26.4058 18.5363 2.36832 33.1032 18.4415 10.3039 6.82685 28.8782 13.7841 31.6121 13.3916 15.3983 34.1156 33.1723 29.4647 30.4421 17.8722 32.863 1.08013 34.1414 23.9011 15.8979 15.9968 17.2109 7.33865 20.0295 21.4248 15.9944 30.0778 24.6198 16.4601 
23.0831 7.00029 17.6914 18.2566 10.1696 4.50876 9.25899 10.5313 23.6068 23.2319 8.74412 4.74581 17.2754 5.24765 7.70549 11.9579 9.29507 11.7084 4.96978 23.4099 18.4223 16.0906 14.1018 10.2393 21.9776 12.8847 16.9992 0 20.9614 14.2102 23.8786 6.1922 22.5435 20.1242 16.1153 16.2813 19.7469 10.934 22.8875 17.9087 9.01418 14.8748 22.5035 20.8436 7.61076 3.36872 14.2863 11.9703 18.2536 8.71087 9.09318 23.9564 9.79686 12.9749 14.8466 5.56266 19.1182 7.89004 23.3092 5.49306 11.4806 15.5267 16.3673 14.7182 10.6836 16.5219 21.8674 7.78567 19.5279 17.3757 12.2974 1.77108 17.8883 16.5601 13.6478 21.4093 12.2821 12.625 22.821 17.7488 3.98072 6.70547 17.6614 18.9525 17.0663 13.9347 21.6054 20.983 17.768 17.6848 6.90597 19.8364 10.7324 4.10725 9.71645 3.41668 20.3196 18.0861 18.2119 7.66542 12.4793 
4.78486 21.7142 14.4523 7.28582 11.5008 16.5395 22.5472 29.938 7.19728 28.1131 27.8493 19.8909 25.0191 24.919 14.2403 31.7029 22.5413 32.3715 16.6679 27.0283 16.5559 27.3262 14.0368 16.0036 33.3169 13.0445 6.86674 20.9614 0 24.5778 26.811 24.8523 31.549 18.7369 23.6333 25.7838 40.6273 10.9197 12.5302 38.8524 26.4413 23.2979 33.2486 15.6521 26.6697 24.2316 13.1486 11.1844 34.9367 29.1656 12.9534 32.8513 20.7685 27.8447 33.9558 23.4045 17.4529 28.8501 30.6583 15.4878 15.4993 16.5479 15.4561 23.8651 15.4881 12.1499 25.2847 14.3563 1.64607 38.3359 27.8235 22.6829 8.71214 37.5168 17.4797 4.14688 13.3294 33.4898 7.78319 32.4838 16.9987 21.0948 36.5954 34.1367 29.7913 33.1074 13.3338 32.68 7.3009 38.6311 27.571 11.7503 22.3743 22.257 12.4019 24.3029 18.2137 22.856 30.1082 28.1149 23.0331 
28.6631 7.21008 28.8676 26.0983 19.1249 15.3805 23.4379 11.9141 30.3044 37.1501 10.6949 9.73212 3.39049 18.5004 12.6957 23.3492 4.91911 16.3259 12.4728 37.1475 30.2569 2.76788 25.4623 8.90297 36.1002 11.5346 17.8987 14.2102 24.5778 0 37.5222 9.91246 36.7531 32.3896 2.92739 30.4362 26.4046 14.6693 32.305 22.8841 22.7181 1.96895 36.6633 31.9412 20.7138 13.943 11.6372 21.5694 31.2069 19.7434 13.2048 38.1665 23.7134 26.9724 26.4601 9.34491 31.1433 16.5327 37.4695 14.5298 23.5827 9.04819 28.0935 28.7793 22.7839 26.8758 35.4869 12.4104 23.8904 22.9511 26.2087 13.9943 16.8561 22.1492 26.3721 27.2138 11.2625 18.1001 30.0819 31.4669 14.8459 7.54313 29.0394 32.4586 31.1792 25.6346 31.6563 35.0939 17.8586 22.7584 18.0622 29.5829 3.54991 10.3442 13.4512 14.0626 32.3882 5.74393 32.3686 19.0634 1.91317 
24.1712 30.5448 12.3789 19.5252 20.3082 22.2076 15.0881 33.0835 22.2249 2.43332 31.8521 27.844 40.1449 21.8513 25.9373 23.6484 32.7884 31.8154 25.1998 0.847129 10.2627 39.7309 13.9334 30.4398 11.488 30.6747 29.3603 23.8786 26.811 37.5222 0 29.8861 8.08105 8.11801 38.7779 8.90915 33.4397 26.182 16.1296 34.4726 18.6393 37.6825 10.765 11.6283 20.9977 25.8148 31.9755 18.3707 19.3734 24.4846 26.2506 8.57279 14.0941 15.1624 23.2361 29.437 9.35931 27.3806 5.93117 23.2917 14.5455 35.0828 11.6838 9.6043 15.2324 14.804 2.0355 26.2365 25.4009 33.5544 16.0308 24.838 31.6306 33.1383 11.5586 23.4035 30.3378 31.5048 20.938 15.584 22.7034 30.0923 24.2078 16.8047 12.346 22.9877 14.461 11.6668 30.4289 34.2511 24.565 15.3518 33.9771 27.9784 26.4361 25.7508 8.70655 39.9881 11.2969 24.0857 35.6438 
27.7316 4.13893 23.7369 23.4753 15.3539 9.82202 14.941 5.09135 28.6237 29.0839 3.01349 4.97337 13.287 8.96871 10.6128 13.4572 5.53997 8.14642 8.33478 29.3762 24.5673 11.0508 20.1337 10.4823 26.7571 13.9303 19.5876 6.1922 24.8523 9.91246 29.8861 0 27.8176 26.3092 12.4897 21.8927 17.9851 13.988 28.6357 15.1144 13.1931 11.2247 27.3987 26.9053 11.0042 4.34741 15.0062 17.4859 21.3209 9.83793 11.9337 29.174 15.8035 17.5719 16.5745 1.49033 25.2847 6.79359 28.8338 10.0473 17.601 14.7542 22.4851 20.5123 16.7922 22.3835 27.8959 10.5081 23.6235 14.8784 16.7399 5.0499 19.7574 14.021 19.8387 26.0798 13.3499 9.69279 27.9893 21.7903 9.1771 4.50685 19.2003 22.6834 21.8706 15.7373 27.4786 25.7383 20.0909 14.9298 8.15334 25.6156 7.13931 2.69424 12.5193 4.44856 26.4934 15.0229 23.139 9.15335 8.67045 
29.8485 29.5437 17.5689 24.5071 22.5923 22.4372 13.3532 29.9147 28.2952 5.64828 29.1273 27.1263 39.7655 18.9387 26.8831 18.4052 31.8385 27.6851 25.3635 7.26689 15.7185 38.5638 17.5611 31.1528 3.48234 32.2723 32.5437 22.5435 31.549 36.7531 8.08105 27.8176 0 14.313 38.5401 6.59898 27.2316 28.1214 22.7384 28.9308 14.8997 37.3311 2.69106 18.0319 17.3288 23.4795 33.7018 21.3318 12.2756 20.2643 27.5922 1.45597 13.5307 10.5652 17.1471 27.7707 15.1102 23.669 2.293 23.8481 16.8123 36.2952 16.2158 8.56279 17.2035 19.5221 7.95538 27.1535 29.9807 27.9854 11.4891 22.9549 34.5956 27.7225 14.23 28.7697 31.8182 26.9792 26.984 8.71108 22.7539 29.2281 17.4574 9.50833 6.41559 17.1461 20.8878 3.91347 33.6195 28.7292 20.9237 21.1807 33.2583 26.5154 27.9448 23.3848 15.0031 40.2446 5.04587 20.191 35.0013 
16.0831 25.9366 4.45183 11.4585 13.7252 17.1835 13.3897 30.3927 14.2328 9.72494 28.7875 23.1609 34.6111 19.9164 19.9758 23.9865 28.0116 30.2184 19.9458 8.43148 2.39592 34.8584 7.04993 24.4118 17.0515 23.9968 21.7863 20.1242 18.7369 32.3896 8.11801 26.3092 14.313 0 33.1733 10.8211 34.2746 19.4582 8.42887 34.3767 18.0839 32.2029 16.6391 3.72687 19.967 22.8322 25.1686 11.4426 22.5048 23.5917 19.9606 15.3419 11.5376 16.2597 24.6283 25.5093 1.39919 25.6608 12.8042 17.8656 8.87905 28.5251 4.40495 9.86132 9.69722 6.97106 6.83027 20.2785 17.3678 33.5398 16.853 21.5098 24.1183 32.9544 6.4965 15.2858 23.7529 30.367 12.9297 18.942 17.7866 25.3899 26.3894 20.5205 15.5123 24.1018 6.60155 16.7851 22.8306 34.1412 23.0456 7.24843 28.9444 23.967 20.01 22.8049 0.692919 33.9731 15.0825 22.8876 30.4764 
27.9626 9.25666 29.4154 25.9606 19.5945 16.5808 25.1869 14.8229 29.7867 38.5713 13.5347 11.4261 1.47384 20.7362 13.2062 25.9416 7.10956 19.2205 13.5797 38.4568 30.9516 4.517 26.1515 8.89811 38.0928 10.7488 16.8009 16.1153 23.6333 2.92739 38.7779 12.4897 38.5401 33.1733 0 32.1068 29.3152 14.5432 32.3393 25.8095 24.8994 1.27649 38.6115 32.4011 23.0181 16.2933 10.4854 22.0171 33.6315 22.3136 13.412 39.972 25.2551 29.0517 29.0606 11.7312 31.8759 19.2207 39.1191 15.5123 24.5226 7.31573 28.8055 30.3631 23.7511 27.2751 36.7456 12.9049 23.1263 25.8701 28.3296 16.1465 15.4365 25.0652 27.4114 26.6074 10.625 20.991 29.6898 33.684 16.1154 9.43722 31.6877 34.7504 33.1811 28.2167 31.8568 37.0982 16.5945 25.6828 20.5759 29.7606 5.5096 12.5193 13.5267 16.4168 33.1122 2.81973 34.323 21.5781 3.83401 
24.6873 23.2488 12.7364 19.0726 16.1493 15.8612 7.02469 24.5816 23.4828 7.44251 23.5338 20.7384 33.3663 13.3333 20.2847 14.7704 25.5447 23.0088 18.8086 8.18809 11.3298 32.3711 11.786 24.5696 7.55593 25.6812 26.1853 16.2813 25.7838 30.4362 8.90915 21.8927 6.59898 10.8211 32.1068 0 24.7234 21.5697 18.6846 25.5897 9.80377 30.9169 7.59702 14.1667 12.2119 17.6307 27.1148 15.0979 11.7228 15.6216 20.9981 8.05473 6.94817 6.30306 14.6066 21.6814 11.0663 18.6503 7.03345 17.2565 10.5347 29.6975 11.091 2.01788 10.823 14.1985 7.30658 20.5558 24.1687 24.6775 7.14295 16.8978 28.1701 24.2447 8.31699 23.4288 25.2232 22.6293 22.1988 8.12092 16.1969 22.8932 15.9543 9.70994 4.70481 14.2633 16.779 6.89721 27.2534 25.3663 15.8287 16.5189 26.9109 20.3406 21.3576 17.5497 11.4718 33.7314 4.49804 15.2807 28.6438 
42.281 22.124 33.9263 36.9436 29.3834 24.0905 21.1022 14.4924 42.3713 31.5075 15.9479 22.2854 29.6277 15.9651 27.2263 10.2919 23.2169 10.1314 24.4905 32.6447 33.6395 26.1418 30.8943 28.3158 24.3024 31.6332 36.6111 19.7469 40.6273 26.4046 33.4397 17.9851 27.2316 34.2746 29.3152 24.7234 0 30.5905 40.0689 3.95995 16.2745 28.1776 25.2352 36.6076 14.8263 16.6762 32.8296 30.601 15.194 11.6297 28.6429 27.9886 23.1518 18.4465 10.2177 19.3545 33.8927 11.9997 29.2817 25.2337 28.0996 32.7312 32.1881 24.7971 27.5548 33.81 32.0085 27.2408 39.1392 3.54523 17.6773 18.1092 37.2194 4.28015 28.62 40.6276 31.0306 8.39883 41.3865 18.5234 23.6533 22.4655 9.95136 17.9663 21.2551 10.4649 38.3873 23.5012 37.2977 3.97852 13.077 37.1288 24.6685 19.7519 29.2724 16.5827 34.775 32.0985 22.492 12.6365 25.8384 
14.3203 10.8127 15.3298 11.4558 5.87496 7.18146 15.94 19.0564 15.7312 26.565 16.9658 9.01464 16.0164 15.7265 3.42829 22.6667 11.8202 21.7343 6.10654 26.0518 17.106 17.4212 12.4766 5.77264 28.7999 4.54185 6.06727 10.934 10.9197 14.6693 26.182 13.988 28.1214 19.4582 14.5432 21.5697 30.5905 0 17.7962 28.4349 18.4182 13.8407 29.0334 18.1332 17.8726 13.9211 5.79371 8.01673 27.7195 19.6097 2.0549 29.5668 14.9016 21.1673 25.352 12.5226 18.0848 18.6067 28.025 5.68771 11.7167 9.06832 15.067 19.5701 11.131 13.0033 24.2341 3.49044 9.8195 28.0029 20.8241 12.4915 7.21532 27.1609 14.6822 12.7655 4.30741 22.9859 15.435 26.1804 7.36962 10.1876 28.1425 27.6797 24.3357 24.4493 17.3572 27.9419 6.87736 28.2233 17.8342 15.2566 11.9114 11.4575 1.48224 14.0115 19.2719 14.7882 25.0953 18.554 12.9006 
8.63438 27.0337 6.27762 6.52726 13.5104 18.814 19.095 33.3848 6.32178 18.0194 31.492 24.4263 33.8125 24.489 19.7057 29.9177 28.7141 34.2689 20.8068 16.5954 7.35485 35.0075 9.21677 23.5107 25.3953 21.9078 17.6582 22.8875 12.5302 32.305 16.1296 28.6357 22.7384 8.42887 32.3393 18.6846 40.0689 17.7962 0 39.484 23.9095 31.6153 25.0253 4.70665 25.2575 26.114 22.7054 11.1954 30.0123 28.6678 19.1005 23.7677 17.0043 23.2288 31.1762 27.4967 7.72237 29.8956 21.2117 18.792 12.0465 26.3209 8.07096 17.3042 12.6859 6.42395 15.1523 19.9723 11.6327 38.7418 23.6268 24.5718 19.9879 38.0499 11.6473 8.45156 21.8768 34.8101 5.14959 26.6813 19.4597 26.4101 33.2968 28.3231 23.3612 30.5142 1.90614 25.0632 18.5349 39.2467 27.6615 3.0567 29.2229 25.9976 18.882 26.1268 7.74212 32.4347 23.1285 27.7799 30.4579 
40.9002 19.2087 33.5155 35.7935 27.9318 22.3941 20.9943 11.0631 41.2189 32.7231 12.7397 19.7497 26.0303 15.0004 25.0161 10.8242 20.0516 6.97843 22.3481 33.716 33.4769 22.4399 30.2685 25.5894 26.2746 29.0064 34.3482 17.9087 38.8524 22.8841 34.4726 15.1144 28.9308 34.3767 25.8095 25.5897 3.95995 28.4349 39.484 0 16.3389 24.715 27.1846 36.3705 14.4362 14.6228 30.1164 29.4089 17.4335 10.8657 26.4246 29.8363 22.9336 19.3103 11.8392 16.5604 33.8413 10.0293 30.8377 23.3647 27.4377 29.7036 31.8428 25.3507 26.8115 33.1063 32.8837 24.9926 37.4347 0.947068 18.4478 16.1716 34.7509 1.43583 28.3633 39.23 28.4162 5.47762 40.3178 20.3567 21.8884 19.6178 12.431 20.0896 22.6775 11.7848 37.9012 25.3934 34.957 0.237568 11.8529 36.4739 21.4204 17.1919 27.048 14.5499 34.8191 28.6162 23.994 11.709 22.4656 
27.1247 15.6442 17.702 21.4923 14.9826 11.268 4.83657 15.0276 26.812 17.2383 14.2477 13.7239 25.9545 4.23892 15.8055 6.01896 17.8547 13.2051 13.3856 17.9567 17.3655 24.1939 14.8524 19.1111 13.5737 21.3762 24.248 9.01418 26.4413 22.7181 18.6393 13.1931 14.8997 18.0839 24.8994 9.80377 16.2745 18.4182 23.9095 16.3389 0 23.6339 14.2407 20.3342 2.4501 8.87124 22.8336 15.4724 9.3964 5.85083 17.0076 16.1839 6.91142 4.40627 7.58822 13.4105 17.6364 8.89157 16.2243 12.8215 12.1587 24.4457 15.9445 9.15837 11.7436 17.8027 16.8782 15.981 24.8265 15.4815 3.54861 8.75471 25.6334 14.931 12.3609 25.5459 20.8011 12.8741 25.7171 8.78707 11.2008 15.4827 10.1567 9.93961 8.72115 6.79882 22.1798 12.5537 25.1826 16.1055 6.08555 21.0398 19.409 12.399 17.5637 8.76173 18.555 27.0192 10.0306 5.47991 21.1398 
27.5251 7.98974 28.5138 25.2928 18.702 15.4751 23.9788 13.6916 29.2742 37.4365 12.3409 10.2063 2.46544 19.4655 12.2778 24.6727 5.83321 18.065 12.487 37.3481 30.0059 4.22048 25.2023 8.10705 36.8514 10.2946 16.5219 14.8748 23.2979 1.96895 37.6825 11.2247 37.3311 32.2029 1.27649 30.9169 28.1776 13.8407 31.6153 24.715 23.6339 0 37.3765 31.5305 21.7442 15.0171 10.2024 21.1369 32.3551 21.0433 12.5838 38.7601 24.0864 27.7973 27.792 10.4551 30.9197 17.9679 37.9359 14.4582 23.4988 7.32201 27.8525 29.1893 22.7188 26.4189 35.6485 11.9798 22.7093 24.7518 27.0705 14.8798 15.314 23.9398 26.364 26.128 10.1042 19.8299 29.126 32.4171 14.9923 8.18439 30.4246 33.4784 31.9373 26.9465 31.0732 35.855 16.3962 24.5831 19.302 28.9827 4.23552 11.2484 12.7451 15.1406 32.1595 3.92435 33.0861 20.3041 2.56032 
31.8285 29.47 19.6005 26.3559 23.7222 22.9317 13.596 29.0623 30.3955 8.33405 28.4493 27.1931 39.7778 18.4327 27.505 16.9536 31.7474 26.5032 25.763 9.94513 17.8583 38.3198 19.2119 31.6274 0.939095 33.0152 33.7743 22.5035 33.2486 36.6633 10.765 27.3987 2.69106 16.6391 38.6115 7.59702 25.2352 29.0334 25.0253 27.1846 14.2407 37.3765 0 20.3266 16.5837 23.0546 34.4675 22.6899 10.0878 19.1947 28.3266 2.82505 14.1737 9.83689 15.3454 27.4958 17.3285 22.7196 4.95461 24.4114 18.1275 36.8671 18.1341 9.60846 18.4183 21.3932 10.5322 27.7609 31.6506 26.2377 10.7022 22.7082 35.7374 26.0383 15.7818 30.6731 32.5301 25.6546 29.0885 6.83168 23.1807 29.2067 15.339 7.29293 5.52819 15.4591 23.1497 1.81554 34.8404 26.9927 20.0687 23.2947 33.2268 26.3361 28.7255 22.9511 17.3321 40.465 4.29489 19.2557 34.9742 
12.5817 25.9551 3.17346 8.53312 12.8333 17.2895 15.5067 31.3418 10.5983 13.3943 29.5869 23.2183 33.8656 21.5356 19.2718 26.3411 27.8743 31.6743 19.7565 12.0283 3.00864 34.5335 6.77517 23.5123 20.7104 22.5808 19.5069 20.8436 15.6521 31.9412 11.6283 26.9053 18.0319 3.72687 32.4011 14.1667 36.6076 18.1332 4.70665 36.3705 20.3342 31.5305 20.3266 0 21.9564 23.8454 23.6132 10.394 25.6884 25.5059 18.9947 19.0688 13.4784 19.1168 27.307 25.9363 3.10156 27.1721 16.5268 17.6564 9.38893 27.1199 4.57801 12.9381 10.1683 5.13911 10.5086 19.5652 14.416 35.5766 19.6061 22.3974 21.8734 34.9362 8.0141 11.9444 22.423 32.0151 9.30966 22.245 17.929 25.366 29.2635 23.8631 18.8684 26.707 2.88004 20.4017 20.503 36.1332 24.7223 3.90334 28.6258 24.3946 18.9283 23.8374 3.04553 32.9017 18.5547 24.7024 30.0403 
27.7727 13.7822 19.1657 22.2762 15.1766 10.712 6.57854 12.5877 27.6763 19.6535 11.8662 12.1288 24.0067 2.37702 14.9742 5.04008 15.9207 10.8178 12.3742 20.3318 19.0454 22.0511 16.0696 17.85 15.8838 20.3981 23.857 7.61076 26.6697 20.7138 20.9977 11.0042 17.3288 19.967 23.0181 12.2119 14.8263 17.8726 25.2575 14.4362 2.4501 21.7442 16.5837 21.9564 0 6.77226 21.8264 16.0353 10.7209 3.63583 16.2721 18.5974 8.49821 6.78874 7.48302 11.369 19.406 6.44929 18.6739 12.1862 13.2737 23.1282 17.4586 11.4478 12.7402 18.9839 19.1988 15.1111 25.0924 13.6258 5.89091 6.95824 25.0492 13.0065 13.9427 26.1508 19.8042 10.5951 26.647 10.7889 10.5074 13.6908 10.27 11.7467 11.0893 6.5855 23.6022 14.8635 24.7338 14.1995 3.63698 22.3049 17.5087 10.5086 16.8637 6.65393 20.3945 25.2549 12.4193 3.08994 19.215 
26.4454 7.12906 20.728 21.6146 13.5381 7.87026 10.759 7.56057 26.973 24.8998 6.06228 6.03153 17.2478 4.6348 10.5504 9.99415 9.1841 8.34077 7.81642 25.2693 21.2916 15.3243 17.1765 12.1544 22.4195 15.221 19.935 3.36872 24.2316 13.943 25.8148 4.34741 23.4795 22.8322 16.2933 17.6307 16.6762 13.9211 26.114 14.6228 8.87124 15.0171 23.0546 23.8454 6.77226 0 16.5274 15.3045 17.3409 6.41461 11.9668 24.8309 11.8302 13.2338 13.0742 4.59834 21.9203 4.68573 24.5313 8.74613 14.4578 17.1606 19.3069 16.3319 13.691 19.7139 23.8528 10.5693 22.8267 14.1311 12.4118 1.59801 20.6073 13.3014 16.3394 24.7717 14.611 9.28121 26.1788 17.5466 7.32145 7.13299 15.8319 18.5157 17.527 12.1861 24.7702 21.4016 20.6315 14.4029 4.54147 23.0578 10.7883 3.89741 12.5965 0.126407 23.0872 18.6168 18.7922 5.50065 12.4733 
17.5418 10.9794 20.9474 16.1848 11.6686 11.7714 21.0799 19.6131 19.4809 32.3351 17.624 10.5854 11.8731 19.5025 7.09976 26.2121 10.8131 23.1526 9.47069 31.8416 22.7968 14.328 18.2367 4.52791 34.1743 1.47164 6.32476 14.2863 13.1486 11.6372 31.9755 15.0062 33.7018 25.1686 10.4854 27.1148 32.8296 5.79371 22.7054 30.1164 22.8336 10.2024 34.4675 23.6132 21.8264 16.5274 0 13.7555 32.2297 22.8145 6.14202 35.154 20.2947 26.0838 29.1325 13.5567 23.7841 20.986 33.7059 10.2108 17.4926 3.62419 20.7982 25.1393 16.8842 18.5397 30.0255 6.8897 12.6956 29.8513 25.6266 15.4318 5.28767 28.9929 20.4663 16.2542 2.03246 24.6708 19.5045 31.0986 11.7017 10.5187 31.947 32.5091 29.5578 28.2207 22.5345 33.279 6.2215 29.929 20.942 20.4489 10.1031 13.0854 5.75729 16.6421 24.9503 9.89204 30.4151 21.8101 10.3136 
