200
10.8652 19.4335 0.9955 0
4.49651 23.2747 0.578773 1
6.33066 13.7538 25.5918 1
9.72727 16.2123 0.891379 0
2.1525 10.9046 2.13365 0
15.6756 17.6523 0.470088 0
10.3865 13.1255 1.99563 0
0.460002 7.70522 1.17275 0
14.3939 22.5578 1.45805 0
7.58577 23.0497 0.248757 0
0.0916691 6.11314 2.16936 0
6.05327 23.8971 1.47266 0
16.017 18.5476 12.8104 1
11.7841 21.6007 12.7473 0
18.2135 23.9786 1.18191 1
3.55882 6.39977 0.236733 0
9.3523 17.7356 10.8289 0
2.87995 20.5595 22.1734 0
15.3392 21.9253 0.396209 0
15.6005 20.1696 0.221124 0
13.9678 15.0735 12.8159 0
18.9192 19.4112 0.803293 1
15.6309 18.8805 2.12986 0
6.09263 23.5151 1.01808 0
18.7485 22.5544 1.1465 0
13.3939 20.7263 1.90219 0
5.29798 9.32664 2.08973 0
16.5614 17.6192 1.93834 0
6.10212 21.4515 1.213 1
13.4029 17.3155 0.485334 0
3.33585 20.1195 8.4077 0
0.196189 14.5564 1.37283 0
0.616154 16.6879 0.365191 0
6.57867 18.1263 1.66351 0
4.51113 22.3712 1.92692 0
17.7375 22.4803 0.955719 1
16.3559 16.9526 2.10602 0
3.33382 7.09864 1.54291 0
8.50671 16.1889 1.43401 0
1.09755 9.40396 1.76598 0
9.85212 20.9194 5.55662 1
17.3308 23.7713 4.39118 0
6.01968 12.8947 1.15649 0
11.6879 18.467 1.23811 0
0.253495 6.76034 1.63339 0
14.8191 18.2647 1.46867 0
4.77821 5.199 2.02598 1
10.3878 13.9294 1.1566 0
3.09293 6.42349 1.82375 0
10.8012 13.2601 0.478634 0
13.5862 18.1896 1.4807 0
1.47256 15.5846 1.12846 1
17.242 21.0472 2.03812 0
10.5046 23.0119 14.6782 0
2.18839 4.68672 0.467336 0
14.5363 23.0098 1.59587 0
1.64047 7.13708 1.4441 0
0.526049 6.85586 0.837056 0
8.89504 12.5068 1.5099 0
8.5963 19.3862 27.404 0
7.37055 19.1918 1.86793 0
15.1342 19.4074 23.7181 0
17.7112 18.8896 5.95423 0
8.08374 11.0299 0.71094 0
13.4429 19.6064 1.85465 0
10.159 12.2719 24.9645 0
4.92378 16.2933 1.56728 0
9.40664 10.3366 1.36117 0
7.87434 14.8107 0.952673 0
13.3897 15.5315 2.13634 1
16.3924 20.8802 1.6357 1
11.1642 23.0507 2.08679 0
4.14819 16.3952 0.750374 0
2.33257 13.5302 0.807042 1
9.113 20.5942 1.67444 1
0.707767 8.17356 12.1064 0
6.83436 21.8291 1.93025 1
15.5495 19.2965 0.537735 0
10.4002 20.7053 0.576936 0
7.04969 22.7182 0.771058 0
10.5014 12.5566 1.62504 1
6.78034 7.8209 0.899191 0
13.1935 21.0425 1.74539 1
14.7737 20.6512 0.251526 0
9.06941 18.0091 2.20594 0
11.6901 19.7094 0.772679 1
9.44207 11.4616 1.52759 0
16.1375 20.7873 1.13381 0
14.2051 14.2238 13.9465 0
10.4338 16.3187 1.17238 0
4.39449 16.1505 1.56843 0
7.8639 19.6339 2.20946 1
11.9282 19.0697 0.471301 1
6.7952 19.4543 0.553712 1
2.40606 22.9371 1.34478 0
9.0446 9.99327 1.17664 0
18.4414 22.7598 1.97171 0
11.3906 12.375 0.297358 0
12.7464 22.4546 1.38752 0
2.3902 6.52713 0.903676 0
18.5376 19.5922 1.9202 0
4.3529 14.8559 1.2516 1
11.3482 23.1437 1.43181 0
0.892484 14.926 1.34677 1
16.5777 18.967 0.610101 0
6.9661 14.5254 1.64895 0
1.50358 3.55001 0.64756 1
18.2952 22.1038 1.68585 0
3.80122 4.83766 1.31527 1
8.57505 21.8368 0.546167 1
4.12787 16.4477 1.04816 1
13.095 21.4763 0.733285 0
1.9885 8.99691 1.63956 0
15.1165 21.9732 1.54078 1
1.79596 19.841 1.44859 1
11.0722 18.5627 0.713917 0
11.983 14.3392 0.969191 0
15.0076 17.2052 1.9863 0
2.314 4.79553 1.01947 0
18.8737 21.5978 16.9057 0
11.6565 13.4716 1.00497 0
3.25371 4.69109 1.49469 0
1.67784 22.4322 1.69287 0
5.00333 10.7146 7.5808 0
1.2345 17.4071 9.96829 0
16.3843 16.4531 2.0489 0
4.07456 12.6001 1.97375 1
3.6112 21.1008 1.43773 0
8.44019 8.853 2.08227 0
5.43797 11.5963 0.342142 0
18.8213 21.2641 26.5321 0
4.64597 9.11814 0.218658 0
16.7987 20.5622 1.2587 0
15.3975 22.1458 0.607342 0
7.93808 12.6252 9.8243 1
8.46271 15.8927 1.84068 0
17.4875 22.4917 1.01203 0
12.3429 16.9068 0.972495 1
4.83871 15.8517 0.38779 1
17.7367 19.7085 18.8733 0
18.773 19.9193 0.340937 1
6.43139 12.9522 1.90985 1
18.4171 20.5693 1.78543 1
15.1626 21.1076 1.43807 0
16.4972 19.1329 0.848423 0
9.39963 11.1707 24.4487 0
12.2213 17.6156 0.217328 0
12.5481 19.5043 2.19721 0
10.6364 18.937 0.899125 0
17.1715 23.096 0.566196 0
8.30735 14.8099 1.8187 0
3.12126 22.6596 0.677926 0
11.7913 19.406 0.658311 0
11.2336 23.8199 0.579953 0
0.425025 18.6819 2.09658 0
9.82577 11.2309 0.935693 0
15.0604 15.7849 0.667497 0
6.8801 15.0157 0.56747 0
15.6253 23.6543 0.913432 0
18.0536 22.3075 0.735587 1
17.4142 18.4112 1.18351 0
10.4406 23.4401 2.14071 0
5.55735 18.679 1.76484 0
1.95145 15.746 1.27329 1
10.2823 10.9923 0.772798 1
18.8295 22.8874 0.282926 0
15.3638 18.3644 1.56161 0
12.2768 13.1511 0.619048 0
1.27051 15.967 0.459886 0
12.0646 13.1969 2.18363 1
0.425794 11.504 0.947431 0
14.694 19.346 0.682611 1
0.109768 23.9088 22.075 0
4.4962 23.8988 0.481054 0
9.09355 23.1814 1.85163 0
0.281221 11.0758 1.03572 0
10.3556 13.9401 1.01594 0
15.0021 22.3902 1.41737 0
13.6606 20.3572 6.73409 1
4.65793 20.4318 1.61879 0
6.34821 12.6871 0.7635 0
8.23414 10.7027 1.91898 0
5.0608 8.58306 12.5823 0
5.87657 23.5204 1.30985 0
16.1345 21.1065 12.3261 1
12.8223 16.0408 0.689636 1
9.06594 11.3659 1.69982 0
12.7893 20.4029 2.057 1
7.84442 22.2413 0.358546 1
8.98757 11.5356 0.884848 0
14.2657 21.9511 1.20786 0
0.486208 20.3917 2.20811 0
4.58298 5.63552 1.99398 1
16.3931 18.5724 0.237489 0
7.68857 14.7995 0.260104 1
18.4331 21.8685 1.84012 1
1.15423 16.1381 0.78761 0
11.4131 20.236 1.54506 1
7.44288 7.5602 0.803302 0
5.00137 20.2977 18.3859 0
400 50 500
0.025 0.0125 10000 3000 15 1e+06 300000 2 2
0 6.73492 7.5904 8.8845 20.2294 11.9194 12.5619 11.9793 20.2053 10.9088 9.49673 15.2719 17.8223 8.62832 4.78252 17.4256 7.93609 15.4404 13.6609 7.91845 13.0283 5.86141 17.953 8.62352 9.95903 19.4274 7.02502 13.3683 4.95675 20.4852 7.05248 18.5933 10.0981 10.7695 9.15939 2.9075 21.6308 12.6211 14.6992 13.2211 2.95303 16.4003 13.5073 12.8331 5.59305 12.8534 18.2795 19.1427 15.4114 8.84259 6.14596 20.5106 14.9247 13.8866 15.6379 1.77187 4.62806 6.35718 24.0844 13.422 17.9965 14.4541 17.6107 11.7366 14.7451 5.96443 10.89 14.9238 4.6496 15.4192 11.9859 6.78576 10.5769 1.28209 16.0365 1.25499 11.2704 12.5744 20.4398 12.7336 10.6691 21.6203 13.5577 8.5413 8.33357 11.3896 2.87636 9.01044 6.56015 20.9183 15.9191 7.90061 15.4068 10.2359 11.6147 6.84502 11.0697 16.9425 8.16501 21.2762 9.76428 16.0375 16.6459 8.83481 17.5263 9.89398 13.7599 15.15 10.5081 10.1097 17.0823 9.90498 9.8641 13.4564 17.2452 18.6191 6.55008 7.63341 18.466 6.28283 16.444 15.2664 14.3654 14.6992 11.7472 10.4103 14.5004 15.0602 8.97744 11.6589 9.81302 15.736 9.87321 10.2795 11.5265 18.2864 10.0979 12.1426 10.5491 15.5271 15.391 17.3464 13.507 9.15927 9.48149 13.6563 3.21848 4.78993 10.7762 19.8731 12.8979 13.7184 17.262 6.11755 9.46787 14.6842 3.79248 5.23503 21.124 14.3491 10.9714 9.3944 13.2136 18.5267 7.35755 16.2496 13.0331 15.4283 10.8394 13.1779 1.94045 19.8261 5.55011 8.12188 2.41767 20.2333 11.4392 14.9265 8.49357 15.0618 3.709 13.3983 7.33464 22.4318 12.2815 12.6898 16.4849 13.735 13.9189 13.3755 16.2133 5.9284 8.30805 12.7045 11.7011 20.3577 2.32371 7.46785 19.5462 10.1002 10.9563 
6.73492 0 11.1086 6.96387 13.7922 18.4223 14.5435 7.50609 18.4568 17.1357 16.1213 16.7013 12.7178 4.36281 6.54049 12.6524 2.7872 17.5787 15.3295 10.5669 7.63671 3.34581 13.0522 8.82424 13.962 18.0474 10.0229 6.65112 11.1392 18.0408 13.3771 13.7124 12.5657 4.03506 8.68916 4.2002 14.9099 15.8941 8.03516 17.7322 4.04133 11.2746 12.4883 11.1407 1.30034 11.6663 12.4102 12.4153 8.98257 15.4118 10.8711 18.0669 8.50884 7.68696 16.5882 5.01811 5.97517 0.791584 17.4454 15.8845 12.436 9.33527 12.2985 15.5361 8.40214 11.9759 14.0493 14.5065 7.6347 10.311 13.7043 7.23727 16.3334 6.25789 12.9458 6.122 5.68698 18.4046 16.025 11.8563 4.90005 14.8948 7.66888 11.9386 7.06851 15.9447 4.76465 5.88725 13.2385 14.1868 11.1572 8.63705 8.8556 16.8368 6.8615 9.81977 14.3238 14.6713 5.27179 14.7205 14.6641 9.35179 9.91424 15.4823 10.9807 8.53871 11.3957 17.3782 16.9668 14.9976 23.2535 8.62105 15.6693 10.6286 16.8358 12.0348 7.28904 14.2605 13.9448 6.57803 9.70936 15.7373 13.0524 17.5568 11.3819 15.7933 8.42933 16.1607 7.03426 5.46023 13.9276 9.72356 15.4945 17.0133 16.0122 11.7726 7.35334 11.8458 14.2133 14.1536 14.5459 11.2832 9.72021 14.7751 2.7608 7.61572 3.88838 2.189 15.6987 13.963 7.38352 10.5918 19.338 12.2751 7.19395 13.5542 7.08748 1.57852 19.4946 8.41951 14.1657 2.93088 6.49628 12.6265 3.53142 10.2182 6.79499 21.3761 8.30113 13.4552 8.67533 13.3083 6.53557 6.70315 4.40507 16.7843 16.129 10.0239 5.875 20.2554 8.1133 19.5994 0.994961 15.9319 11.2296 19.1511 22.7078 18.0353 11.3567 7.62382 10.9267 5.83691 7.90961 11.8413 7.53113 14.0404 8.46005 4.37905 13.934 4.7156 15.2918 
7.5904 11.1086 0 15.9963 21.2939 14.9237 20.004 18.2378 27.6539 14.9885 9.30923 7.97514 16.6143 9.52966 4.56815 23.6139 10.1605 22.7664 6.35464 1.33721 13.2505 8.0054 24.0572 4.66362 2.85691 26.9306 1.16979 16.3296 10.6357 27.777 6.25851 24.7177 2.73022 14.4028 5.56586 7.59154 24.6624 19.6523 17.165 19.4428 7.8091 22.3213 8.46471 8.71903 9.86666 8.18471 18.2568 21.7083 16.9904 12.1796 2.16166 27.8028 19.3701 18.7173 8.56952 8.46329 12.071 10.3519 25.6652 20.7164 17.4719 13.9245 23.3873 4.46683 16.2152 4.83282 18.0666 22.494 3.56327 21.3434 19.4893 14.2731 15.6653 8.8326 23.0529 8.76314 16.7599 17.2586 26.8914 7.7742 12.166 24.0104 14.3922 0.954966 15.5836 4.93829 9.93067 15.718 7.94905 23.8075 14.5721 3.9804 17.3426 13.08 11.4825 14.3259 18.1986 24.2345 14.8774 22.6579 16.0011 18.474 19.4748 9.03185 19.1967 17.2147 10.0877 22.4585 13.9444 4.31793 20.5435 17.2423 14.9874 10.3995 24.827 20.3267 4.36526 8.11277 24.831 13.706 19.4805 8.54841 9.40332 21.8079 19.2886 5.59059 15.4552 22.5962 16.0895 13.4863 16.6184 16.3595 5.74562 11.6476 17.9167 19.7721 8.44013 6.76804 3.15929 22.9906 22.9268 22.3139 11.5479 14.6883 13.4608 14.7273 7.76677 9.07242 16.8692 19.7367 18.4676 20.6642 9.70383 11.4594 7.70129 22.1745 11.3826 10.3581 28.601 19.5148 3.39832 12.3469 16.7983 23.6968 8.88664 21.2728 17.8276 19.5656 8.5343 20.7677 7.43467 21.1838 4.70296 6.51982 7.92881 27.1751 17.6711 13.988 7.84027 20.434 3.89737 17.1758 12.0756 23.529 19.741 15.743 19.8617 20.0857 21.0644 14.0345 15.5517 5.61024 5.36419 7.73959 10.844 21.0765 9.17292 8.21111 25.0406 15.7086 17.5109 
8.8845 6.96387 15.9963 0 18.2949 17.1769 8.43768 4.21129 11.8336 15.3177 17.4257 22.8571 19.0268 11.3265 11.8722 9.08553 9.73992 11.3001 21.3516 15.9205 14.0774 9.80194 9.67771 15.1307 18.6315 11.2772 15.1495 10.8067 10.4346 11.7891 15.6303 10.2625 18.1154 8.52188 15.2079 8.51431 16.9651 10.5742 12.3337 13.3518 8.30186 8.47154 19.2869 18.0259 7.44167 18.4792 18.0453 15.4952 13.9843 14.7323 14.9182 11.815 9.55138 8.18948 22.9275 7.57584 4.38423 7.58194 20.9313 9.94814 18.4023 15.8162 9.76026 20.381 13.6735 14.7738 8.92521 7.54331 12.5143 7.59609 7.53496 2.82812 13.7606 7.6367 7.15325 7.63573 5.39579 15.6839 11.7576 18.6109 11.3849 17.7844 13.6954 16.9392 0.81649 20.2225 6.12747 1.55052 14.5292 16.5409 17.7265 14.7259 13.5196 16.1035 13.6514 5.94023 9.23231 8.25644 1.74194 18.7683 11.2082 13.2933 13.1982 16.7317 15.3992 1.5812 18.3497 11.1644 15.742 18.9785 20.7683 1.67045 13.2791 17.5925 9.87448 16.1958 13.2326 15.6862 9.90156 2.9028 12.7593 22.2228 19.9134 11.7358 4.47999 19.2846 14.15 9.47483 0.0936196 11.4286 9.74874 15.3891 18.7157 17.233 11.8394 16.2178 14.2851 18.4572 19.1204 7.31454 7.6038 10.6588 16.6244 12.2503 7.591 13.4728 8.41987 7.7726 12.0794 19.4476 6.19944 4.84575 25.2545 11.199 14.0586 6.64309 5.84252 6.45488 12.8353 7.95116 19.3671 9.0924 9.78887 11.3955 10.4293 9.66401 7.69529 18.5813 15.2326 6.62237 10.2343 17.6025 12.2491 13.3488 8.08563 11.3488 12.1658 16.5795 12.7333 16.4132 12.1998 17.4603 6.27187 20.0964 4.27059 17.7085 20.3726 13.3997 5.07569 13.7901 17.2052 11.8996 14.3497 18.5925 14.4292 18.823 8.82385 11.2149 11.8931 4.67931 11.0764 
20.2294 13.7922 21.2939 18.2949 0 32.1223 26.7285 15.2832 25.8569 30.916 28.9816 22.2191 6.7169 12.1598 17.7438 16.2397 12.3595 29.5212 21.6951 20.1197 8.04342 14.6749 16.0736 16.8146 23.7646 26.0901 20.1635 7.56229 24.9005 24.4045 25.9 16.432 21.0537 10.1623 15.9886 17.3593 6.37414 28.7585 6.01789 31.1247 17.2863 14.7658 16.1433 14.6391 14.7155 15.609 3.77864 4.20492 4.8264 29.0643 22.238 24.425 9.75426 10.9269 21.3975 18.6581 19.4791 13.9606 4.45524 28.243 5.06881 7.64227 14.5608 24.6934 5.48724 24.2927 27.0042 24.5801 18.9834 14.5306 25.8242 20.0429 30.1106 19.9805 19.8995 19.8356 13.0705 32.1825 18.9319 16.1664 9.67582 4.42244 6.97871 21.6995 18.8792 25.9601 18.5568 16.7444 26.3361 5.60291 7.9877 17.3592 4.97148 30.4648 9.81146 23.1391 27.3038 22.3035 16.7902 1.52176 28.2875 5.01142 5.40521 28.4211 2.91309 19.61 13.4831 29.4114 30.6855 25.5984 37.0449 19.7209 29.4536 12.5197 26.4064 2.17218 17.0537 27.2017 17.4998 19.5258 5.93588 20.1152 15.8332 30.0297 22.3329 26.8672 5.92594 27.4126 18.3077 8.57728 27.3198 4.9347 26.9076 30.3418 29.4542 2.08852 12.9366 17.0574 23.5521 23.197 24.1267 11.4673 10.6318 28.5446 11.4211 6.73366 17.0355 15.4538 29.3024 3.35842 13.0901 18.5794 25.0726 26.048 13.636 23.0705 20.7952 15.3656 26.8511 11.8359 22.9535 10.9054 8.50772 12.5125 13.238 11.4782 10.9972 35.1599 13.0992 24.4635 22.1136 0.848131 17.143 14.7789 17.8127 21.626 29.6436 7.91339 13.4984 33.8621 20.1617 33.3863 13.6041 2.25434 21.5618 32.8733 36.4956 31.3207 19.8125 7.2969 6.4764 16.179 15.9696 16.1841 10.5307 0.952061 22.1878 13.5541 14.1581 13.618 28.7037 
11.9194 18.4223 14.9237 17.1769 32.1223 0 13.7589 21.3293 24.4548 2.15057 6.41276 22.1873 29.5226 20.4548 15.5369 26.1264 19.8548 14.8399 20.707 16.114 24.8891 17.7091 26.739 18.6672 15.0957 23.3073 15.3547 25.0452 7.32243 25.6788 8.76759 27.278 17.4309 22.37 19.4797 14.822 32.9907 11.3056 26.457 8.5218 14.8723 25.6438 23.2461 23.1604 17.4142 22.8326 30.173 30.7523 27.2971 3.09661 12.8061 25.6984 25.8138 24.5783 23.0514 13.4669 13.589 18.1741 35.8672 13.2344 29.8297 26.2298 26.9328 16.3159 26.6466 10.0913 11.0928 18.7428 14.618 24.7723 13.9825 14.3617 4.28938 12.1679 22.9971 12.3076 21.6832 3.92139 28.3076 22.5071 22.5875 33.2283 25.4721 15.4509 16.3638 14.6393 13.7412 18.217 6.99098 32.3605 27.5463 17.8283 27.2481 1.85994 23.3871 11.3681 10.9396 22.6594 17.5904 33.1237 7.13437 27.7658 28.2431 6.30742 29.3746 17.1201 24.379 14.5118 1.47622 13.3693 5.62253 17.0527 4.36063 24.3716 20.2602 30.4466 17.0314 6.89718 26.7218 14.4581 27.9759 23.299 24.1875 13.0302 16.8868 12.1953 26.4197 16.479 17.2403 23.5671 9.02005 27.6522 11.3366 3.74674 8.20606 30.1505 21.3733 21.5856 15.9467 20.4575 19.6453 27.6239 24.8709 5.29222 21.0524 25.5756 15.1367 16.67 6.97351 31.7669 23.01 21.3057 22.8137 6.25214 20.6484 19.5724 11.9876 16.8478 25.0109 24.7061 16.9109 21.2345 24.6834 28.5083 19.2111 26.5641 23.8334 4.90789 21.9268 16.7407 10.108 31.6908 16.3434 19.2075 14.3245 26.8507 7.64867 26.6295 19.9553 7.26152 13.1483 2.51274 18.813 34.3071 18.0188 0.827389 4.94496 9.26808 20.8219 25.2801 27.9987 17.0915 18.8301 22.4729 23.3181 32.2717 9.96241 19.1948 29.0698 20.5714 8.52984 
12.5619 14.5435 20.004 8.43768 26.7285 13.7589 0 11.9167 10.7319 11.6086 17.101 27.8248 27.1621 18.692 17.1249 14.8115 17.2491 3.04946 26.2087 20.4636 22.1104 16.4783 15.4212 20.9254 21.9986 9.56315 19.5596 19.241 10.2288 12.1169 16.8222 15.7816 22.6148 16.8863 21.2961 14.0555 24.9687 2.97353 20.7707 6.51607 13.9056 15.018 25.6565 24.6944 14.498 24.9207 26.3997 23.7958 22.3966 12.6907 18.2227 12.1342 17.6895 16.3298 28.1983 12.3936 9.02257 14.9329 29.2218 1.55102 26.6744 23.8358 16.1863 23.7479 22.0528 16.7836 2.69116 5.20278 17.1978 14.4492 0.905104 7.31216 9.48165 11.4675 10.6378 11.582 13.7305 10.6553 15.9695 24.9059 19.3638 25.9954 21.9056 20.9297 7.90725 22.9142 11.2007 9.98683 14.9345 24.6476 25.6895 20.289 21.9507 13.6004 21.3985 5.71696 2.82005 9.5288 10.0246 27.167 6.64591 21.7224 21.5753 16.4993 23.836 7.16211 25.3285 2.83498 12.7014 21.4862 15.1999 7.05077 9.43202 24.7516 6.50129 24.6198 18.8337 15.9205 14.8878 7.98556 21.1166 27.7933 26.4333 3.3417 4.85235 21.1732 22.4524 2.87613 8.42212 19.6187 4.81183 23.7172 20.3799 15.6438 5.79331 24.6538 21.2794 24.4676 22.7103 7.19493 6.17317 18.0795 24.1487 8.62717 15.8468 21.7315 14.1501 14.414 6.84554 27.8358 14.1714 9.87901 29.7042 10.0987 20.8588 6.43034 8.91953 13.4463 11.2541 15.8401 23.2908 17.1454 18.2208 18.3882 17.5583 17.2575 15.9695 12.9182 22.1847 3.45478 12.6306 26.0281 17.783 19.7955 13.4035 13.8151 6.3407 24.5501 19.6036 9.74718 16.2224 12.8263 14.1379 28.4992 5.99465 13.9245 15.0334 6.18413 8.88842 21.9507 25.3462 17.8395 20.4052 24.8805 21.9946 27.2606 10.8506 18.1598 18.2718 13.1105 5.28806 
11.9793 7.50609 18.2378 4.21129 15.2832 21.3293 11.9167 0 11.6392 19.5052 21.1138 24.2071 17.3194 11.3797 13.7567 5.46147 9.81487 14.467 22.8305 17.8784 12.8156 10.8428 5.97525 16.3303 21.0348 11.5116 17.2366 8.29784 14.4065 10.8511 19.0009 6.61969 19.9631 6.81889 16.1731 10.6937 13.0599 14.4 9.66807 17.3983 10.4791 4.47088 19.7641 18.2993 8.54618 18.9353 15.7676 11.9793 11.5511 18.7905 17.5665 10.8766 5.80589 4.46921 24.0781 10.364 8.0428 8.2922 17.3681 13.4676 16.3818 14.4781 5.73194 22.7045 11.4485 17.9332 12.8839 9.30559 14.6755 3.51923 11.0255 6.97597 17.9714 10.8664 5.69103 10.8188 2.54498 19.8932 8.65414 19.1867 10.458 14.1017 12.0505 19.1303 5.02444 22.852 9.10581 3.16203 18.1626 12.7317 16.4032 16.1265 10.9262 20.1861 12.9291 10.1512 13.1903 7.78886 3.91941 15.5104 15.4054 10.3278 9.92847 20.4225 12.5063 4.87566 18.2978 14.4011 19.8816 21.7358 24.9764 4.98148 17.4851 17.3857 11.2404 13.1169 14.7382 19.3089 6.60167 6.88862 9.42791 23.194 20.2282 15.2556 7.2038 22.2639 12.2066 12.1937 4.16273 10.011 13.8945 13.2992 21.7967 21.1688 15.9508 13.2852 14.4819 19.2739 21.3943 8.08534 8.90972 6.46314 16.0259 16.4571 6.51252 11.7054 10.4874 9.23051 16.2579 16.9922 2.27142 3.6064 26.8349 15.2552 14.4768 7.84135 9.64682 7.89496 12.6946 3.92843 21.4622 8.30358 7.02137 7.19253 10.8922 5.49991 4.28635 22.7824 15.4008 9.25902 13.6254 14.5151 13.9029 14.1676 10.4891 9.29767 16.3045 15.2948 13.2038 20.5228 14.7411 21.6685 6.52631 16.8449 6.31574 21.8813 24.5835 17.3826 4.73228 12.2651 15.5515 13.2944 15.4104 19.1751 13.9172 15.9426 12.4733 11.7792 7.80421 2.92304 15.1934 
20.2053 18.4568 27.6539 11.8336 25.8569 24.4548 10.7319 11.6392 0 22.3056 27.1144 34.6899 28.8534 22.6993 23.6845 9.82295 21.0923 10.7059 33.1784 27.6838 24.454 21.5486 10.1615 26.949 30.1582 1.2277 26.8805 19.7018 19.8407 2.09652 26.1583 10.0466 29.8918 18.4578 26.9875 20.3138 21.7097 13.4947 20.9036 16.9723 20.105 11.1365 30.9431 29.5859 19.1579 30.1224 27.0475 21.9232 22.8577 23.1072 26.351 2.09502 16.1809 15.1944 34.756 19.1953 15.6036 19.1692 26.7439 11.566 27.7985 26.1082 11.6095 31.9324 22.8743 25.68 13.3654 5.79298 24.2558 11.3296 10.4761 13.4204 20.197 18.9245 6.08293 18.9686 14.1746 21.3661 8.4613 30.3001 22.0661 23.4134 23.6538 28.6068 12.1187 31.5474 17.7293 12.5937 24.5703 21.7916 28.0279 26.5584 22.1503 24.1526 24.5233 14.4553 13.533 3.85599 13.305 25.6818 17.3206 21.2579 20.5141 26.4592 23.377 10.4687 29.7363 10.9309 23.3313 30.2105 25.7051 10.4319 20.1022 28.8763 4.3341 23.7219 25.0661 25.67 8.85144 13.9556 19.9729 34.029 31.5042 12.5505 8.54959 30.2579 23.7303 8.2754 11.7451 21.6495 15.4399 24.7421 29.571 26.0288 16.5017 24.0671 25.7752 30.2188 30.7176 4.67863 5.01747 14.6231 27.6155 19.2347 18.0835 23.2873 20.2377 19.5738 17.577 28.1071 13.3029 8.06242 37.0605 20.0689 25.6503 5.54006 16.5469 18.227 1.05572 14.1411 31.0494 19.8534 18.356 14.0186 21.988 14.4106 15.4399 23.4593 26.7178 7.83267 21.0975 25.023 24.081 25.0775 19.841 5.23971 17.0563 26.9269 24.3316 20.0315 23.7801 23.5453 17.5899 26.9491 7.92519 24.6486 25.6078 16.4705 7.12093 23.8853 27.1188 23.7255 26.1434 30.284 25.473 26.6571 19.3846 22.8295 12.9065 14.4478 16.0199 
10.9088 17.1357 14.9885 15.3177 30.916 2.15057 11.6086 19.5052 22.3056 0 7.42332 22.5866 28.7089 19.5355 14.9572 24.1789 18.7935 12.746 21.0479 16.0831 23.9346 16.7691 24.7952 18.3427 15.5598 21.1571 15.2609 23.6867 6.02753 23.5406 9.1452 25.3206 17.6167 20.9968 19.1052 13.8044 31.456 9.18397 25.1374 6.56601 13.8265 23.7578 23.0771 22.8395 16.2161 22.5984 29.1653 29.3285 26.0934 2.85388 12.8292 23.5601 24.1913 22.9245 23.3742 12.3064 11.9619 16.9632 34.5302 11.1026 28.9049 25.3572 25.0455 16.9381 25.4732 10.2185 8.94256 16.6 14.1692 22.9074 11.8352 12.5306 2.15101 10.9532 20.9418 11.1023 20.011 2.42356 26.2766 22.3189 21.518 31.7937 24.4179 15.6224 14.5015 15.3992 12.3848 16.4338 7.12344 30.8584 26.7763 17.5091 25.9913 2.60064 22.5144 9.43 8.78915 20.5472 15.8508 31.853 4.98636 26.4205 26.8258 7.12808 28.1163 15.1644 23.988 12.4149 1.42655 14.0454 6.1751 15.0922 2.22716 23.8875 18.1098 29.164 16.5618 7.37592 24.73 12.686 26.5315 23.5047 24.0104 10.964 14.8016 13.0362 25.3275 14.3354 15.3764 22.421 6.8749 26.5851 12.1566 4.99392 6.09667 28.9076 20.7389 21.4598 16.411 18.3317 17.5069 25.8663 24.223 3.20056 19.6808 24.485 14.104 15.5306 4.84018 30.7572 21.2696 19.3091 23.4699 4.87034 20.0416 17.4506 10.4061 15.558 22.8604 22.9876 17.3254 20.0115 23.2373 26.6971 18.2664 24.8212 22.2102 4.65828 21.3643 14.6029 9.2562 30.444 15.7784 18.6154 13.2502 24.7549 5.54532 25.8104 19.2365 5.88639 12.7013 2.4904 17.4386 33.0674 15.9474 2.44224 5.59159 7.32657 18.7832 24.2553 27.119 16.4422 18.3916 22.2855 22.5433 31.1187 8.76024 18.3431 27.1921 18.9268 6.38981 
9.49673 16.1213 9.30923 17.4257 28.9816 6.41276 17.101 21.1138 27.1144 7.42332 0 15.9655 25.3058 16.8408 11.3302 26.4364 16.7045 19.0337 14.5539 10.6157 21.1834 14.335 27.0037 13.6412 8.89749 26.0973 10.0207 22.6353 7.31088 27.9256 3.19689 27.6173 11.5246 20.1335 14.5267 11.9689 31.0168 15.417 23.8557 13.6286 12.1037 25.5845 17.7714 17.9735 14.889 17.4862 26.4705 28.4002 24.2748 4.85759 7.42353 27.9487 24.4213 23.3746 16.8944 11.2682 13.1179 15.6303 33.0906 17.1096 25.9014 22.2523 26.8364 9.97282 23.5466 4.83786 14.4984 21.3454 10.1587 24.6238 16.9977 14.7334 9.05697 10.3764 24.2511 10.4575 20.7015 9.83022 29.1738 17.0832 19.3176 30.858 22.0398 9.63016 16.6982 8.24251 12.1892 17.9877 2.96544 30.2705 23.2635 12.8311 24.404 4.87722 19.506 12.7175 14.4704 24.5482 17.1962 30.1738 10.9329 25.2123 25.9376 0.694108 26.4722 17.9427 19.3042 18.6935 6.03068 7.02008 11.7664 17.9115 8.62019 19.4945 23.3062 27.5986 12.4288 1.86483 27.3234 14.5265 25.7814 17.2672 18.7081 17.4849 18.7394 5.7865 23.0716 19.9771 17.5098 20.4948 12.4465 24.19 4.93631 2.67909 12.6599 27.1763 16.9477 16.0724 9.73289 22.6358 22.0999 26.7991 20.3571 8.95874 18.8817 22.2511 12.2949 14.0153 11.3482 28.0355 22.282 22.1549 16.4299 7.07076 16.1857 21.7247 11.5849 14.6918 27.8549 23.797 10.7317 18.5298 22.6147 27.9326 15.7453 25.7022 22.5262 11.3206 17.3054 19.3198 7.61978 28.6924 12.0301 14.7781 11.7175 28.3973 12.196 22.4974 15.8121 13.3034 8.85268 8.91507 16.7997 31.2302 19.6638 7.13845 11.0773 14.3869 22.0242 21.7662 23.9918 12.9419 14.051 17.0486 19.1752 28.9586 8.6482 15.4594 28.8507 19.5292 12.636 
15.2719 16.7013 7.97514 22.8571 22.2191 22.1873 27.8248 24.2071 34.6899 22.5866 15.9655 0 15.9641 13.2954 11.0458 29.2135 14.644 30.6539 1.62491 7.3619 14.9919 13.3756 29.5521 7.87749 7.09353 34.0892 8.26957 19.7928 18.6053 34.5428 13.469 30.2026 5.25933 18.7666 8.09406 14.4144 27.1584 27.6075 20.0512 27.391 14.6168 27.7278 6.07596 7.62485 15.7322 6.65585 18.5461 24.0503 19.0992 19.7341 10.0401 34.569 23.6848 23.4315 1.16637 15.7482 19.4245 15.9171 26.6313 28.613 17.3837 14.7085 28.5955 6.12469 18.3759 12.4124 25.9916 29.8807 10.6883 26.8106 27.2577 21.6066 23.4782 16.4254 29.5533 16.3284 22.2191 24.9403 32.6361 6.12636 15.3933 25.94 16.3862 7.14526 22.5986 8.04057 17.1618 22.2388 15.4653 26.2426 14.2856 8.15417 19.7176 20.421 13.5087 22.1116 26.1343 31.0614 21.4608 23.7325 23.9651 21.1222 22.3391 15.9229 21.0163 24.2501 8.73883 30.3527 21.4118 9.00125 27.7037 24.2968 22.8219 9.70679 32.2509 22.0181 9.63061 15.3112 30.5583 20.9768 22.5334 2.31591 6.46515 29.7549 26.6243 10.4321 17.2997 30.3216 22.9461 16.6056 24.588 17.6816 11.1634 18.5923 25.884 21.3268 10.5368 5.44072 6.24532 30.1135 30.2048 26.8321 11.6377 22.5921 18.2689 16.8556 14.4659 15.187 24.8173 19.6537 23.831 27.1633 2.90486 19.3981 10.2034 29.3602 19.0121 16.5571 35.6853 24.44 5.27837 16.663 20.7103 28.3077 13.4222 25.923 22.6073 27.0155 9.8811 28.288 15.3768 22.4164 10.6092 10.1133 14.9424 33.4774 25.6277 14.3216 11.2738 28.2252 11.6061 24.5892 17.6823 24.2178 26.9095 22.9731 27.0138 28.044 27.7751 15.9602 15.7496 11.0109 8.80555 6.11441 12.4331 21.6811 17.0752 12.5316 29.884 21.3722 25.4852 
17.8223 12.7178 16.6143 19.0268 6.7169 29.5226 27.1621 17.3194 28.8534 28.7089 25.3058 15.9641 0 9.21931 14.0949 20.0774 10.2587 30.1641 15.6687 15.3143 5.08125 11.9749 20.0984 11.9509 18.6885 28.8148 15.6037 9.17189 22.7745 27.77 22.1128 20.6022 15.7291 10.647 11.0487 14.9728 12.7508 28.6118 8.15161 30.3239 14.984 18.452 9.97714 8.67794 13.1012 9.59978 2.97875 9.91618 6.22253 26.4305 18.0266 27.7936 13.136 13.8183 15.0449 16.6251 18.6569 12.4917 10.8831 28.5516 1.66892 3.42299 18.6742 19.3032 6.03147 20.4691 26.7665 26.2738 15.1821 17.9006 26.2967 19.9083 28.3537 18.0022 22.7774 17.8451 14.7835 30.379 23.2514 10.1718 7.82344 11.012 5.34884 16.7943 19.3758 20.8171 17.0573 17.5889 23.0213 11.8763 2.04983 12.6716 7.01603 27.7273 6.21737 22.5103 27.0396 25.0462 17.3046 8.21276 27.1001 8.30367 9.47308 24.8436 6.84623 20.5617 7.34167 29.9852 28.186 20.7311 34.868 20.6631 27.6488 6.5632 28.4159 7.40442 12.8779 23.6873 21.4765 19.2681 9.93791 13.7524 9.49898 30.2507 23.4721 22.1457 5.12385 28.5003 19.0715 7.59827 26.5541 4.18973 22.3595 27.1114 28.5909 6.68602 8.35925 11.1879 18.3116 25.35 26.0565 15.828 5.0706 26.875 11.4384 5.63465 14.6967 13.5384 28.1431 3.71886 15.5556 20.9191 18.7356 23.9383 9.1224 24.9905 19.5788 14.0559 29.9006 14.9536 17.5599 10.0175 10.5301 17.1752 10.5024 15.4138 13.4455 33.2504 8.0918 25.6359 19.4703 7.18275 13.3334 10.5296 15.5822 25.435 28.6549 2.89861 9.59488 32.638 16.5787 31.1917 13.0281 8.42154 23.0036 30.3275 34.2533 30.6743 22.045 5.23704 1.82204 12.4917 11.3403 10.1961 6.21006 5.97972 20.0732 10.3657 18.9312 14.8007 27.895 
8.62832 4.36281 9.52966 11.3265 12.1598 20.4548 18.692 11.3797 22.6993 19.5355 16.8408 13.2954 9.21931 0 5.59251 16.0352 1.60907 21.7407 12.1239 8.55047 4.43913 2.76694 16.3346 5.75858 12.2583 22.3414 8.36076 6.89352 13.5683 22.1592 13.7417 16.9764 10.08 5.47502 5.26841 5.7566 15.136 19.7768 7.63716 21.2226 5.76468 14.5019 8.39042 6.92475 4.19584 7.56182 9.74619 12.1825 7.5715 17.3587 10.163 22.1851 10.4471 10.1365 12.9813 7.41187 9.78971 3.80477 16.3773 19.9622 9.37991 5.82891 15.32 13.5322 6.81046 12.1329 17.9258 18.8693 6.84313 13.6153 17.883 11.3971 19.1349 8.78641 17.0113 8.62921 9.12791 21.1631 19.477 7.83904 2.64236 14.5109 5.19914 10.1252 11.4169 14.4298 7.95324 10.2064 14.2698 14.2782 7.38482 5.95604 7.84991 18.7009 3.00232 13.593 18.1806 18.8771 9.62687 13.4079 17.9336 8.94482 9.95608 16.2957 9.79409 12.9015 7.0554 21.5217 19.0803 13.8226 25.7068 12.9835 18.4307 6.26636 21.1967 10.9314 5.16442 15.0847 17.4151 10.7146 9.9867 11.9822 8.85356 21.5709 15.7368 14.9569 6.2369 20.4528 11.3965 3.95733 17.5025 7.35438 14.9011 18.3286 19.4875 10.438 3.10307 8.04514 12.2554 18.48 18.9006 13.5723 5.45688 17.6567 5.04174 5.42805 5.47758 4.42586 18.9755 11.3365 10.6487 14.7226 16.1038 14.7341 3.15486 17.9011 10.5024 5.24572 23.7452 11.1498 11.9156 3.36939 7.57198 15.0387 1.28339 12.6388 9.31358 24.0463 4.03122 17.7929 10.3499 11.921 5.04217 3.34168 6.36299 20.6401 19.5194 6.33861 2.0351 23.4425 8.0038 22.0239 5.12931 14.4132 15.5905 21.2455 25.104 21.6145 15.5789 4.93121 7.58515 4.06797 4.75421 7.82983 3.32924 12.1179 10.8576 1.39764 16.593 8.45747 18.8139 
4.78252 6.54049 4.56815 11.8722 17.7438 15.5369 17.1249 13.7567 23.6845 14.9572 11.3302 11.0458 14.0949 5.59251 0 19.0885 5.83128 20.0756 9.50369 4.1287 9.8582 3.52388 19.5199 3.84857 7.42276 23.0561 3.4962 12.0467 9.38682 23.6359 8.18617 20.1808 6.27279 9.94243 4.3868 3.37383 20.4769 17.3786 13.0345 17.9632 3.58039 17.7711 8.72475 8.09998 5.30568 8.07652 15.1404 17.6246 13.1511 12.4743 4.6427 23.662 14.856 14.1646 11.2345 4.77404 8.41576 5.78497 21.9672 18.088 14.5937 10.9434 18.8255 9.00557 12.3959 6.5605 15.621 18.8426 1.26238 16.7965 16.4775 10.5776 14.9966 5.68797 18.7674 5.56197 12.1999 16.8951 22.3979 7.95119 8.18238 20.0092 10.7689 5.40856 11.5715 9.43794 6.13903 11.4019 8.92775 19.6533 12.0792 3.16582 13.385 13.7089 8.17649 11.4452 15.8129 20.1197 10.5846 19.0004 14.4862 14.3787 15.2833 10.8198 15.3724 13.2238 9.11516 19.7975 14.2663 8.58371 21.0182 13.267 14.2791 8.93908 21.2163 16.5094 1.76766 9.63411 20.3288 9.93851 15.234 10.7085 9.58565 19.4311 15.5833 9.55178 11.8179 19.461 11.9631 9.44797 14.5955 12.8923 9.40502 13.0184 16.2841 16.0278 5.83811 7.38501 7.6843 19.082 19.1591 17.764 9.33515 13.6912 8.9374 11.0175 3.45269 4.53685 15.4793 16.7069 13.9059 16.3679 13.3823 10.4789 5.11202 18.3192 8.20537 5.8625 24.6689 14.949 7.70564 7.95637 12.3883 19.1376 4.65337 16.7166 13.2736 19.6003 6.41072 17.2911 5.81733 17.5135 0.823099 3.67267 3.90065 22.8268 16.1731 11.2365 4.51163 19.6327 2.49341 17.391 7.50961 19.998 15.8679 16.3548 20.3765 18.4962 16.8728 10.4737 12.6963 1.61586 3.55728 7.92218 7.90004 17.6701 7.02577 4.1949 20.4728 11.1625 15.7292 
17.4256 12.6524 23.6139 9.08553 16.2397 26.1264 14.8115 5.46147 9.82295 24.1789 26.4364 29.2135 20.0774 16.0352 19.0885 0 14.5878 16.6637 27.911 23.1843 16.3692 15.9852 0.623256 21.3823 26.4322 10.2862 22.5829 11.0442 19.5202 8.19868 24.4246 1.18107 25.2157 10.7653 21.1211 16.1192 11.9031 17.6759 11.926 21.0433 15.9066 1.63896 24.3537 22.796 13.8041 23.5319 17.8897 12.1879 13.8694 23.7927 23.0123 8.21794 6.94525 6.37828 28.9848 15.8244 13.3185 13.4424 16.9211 16.2827 18.8094 17.8277 1.79092 28.078 14.0649 23.3857 16.5102 10.5193 20.0599 2.42207 14.0327 11.8963 22.446 16.2893 4.56408 16.2487 7.00288 24.2264 3.44366 23.8509 14.521 13.5916 15.2866 24.4892 9.86803 28.2841 14.5495 8.46981 23.5049 11.9687 19.6432 21.2654 13.0941 25.1453 16.9479 14.7605 16.7975 6.78392 9.2911 15.9433 19.6779 11.9756 11.0512 25.7428 13.9711 9.01447 22.5685 16.7069 24.7203 27.1851 29.2354 9.08706 22.0468 21.5739 11.5199 14.1614 19.941 24.6579 1.42581 11.9743 10.5147 28.0146 24.7008 17.9402 10.0562 27.7252 15.0881 14.0198 9.00922 13.7025 17.9599 15.8877 27.2568 26.3185 19.8332 14.5876 19.0638 24.0757 26.7614 8.52988 9.70264 4.82827 19.9632 21.0217 10.9941 14.844 15.8999 14.5525 20.397 18.7638 5.39062 5.01576 31.9262 20.2677 19.19 8.87758 14.8718 13.2569 10.7558 5.22238 26.7815 12.7094 9.7074 4.23871 15.7913 4.79599 6.98304 26.9738 19.9274 11.4894 19.0304 15.3947 19.1688 19.101 15.939 5.42201 20.2709 18.6431 17.9969 24.2857 20.1839 26.1632 11.6577 17.1847 8.85744 26.6059 28.9167 20.8633 5.9233 15.6062 18.4848 18.4888 20.4215 23.8437 18.0377 17.0878 17.7906 16.6824 3.52928 7.94322 19.1176 
7.93609 2.7872 10.1605 9.73992 12.3595 19.8548 17.2491 9.81487 21.0923 18.7935 16.7045 14.644 10.2587 1.60907 5.83128 14.5878 0 20.2932 13.3967 9.33291 5.23683 2.38986 14.9126 6.90461 12.9764 20.7324 8.99932 6.21698 12.7743 20.567 13.7058 15.5612 11.0686 4.30986 6.55279 5.03381 14.6475 18.4549 7.23544 20.0656 4.98452 13.0857 9.95114 8.51519 2.85071 9.12252 10.3754 11.8262 7.58636 16.7732 10.4718 20.5929 9.33408 8.87657 14.3972 6.50419 8.45755 2.31735 16.3875 18.554 10.1948 6.83646 13.9595 14.3748 6.87898 12.1518 16.6034 17.283 7.08512 12.1763 16.4246 9.93816 18.2394 7.87883 15.4246 7.72464 7.62623 20.2918 18.0222 9.37338 2.73298 14.2403 5.62659 10.8567 9.85561 15.0988 6.80308 8.60029 13.9944 13.8294 8.56124 6.94538 7.70117 18.1545 4.17785 12.2999 16.867 17.2728 8.03137 13.4894 16.8541 8.58901 9.45679 16.1203 9.77058 11.3179 8.66374 20.0833 18.4431 14.3597 24.9659 11.4017 17.5472 7.86258 19.6038 10.8947 5.88366 14.8941 15.951 9.26374 9.4028 13.4443 10.4423 20.1934 14.1686 15.3791 6.5657 18.9337 9.80834 3.79887 16.3021 7.80134 15.2327 17.9832 18.3323 10.488 4.69301 9.50699 13.0689 16.8731 17.302 12.3989 6.94146 16.7242 3.62859 5.72182 4.71804 3.31321 17.8969 11.9656 9.198 13.1251 17.403 13.94 4.66392 16.299 9.32013 3.84865 22.1377 9.83142 12.8352 2.19785 6.64162 13.8421 1.30499 11.4193 8.02118 23.2177 5.62975 16.2413 9.77973 12.0155 5.47757 4.54097 5.54698 19.0952 18.398 7.4556 3.41674 22.4112 8.0254 21.2827 3.52119 14.589 13.9983 20.6258 24.3833 20.4224 13.9724 5.46517 8.52615 4.5503 5.91159 9.36228 4.75987 12.4408 10.0395 2.1456 15.3364 6.89821 17.6383 
15.4404 17.5787 22.7664 11.3001 29.5212 14.8399 3.04946 14.467 10.7059 12.746 19.0337 30.6539 30.1641 21.7407 20.0756 16.6637 20.2932 0 29.0323 23.2957 25.1239 19.5214 17.2468 23.8955 24.6266 9.47828 22.3851 22.0931 12.6107 12.4562 19.1417 17.5201 25.4172 19.8071 24.2893 17.0615 27.4187 3.63332 23.6097 6.56914 16.9167 17.1057 28.6571 27.7187 17.5471 27.9289 29.3318 26.4361 25.2841 14.3582 20.9069 12.4681 20.2729 18.9304 31.068 15.3768 12.0621 17.9778 31.8349 2.05589 29.6417 26.8531 18.189 26.351 24.9682 19.2743 4.76176 6.23897 20.0895 16.6529 3.87539 10.3551 10.6073 14.3951 12.2178 14.5163 16.4625 11.264 17.2865 27.9025 22.38 28.5622 24.8864 23.6763 10.8345 25.4001 14.2194 12.8346 17.1511 27.157 28.7152 23.2414 24.8095 15.0424 24.4373 8.63076 4.69374 10.6014 12.9459 29.8925 8.13329 24.5098 24.2908 18.4827 26.6473 9.91364 28.3679 0.340277 14.0124 23.9606 15.1481 9.80309 10.7566 27.7977 6.42046 27.3907 21.8004 18.0503 16.5126 11.0312 23.8152 30.7037 29.4437 1.91163 7.26326 23.5243 25.4059 2.70638 11.2746 22.6011 6.62709 26.661 22.6998 17.2693 6.65181 27.4593 24.3238 27.4404 25.3671 8.35151 7.17149 20.361 27.1971 10.1593 18.8055 24.699 17.1658 17.4609 7.94186 30.746 16.7384 11.9704 32.4403 12.2749 23.897 7.8227 11.8835 16.495 10.9542 18.342 25.9966 20.1473 21.0235 20.5094 20.6077 19.6198 18.6432 12.961 25.2267 5.29601 15.3412 28.8 20.7524 22.8192 16.4036 14.7233 7.20067 27.574 22.6464 9.41009 19.0514 13.4323 17.1513 31.2278 8.2308 14.84 15.1193 5.95267 10.8392 24.9427 28.3457 20.8401 23.4001 27.8766 25.0414 30.0859 13.5947 21.2066 20.1867 15.9298 6.47001 
13.6609 15.3295 6.35464 21.3516 21.6951 20.707 26.2087 22.8305 33.1784 21.0479 14.5539 1.62491 15.6687 12.1239 9.50369 27.911 13.3967 29.0323 0 5.74532 14.2002 11.9878 28.2674 6.5287 5.65645 32.5596 6.65016 18.7787 16.9882 33.0711 11.9595 28.9214 3.63501 17.5952 6.86139 12.8773 26.378 25.9826 19.139 25.7818 13.0826 26.4508 5.69644 7.06925 14.3152 6.10825 18.1016 23.2752 18.3137 18.1985 8.43341 33.0972 22.5635 22.2437 2.34556 14.1726 17.8514 14.5405 26.1378 26.9906 16.9971 14.0912 27.3536 4.93756 17.5706 10.8494 24.3674 28.3165 9.09605 25.5206 25.6466 20.0397 21.8994 14.8233 28.1135 14.7285 20.9085 23.3883 31.3198 5.54157 14.3528 25.2564 15.5778 5.53763 21.0726 6.8689 15.5962 20.7767 13.9245 25.4673 13.8747 6.71348 18.892 18.9232 12.6275 20.4972 24.5097 29.5762 19.9875 23.1942 22.3505 20.264 21.4547 14.4761 20.3081 22.7249 8.33333 28.7305 19.8944 7.67935 26.2528 22.7692 21.2383 9.20864 30.6835 21.3449 8.15802 13.8157 29.2395 19.4161 21.6175 2.88921 6.2948 28.1301 25.0638 9.16218 16.535 28.716 21.4414 15.6051 22.9642 17.021 9.84246 17.1528 24.2682 20.6719 9.5326 4.65101 4.8274 28.5851 28.6554 25.6955 11.0633 20.9935 17.0244 16.0315 12.9418 13.7341 23.2079 19.3008 22.5437 25.7185 4.01516 17.7903 9.11513 27.8224 17.4101 15.1063 34.1677 23.2246 3.82217 15.4727 19.6312 27.1626 12.1435 24.7599 21.4037 25.5097 8.97529 26.7058 13.7519 21.8348 9.10713 8.85688 13.3896 32.0749 24.0158 13.784 10.0892 26.6532 9.98748 23.0869 16.3179 23.7596 25.3711 21.5005 25.5632 26.4316 26.3012 15.1558 15.2731 9.56832 7.49699 5.52163 11.5967 21.2144 15.4512 11.2611 28.7066 20.0265 23.8655 
7.91845 10.5669 1.33721 15.9205 20.1197 16.114 20.4636 17.8784 27.6838 16.0831 10.6157 7.3619 15.3143 8.55047 4.1287 23.1843 9.33291 23.2957 5.74532 0 12.0831 7.32717 23.6036 3.37709 3.71502 27.0099 0.91592 15.4185 11.4462 27.7057 7.5268 24.2644 2.21492 13.627 4.27045 7.4126 23.6739 20.2914 16.1773 20.2803 7.62755 21.838 7.18207 7.38608 9.38056 6.87041 17.0168 20.6844 15.9036 13.305 3.30985 27.7318 18.6342 18.0559 7.80525 8.52935 12.2006 9.78827 24.5141 21.2575 16.204 12.6849 22.8627 5.04473 15.1268 6.03844 18.6493 22.6716 3.43273 20.8697 19.9027 14.402 16.6511 9.09597 22.8786 9.00654 16.2527 18.3099 26.5114 6.47567 11.1611 22.9502 13.2652 1.59165 15.5689 5.90411 9.98093 15.5147 9.12371 22.807 13.2763 2.76058 16.2903 14.2616 10.3161 14.7519 18.7991 24.1769 14.6902 21.5038 16.8104 17.4661 18.5039 10.3173 18.0959 17.2161 8.7514 22.996 15.0877 5.4912 21.7365 17.252 15.9606 9.06565 25.0271 19.22 3.44946 9.36149 24.4391 13.8003 18.5362 7.6203 8.12367 22.427 19.4341 6.84414 14.3245 22.9775 16.0125 12.4874 17.3076 15.1867 7.05117 12.9097 18.7107 18.6477 7.2123 5.49513 3.73603 23.047 23.0523 21.6369 10.2445 15.6011 12.7639 13.619 7.53678 8.6493 17.7129 18.4807 17.9503 20.4803 9.41396 12.3412 6.48983 22.2564 11.6807 9.98768 28.652 18.9043 3.59949 11.5307 15.9666 23.0456 8.03497 20.616 17.1727 20.6926 7.25158 21.0146 8.07444 20.0367 4.03351 5.39689 7.84587 26.9513 18.4951 12.7199 6.75203 21.4189 4.24484 18.3207 11.5535 22.3453 19.809 16.9371 21.0581 20.9007 20.9548 12.8958 14.2881 4.83229 4.15092 6.44107 9.62525 19.8748 9.73373 7.29243 24.4436 15.245 18.2665 
13.0283 7.63671 13.2505 14.0774 8.04342 24.8891 22.1104 12.8156 24.454 23.9346 21.1834 14.9919 5.08125 4.43913 9.8582 16.3692 5.23683 25.1239 14.2002 12.0831 0 7.18234 16.5104 8.80825 15.7465 24.3028 12.1213 5.44667 17.9398 23.5618 18.0438 17.0882 13.1186 5.9968 8.01338 10.1306 12.181 23.5306 5.21516 25.2741 10.1154 14.7345 9.09552 7.4533 8.05375 8.39051 5.3137 9.07597 4.11485 21.7936 14.2439 23.5866 9.70742 9.99619 14.3589 11.705 13.5803 7.42306 12.4327 23.4866 4.97575 1.73904 15.2239 16.7462 3.38397 16.4137 21.6852 21.453 11.0647 14.0249 21.2515 14.8384 23.4542 13.0844 18.448 12.9287 10.2808 25.4992 19.7321 8.88521 2.74853 11.1042 1.3991 13.6668 14.3794 17.9449 12.0348 12.6904 18.6761 11.2687 3.65787 9.32346 4.73004 23.1393 1.76827 17.4336 21.9585 20.6043 12.3408 9.42195 22.0873 6.15736 7.40262 20.6589 6.1543 15.6351 6.71199 24.9385 23.5082 17.5564 30.1093 15.733 22.7575 5.64483 23.661 7.2389 9.03215 19.4585 17.795 14.1937 7.65644 13.1497 9.10503 25.1779 18.5495 18.8255 2.34267 23.5286 14.1278 2.80458 21.4933 3.10927 18.8787 22.747 23.5434 6.61708 4.94778 9.5832 15.5691 20.6796 21.3052 12.774 3.76451 21.9487 6.55339 1.88321 9.83453 8.54663 23.1298 6.90063 11.3456 16.4104 17.8967 19.1071 5.61583 20.2507 14.5365 8.98736 25.5092 11.1491 15.0225 4.99479 6.70574 14.2404 5.67992 12.091 9.41314 28.4086 5.2661 20.6998 14.7817 7.96031 9.199 6.73704 10.7016 21.5201 23.6211 2.51584 5.47833 27.6478 12.3312 26.4247 7.97312 10.2813 18.1574 25.6773 29.5132 25.6122 17.4658 0.972424 3.30327 8.25632 7.93679 8.89388 2.6188 7.86086 15.2127 5.76011 15.9631 10.0944 22.8408 
