200
2.71827 15.5831 1.05662 0
3.3087 4.04868 0.875155 0
16.496 19.4282 20.4046 1
11.9612 16.7561 0.9339 1
8.44994 12.237 2.26644 0
15.8628 17.796 1.48278 0
4.28767 5.43567 1.45036 0
3.27467 12.9469 17.7492 1
10.5079 12.9506 0.633524 0
9.13833 21.6128 1.05663 1
10.3776 16.096 0.713657 0
18.1616 19.6029 1.20961 0
17.31 22.5633 0.344802 0
4.80517 16.0285 1.74835 1
18.2816 22.2193 0.79132 0
4.31361 17.4332 0.983967 0
6.64871 11.0679 1.28744 0
13.1468 14.5181 1.56694 1
1.54218 7.52346 0.381016 0
14.8371 22.8387 2.01881 0
7.58006 8.61065 1.88471 0
12.5062 22.4916 2.19098 0
0.670837 18.1414 0.654293 0
15.4685 15.9042 1.25739 0
17.9926 18.1533 1.99454 1
5.10597 6.4209 1.65709 0
7.6424 10.8155 1.36975 0
10.1276 12.9046 2.12505 1
13.463 18.0963 0.524501 0
7.97425 12.1977 1.21774 1
10.5666 19.2757 1.64661 0
16.1618 17.6844 1.85097 0
18.0053 23.3363 21.2235 1
14.1148 18.2265 1.11139 1
0.400356 2.73887 0.630707 1
1.35096 13.8335 2.15451 0
10.6845 21.7774 0.373746 0
10.6922 16.5432 1.62632 0
10.9276 13.9348 1.92751 0
16.4179 18.9384 1.37662 0
13.0335 14.8362 1.85969 0
12.1205 18.5259 0.737809 0
0.332172 4.80273 24.3568 0
1.99725 17.8364 2.12561 0
18.5528 20.6961 0.475483 0
14.7491 22.1769 2.0593 0
3.97102 19.0921 1.70158 0
1.37464 23.9231 22.447 0
15.8752 18.5637 0.739753 0
12.7722 19.2127 0.742339 0
14.7819 15.4283 1.05089 0
18.8954 20.6266 12.7815 0
15.1774 15.731 1.82384 1
6.01874 11.5708 1.21389 0
13.1848 16.205 0.694777 0
17.0365 18.189 0.350766 0
4.08722 12.1029 22.035 0
10.031 18.2699 1.34664 0
7.07112 13.9216 0.50816 1
6.9046 8.98632 3.26678 0
18.8358 19.979 0.645047 0
11.9788 16.3135 1.91858 0
2.57412 13.9232 0.510711 0
9.01924 19.1352 14.1536 0
17.1138 20.7027 1.77223 0
8.99316 23.1887 0.683337 0
4.67125 4.85273 1.02105 1
16.4583 21.7234 0.240405 0
1.21115 7.09764 2.17266 0
14.8931 18.3142 0.488998 0
6.98654 17.8354 7.78582 1
17.3713 17.7541 0.897554 0
11.9622 23.8716 13.9731 0
13.3356 19.1449 1.96838 0
13.7421 23.0577 1.65624 0
1.28915 14.6402 1.23325 0
0.42845 22.9532 1.9676 0
3.92211 5.63022 2.25283 0
3.06743 4.65935 21.7103 1
17.7341 20.921 0.275326 0
2.5524 4.44039 0.580013 0
0.416436 16.269 0.209614 0
16.2033 20.8666 0.239934 1
6.26585 22.8582 1.05107 1
8.36417 20.5727 0.352078 0
10.5618 16.3087 1.00053 0
5.97369 17.341 0.651259 0
16.2296 17.1872 13.8837 0
11.167 21.6074 23.7745 0
13.4254 18.9722 0.931446 0
3.87996 14.8425 0.539507 0
3.19434 22.1389 0.754656 0
4.16166 10.6157 1.88522 0
1.70506 14.9106 0.530768 1
7.1187 15.0562 0.396648 0
6.31308 9.59939 0.642551 0
15.6736 18.6435 1.01395 1
4.47216 18.5254 1.27065 0
10.0612 18.2469 1.72422 1
10.8518 11.1339 2.04029 0
17.7581 17.8692 2.0945 0
15.6637 23.7058 1.54016 0
16.9771 18.0494 0.741119 1
3.60071 19.4658 1.15487 0
12.0339 13.9211 1.35991 0
4.08488 19.7108 1.63232 0
12.6766 21.45 6.54728 0
8.75795 11.7355 1.69273 0
9.45574 13.6308 1.6194 0
5.98859 16.3932 21.1856 0
11.1921 11.4195 1.39894 0
10.6759 23.7044 2.13005 0
12.261 21.3667 0.617136 0
17.493 18.1777 1.97314 0
18.1961 21.4984 0.300659 0
13.8362 22.8612 0.500109 0
5.97809 14.9143 26.2123 0
18.5533 22.3739 2.22128 1
9.6911 15.731 0.793548 0
3.55153 11.1046 1.97701 0
1.54436 4.16728 20.9014 0
13.2784 17.157 1.21691 0
12.4664 18.1372 1.54021 1
8.68827 23.3437 2.0958 0
5.75706 20.7618 0.854098 0
2.12795 7.6035 0.512301 0
17.0971 22.3518 2.19854 0
14.2097 15.2834 1.37339 0
8.76676 19.8106 17.9236 0
10.1846 19.848 0.442341 0
18.5229 19.4711 1.17861 0
14.0337 21.4492 0.6825 0
12.778 19.4939 3.99603 1
8.39545 18.4284 0.557125 0
15.9114 21.124 0.368206 0
17.6774 18.0971 0.915806 0
7.88434 12.2546 0.65298 0
14.142 15.1466 2.16022 0
13.4905 21.0981 1.74263 0
18.1603 22.0915 1.58911 0
9.50439 12.0303 5.00167 1
3.68435 8.74613 1.01471 0
6.44037 21.9861 0.866127 1
13.2801 21.5293 23.0789 0
6.06312 8.41963 0.531181 0
1.05719 12.4708 1.09191 0
8.87904 17.9604 2.14228 0
5.08168 20.1906 2.18371 0
18.7796 23.8825 0.661466 0
18.8343 19.3141 0.698995 0
1.78599 19.5698 1.04095 0
16.0072 21.982 2.11483 0
5.12294 17.0998 1.0115 0
0.916515 14.5012 1.65139 0
10.8613 18.8957 17.6353 0
7.14402 22.2665 1.73318 0
14.5253 19.1262 1.58719 0
14.0547 23.2516 1.02493 0
8.87821 21.7094 1.21752 0
12.1354 22.3428 2.26872 0
9.5417 17.8149 0.569244 0
11.3718 18.8132 0.91638 0
16.3637 17.953 1.37642 1
6.45545 10.4161 0.813898 0
5.32044 8.22635 20.5611 0
10.4314 18.1326 1.77207 0
7.15154 14.9209 0.803956 1
9.93936 13.334 0.269496 1
6.19539 9.11257 3.54827 1
9.56085 14.5126 1.78837 1
17.3807 23.5479 1.70389 0
5.06005 7.18599 1.86321 0
8.23283 22.2931 2.16197 0
3.67706 22.5111 1.47676 0
1.27089 10.6791 15.0066 0
7.37297 20.5618 1.83968 0
4.04008 5.39162 0.319067 0
18.3794 18.8519 0.940521 0
10.8458 20.9143 27.0662 0
10.3659 20.404 0.730694 0
15.5792 20.2272 1.38894 0
14.0179 23.1876 1.59255 0
9.67065 20.3523 26.0178 1
2.86743 18.9294 1.13546 0
1.02948 12.1185 1.03149 0
16.9369 19.1373 18.4742 0
2.99251 13.0411 0.454408 0
14.3957 19.446 1.67421 0
5.75647 20.274 1.64484 0
15.8043 19.8491 2.06865 0
12.1012 18.1901 26.5953 1
8.14586 12.7502 1.16538 0
15.9886 23.4308 0.819106 1
15.3269 23.0011 22.1484 0
8.37855 12.6906 14.6501 0
8.48707 12.2958 1.04441 0
5.53611 8.54488 1.45855 1
3.4727 22.0322 1.99212 0
8.38806 20.2203 2.15356 1
18.5496 18.8119 1.47658 0
400 50 500
0.025 0.0125 10000 3000 15 1e+06 300000 8 12
0 5.81931 6.49789 3.84847 8.6454 6.75331 4.95509 6.78244 5.15279 3.57102 7.67604 4.36722 3.03384 5.49818 2.73885 7.56652 8.37689 7.69528 2.04537 3.14168 1.91208 6.12578 7.35028 8.94661 8.34099 3.05117 1.18133 7.08525 7.26198 7.85793 7.03367 0.743205 5.4476 6.38241 1.62063 7.66355 2.17099 3.10257 4.73131 5.94709 5.80632 2.17162 5.94049 3.00205 6.16387 8.50524 8.22421 7.82704 4.21074 8.33759 3.63498 3.63724 6.71136 4.28788 6.44042 2.33703 6.73163 6.68742 6.60929 7.95165 0.902265 5.18417 6.39923 5.12911 1.4473 3.69777 8.46336 4.08566 2.92098 1.78809 8.07929 3.72389 4.76949 6.33522 5.53641 6.05804 0.421188 7.1624 4.31808 6.11234 1.28004 6.82875 3.12439 4.88607 9.1915 8.35415 4.93942 7.66156 5.69722 3.01593 3.15937 6.90538 3.84009 7.11673 6.76353 6.08208 1.96068 5.81823 1.84029 4.84699 3.58263 6.35701 7.02243 1.13214 4.88074 3.49677 1.66692 3.41015 5.4245 6.4533 1.99902 7.69025 3.13633 2.03957 6.0192 7.437 2.07743 3.06038 7.4405 2.61196 6.90386 4.18712 3.30901 3.70752 5.19551 1.40369 5.27658 2.02842 6.27634 2.1132 6.91074 4.43938 7.83225 2.66591 2.4552 3.49188 3.08431 4.59131 4.06833 2.28747 2.23683 3.35487 5.71155 8.24779 6.0291 2.15414 1.80448 3.51041 6.79848 4.72666 6.81167 4.81066 6.45958 2.72927 5.32992 5.35557 1.88982 8.50442 3.92838 7.65979 8.61917 4.90315 3.69844 4.48098 2.89995 5.35745 7.93355 4.85443 1.17279 3.76093 2.08996 8.04958 1.98887 3.43915 7.08545 5.1055 8.22419 6.31716 2.01102 4.21624 2.91817 3.72089 1.93707 5.06149 4.51251 2.374 3.87187 4.24408 1.40269 6.87363 8.55145 9.33681 5.82567 4.57562 3.95561 7.0503 4.89985 0.302019 1.84987 6.30476 0.59576 
5.81931 0 0.803138 5.0934 5.17506 3.72199 6.25119 6.01544 4.49614 6.16713 2.28212 4.37625 2.83519 2.80639 6.51494 1.91145 3.56236 1.87949 7.04001 4.18022 6.24001 0.446497 5.51215 4.59362 3.73597 5.45941 5.41433 1.70031 3.55155 2.82161 5.83709 6.1745 4.7004 6.31926 5.34538 2.49552 4.91309 6.74201 4.74928 2.49607 6.27358 7.5096 0.299385 7.94792 6.40771 4.54265 4.99956 2.98877 7.94937 3.63708 6.98294 4.25723 1.77116 4.21877 4.08469 5.68052 1.25854 4.46249 5.92271 2.39228 4.92664 3.76555 6.09527 4.14793 7.11193 2.73414 4.07879 8.13241 2.90631 6.15769 5.38648 5.47601 4.55618 4.24296 8.77274 3.20267 6.21507 2.97514 4.93819 2.90518 5.62255 1.01307 3.81994 3.42451 5.17641 4.19324 2.12074 1.94402 4.46614 3.36035 7.98023 3.61506 7.20442 3.35872 1.67136 1.64623 6.10887 1.29131 4.98896 3.82312 2.31041 4.36148 3.39888 5.3143 4.15429 6.25193 4.66354 2.40992 0.610906 1.80225 6.81479 3.15335 7.91859 6.46918 5.95823 4.55174 5.51325 7.96969 1.62121 3.20926 1.83081 5.65487 6.9082 4.57749 6.14294 4.42286 1.95784 5.21641 2.91061 5.53293 1.59196 1.55617 2.01554 4.12957 3.67336 2.62389 2.79355 2.43346 3.38745 6.26466 4.082 5.95158 7.54903 3.93703 3.4667 6.64531 6.15247 5.9246 2.073 1.1924 3.17521 8.10206 3.24931 6.06921 5.16895 8.66648 6.89816 5.07715 8.05992 2.74303 4.00989 2.46019 7.61836 2.92603 6.60462 3.48679 4.01393 3.1598 4.8145 5.60298 4.47414 3.05856 5.47142 3.60997 1.38564 8.72332 5.40737 5.10967 7.6416 6.60859 7.16957 5.81676 7.49535 4.27987 3.30527 7.15853 5.86752 8.03434 4.42475 5.77761 4.44353 5.77283 2.46583 1.34808 8.44101 3.12028 1.43334 6.01956 4.66626 3.92516 6.361 
6.49789 0.803138 0 5.35754 5.51236 3.37125 7.03341 6.68546 4.53054 6.49952 2.22903 4.5499 3.47296 3.49496 7.30816 1.68878 2.8265 1.25401 7.80099 4.56707 6.76209 0.867395 6.09349 3.89993 3.88083 5.83746 6.16138 1.77113 3.96626 2.07423 6.47429 6.80409 5.42886 7.03315 5.89024 2.54692 5.40701 7.1572 5.52017 3.10619 7.02064 8.08598 0.912957 8.46293 7.13868 4.8093 5.39681 2.27521 8.3162 2.91902 7.78506 4.55812 2.08473 5.00474 3.83723 6.14611 1.3962 5.0574 6.60307 2.19598 5.61733 3.77403 6.79932 4.17605 7.74277 3.16947 3.40018 8.93147 3.57774 6.92776 5.85408 5.76552 5.32332 4.87069 9.5742 3.82036 6.88276 3.33679 5.12775 2.65336 6.19734 0.646889 4.62066 4.17745 5.389 3.55153 2.88436 1.63461 5.16894 4.15018 8.47866 3.21689 8.00698 3.78374 1.03086 1.34692 6.88555 1.15736 5.52055 4.5801 3.06549 4.99244 3.85001 6.05712 4.91155 6.59708 5.42031 3.11262 1.07621 2.23016 7.58042 2.49859 8.69805 6.98697 6.68343 5.04088 6.297 8.47949 1.05729 3.88968 2.06278 5.88554 7.30882 4.86112 6.91497 5.0945 1.99969 5.99839 2.61168 6.3177 0.862857 2.09427 1.4657 4.59856 4.24177 3.40965 3.53353 2.65313 4.18311 7.04959 4.62954 6.30288 8.33029 4.15725 4.09941 7.42069 6.92321 6.72772 2.40784 1.77511 3.64999 8.90494 2.92733 6.49859 5.91525 9.46871 7.65636 5.42933 8.85739 2.87986 4.12986 3.21921 8.02112 3.1222 7.03586 4.19957 4.3335 3.91547 5.53736 6.40441 5.24964 3.1225 5.97495 4.41301 1.21901 9.52646 5.8534 5.77957 8.25848 7.4094 7.63123 6.61899 8.10278 5.02719 3.4691 7.68052 6.14936 8.40417 5.11907 6.42717 3.79913 6.05768 3.09794 1.92966 8.88373 3.53224 1.77348 6.68163 5.21552 3.69497 7.05455 
3.84847 5.0934 5.35754 0 9.77023 3.70662 7.98947 9.14431 1.58442 1.22869 7.37527 0.951178 3.11945 6.60224 6.38965 6.96844 5.90812 6.56467 5.89334 1.1698 2.50745 5.53628 9.25339 6.06612 8.70658 0.941626 4.6125 6.78531 8.12382 5.68002 9.21967 3.48631 7.61025 9.01923 2.24153 7.56611 1.69178 2.13313 7.12077 6.73543 8.60474 3.91008 5.36223 3.79825 8.90991 9.31612 9.46295 5.50864 3.04982 5.79731 7.2579 0.853195 6.72589 6.49665 3.16381 1.71326 6.34434 8.3055 8.98812 7.46678 3.59622 2.04743 8.92936 1.75571 4.12865 2.46554 5.69139 7.89511 3.30715 5.49033 9.60447 0.436192 7.04791 7.96773 9.25557 7.21693 3.94201 7.7209 0.532552 3.46964 2.63608 5.94854 5.22523 6.50268 10.0049 5.47202 5.72369 6.95912 7.66214 4.68024 3.71602 3.942 7.48735 7.93301 4.99731 4.24439 5.61473 4.24073 2.02025 6.70357 4.09517 8.04458 7.90672 4.49112 6.9139 1.3574 4.43554 3.66426 4.48735 6.62361 5.83178 5.20304 6.9846 2.62778 8.61061 8.79362 5.4367 3.78182 6.40762 3.30786 6.84235 0.596643 2.20321 0.523554 8.11674 3.23974 3.39431 5.22328 3.63713 5.47662 5.26149 3.63239 6.80808 1.62102 2.39697 4.47479 3.88906 2.70541 5.80013 5.93831 2.14882 1.12186 9.04073 8.81407 7.3463 5.93862 5.50206 6.76906 6.96793 3.98922 7.65935 8.5073 3.63524 1.68432 7.76216 9.08286 5.73653 9.64538 7.74446 7.76175 8.99361 5.91829 2.86787 2.23941 2.11078 6.89249 8.7317 6.31917 3.97248 6.81572 4.71718 8.10961 1.92839 5.37237 6.44654 8.88173 9.69343 8.40356 4.39086 7.58315 2.77434 6.88294 4.18376 7.11505 1.92487 3.18389 0.795651 3.14205 3.49212 9.08959 5.60041 10.445 6.63505 3.8612 3.82487 7.75465 3.6645 3.76062 2.12572 3.09259 4.35663 
8.6454 5.17506 5.51236 9.77023 0 8.85902 5.38112 3.33529 9.55003 10.5965 3.54949 9.26447 6.74233 3.25957 7.48354 4.17707 8.00114 5.20603 8.65 8.65363 9.96558 4.78634 2.12942 9.13714 1.91291 9.81555 7.63136 3.78414 1.66319 7.29166 2.85838 9.30223 3.58648 4.09816 9.08873 3.14169 8.94087 10.8589 4.3318 3.03532 4.61237 10.7927 4.87959 11.5266 4.4169 0.820647 0.465648 7.57351 12.1512 8.14769 7.31041 8.92525 3.44005 4.50442 9.25751 9.7154 4.1172 2.08896 3.41544 3.85585 7.85934 8.86256 3.82603 9.21797 10.0863 7.32178 8.70486 8.45068 6.61757 7.81 1.06494 10.0677 4.18747 2.39854 8.10974 2.64595 9.05311 2.20064 9.76834 8.07279 9.17147 4.94263 5.52253 3.75961 0.880381 8.92453 4.07291 4.36099 3.1934 5.69992 11.6387 8.72151 7.41156 1.859 6.52329 6.77982 7.64126 6.4584 8.84976 3.84273 5.74847 2.42043 1.86738 7.61447 3.90135 10.6381 6.98419 6.16118 5.71676 3.37328 8.39099 7.89703 8.97731 10.1873 4.06323 1.2451 7.06136 11.5728 5.05535 6.75273 3.44993 10.3662 11.0639 9.25316 5.04918 7.63559 7.10132 6.90535 8.06493 7.04948 6.29337 6.2418 4.97745 8.36909 7.63769 5.50015 6.09257 7.41502 4.57805 7.55897 8.04171 10.3432 6.24547 1.48819 2.62426 8.06835 7.7934 6.29867 3.12079 5.93487 2.11476 7.77761 8.39725 10.1966 4.03072 8.11268 8.58512 0.141474 8.4832 2.73876 1.83538 3.94159 11.713 7.88746 10.6742 3.28841 1.17908 3.80328 7.48472 5.81388 6.57014 2.67692 9.38035 5.20631 4.41085 8.42038 0.89796 2.94372 10.6454 6.40548 11.0666 6.02969 10.5822 3.76767 8.27555 10.7792 10.4505 12.2206 7.46666 2.96939 9.15809 0.697558 3.13823 6.0252 12.3183 2.0725 6.43535 8.93877 8.50483 9.09945 8.94604 
6.75331 3.72199 3.37125 3.70662 8.85902 0 9.28069 9.55478 2.18651 4.90561 5.56367 2.77266 4.24738 6.39513 8.63167 4.96817 2.34737 4.13308 8.61721 3.71228 6.03727 4.07879 9.18579 2.36042 7.24851 4.57686 7.01162 5.14191 7.26385 2.39943 9.44011 6.69024 8.11043 9.73271 5.44298 5.90695 4.80467 5.83972 7.9481 6.18447 9.55021 7.49183 4.00505 7.49065 9.7546 8.17554 8.7103 2.12813 6.64498 2.2008 9.35185 3.32423 5.41907 7.32661 0.665498 5.23927 4.76033 8.13362 9.44021 5.45055 6.10219 1.69056 9.54548 1.95254 7.51815 3.22844 1.99768 10.3002 4.48489 7.93201 9.10835 4.12575 7.79046 7.88253 11.3448 6.87129 7.00855 6.6635 3.2245 0.878032 5.85576 3.99194 6.42073 6.80098 8.7602 1.7655 5.56036 4.85579 7.96302 5.80461 7.41824 0.266617 9.59259 7.07317 2.43772 2.08308 7.97804 2.43464 5.08366 7.15619 4.6627 7.99504 7.11865 6.88253 7.46681 5.04349 6.4728 4.37394 3.2761 5.5069 8.46947 1.7242 9.68321 6.20546 9.3401 8.27248 7.55016 7.47818 4.12487 4.73682 5.42168 3.9714 5.90277 3.44237 9.26784 5.55775 2.0626 7.26021 0.821099 7.58388 2.71858 3.33144 4.41903 4.11281 4.36707 5.17328 4.87113 2.36788 6.45286 8.2457 4.51838 4.82742 10.5384 7.52793 7.11477 8.44572 7.93608 8.50354 5.73844 3.41699 6.89693 10.6046 0.479182 5.35049 8.48778 11.201 8.45441 8.76901 10.1812 6.25008 7.49177 5.88504 6.54117 2.30264 5.81183 6.99402 7.68379 6.54237 6.27547 8.3381 6.52896 6.47824 5.29352 6.36986 4.56469 11.1294 9.12876 8.66601 7.8909 9.30574 6.47665 8.49805 7.69234 7.63296 2.24313 6.82966 4.3986 6.73792 5.72758 9.3608 1.90034 9.42233 6.13793 3.43309 7.5094 6.83001 2.84158 6.79687 4.94594 0.648215 7.34425 
4.95509 6.25119 7.03341 7.98947 5.38112 9.28069 0 2.31012 8.67897 8.21436 6.6565 8.0275 5.22599 3.76951 2.60887 6.97076 9.79679 7.70936 3.91283 6.88004 6.8139 6.21615 3.36937 10.769 6.19448 7.51239 3.78233 6.31875 4.83592 9.06721 2.74082 5.695 1.97629 1.63948 6.21704 6.3837 6.46348 7.97894 1.54222 4.35167 0.975387 6.9813 6.12694 7.88518 1.33309 5.70382 4.91943 9.21144 9.15375 9.85532 2.08242 7.3669 5.72129 2.0343 9.31222 7.00509 6.24707 3.39055 2.15847 7.06349 4.61172 8.30161 1.79031 8.47559 6.12642 6.27683 10.2426 3.10717 4.98132 3.36369 4.4216 8.06678 1.75154 3.19666 2.83583 3.83792 5.23738 5.21076 8.28123 8.41532 6.0512 6.90111 2.90885 2.91196 6.20518 10.2978 4.15593 7.15941 2.39828 3.52999 8.06444 9.2967 2.11772 4.82117 7.88418 7.57968 3.15957 7.17809 6.20009 2.51141 4.61998 3.11699 4.67289 3.85492 2.19529 8.18167 3.62024 4.94141 6.34121 5.39768 3.69481 9.31254 3.84902 6.97126 1.42765 4.22161 2.87802 7.94968 7.43338 4.8364 5.9157 8.50849 8.19383 7.60964 0.350933 4.79953 7.23536 2.95624 8.51572 2.84285 7.84024 5.95871 7.66564 6.37847 5.64067 4.10825 4.47766 6.97808 2.89416 2.91064 5.841 7.96111 1.29802 5.85998 3.58261 3.34886 3.34384 1.4716 5.55775 5.93833 4.61868 2.40528 8.82997 7.47998 1.42522 2.80118 3.92032 5.25541 3.16261 6.11702 6.37271 3.83043 8.64385 7.231 7.77178 3.06935 5.33375 3.1563 4.16616 1.21155 3.28439 6.41368 6.61181 2.91409 6.74578 3.06049 4.60456 2.43759 6.5976 1.10123 7.86836 1.23608 6.62331 2.14806 7.50936 7.32154 8.34688 9.19139 4.54442 2.58253 10.5444 5.93505 4.28422 5.88732 8.88603 4.9456 6.48017 5.23847 5.96004 9.13912 4.92648 
6.78244 6.01544 6.68546 9.14431 3.33529 9.55478 2.31012 0 9.47787 9.62792 5.59534 8.95271 6.07601 3.20929 4.82394 6.07255 9.50494 6.99715 6.11418 7.97725 8.49306 5.81817 1.20604 10.5844 4.61675 8.86722 5.61494 5.45475 3.36977 8.75017 0.480922 7.51877 1.539 0.774493 7.75509 5.23503 7.84426 9.58634 2.09134 3.59313 1.37992 8.92258 5.7987 9.78333 1.10986 3.85206 2.90772 8.96067 10.8368 9.60372 4.38885 8.39723 4.87349 2.66784 9.74445 8.50957 5.54641 1.79862 0.173448 6.00207 6.22411 8.95004 0.532853 9.21037 8.10226 7.00719 10.0794 5.39686 5.86176 5.43729 2.28778 9.3173 2.11787 1.85862 4.82721 2.88884 7.12874 3.93936 9.32433 8.68002 7.68718 6.35073 3.97289 2.78519 4.20947 10.2072 3.99579 6.27709 1.59442 4.46939 9.94152 9.50581 4.42728 3.44214 7.67481 7.59209 5.23868 7.19412 7.64178 2.48736 5.19984 1.73495 3.30232 5.65112 2.23828 9.62449 5.20631 5.61364 6.31911 4.60008 5.87685 9.16211 6.15122 8.68173 0.884272 2.39521 4.80354 9.84241 6.75255 5.83646 5.02171 9.71602 9.8035 8.6889 1.95973 6.23534 7.51431 4.77236 8.73923 4.77695 7.54741 6.3089 6.87179 7.54125 6.75448 4.73531 5.28228 7.49067 3.35974 5.04824 7.06239 9.36591 2.93695 4.20526 2.59961 5.52967 5.41791 3.60541 4.61153 6.15367 3.36766 4.58362 9.07779 9.00512 1.45965 4.84918 6.09707 3.2307 5.46238 4.87734 4.71763 3.66984 10.3429 7.85874 9.38189 2.56222 3.65095 3.031 5.77869 3.18064 4.79285 5.071 8.12412 3.78167 6.01779 5.19451 2.46907 0.906476 8.61672 3.41073 9.5981 3.32756 8.61077 2.04036 8.20295 9.13736 9.65053 10.8874 6.00009 0.372619 10.4573 3.78599 3.59014 6.16214 10.7269 3.65187 6.73429 7.08241 7.34257 9.57014 6.88866 
5.15279 4.49614 4.53054 1.58442 9.55003 2.18651 8.67897 9.47787 0 2.73651 6.71474 0.786388 3.47131 6.59528 7.45829 6.21596 4.48487 5.62187 7.15957 2.02885 4.05657 4.93643 9.38403 4.52584 8.23119 2.51174 5.7065 6.1735 7.88795 4.37258 9.47318 4.91623 7.94688 9.48041 3.63721 6.97533 3.01157 3.6948 7.58656 6.58473 9.15758 5.48263 4.79191 5.37768 9.42532 8.98911 9.30456 4.15731 4.45856 4.35497 8.2789 1.51779 6.25239 6.94345 1.59683 3.25018 5.73786 8.36969 9.33647 6.72393 4.70234 0.758869 9.34701 0.354493 5.64156 2.47289 4.18406 9.05601 3.71039 6.62715 9.55856 1.97591 7.47422 8.06029 10.302 7.17341 5.32084 7.38903 1.06613 2.16046 4.05358 5.1695 5.78494 6.71376 9.64643 3.9419 5.69301 6.16392 7.91346 5.17673 5.28816 2.43881 8.51699 7.69173 3.92445 3.24168 6.71981 3.37441 3.33283 6.99051 4.27829 8.15466 7.69533 5.57756 7.25241 2.87725 5.3533 3.87027 3.89787 6.22597 7.06046 3.80534 8.25503 4.19387 9.0706 8.71979 6.42557 5.35912 5.51872 3.84317 6.32584 1.78564 3.74092 1.47617 8.74834 4.23243 2.55795 6.17083 2.30565 6.46384 4.21295 3.33257 5.89096 2.54462 3.11819 4.75453 4.25561 2.13562 6.13914 7.02604 3.07333 2.68288 9.83697 8.41419 7.35662 7.11319 6.63577 7.62445 6.53686 3.61781 7.45136 9.54824 2.21174 3.26784 8.20103 10.1393 6.99774 9.4377 8.91657 7.2389 8.506 5.95587 4.36236 1.67599 3.68794 7.03192 8.43132 6.48939 4.99683 7.57908 5.54087 7.54611 3.39516 5.84794 5.72203 9.98919 9.61991 8.65749 5.94271 8.4507 4.3483 7.68871 5.73725 7.44473 1.29793 4.76703 2.21985 4.55153 4.45836 9.36229 4.05274 10.1889 6.50339 3.53788 5.33257 7.48036 3.1231 5.12224 3.30995 1.54726 5.70913 
3.57102 6.16713 6.49952 1.22869 10.5965 4.90561 8.21436 9.62792 2.73651 0 8.43635 2.17772 3.85421 7.36281 6.28637 8.06764 7.13358 7.72639 5.55923 2.00436 1.80366 6.60173 9.87514 7.25827 9.67425 0.783857 4.56486 7.83481 8.98024 6.9077 9.7589 3.01366 8.12305 9.40958 2.02392 8.59721 1.78484 0.989011 7.55105 7.57273 8.93069 2.99334 6.42041 2.69416 9.25983 10.2044 10.2583 6.73733 1.83388 7.02035 7.18054 1.94348 7.71939 6.96061 4.33333 1.24397 7.39823 8.98581 9.46373 8.5576 3.61819 3.269 9.35462 2.95504 3.41714 3.45091 6.89897 7.64161 3.98961 5.34253 10.3322 0.793104 7.51008 8.63668 9.10722 7.98385 3.53128 8.63265 1.68114 4.69818 2.29412 7.06836 5.65508 7.13169 10.9022 6.66951 6.52356 8.07294 8.23337 5.18895 2.58043 5.14781 7.39443 8.79528 6.19969 5.4412 5.49967 5.40986 2.01745 7.27564 4.84915 8.70088 8.75361 4.46065 7.44381 0.144319 4.59428 4.43571 5.57329 7.58528 5.55159 6.43002 6.61133 1.82498 9.00972 9.5494 5.4613 2.66645 7.55563 3.89939 7.85234 0.993332 1.00641 1.65718 8.38826 3.43407 4.57434 5.3025 4.86539 5.50104 6.4575 4.64741 7.96085 2.22738 2.97779 5.14587 4.54368 3.85376 6.36729 5.82995 2.60422 0.26242 9.14733 9.74462 8.0788 5.7249 5.35755 6.8761 7.93863 5.0147 8.50864 8.37878 4.85678 0.867008 8.19607 8.92656 5.41536 10.4661 7.48062 8.76171 9.96394 6.67303 1.64196 3.41335 1.04097 7.55657 9.61328 6.98024 4.05428 7.00755 4.9489 9.12307 1.62518 5.8596 7.54201 8.67173 10.4365 8.95719 3.54895 7.65451 1.65881 7.0335 3.34302 7.64556 3.12788 2.20452 0.531488 1.92495 3.68493 9.61758 6.78731 11.2839 7.46448 4.87392 2.60534 8.63692 4.76169 3.39495 2.28999 4.2777 3.96356 
7.67604 2.28212 2.22903 7.37527 3.54949 5.56367 6.6565 5.59534 6.71474 8.43635 0 6.64852 4.89741 2.91409 7.71468 0.634061 4.45609 1.65733 8.51845 6.43938 8.3784 1.83929 4.69934 5.59147 1.72631 7.71474 7.02848 0.612373 2.31093 3.75956 5.25875 8.14277 4.74359 6.14095 7.468 0.410941 7.09699 8.97124 5.137 2.31399 6.33595 9.55741 2.01685 10.079 6.34086 2.76526 3.55556 4.05104 10.2008 4.60662 7.95593 6.53716 1.021 4.8322 6.05899 7.88049 1.0389 3.80126 5.56566 0.412359 6.77591 5.96581 5.86759 6.36155 9.06098 4.98885 5.17013 9.16799 4.90065 7.60308 4.14677 7.75547 4.926 3.76158 9.44408 2.84984 8.09196 1.67404 7.21483 4.87987 7.69921 1.58489 5.04332 3.8199 3.25605 5.4037 2.91453 0.811548 4.36611 4.80864 10.1303 5.38689 8.14318 2.18897 3.13368 3.57595 7.50438 3.35554 7.13318 4.18968 4.11076 3.88135 2.3152 6.9535 4.47982 8.5169 6.2611 4.36966 2.89059 1.33831 8.26911 4.39856 9.23089 8.61009 5.87752 3.45114 6.87072 10.1068 1.52611 5.16488 0.811716 7.93667 9.14549 6.85861 6.43873 6.34242 4.1573 6.60589 4.83076 6.87923 2.86835 3.79328 1.43093 6.34438 5.8021 4.20015 4.60242 4.70673 4.25446 7.57691 6.22524 8.21536 7.88145 2.08183 3.13106 8.03182 7.59312 6.83097 1.10359 3.4245 2.22771 8.87788 5.1367 8.29306 5.30182 9.37749 8.39829 3.49705 9.13334 0.820048 1.9434 3.11513 9.85145 5.19761 8.82388 3.58865 2.41345 3.62534 6.56021 6.40536 5.96122 0.928218 7.63901 4.7421 1.01006 9.53894 4.09418 4.75499 9.61275 7.33337 9.36144 6.64348 9.48744 4.50886 5.57096 9.28767 8.14746 10.2841 6.2828 5.265 5.6314 3.99512 2.39497 3.56985 10.6421 1.95606 3.71441 7.91566 6.79526 5.92015 8.15861 
4.36722 4.37625 4.5499 0.951178 9.26447 2.77266 8.0275 8.95271 0.786388 2.17772 6.64852 0 2.88385 6.19657 6.70631 6.2011 4.957 5.72335 6.37824 1.2559 3.31413 4.82275 8.94 5.13281 8.06968 1.80761 4.94506 6.07637 7.60332 4.73909 8.97925 4.13434 7.41454 8.9079 2.85494 6.87093 2.22646 3.07607 7.00503 6.25175 8.55202 4.75622 4.65994 4.71807 8.83346 8.75402 8.98878 4.56178 3.98637 4.84628 7.53841 0.737649 6.07954 6.36522 2.26388 2.50707 5.63475 7.9499 8.80519 6.7059 3.93491 1.09819 8.78988 0.843255 4.87546 1.98657 4.74776 8.29016 3.11045 5.86133 9.19191 1.38477 6.90627 7.62692 9.55933 6.79487 4.53492 7.14938 0.579913 2.52183 3.27222 5.1641 5.1601 6.22355 9.42935 4.53557 5.29739 6.17465 7.41409 4.56728 4.64663 3.00166 7.77512 7.40877 4.10562 3.3661 5.95945 3.40636 2.54674 6.47211 3.77281 7.7143 7.39792 4.81693 6.71578 2.30815 4.62511 3.34772 3.76542 6.01284 6.28286 4.25242 7.47416 3.46491 8.49719 8.36266 5.68684 4.70555 5.58462 3.20197 6.17673 1.36281 3.15306 0.704144 8.11538 3.48071 2.55465 5.44016 2.68818 5.72561 4.37858 3.02905 5.977 1.77957 2.40814 4.21828 3.6793 1.94297 5.59485 6.26949 2.31942 2.06963 9.15672 8.21393 6.95517 6.34262 5.87047 6.92196 6.34335 3.35871 7.15103 8.80569 2.68487 2.57981 7.63192 9.39427 6.21672 9.14576 8.14879 7.09843 8.35205 5.53246 3.81852 1.45105 3.0406 6.57316 8.1808 6.0142 4.24451 6.90176 4.83672 7.42931 2.62544 5.25193 5.68749 9.23379 9.26596 8.16039 5.19501 7.74747 3.70547 6.99983 4.99121 6.91251 1.08251 4.06746 1.71187 4.07909 3.71353 8.86039 4.67181 9.92268 6.16089 3.25162 4.776 7.21248 2.94751 4.33597 2.52695 2.17602 4.92275 
3.03384 2.83519 3.47296 3.11945 6.74233 4.24738 5.22599 6.07601 3.47131 3.85421 4.89741 2.88385 0 3.51542 4.39875 4.67885 5.4681 4.69091 4.55047 1.95615 3.48417 3.18787 6.13461 6.17697 5.91281 3.07337 2.8873 4.28616 5.13304 4.88963 6.12176 3.34105 4.53702 6.02579 2.57192 4.97216 2.25652 4.1816 4.12476 3.72331 5.68696 4.68614 2.99723 5.18172 5.95897 6.36746 6.40603 4.8945 5.4604 5.45359 5.10447 2.33011 4.03732 3.48345 4.15802 3.04892 3.88515 5.18918 5.92623 5.11252 2.17435 3.07992 5.90603 3.25208 4.27939 1.06191 5.66498 6.07418 0.246686 3.76897 6.50464 3.3623 4.02274 4.84945 7.10151 4.13566 3.4117 4.81976 3.25224 3.44992 2.80881 3.84757 2.31998 3.38648 7.06809 5.61403 2.66957 4.74607 4.55834 1.70642 5.23637 4.32617 5.34523 4.9507 3.75409 3.11381 3.78684 2.81371 2.24775 3.60573 0.996036 4.92535 4.90403 2.76579 3.83774 3.89666 2.25678 0.585275 2.39698 3.84908 4.3651 4.81675 5.55965 3.71609 5.61516 5.70745 3.31547 5.21014 4.4464 0.503234 4.20115 3.71032 4.37545 2.63466 5.28168 1.63197 2.40178 3.02071 3.58882 3.34775 3.8857 1.40673 4.84734 1.62685 0.928613 1.3584 0.7956 1.88067 2.71628 4.03195 1.35396 3.60101 6.42031 5.94034 4.24509 4.28585 3.77003 4.28571 4.20886 1.69795 4.66028 6.35885 3.85036 3.50405 4.74876 6.95557 4.39342 6.61191 5.96245 5.06597 6.20308 2.82596 5.05756 2.03199 4.01283 3.77317 5.77473 3.19975 2.1818 4.17204 2.28184 5.44642 2.76723 2.37791 4.17044 6.88293 6.60119 5.3032 4.80652 5.10193 4.49923 4.30796 4.66051 4.03607 2.2858 4.39057 3.73343 5.53591 1.69274 5.99725 5.83705 7.43049 3.61331 1.54461 5.78259 4.8027 1.89156 3.20924 1.90411 3.99043 3.60355 
5.49818 2.80639 3.49496 6.60224 3.25957 6.39513 3.76951 3.20929 6.59528 7.36281 2.91409 6.19657 3.51542 0 4.92428 3.20126 6.32134 3.97634 5.87938 5.45764 6.71459 2.62947 2.81756 7.38573 2.92186 6.57956 4.59301 2.54924 1.76429 5.56826 3.05011 6.11449 1.96191 3.54116 5.83186 2.68654 5.68473 7.59995 2.23397 0.605339 3.57867 7.60423 2.59613 8.30199 3.66294 3.0135 2.89869 5.76638 8.8925 6.41241 5.07568 5.77441 1.95268 1.92975 6.63933 6.45667 2.50009 1.78029 3.11693 3.31344 4.66601 5.98138 3.30447 6.29098 6.9452 4.2125 6.87668 6.29109 3.37377 4.97523 3.00404 6.87124 2.02275 1.49525 6.53284 0.621089 5.91572 1.74538 6.65795 5.52918 5.92707 3.22643 2.45171 0.91066 3.70755 6.99909 0.902607 3.39058 1.67476 2.49128 8.40543 6.32913 5.25296 1.62024 4.46944 4.39339 4.84281 3.99976 5.59019 1.27643 2.52016 1.60351 1.52451 4.55145 1.57622 7.39838 3.87748 2.94526 3.12943 1.62824 5.62038 5.95601 6.46331 6.93822 3.20191 2.19336 4.21346 8.34551 3.70803 3.49554 2.14978 7.19829 7.80551 6.09617 3.5797 4.39828 4.39391 3.99056 5.57476 4.21317 4.35279 3.2821 3.9108 5.13846 4.39114 2.24113 2.83623 4.49623 1.51692 4.855 4.78908 7.10669 5.02736 2.76769 0.761414 5.34239 4.96199 3.95009 1.81076 3.05867 1.31639 5.96446 5.91607 6.93937 2.48681 6.4641 5.78088 3.12434 6.26738 2.49462 3.18168 0.689861 8.4535 4.92315 7.41472 0.725821 2.4362 0.753844 4.32547 3.50802 3.49328 2.84944 6.1208 2.12235 2.99779 6.62634 3.09133 2.30408 7.50916 4.42044 7.81105 3.7475 7.42729 1.63131 5.29736 7.54332 7.24656 8.96152 4.24448 2.98044 7.24929 3.9557 0.519539 3.09949 9.06846 1.57895 3.63013 5.78108 5.24539 6.46757 5.86559 
2.73885 6.51494 7.30816 6.38965 7.48354 8.63167 2.60887 4.82394 7.45829 6.28637 7.71468 6.70631 4.39875 4.92428 0 7.83044 9.75487 8.29873 1.30414 5.45508 4.64557 6.65862 5.71427 10.5466 7.79671 5.70077 1.77766 7.22254 6.49593 9.10631 5.19671 3.41622 3.90759 4.22919 4.27862 7.55837 4.71147 5.83575 3.15219 5.5127 3.5751 4.51301 6.50976 5.43775 3.93811 7.60215 7.02142 9.16533 6.88796 9.76428 0.896333 5.97591 6.69495 3.07458 8.47737 5.04296 6.99712 5.39458 4.65743 8.07882 2.79643 7.29172 4.33909 7.34758 3.64664 5.40446 10.027 1.67722 4.17235 0.950893 6.66529 6.34436 3.29949 5.09558 2.86638 5.28957 2.90189 6.65114 6.79605 7.8483 3.99579 7.40882 2.72532 4.0482 8.21063 9.99684 4.81478 7.98247 4.29026 3.15911 5.63294 8.72147 1.10881 6.41179 7.90951 7.38841 0.787076 7.03066 4.39459 3.78911 4.30269 5.0644 6.28012 1.90106 3.63269 6.22076 2.16093 4.41691 6.35535 6.37683 1.09017 9.14597 1.54122 4.75604 3.95333 6.24373 1.08328 5.50596 8.01762 3.90048 6.90465 6.80931 6.03888 6.13453 2.92938 3.22652 6.77713 1.38021 7.98747 1.05126 7.96269 5.60849 8.3455 4.9281 4.36977 3.9022 3.91387 6.27417 3.46442 0.456885 4.38757 6.0582 3.05402 7.56428 5.13195 0.750016 0.934369 1.22636 6.65061 5.75051 6.13788 2.11781 8.24661 5.46021 3.54472 2.69546 1.31617 7.34574 1.57468 7.40958 8.03303 4.59995 6.37564 6.35538 5.63497 4.44339 7.11453 4.17048 2.46214 1.6918 2.13918 7.77186 4.67116 2.9941 7.45763 2.53255 6.83838 4.67272 4.06747 1.62145 5.5924 1.50693 4.12011 3.7356 6.52172 4.97134 6.54243 6.91145 3.00132 5.03087 10.2248 8.11796 5.40578 5.63945 6.4723 6.44555 6.15575 2.96898 4.26535 8.31835 2.51746 
7.56652 1.91145 1.68878 6.96844 4.17707 4.96817 6.97076 6.07255 6.21596 8.06764 0.634061 6.2011 4.67885 3.20126 7.83044 0 3.82491 1.03038 8.55248 6.08841 8.13057 1.50223 5.23564 4.9607 2.35892 7.36793 7.00648 0.652157 2.87192 3.12561 5.76119 7.98609 5.11173 6.57708 7.22841 1.03582 6.8164 8.65345 5.43338 2.62961 6.72401 9.36435 1.69297 9.83783 6.75633 3.39775 4.16764 3.41705 9.85798 3.97405 8.13818 6.14421 1.25281 5.06682 5.48247 7.58833 0.849181 4.2955 6.03048 0.507994 6.66441 5.46075 6.31056 5.86157 8.91604 4.64482 4.53656 9.3408 4.7129 7.64207 4.74028 7.36207 5.22243 4.21913 9.71534 3.24564 7.97583 2.21747 6.77455 4.31349 7.48653 1.04647 5.11861 4.07937 3.88798 4.76966 3.02219 0.205203 4.75765 4.81215 9.87658 4.78355 8.3362 2.73182 2.53125 3.02437 7.55861 2.84171 6.87955 4.46852 3.98423 4.34164 2.84623 6.92215 4.77655 8.15552 6.23791 4.18934 2.49453 1.57339 8.30964 3.76646 9.32217 8.36094 6.29056 4.01598 6.93141 9.86174 0.892906 4.99641 1.07026 7.51564 8.8194 6.45907 6.776 6.19896 3.67065 6.65398 4.25444 6.94346 2.2578 3.46579 0.82669 6.03897 5.55411 4.1494 4.483 4.27204 4.40815 7.65769 5.97004 7.85612 8.22385 2.71488 3.53612 8.09272 7.63357 7.02108 1.4679 3.09932 2.72573 9.11917 4.55161 7.98041 5.66023 9.63836 8.4244 4.12117 9.29524 1.43933 2.56933 3.27394 9.52973 4.75638 8.51558 3.9106 3.03017 3.85957 6.48721 6.6181 5.9711 1.55832 7.37071 4.83679 0.526414 9.77363 4.69618 5.20772 9.45872 7.57612 9.07659 6.85268 9.32292 4.82918 5.11879 9.04691 7.75147 9.94337 6.16429 5.75554 4.99737 4.62914 2.6886 3.25273 10.3502 2.4864 3.30902 7.79056 6.55026 5.34882 8.07537 
8.37689 3.56236 2.8265 5.90812 8.00114 2.34737 9.79679 9.50494 4.48487 7.13358 4.45609 4.957 5.4681 6.32134 9.75487 3.82491 0 2.79992 10.0184 5.64121 8.03528 3.69228 8.86027 1.13603 6.16496 6.70064 8.35388 4.26598 6.60901 0.754813 9.27873 8.47309 8.25161 9.85937 7.31481 4.86072 6.70661 8.01912 8.3083 5.91531 9.83461 9.48116 3.73278 9.60432 9.96121 7.22126 7.97287 0.593287 8.92119 0.187586 10.3405 5.36651 4.75115 7.76258 3.00966 7.27313 4.03495 7.84178 9.42587 4.19158 7.59328 3.86569 9.62578 4.20469 9.36892 4.68007 0.755572 11.4228 5.65893 9.21874 8.50812 6.34128 8.11703 7.67586 12.2237 6.62678 8.69838 5.95202 5.4709 2.45459 7.70252 3.18844 7.19658 6.9861 7.68242 1.0596 5.68308 3.64606 7.99544 6.64638 9.5568 2.08119 10.5729 6.44399 1.9135 2.37008 9.2179 2.72571 6.93445 7.3854 5.46606 7.79871 6.53375 8.23339 7.71661 7.26505 7.68879 5.34303 3.47971 4.96611 9.82965 0.714673 11.0145 8.22832 9.50762 7.73351 8.68946 9.60036 2.94889 5.96461 4.66297 6.24705 8.10704 5.55819 9.70014 7.03335 3.10211 8.38656 2.28232 8.71665 1.97458 4.15005 3.04665 5.92255 5.9239 5.91428 5.84184 3.7994 6.91063 9.43401 6.19597 7.02264 11.0944 6.53752 6.91072 9.73289 9.21827 9.34494 5.06163 4.01362 6.36157 11.5237 2.28247 7.4672 8.72947 12.1043 9.86151 7.94249 11.3289 5.26239 6.34922 6.02231 8.77519 4.01437 7.96432 7.02515 6.84562 6.72176 7.64838 9.07095 7.6214 5.36345 7.24879 7.04227 3.6354 12.1165 8.48125 8.60017 9.80557 10.0779 8.62454 9.27063 9.61898 7.84039 4.14492 8.89181 6.6502 9.01429 7.14062 9.23832 1.23817 8.44518 5.9148 4.11729 9.73247 6.18942 3.60848 8.48478 6.72018 2.98951 8.97023 
7.69528 1.87949 1.25401 6.56467 5.20603 4.13308 7.70936 6.99715 5.62187 7.72639 1.65733 5.72335 4.69091 3.97634 8.29873 1.03038 2.79992 0 8.89368 5.81279 8.01515 1.64461 6.21681 3.93471 3.36722 7.07837 7.28247 1.5562 3.88049 2.1172 6.71107 8.03084 5.93161 7.45724 7.14045 2.06439 6.66095 8.40363 6.1679 3.45502 7.5508 9.33159 1.80694 9.71668 7.61325 4.42176 5.19686 2.41789 9.54986 2.95312 8.69584 5.78291 2.12373 5.7334 4.6988 7.39935 1.47774 5.24655 6.9431 1.40466 6.8047 4.86411 7.19942 5.27007 8.96954 4.42313 3.52081 9.87569 4.77718 8.00114 5.76179 6.98026 5.96017 5.13859 10.3808 4.12441 8.08814 3.22191 6.30326 3.57843 7.44218 0.894798 5.57569 4.79752 4.88977 3.76537 3.60436 0.846307 5.60671 5.17555 9.73267 3.92467 8.90676 3.73099 1.73415 2.38177 7.94128 2.32418 6.7722 5.19959 4.18153 5.26236 3.83715 7.18508 5.52206 7.82762 6.52576 4.28803 2.31023 2.40536 8.66316 2.78904 9.74103 8.24036 7.1479 5.02202 7.3322 9.7334 0.28271 5.08357 1.9851 7.0752 8.55224 6.07842 7.54382 6.29595 3.17393 7.04075 3.49078 7.34921 1.44027 3.33607 0.286007 5.85246 5.4857 4.45682 4.66962 3.87266 4.98941 8.07787 5.87818 7.53592 8.98754 3.73785 4.4173 8.47881 7.99493 7.60104 2.39805 3.00185 3.69625 9.74865 3.75525 7.74796 6.46308 10.2905 8.75504 5.15125 9.81522 2.46948 3.55987 3.90402 9.2642 4.32547 8.28501 4.70151 4.06042 4.55508 6.69268 7.2328 6.3142 2.56501 7.22875 5.32808 0.985441 10.3902 5.72173 6.11379 9.49155 8.21948 8.88361 7.45989 9.33934 5.60048 4.65312 8.9338 7.3595 9.63856 6.30315 6.69442 3.98758 5.64596 3.49079 3.15888 10.1334 3.48064 3.02633 7.8906 6.46452 4.58164 8.23985 
2.04537 7.04001 7.80099 5.89334 8.65 8.61721 3.91283 6.11418 7.15957 5.55923 8.51845 6.37824 4.55047 5.87938 1.30414 8.55248 10.0184 8.89368 0 5.13276 3.7988 7.25386 6.96438 10.7018 8.79684 5.0879 1.66609 7.98229 7.54507 9.42669 6.47444 2.55142 5.11328 5.53184 3.66368 8.41088 4.21073 4.95658 4.34718 6.43768 4.87898 3.37446 7.08687 4.3007 5.24219 8.70391 8.19337 9.44287 5.88136 10.0035 2.02629 5.64214 7.50117 4.16164 8.36606 4.35042 7.70448 6.56859 5.94601 8.85554 2.51682 7.12599 5.63645 7.10948 2.52314 5.43178 10.1978 2.09921 4.36265 0.915777 7.88085 5.76471 4.47098 6.2515 3.64283 6.3165 2.02847 7.62475 6.35794 7.90618 3.30264 7.99954 3.48511 5.05944 9.33852 10.1252 5.60894 8.68498 5.47234 3.74237 4.50746 8.74361 2.15828 7.44141 8.26309 7.65851 1.03687 7.3388 3.87976 4.85969 4.7357 6.23306 7.31876 1.78507 4.75413 5.47128 2.38114 4.73217 6.77603 7.19809 0.260976 9.36491 1.09631 3.86006 5.24929 7.405 1.66748 4.37124 8.61931 4.0543 7.70866 6.22629 5.14318 5.73581 4.23309 3.06019 6.94152 1.91452 8.06047 1.66639 8.36001 5.90179 8.9776 4.63 4.25021 4.43918 4.27367 6.33558 4.36669 1.09577 4.14035 5.35937 4.26381 8.60358 6.19403 0.590315 0.926439 2.50878 7.50269 6.11368 7.15329 2.97315 8.28067 4.69767 4.79562 3.45664 0.163278 8.51023 1.93355 8.30966 9.04863 5.45057 5.37773 6.3153 4.76856 5.49228 8.18753 5.13591 2.37546 2.94871 2.58618 8.68626 4.02177 3.80063 8.13206 3.14818 8.04952 5.9136 2.86845 2.90155 4.6085 2.78695 2.95221 4.88233 6.40703 3.93914 5.89583 5.89305 2.90575 6.30825 10.3381 9.30254 6.32309 5.98133 5.34968 7.44508 6.42453 2.17035 3.85171 8.22033 1.59656 
3.14168 4.18022 4.56707 1.1698 8.65363 3.71228 6.88004 7.97725 2.02885 2.00436 6.43938 1.2559 1.95615 5.45764 5.45508 6.08841 5.64121 5.81279 5.13276 0 2.39427 4.60967 8.08657 6.01586 7.67418 1.27952 3.69025 5.83544 7.01919 5.27497 8.04997 2.98735 6.44212 7.86414 1.7307 6.59407 1.09329 2.59084 5.96266 5.61948 7.46386 3.84151 4.42612 4.00817 7.76286 8.22978 8.33388 5.16123 3.76957 5.56267 6.29419 0.520911 5.71533 5.33492 3.3278 1.65141 5.40058 7.1453 7.82183 6.57247 2.67904 2.06802 7.76891 1.98746 3.8067 1.45053 5.57463 7.03427 2.13837 4.60549 8.45515 1.41513 5.88531 6.80544 8.31253 6.07535 3.34279 6.64707 1.40164 3.21273 2.14427 5.10835 4.07423 5.33469 8.92436 5.4129 4.58998 6.10379 6.49236 3.51781 3.98907 3.89863 6.52974 6.83106 4.4012 3.63918 4.70473 3.53588 1.37586 5.53378 2.94122 6.88064 6.79718 3.56244 5.74525 2.07865 3.39764 2.51285 3.59648 5.58491 5.03164 4.92732 6.22759 2.59085 7.4547 7.65094 4.44604 4.01281 5.62342 2.14152 5.84802 1.75552 2.74246 0.730121 6.99202 2.23343 2.74866 4.20739 3.38611 4.48518 4.63302 2.64678 6.03269 0.527835 1.24639 3.30774 2.7198 1.98845 4.63061 5.01615 1.07644 1.77658 7.97029 7.75383 6.1955 5.08714 4.61467 5.71553 5.93703 3.01511 6.55058 7.5593 3.49438 1.94135 6.60221 8.14606 4.97063 8.52636 6.89294 6.75755 7.96353 4.77054 3.45484 1.64309 2.47644 5.7284 7.641 5.15402 2.99512 5.72586 3.63762 7.11872 1.61029 4.21043 5.56201 7.98028 8.54814 7.23377 4.19573 6.53816 3.09574 5.8092 4.00176 5.94624 1.50963 3.2656 1.79712 3.85504 2.47196 7.92016 5.58372 9.33459 5.5154 2.87216 4.32442 6.66315 2.80148 3.13687 1.29183 3.20413 3.71202 
1.91208 6.24001 6.76209 2.50745 9.96558 6.03727 6.8139 8.49306 4.05657 1.80366 8.3784 3.31413 3.48417 6.71459 4.64557 8.13057 8.03528 8.01515 3.7988 2.39427 0 6.62887 8.92491 8.37597 9.35129 1.56769 3.03993 7.76639 8.44622 7.66007 8.69469 1.25229 7.0663 8.16452 0.913525 8.45563 1.36827 1.1907 6.40533 7.05276 7.62198 1.45598 6.43786 1.70795 7.97116 9.70081 9.57897 7.55353 2.35166 7.95517 5.54035 2.71482 7.51718 5.88234 5.57317 0.807416 7.35831 8.14709 8.32217 8.58018 2.26909 4.35002 8.15253 4.15618 1.64368 3.60728 7.95011 5.89531 3.50956 3.6951 9.53627 2.22006 6.40706 7.79051 7.40127 7.32092 1.7802 8.21905 3.03858 5.60022 0.812567 7.23223 4.60484 6.28102 10.402 7.773 5.98773 8.18101 7.25431 4.28709 1.75226 6.24332 5.74011 8.2781 6.73567 5.98269 3.87171 5.83033 1.25133 6.33376 4.36889 7.83317 8.2084 2.96013 6.43497 1.69828 3.2898 4.03638 5.71678 7.31634 3.81625 7.32121 4.82852 0.231942 7.78371 8.81857 3.95486 1.73122 7.79751 3.29108 7.68408 2.63403 1.39725 2.614 7.03239 2.34376 5.09633 3.85811 5.77393 3.99259 6.94764 4.69497 8.20735 2.18695 2.57872 4.49647 3.93583 4.33462 5.46399 4.19705 2.16053 1.64677 7.61909 9.33878 7.35389 4.02333 3.71205 5.39495 7.67584 5.05009 7.97589 6.69009 5.86294 0.941658 7.03396 7.21769 3.66248 9.82796 5.73106 8.53868 9.63997 6.04944 1.85101 4.03219 0.989461 6.74147 9.1106 6.18655 2.7166 5.606 3.70022 8.92215 0.800054 4.87392 7.6123 6.93784 9.66378 7.93201 1.88662 6.12183 1.11635 5.58956 1.68075 6.62975 3.89615 0.919361 2.22499 2.39754 2.54273 8.54129 7.93126 10.6631 6.93457 4.89317 2.3539 8.16374 5.00025 1.67993 1.58336 5.47477 2.20674 
