200
11.648 18.0215 12.4783 0
6.94319 8.25635 1.20077 0
5.4961 18.3314 2.08934 1
8.45839 22.3515 1.86951 0
0.0357546 6.28643 0.538917 1
9.78608 23.4706 1.7405 1
12.5491 20.0313 0.206246 0
14.38 20.1989 0.281793 0
18.0987 23.694 1.50288 0
7.92628 23.4352 1.79382 0
2.49795 18.5138 12.3427 0
11.2618 11.4155 1.19785 1
18.7628 23.6377 4.63378 0
9.34741 11.5127 5.27458 0
2.79332 4.92617 15.236 0
4.0968 4.70032 1.70125 0
12.4465 15.2282 28.6718 0
4.66418 14.6323 1.28637 0
3.53078 22.0254 0.839714 0
16.5894 18.0498 0.452062 0
3.3695 4.07813 1.69306 0
4.94538 14.1741 0.586461 0
3.65074 22.1558 2.09362 0
8.06461 9.17765 1.36917 0
15.6149 20.0727 0.926035 0
14.1483 16.2137 1.88636 0
6.23506 9.63877 1.64621 0
8.37525 8.71059 1.74916 0
17.1207 21.5916 1.858 0
0.0371962 23.9285 1.99104 0
12.1295 21.7506 1.42612 0
7.98964 19.9373 20.3446 1
1.11332 5.74548 1.6168 0
8.15044 19.9192 1.8778 0
0.972058 3.40009 1.8892 0
12.5912 16.2777 0.256245 0
12.7166 19.3133 0.409771 0
18.3547 21.4903 0.94549 1
7.34287 21.5062 1.24601 0
17.1576 17.2709 6.38868 0
3.85178 3.9447 1.02297 0
10.9546 22.4936 1.47467 0
16.0016 20.6742 0.823049 0
16.596 16.9122 0.324948 0
7.23618 14.077 1.55004 0
7.09882 23.5007 2.05706 0
12.6619 20.5821 8.46838 0
2.30464 4.85804 2.0938 1
2.94687 3.79178 2.13379 1
13.3696 15.904 25.8548 0
3.88813 15.8661 0.901911 0
2.95341 15.6053 1.80048 1
6.17896 7.15656 0.631365 0
3.46194 19.9271 0.565974 0
18.7636 19.1937 1.84572 0
18.1711 22.2153 1.83131 0
10.7912 11.1837 0.452216 0
2.53772 6.07708 0.300268 0
11.0065 15.9142 1.96293 0
14.2765 18.6163 1.4506 0
7.38897 13.875 1.97649 0
0.97607 16.1933 0.308081 0
7.92936 18.451 4.90343 0
8.92634 12.5002 2.04762 1
6.43924 15.1071 1.71724 0
17.0096 17.3293 2.06337 0
11.218 19.7618 0.43022 1
11.9109 23.6958 2.21709 0
11.3619 15.8161 1.60324 0
16.8492 22.6788 0.512058 0
11.3926 22.4178 1.75412 0
7.74971 12.4481 15.0666 0
3.71999 14.6136 1.61011 0
5.4333 7.67545 4.70193 0
9.16868 15.0776 1.34339 0
7.7008 13.6554 1.94886 0
0.28076 20.4394 1.39195 0
6.9661 18.5577 2.24005 0
3.40086 12.1903 0.536671 0
17.6483 21.0005 1.16564 0
10.4777 20.7718 0.925957 0
12.8028 15.8499 0.726403 0
17.1113 23.5745 24.0349 0
11.1637 12.2132 1.79767 0
9.65507 15.0666 1.45476 0
7.67145 15.7185 0.594543 0
17.3194 19.8799 1.32748 0
18.3676 21.8446 0.43762 0
10.938 22.8408 1.09499 0
1.27758 15.9543 0.712477 1
16.2405 20.0878 0.569267 0
8.7534 23.2351 1.49467 0
8.3282 23.4314 0.723716 1
4.65425 6.49754 1.99936 0
17.0358 21.3085 1.98213 0
16.4214 20.2979 2.05981 1
11.6275 22.5827 28.8366 0
0.0602164 12.4486 1.63393 0
17.7024 18.5855 24.9093 0
0.985463 11.256 0.780947 0
16.5021 17.2952 1.46555 1
2.69538 16.7197 1.81675 1
5.04303 16.1883 1.29539 0
5.17646 19.3799 20.8447 0
7.76902 11.2092 0.917739 0
6.81369 8.88034 0.455545 1
8.05733 16.2135 1.02699 0
17.2888 19.2765 9.30593 0
6.11618 17.324 0.40973 1
2.68585 16.5962 8.13115 0
11.8247 15.4345 2.26548 0
13.6883 20.7904 1.48849 1
5.61082 15.3609 2.2651 0
2.14187 7.7166 1.22256 0
16.0895 20.4884 1.49413 0
11.508 17.5812 0.292042 1
3.87468 19.4423 1.70129 0
5.43699 7.64388 1.85378 0
5.63939 13.2627 6.25384 0
2.39086 23.7932 0.757361 0
8.03554 18.5453 1.46982 0
6.45505 21.8163 1.96085 0
5.38388 6.60773 0.782436 0
2.03811 5.34389 0.249619 0
13.8222 16.6292 2.15933 0
10.9345 21.6685 9.47917 0
5.38025 17.3334 0.910676 0
14.1861 18.7686 8.0417 0
9.65142 17.7293 1.52252 0
10.6004 18.4394 1.21822 1
13.3749 15.7373 0.341642 0
2.59842 5.70951 0.285311 0
16.5462 21.0071 1.34478 0
0.666899 1.11356 0.81516 1
14.4769 22.0885 0.719002 0
9.91099 12.1624 1.49211 0
13.4772 21.9325 1.23656 1
10.1478 15.1048 0.492146 1
8.53059 14.2891 1.65591 0
5.77666 8.59291 0.654215 0
13.2139 13.328 26.3428 0
9.36402 22.7767 1.84596 0
11.3388 14.2267 0.698231 0
5.3964 15.2516 0.848908 0
10.9845 18.3588 0.805328 0
3.25209 5.44319 21.4356 0
11.7232 22.138 1.61155 0
0.648081 7.53201 1.74683 0
1.30195 4.76888 1.17495 0
6.96062 8.97171 1.79896 0
18.3926 23.9995 2.13403 0
10.455 18.7896 1.28774 1
7.16599 7.69114 1.91684 1
9.22544 9.67776 1.80331 1
6.10617 18.0331 1.17197 0
14.2071 20.0817 2.0968 1
3.02532 3.79078 0.88492 0
11.7928 20.3958 1.00277 0
13.7988 23.7757 0.605641 0
13.8523 16.5316 0.48971 0
15.5187 22.223 1.04195 0
13.1655 16.4086 0.266173 1
3.40302 19.6854 17.687 0
12.4596 13.9436 0.698977 0
16.7523 23.0709 1.44184 1
6.07918 8.31869 25.1346 0
15.6196 20.8754 0.409759 0
8.39531 10.9403 1.64707 0
13.5024 23.7559 0.21902 1
5.9354 15.0129 1.24185 0
8.64141 16.2173 6.95143 1
11.7 16.6239 27.8495 0
1.34878 3.15713 1.11969 0
9.14903 9.67492 0.344847 0
11.8199 16.6519 2.04945 0
15.4779 23.8327 1.95347 0
4.05592 21.8825 2.05167 0
7.72717 15.3565 0.600139 0
14.8678 15.7162 1.58379 0
16.736 17.9493 0.749459 0
17.652 23.7565 1.4769 0
15.7045 22.7606 0.81376 0
3.55489 17.8496 1.20732 0
9.55644 14.1171 2.12272 0
5.93295 7.98743 15.6347 1
11.4815 17.5033 1.82845 0
8.90851 11.3473 0.260421 0
13.2511 23.4439 0.25186 0
11.0519 23.503 6.79686 0
0.611072 6.1867 1.17784 0
7.23073 18.6549 1.9208 0
13.7236 16.7838 1.12284 0
16.4676 19.7853 26.6478 1
0.5259 9.91784 2.2345 0
18.9115 20.4184 0.543544 0
3.79924 20.391 1.51771 1
5.55443 10.8886 1.26879 0
13.0599 20.2637 1.67959 0
16.7779 20.9436 0.508617 0
4.74983 16.734 0.777617 1
400 50 500
0.025 0.0125 10000 3000 15 1e+06 300000 2 2
0 45.1909 32.9039 17.4004 38.581 6.68184 57.4037 39.2102 59.8333 27.7556 23.7629 61.0449 27.3171 49.9019 32.8609 18.975 56.1981 10.0221 6.90773 23.8918 38.5999 75.2588 52.1276 60.2933 51.9479 50.2721 53.7004 37.8237 42.3048 22.0078 46.9438 47.5765 18.5189 68.2544 18.2054 47.7872 42.1499 48.7328 30.7976 63.3328 56.8474 49.798 61.7491 56.3646 38.3363 46.2049 19.6124 67.1061 76.446 46.1911 5.42453 35.6069 18.621 30.6468 5.33331 50.6086 49.1886 68.7805 38.5129 11.6572 39.3291 24.6952 31.1409 38.948 70.1482 58.6401 65.3154 5.68646 62.0615 9.43563 18.6645 30.291 32.7526 63.666 34.4746 64.2454 36.3637 31.4081 62.5062 46.3248 11.1008 7.43486 56.9775 17.9764 23.9813 35.4851 75.2235 70.9453 40.2985 50.78 22.8868 67.7391 42.488 42.9587 51.2001 43.4055 50.7575 11.6109 46.3876 49.9643 43.2198 63.8007 56.9456 45.954 42.7692 51.1211 28.6205 57.1194 34.4545 64.4286 51.6825 62.2043 31.2864 33.2011 53.9143 15.1361 30.2103 48.9835 47.919 39.0453 54.7151 54.645 34.8068 57.6347 26.3677 55.2882 42.7397 51.2722 49.4925 72.8676 53.0489 21.9428 28.6645 56.7507 60.5019 35.2981 61.9377 40.9636 58.3177 34.6091 5.02405 29.6731 42.1058 35.2293 39.4296 58.1521 58.4742 73.4963 16.6644 63.9308 48.3835 37.9556 62.9594 38.2696 52.4153 48.7837 47.2621 31.2669 14.3917 51.3173 38.4499 25.2684 58.113 51.1459 31.9357 37.2028 41.0569 37.9733 39.1692 44.9386 23.262 61.054 20.8807 25.6262 12.3887 28.1357 45.5291 39.9924 47.185 51.1603 55.6145 29.0997 33.9773 30.9621 24.4674 48.758 62.8121 22.4214 32.2127 42.1718 44.5391 57.5586 59.3573 55.09 48.9782 23.4477 64.2737 27.0437 16.9201 34.0122 27.0437 
45.1909 0 15.219 37.3276 9.5801 41.4604 15.0542 22.1285 20.0434 17.5144 21.4541 19.377 27.8908 44.4031 28.5048 26.2198 19.9659 44.4646 39.524 31.6313 28.1969 31.1717 27.6738 15.1591 34.3083 27.3149 18.2568 12.0807 7.68635 31.5503 25.0081 22.676 36.4069 25.0518 33.8307 34.0071 3.06145 11.6089 37.0672 19.2358 14.5861 34.9637 16.9057 15.69 23.6715 23.3225 32.8885 23.1111 31.8801 1.00782 41.7454 29.9763 36.3211 28.1731 45.8946 24.8626 4.80601 23.6858 21.1779 33.5392 29.0192 22.935 15.8946 26.4972 25.4864 35.3745 20.2553 42.9553 18.2675 45.1066 27.5449 15.6732 31.9963 18.6323 21.5096 23.0707 15.4806 21.3193 18.5162 7.65451 35.7761 38.793 26.3507 29.6286 22.2358 11.0932 30.4375 28.468 32.8835 30.7559 33.2788 23.0507 3.59597 24.6771 21.6465 8.00983 17.0206 34.0424 1.29139 41.1656 5.72421 18.727 12.1026 3.50378 26.4401 17.2692 33.052 29.2322 23.2586 19.2385 27.0565 20.1826 31.4157 12.0297 20.9542 30.4435 15.3159 31.138 2.76376 32.8723 19.3502 12.9233 30.9967 12.8283 33.6013 36.8459 18.0198 36.349 35.7285 28.285 16.2061 36.7907 27.5137 34.8656 15.9118 14.9747 16.7526 32.5871 14.7687 35.3652 42.8733 25.1274 35.6922 16.4873 11.8978 17.5193 19.4922 29.1142 28.6293 19.1776 34.0204 12.4267 18.2163 10.5476 8.9269 28.6741 31.8301 22.7083 34.1553 21.1727 15.4336 33.5861 37.1242 10.3277 30.5153 9.1257 8.92812 29.5497 21.8988 29.9162 23.2827 21.5215 26.0027 31.1041 39.0956 36.8008 18.5315 7.3405 16.1535 27.4685 33.2649 25.2352 33.3625 15.6424 33.3093 17.566 25.5341 34.1803 13.3468 16.4032 5.48113 39.1322 14.3049 34.2559 6.28279 23.6037 19.2173 18.9011 34.9414 11.5627 29.8137 
32.9039 15.219 0 22.3711 15.2426 30.7793 24.6399 26.8982 34.6744 7.6265 11.7662 34.4204 12.7811 33.6693 14.561 14.9519 33.4415 34.8686 28.5077 27.4433 31.5922 42.6031 23.4525 29.6988 42.0908 22.0941 31.2655 17.002 9.75985 16.3882 18.6862 17.8543 29.8857 35.4537 18.9524 40.192 12.8833 15.8293 22.4569 34.3937 29.6366 26.6395 29.83 30.3819 27.6988 31.4758 17.8887 34.5235 44.0011 16.1522 30.6642 16.8343 29.8407 27.5375 34.8902 21.0422 17.767 37.0547 10.5929 21.8446 17.4268 17.3474 2.08851 15.1473 37.8597 45.4223 34.8261 29.5813 33.4722 35.2978 14.2507 4.14351 17.9224 31.9441 23.48 31.344 19.0505 21.1475 33.6976 13.6791 22.3425 27.7764 26.1318 21.4983 8.963 12.7562 42.9587 38.0521 21.0584 24.3939 28.6413 35.5173 11.6906 15.9794 20.0872 18.6269 29.1271 23.2182 16.4998 31.2045 11.1425 32.1517 25.225 17.6933 32.1977 29.4661 18.1905 40.4168 10.0374 33.3482 22.8496 35.2973 17.0236 8.53145 21.9994 20.0473 5.3605 38.5383 17.8338 20.5983 22.2779 27.7864 32.1355 27.8373 18.5043 45.2445 25.6424 28.2726 27.0347 40.4798 29.5649 31.7007 25.8033 44.3515 30.9697 17.549 30.7534 21.0624 29.9858 21.5582 29.6555 23.9748 24.0498 4.04777 18.3464 25.2485 33.8668 40.9847 17.8889 31.8561 25.3249 17.477 33.1537 15.9039 24.0739 21.994 23.2556 22.5163 25.3811 32.2951 20.6912 30.0558 46.4998 18.3947 30.3475 12.6298 8.35297 17.319 26.6842 35.8789 16.2066 36.1397 18.3449 15.9307 30.2481 21.8612 27.5853 14.6531 14.9878 22.7334 42.7569 10.2631 19.5253 2.7156 18.1073 28.553 30.3627 29.3373 4.98401 10.5968 17.8306 47.7598 27.8183 43.2771 21.0456 17.0509 33.8173 12.8233 27.6035 5.39586 14.7257 
17.4004 37.3276 22.3711 0 34.1604 20.2117 46.1882 40.6474 55.6688 21.2886 19.7122 55.9411 11.8856 32.5299 16.4944 15.9738 53.3836 25.2515 18.1593 30.6295 42.6395 64.0652 36.3776 52.0644 55.7502 34.4483 50.9676 34.631 31.9858 6.41462 31.3816 32.5742 28.213 56.6979 3.53388 52.416 34.659 36.9329 13.4154 56.5599 51.2508 32.7944 52.0356 51.5738 40.5107 47.1419 4.48672 56.1978 65.7273 38.3034 19.157 18.8541 28.2589 35.3988 22.0655 35.3168 40.1378 59.273 23.8789 14.2063 22.7583 25.0112 21.4367 22.8834 59.7864 61.1152 57.1946 11.8606 55.551 25.0804 11.8267 21.8608 15.684 54.1976 35.8452 51.8673 34.7731 32.5009 55.8291 35.7066 8.66536 17.8073 42.0193 21.9015 15.7857 30.871 64.8556 58.8016 23.1922 34.3849 30.6006 57.5151 33.9248 27.3271 36.7153 38.7061 48.3332 16.6826 38.6189 32.5771 33.4959 54.4235 47.5265 39.3069 45.4966 48.7032 11.4534 57.7115 19.538 55.7051 36.0179 56.9278 14.3364 27.0072 39.9128 17.2055 22.5719 52.2995 40.0323 21.9155 41.2834 49.23 40.5007 50.106 9.17637 59.1885 42.127 34.1985 32.4005 62.297 49.6753 31.662 33.1017 59.5513 53.2192 33.2773 53.1083 23.9051 51.9506 17.2358 12.4274 32.8123 24.8031 22.9178 36.3283 46.0893 54.6195 62.6676 16.4825 53.9755 31.4176 34.9646 55.4597 34.3249 45.924 32.6103 30.5143 33.1422 21.8766 50.3613 36.9628 33.0591 61.3745 40.1306 37.7226 31.9169 30.5015 21.2968 40.5125 48.6219 22.8622 57.0774 22.1522 9.19111 24.0092 10.7544 44.736 34.6565 33.8894 35.3727 58.1257 14.4374 16.7397 21.6978 7.45448 46.999 49.097 30.6694 24.3217 28.8032 38.7931 61.6935 50.1393 58.1003 42.6671 23.663 56.1833 24.1679 25.5781 25.9695 10.8588 
38.581 9.5801 15.2426 34.1604 0 33.9958 24.6338 13.383 21.7643 12.8721 15.3624 22.5757 27.2836 48.4479 29.7934 20.2115 19.2309 36.3828 32.322 22.3321 19.1902 40.2171 34.5897 22.7531 27.4707 33.8156 16.8402 2.62595 13.7602 29.3782 30.9263 29.0912 27.4983 34.4471 30.653 26.2498 7.30361 20.0851 37.3619 24.859 18.2693 40.2829 25.7515 17.9507 14.7188 16.5368 30.0604 32.3167 40.6512 10.2705 34.4903 32.048 27.4039 18.593 38.4582 31.8033 14.366 31.9786 24.7187 27.0862 32.2689 14.57 14.608 29.8407 34.2887 30.2454 27.4482 37.3185 23.539 37.1003 22.8758 13.0992 33.1145 27.1757 12.0112 32.6508 5.99175 11.7699 24.0172 15.9703 30.5417 31.6237 34.5749 21.6074 18.3848 3.31489 39.0486 37.9447 36.0371 36.8979 24.021 31.8802 9.72465 29.4492 29.2204 4.84272 14.3355 27.0211 10.209 45.6725 12.6023 27.191 21.1217 8.31266 18.2926 14.6969 32.9385 25.1876 25.1827 27.091 33.952 23.6999 32.1283 7.37337 29.3061 23.4496 12.0007 24.0094 11.5124 35.6882 28.1191 16.0723 21.5666 19.6879 32.8327 30.4492 10.678 41.8254 40.87 37.0981 15.5199 27.5412 17.9784 29.2625 22.2881 5.39676 24.8636 35.9503 19.8038 36.7755 37.0947 15.5838 39.0138 18.4432 3.2693 27.0463 20.5932 38.0418 22.0053 28.0437 39.1234 3.05972 24.7872 1.02494 14.0819 34.5995 36.9409 13.1398 26.1176 17.1181 6.47804 24.1464 31.4498 19.6581 20.9557 2.61296 14.0875 32.3549 13.1493 21.9626 15.4855 23.1149 18.1113 30.0789 30.873 36.4229 12.3806 2.23996 23.3793 34.1734 27.6547 25.1186 34.7472 13.9632 31.9878 13.4256 34.8641 24.9402 10.7962 21.7282 6.2418 32.9174 22.9609 28.2836 10.7157 15.5356 26.425 11.5474 26.3293 9.8558 29.2043 
6.68184 41.4604 30.7793 20.2117 33.9958 0 54.628 33.1707 54.6716 24.5585 20.1949 56.1149 27.889 52.3404 33.6959 15.9169 50.7563 5.0749 2.39109 17.3728 32.1622 72.2087 51.9162 56.3311 45.4291 50.1537 48.2766 32.9151 39.5893 23.2369 46.708 46.952 11.8419 65.4458 19.8403 41.2156 38.3994 46.418 33.3646 58.8531 52.1207 50.8548 58.2938 51.4206 32.1816 40.1354 21.0589 64.0388 73.1868 42.437 1.34741 36.6765 11.9451 24.2407 4.46504 50.1012 45.7585 65.1441 37.968 9.07737 40.1067 19.5787 28.8256 39.3112 66.8198 52.2287 61.239 10.4999 57.5207 5.06172 17.209 27.5647 34.2738 60.0883 28.567 61.8667 31.0821 25.6697 58.0093 43.5845 11.9757 3.06544 56.1252 12.5373 21.9046 31.1001 71.8375 68.3645 41.6733 51.1334 16.2814 64.3885 39.1005 42.8793 50.1724 38.7301 45.3097 7.61171 42.5867 51.925 40.2361 60.1872 53.4683 41.7952 36.457 45.6654 30.4262 50.9863 34.262 60.5713 51.416 57.3056 32.7198 29.4595 52.5506 11.0919 27.2006 42.5347 44.113 40.4834 53.0291 49.9056 28.2325 53.4862 28.3059 48.7445 37.0396 52.4139 50.6874 69.5888 47.7914 15.2637 22.355 50.3116 56.2246 30.1725 58.1565 42.2538 53.7928 36.6919 9.75623 23.5655 43.8271 33.7009 34.436 55.733 53.2528 70.3146 13.1006 60.5321 49.4089 32.986 58.7133 33.5573 48.0417 48.9771 48.0389 25.3603 8.34983 45.5365 33.069 18.6254 51.6175 48.4287 25.3832 32.9426 38.4877 38.8925 33.1481 38.4793 18.5163 55.8284 15.8937 26.9402 5.70889 30.749 39.8105 35.6273 45.6183 50.9962 49.2166 29.1177 35.7203 28.4925 26.3141 43.1921 61.1293 15.7796 29.1339 40.8095 40.1409 50.9865 55.76 48.6366 44.6297 18.4861 60.2019 22.6971 10.3697 30.8629 28.0844 
57.4037 15.0542 24.6399 46.1882 24.6338 54.628 0 36.6836 25.5245 30.0715 34.4821 22.9724 34.8174 42.0611 32.8138 38.7783 28.4103 58.1656 52.4922 46.5019 42.8177 17.9781 21.6476 11.9905 46.9368 22.3925 27.8492 27.109 15.1068 39.8241 22.0182 19.2561 50.9459 10.8527 43.0044 47.4846 17.6588 9.29064 41.5347 18.5545 19.6883 31.2544 7.78085 22.1637 38.3219 36.5278 41.7628 10.01 19.5391 14.4015 54.7036 32.8558 50.8679 43.2263 58.9353 19.4606 10.2826 14.1788 23.9239 46.0357 30.1898 37.3276 26.2847 28.0605 13.7473 46.2606 15.3555 54.2208 18.747 58.7247 38.8348 27.1679 35.9586 9.95047 36.5095 8.02097 30.4975 36.3641 18.4186 11.0855 46.9811 51.7518 16.8547 43.5886 33.4411 25.9084 18.7369 13.7994 33.5197 25.9644 48.1117 11.657 16.0287 24.1496 15.4983 22.301 28.0551 47.0278 14.5223 38.2853 14.4126 10.3272 6.65768 17.1064 40.4718 28.1491 38.5762 39.5154 27.833 12.8112 21.2196 22.9711 36.0442 25.6995 12.4575 43.5563 27.4322 44.1683 13.4672 34.0746 9.74581 19.7281 45.92 13.4384 39.9155 48.9377 31.9863 32.1274 32.2709 16.1368 25.7223 51.6012 42.5475 46.2678 15.3548 30.0289 10.8067 32.9136 17.6001 38.4168 54.2932 40.1671 35.6202 23.279 26.7769 3.39955 25.9555 16.4803 41.5294 8.78998 30.8878 27.435 15.8919 25.595 16.1439 24.7751 29.0394 37.7598 48.0117 32.5013 30.2648 48.5501 48.4714 6.25953 45.5465 23.9841 16.3555 31.3511 36.4619 43.6858 37.313 26.714 39.9857 38.0645 53.0135 42.2275 31.7569 22.3945 13.7108 22.0154 44.7731 32.0436 36.7298 26.4416 40.3579 29.5922 11.837 48.9956 25.4953 18.0834 19.6346 50.9397 8.09491 46.0597 17.0123 37.7922 14.7422 32.9184 49.2561 23.7857 36.4397 
39.2102 22.1285 26.8982 40.6474 13.383 33.1707 36.6836 0 23.8437 21.4968 21.1819 26.2563 37.033 60.5614 40.7849 24.7279 18.9602 33.6792 32.3138 16.6787 6.1371 50.1293 47.9097 31.5165 15.533 47.0658 16.726 10.8213 27.1417 37.4549 44.0677 42.3597 22.9841 45.4012 37.4667 13.2948 20.4698 33.3225 47.1751 30.9643 23.7489 53.1181 35.9167 21.9694 1.76718 6.99665 37.3473 42.8433 49.9748 22.5365 34.1109 43.4318 22.867 9.99091 37.2643 45.138 26.5675 40.8621 37.2065 29.4055 44.3242 15.8177 25.6011 42.0311 43.9183 20.4798 35.1488 39.8952 29.4634 34.5453 28.8598 23.5417 43.7982 36.77 4.90417 44.6228 7.94206 8.25135 30.1231 29.1986 34.5129 31.7774 47.9222 21.3917 26.3121 14.483 48.1244 49.1045 47.9172 50.0397 18.2933 41.6708 23.0223 42.2614 42.6034 14.3873 13.9145 28.1776 22.3323 58.0736 25.9512 36.6642 31.8893 19.585 5.31786 14.1933 42.6638 17.9337 36.8569 35.7044 47.2716 27.4978 42.5669 18.3875 42.619 25.3394 22.1832 11.9641 23.2335 47.3832 41.3039 21.8003 9.961 28.1171 41.9879 18.8804 5.48565 54.7034 53.6269 46.6325 17.1131 21.2932 11.1651 18.9085 29.7145 9.36738 34.0385 47.9499 26.2855 47.4956 39.4422 9.61062 50.9056 30.6529 10.3702 39.4716 22.2555 47.7703 24.9732 38.1015 51.888 10.3511 32.0435 12.3791 22.4745 47.7024 49.7403 8.01167 24.8835 12.7292 6.90804 17.0221 20.7831 32.4561 10.8666 15.4572 27.4147 44.1643 0.233925 8.98127 17.898 24.6481 19.2872 39.2151 28.357 45.6993 7.6077 15.3546 36.7606 47.4607 17.4796 35.4606 45.5412 24.8336 40.6863 11.4144 47.6462 19.1546 21.9261 34.8824 17.0611 21.4249 33.0526 17.4927 20.1558 17.2128 34.2596 16.8599 23.1909 21.763 38.7836 
59.8333 20.0434 34.6744 55.6688 21.7643 54.6716 25.5245 23.8437 0 34.4711 37.1086 3.33798 47.4505 63.8735 48.5085 41.9223 5.36604 56.2245 53.2722 39.9205 28.7093 31.0935 45.3471 14.3217 25.8375 45.4814 7.16552 22.0618 27.6042 50.4579 43.8226 41.209 46.0535 29.1552 52.1379 28.2674 21.8394 28.9385 56.964 9.54501 6.07659 53.8518 19.9733 4.35344 25.4986 18.9695 51.4207 26.0483 29.9682 19.3316 55.3479 50.0187 45.9414 33.7059 59.0589 42.6969 20.3269 21.2875 41.1427 48.5808 48.942 35.1813 34.8516 46.4292 25.1412 22.5682 14.8766 58.9749 8.31731 57.0333 44.6131 33.9495 51.9976 19.3798 27.1351 31.3488 23.5899 29.3754 8.99074 26.1966 52.2913 52.6157 41.9285 42.1443 39.9106 25.0704 27.9135 32.825 52.7888 49.1063 41.6275 23.5678 23.5789 44.1961 38.9147 17.0213 9.93723 48.225 18.9218 60.4417 25.6104 19.0639 18.8669 17.0436 24.3193 9.65072 52.823 15.8279 43.2894 16.7777 44.7947 4.30173 51.3573 28.6695 36.8787 44.7592 33.1215 24.345 18.0726 52.8406 34.4385 7.16501 33.4174 12.0954 53.1695 26.6533 18.5988 55.0778 54.7218 27.3227 6.94689 44.8631 34.4663 23.2186 10.9038 24.5498 16.6601 52.4462 7.94121 55.3999 58.7157 32.4094 55.53 36.459 20.4199 28.9172 1.60463 28.6638 43.5226 21.3125 53.0845 21.8972 11.9806 21.8394 11.462 47.3104 50.9502 30.0748 46.4133 12.2881 21.65 40.6861 25.1575 25.6459 34.6939 23.7997 28.9364 49.541 23.7359 25.9481 36.5805 1.47844 38.9752 50.5484 50.6955 56.5252 16.2382 21.0198 34.4632 45.4049 22.0297 44.9159 53.3916 34.3973 52.6549 12.4299 37.0902 42.5374 31.4783 36.0134 16.971 28.0531 17.9557 23.6154 13.7938 36.3926 14.4307 33.101 45.6765 29.9814 49.3974 
27.7556 17.5144 7.6265 21.2886 12.8721 24.5585 30.0715 21.4968 34.4711 0 4.4815 34.9516 15.5497 39.7802 19.4795 8.81035 32.0997 28.1944 22.4479 19.8324 25.3665 47.6974 31.0716 32.6708 37.023 29.6848 29.6942 13.5126 15.0831 16.6956 26.2504 25.4807 22.3727 40.8878 17.7815 34.5567 14.5168 22.0975 25.7226 36.2545 30.3728 33.7287 34.0012 30.4667 21.9448 27.1229 17.2174 39.5266 48.7686 18.521 24.667 22.3004 22.3223 20.4058 28.8886 28.6681 21.4359 41.0266 17.8592 16.1525 23.809 9.77052 5.59056 21.799 42.4387 41.3071 37.7515 25.4699 35.102 28.7148 10.2592 3.5263 22.3547 35.9105 17.3752 37.4047 14.3145 14.5625 35.4668 19.05 18.3502 21.7077 33.6317 14.1338 5.51862 9.59142 47.4995 43.8244 27.1021 31.861 21.0153 40.0203 14.7344 23.3312 27.6003 17.4597 27.1055 16.9669 18.7461 37.6938 15.6791 36.0466 29.1926 18.7123 26.7769 27.4731 21.2095 37.1232 16.2122 36.7346 30.471 35.998 21.0863 5.87014 29.2756 13.4865 2.7059 33.449 20.2683 26.4085 29.2682 28.2694 25.2438 30.1897 20.6916 40.3398 21.6094 35.3801 34.0244 45.1791 28.3873 24.086 18.5181 39.9855 33.175 12.7362 34.2196 27.2615 31.3958 26.0404 25.3696 16.8909 30.0425 11.5796 15.1764 31.275 33.3757 45.854 11.4662 36.1956 32.3598 13.8901 35.5722 13.0671 25.3549 29.4664 30.3785 15.7931 18.2756 29.4162 16.3671 22.4626 42.0114 23.8875 23.2176 10.6718 14.0812 23.3719 21.3093 30.3376 8.58416 35.8598 10.8141 17.9014 23.2471 24.3854 24.0155 13.4664 22.271 30.3407 38.4501 14.0094 24.1137 4.91094 19.5838 25.9105 37.2343 21.7115 4.57626 18.1658 17.7942 42.8845 31.6035 38.723 21.9634 9.42464 36.7112 5.46978 20.1876 6.31728 17.3369 
23.7629 21.4541 11.7662 19.7122 15.3624 20.1949 34.4821 21.1819 37.1086 4.4815 0 37.9068 16.6906 42.0962 21.5043 4.89415 34.222 23.7272 18.1479 16.2369 24.0702 52.0141 35.0072 36.5314 36.5839 33.5296 31.7497 15.2795 19.5466 16.3059 30.0527 29.4952 18.1296 45.2752 16.3922 33.6567 18.4029 26.579 26.4946 39.7144 33.4867 36.9103 38.1668 33.3055 21.2675 27.48 16.1846 43.8439 53.0157 22.4496 20.3724 24.5222 18.087 18.0352 24.5702 32.7035 25.6066 45.1079 21.4111 12.1061 26.573 6.7541 9.67779 24.7991 46.6608 41.5478 41.5544 22.006 38.4908 24.2595 7.91587 7.86698 23.9572 40.0163 16.556 41.8685 15.0793 13.3393 38.9023 23.4953 15.1829 17.4105 37.8953 9.7442 5.61259 12.0898 51.6984 48.2541 29.5589 35.4768 17.2342 44.2336 18.9253 26.8755 31.8517 20.1804 28.9852 12.652 22.6362 40.3233 20.0718 40.1338 33.3441 22.236 26.2509 29.3579 22.0498 37.9993 19.1202 40.6814 34.422 39.01 22.5351 9.44026 33.6535 9.10304 7.18703 33.0552 24.1684 28.7249 33.7127 31.3216 23.1199 33.8885 21.0826 39.986 22.4183 38.5665 37.111 49.4199 30.6796 20.0994 15.9198 40.059 36.789 13.6107 38.2066 29.8221 34.7531 27.5311 21.8184 14.7401 32.4059 15.5122 16.9871 35.7416 35.8971 50.1294 7.18564 40.3881 35.5027 15.5535 39.2317 15.2805 28.7759 33.1032 33.6219 14.2814 13.8022 30.7242 17.2794 18.9392 41.9637 28.3239 20.7742 13.6253 18.5618 25.9277 21.0278 29.6084 4.94391 38.4397 6.63757 18.3718 18.7674 24.7757 25.0475 16.463 26.6378 34.231 38.5915 15.8391 25.7368 9.11109 19.6368 27.4679 41.699 17.8502 9.01837 22.3618 20.9771 42.5215 35.6931 38.6715 25.3423 5.91327 40.5125 4.45575 15.8412 10.6965 18.2191 
61.0449 19.377 34.4204 55.9411 22.5757 56.1149 22.9724 26.2563 3.33798 34.9516 37.9068 0 47.1826 62.3951 47.8411 42.7763 8.5127 57.9187 54.6101 41.9392 31.3996 27.7586 43.3885 11.3785 29.1281 43.6424 9.93257 23.2403 26.6702 50.5056 42.1877 39.5153 47.969 25.9636 52.4079 31.4511 21.5449 27.2103 56.4426 6.21187 4.79372 52.1686 16.9722 4.69428 27.9594 21.8484 51.6116 22.8456 26.634 18.5554 56.727 49.166 47.8593 35.9571 60.5395 40.8044 18.8867 17.9587 40.131 49.6356 47.8433 36.5434 34.7965 45.3516 21.8256 25.891 11.5529 59.8911 5.03419 58.7067 45.1872 34.0955 51.3312 16.225 29.1951 28.3996 25.1488 31.1926 5.68756 24.8249 53.0549 53.9351 39.6141 43.5806 40.2871 25.818 24.581 29.6021 51.6566 47.2861 43.6629 20.2955 22.9713 42.8387 36.9474 17.7364 12.4146 49.4414 18.1629 58.8808 24.6913 15.8939 16.3529 16.7527 27.1569 12.1817 52.4177 19.1636 42.5624 13.5233 42.8568 1.24521 50.7844 29.0883 34.699 45.916 33.3797 27.5438 17.1005 51.7858 32.177 6.71113 36.0091 9.59894 52.905 29.9873 20.8696 53.3333 53.0718 23.9878 9.14442 46.975 36.5595 26.5562 7.89312 25.9503 13.5818 51.2697 5.52689 54.6378 59.6704 34.4141 54.3233 35.8571 21.6823 26.3357 4.7012 25.3304 44.5565 18.1804 51.4705 23.1407 8.71473 22.7975 10.4654 45.5886 49.3704 32.0057 47.9429 15.3051 23.3557 42.867 28.4894 23.7223 37.1203 24.3596 28.0782 48.533 26.1297 28.9806 37.799 3.98395 40.2897 50.3509 52.3711 56.1581 18.7159 21.5222 32.8084 43.5082 25.3662 44.569 52.6535 34.4056 52.513 14.9414 34.3375 44.584 31.6266 34.7771 17.1758 31.39 15.1558 26.9489 13.3832 37.6919 11.1386 34.092 47.4322 30.0281 49.1183 
27.3171 27.8908 12.7811 11.8856 27.2836 27.889 34.8174 37.033 47.4505 15.5497 16.6906 47.1826 0 25.9477 5.83448 15.902 46.0622 32.8271 25.5177 32.0499 40.5932 52.531 24.9135 41.8076 52.5646 23.0251 43.8182 28.5497 21.469 5.60347 19.7896 20.7774 31.9701 45.1181 9.42446 49.9921 25.6603 25.5272 10.1933 46.8971 42.3937 22.9759 41.1258 43.1625 37.4134 42.6042 7.98089 44.8048 54.3124 28.7884 27.2261 8.90714 31.9725 34.7075 30.9979 23.6237 29.8769 48.3295 11.9937 19.3249 12.2194 23.4078 12.7686 11.6319 48.5319 56.7758 46.8684 22.4561 46.0508 32.9387 11.8878 14.2056 7.38094 43.3482 32.7731 40.1312 29.7925 29.7558 46.2352 24.8439 16.3728 24.9189 30.2478 23.7998 11.0861 24.3205 53.5528 47.0782 14.0544 23.4787 32.6603 46.3325 24.3112 15.7505 24.8464 31.1589 41.5279 21.6579 29.154 24.7387 23.2206 43.6073 36.8387 30.4718 42.2942 41.8793 5.69416 52.3089 7.65478 45.1411 24.5022 48.0413 5.88385 19.9622 28.0273 20.0524 15.4036 48.9923 30.4152 12.971 29.43 40.5633 39.8086 40.2516 5.72411 55.8883 36.9777 24.5498 22.8457 50.9524 42.2016 34.8353 32.5538 55.499 43.3933 28.2114 42.5514 14.5455 42.643 10.856 22.827 31.4294 16.5634 11.9218 30.1001 34.4661 46.6229 51.2429 18.2225 42.9385 21.5274 28.9805 45.4655 27.7586 36.7966 21.467 20.1633 30.8328 25.9472 44.3653 31.7692 34.7564 57.5433 28.9506 37.4198 24.7278 19.9481 11.0189 36.8486 45.8173 21.4298 48.9138 22.1767 3.30055 29.7782 9.1604 39.2406 27.0902 22.0986 23.9289 53.9516 2.79856 9.14058 13.3508 5.59785 40.7049 37.2128 33.0612 16.4982 17.0595 30.5614 58.4332 39.4775 54.2585 33.8182 22.4068 45.8928 20.4309 29.2788 17.6892 1.94937 
49.9019 44.4031 33.6693 32.5299 48.4479 52.3404 42.0611 60.5614 63.8735 39.7802 42.0962 62.3951 25.9477 0 20.6058 41.8455 64.3664 57.4139 50.1017 57.9274 65.0419 55.3383 20.7728 53.2379 75.7172 19.7188 62.6222 50.4952 36.7433 29.3328 20.3257 23.0804 57.8483 48.5531 32.5059 73.851 43.6625 35.2646 19.1145 59.6564 57.9105 10.9 49.8399 59.6145 61.3116 64.9532 31.3392 49.9151 57.9373 44.9069 51.4181 17.5774 57.8559 60.0176 54.5707 22.6308 43.5695 55.7686 23.7679 44.6218 16.2474 48.8338 35.0084 18.6166 54.078 78.6154 57.3185 44.2792 59.4045 57.3484 37.7736 37.145 18.6356 52.0004 56.953 42.6426 52.7158 54.3186 59.2861 37.6769 40.3669 49.6179 27.2302 49.7471 36.562 46.3344 58.1161 48.5183 12.6903 16.2956 58.5909 52.6648 41.2609 19.7369 26.5692 50.7849 61.0992 47.0935 45.3206 3.86852 38.6805 52.3826 47.3892 47.8371 65.8654 61.3889 22.0144 73.083 23.7317 54.8465 21.0783 62.8463 20.2039 42.1978 29.8646 45.8901 38.5154 72.1779 45.9197 13.3934 32.5673 56.7565 64.9768 53.3034 24.0527 78.8183 59.0884 10.3987 9.84361 55.5356 60.6022 60.7748 57.9777 77.7021 56.0839 51.2182 52.6729 12.6125 56.9692 15.6995 44.8933 56.5775 9.73794 30.0537 51.6845 39.6548 63.5909 55.1682 44.1375 50.6679 11.1754 50.9809 57.3193 49.243 52.4208 17.2869 13.1202 55.5721 51.7078 64.8681 54.2962 60.6432 79.8964 38.9597 62.7999 45.8993 35.6586 16.442 60.3488 69.5427 47.0033 65.3166 48.0192 25.7482 55.1609 21.7757 60.7792 47.3288 29.6421 20.2091 76.091 26.2729 16.9613 35.7856 26.0489 61.0989 36.4361 59.0051 38.6354 28.0061 49.1092 81.3143 49.6531 76.7283 50.5725 47.9827 56.6105 45.1832 55.1413 38.919 25.0039 
32.8609 28.5048 14.561 16.4944 29.7934 33.6959 32.8138 40.7849 48.5085 19.4795 21.5043 47.8411 5.83448 20.6058 0 21.4043 47.7487 38.65 31.3305 37.3566 44.8454 49.9842 19.903 41.1977 56.2216 17.967 45.6554 31.445 21.2679 10.8582 14.9983 16.4937 37.6286 42.5392 14.7011 53.971 26.7671 23.7106 8.84292 46.7927 43.0642 17.1588 39.7361 44.16 41.3562 45.8449 13.2693 42.6061 51.9821 29.2913 33.0069 3.12832 37.6262 39.4811 36.7182 19.0057 29.5733 46.7904 8.89608 25.1582 6.47413 28.2519 15.3511 6.40894 46.5296 59.893 46.0984 27.7883 46.1088 38.7506 17.6073 17.2787 3.49153 42.0039 36.8403 37.1951 33.1776 34.0271 46.2052 23.9817 22.0613 30.739 25.7841 29.337 15.9563 27.1678 51.4228 44.1147 8.30849 17.9848 38.0728 44.4695 24.937 10.9775 20.8839 33.0915 43.6214 27.4807 29.6885 19.0887 23.2067 42.3027 35.8257 31.4974 46.0988 43.954 5.98555 54.9758 5.31745 44.1264 19.5627 48.5845 3.23041 22.8161 24.3464 25.7711 18.6206 52.6481 30.758 7.31543 26.1329 41.4234 44.4921 40.0877 7.85008 59.4602 40.0615 18.7231 17.0128 48.7753 43.8676 40.3949 37.4096 58.7587 43.195 31.6189 41.5872 8.74829 42.9335 7.00895 28.2174 36.082 10.9851 12.0549 32.8549 31.9262 47.8518 48.9203 23.8744 41.3403 15.7135 31.9087 45.0651 30.4249 37.3769 16.1299 14.4265 35.2171 31.6903 46.8549 34.9856 40.0758 60.8755 27.434 42.2483 27.1807 19.8064 5.19662 40.5851 49.7144 26.4005 49.9864 27.4429 7.35931 35.597 9.4483 42.0991 29.1829 19.3271 18.8947 57.1766 5.66827 4.97264 16.081 9.12062 43.1091 33.4902 38.5232 19.1868 14.7486 32.0459 61.994 38.4419 57.6242 34.7156 27.3803 45.1764 24.7656 34.9561 19.9376 5.82533 
18.975 26.2198 14.9519 15.9738 20.2115 15.9169 38.7783 24.7279 41.9223 8.81035 4.89415 42.7763 15.902 41.8455 21.4043 0 38.898 19.919 13.724 16.2237 26.7378 56.4834 37.2079 41.341 39.778 35.5837 36.4119 19.9758 23.7012 13.9042 32.084 31.9152 16.325 49.6176 12.975 36.498 23.1844 30.502 24.8006 44.6038 38.3745 37.8779 42.8071 38.1621 24.5426 31.3524 13.1315 48.3143 57.5764 27.2214 15.9287 24.5283 16.313 19.7945 20.1639 35.1217 30.2397 49.8123 23.2576 7.34429 27.1836 9.03988 12.9514 25.7712 51.2489 45.2077 46.385 17.12 43.3837 20.3471 4.53062 11.6526 23.2643 44.7028 19.8925 45.9532 19.4175 16.5396 43.793 27.7092 10.4136 12.9842 40.7743 7.93295 6.40703 16.9601 56.3096 52.4799 29.701 37.1209 16.7639 48.8306 23.5386 28.5567 34.7502 25.0422 33.5981 8.31026 27.4235 40.493 24.4347 44.8331 37.9949 27.111 29.5251 33.9708 20.598 42.0863 20.2061 45.4583 36.658 43.8859 21.7289 14.2628 36.8974 5.12997 11.3625 36.3261 28.9538 28.7149 37.2291 36.2057 24.9577 38.7424 19.1994 43.2155 26.622 39.5188 37.941 53.9879 35.4192 18.9911 17.5201 43.6115 41.6602 18.0397 42.9634 30.0879 39.6465 26.5892 16.9252 16.9591 32.3679 18.169 21.6731 39.8202 40.6856 54.6563 2.95721 45.0049 36.4355 20.2159 44.096 20.083 33.6652 34.8141 34.7281 17.1706 10.8292 35.0869 21.6282 18.9087 45.413 32.5552 22.3145 18.5186 22.5761 26.294 24.6014 32.6578 6.8884 43.2383 6.5661 16.7285 15.4674 22.7394 29.3281 21.3551 29.9071 36.3575 42.2039 15.8895 25.0017 12.5863 17.4765 31.9649 45.3074 17.1598 13.3385 25.2673 25.8713 45.7224 40.3896 42.1442 30.2328 7.70554 45.3432 8.90743 13.7176 15.1141 17.0304 
56.1981 19.9659 33.4415 53.3836 19.2309 50.7563 28.4103 18.9602 5.36604 32.0997 34.222 8.5127 46.0622 64.3664 47.7487 38.898 0 51.9904 49.5 35.3706 23.5239 35.9539 46.8375 18.2637 20.686 46.7527 2.50205 18.9432 27.6435 48.5515 44.7475 42.2684 41.5947 33.4014 49.8811 22.9411 21.0672 30.2717 55.8983 14.5248 8.99302 54.7714 23.8669 6.38025 20.5471 13.678 49.2886 30.3523 34.9959 19.4731 51.5124 49.5479 41.4802 28.9265 55.079 44.0942 21.4816 26.1227 41.0351 45.2172 48.8908 31.5143 33.3009 46.368 29.8714 18.1574 19.7272 55.7434 13.1521 52.8217 41.9694 32.1016 51.2044 23.6342 22.6394 34.9604 19.8493 25.1651 13.8579 27.003 49.3115 48.8711 44.1201 38.3102 37.615 22.5126 32.9598 37.1451 52.7599 50.3102 37.0495 28.1179 23.2313 44.6345 40.4926 14.9179 5.44814 44.6429 19.0613 61.0996 25.6901 23.3616 21.8729 16.5707 19.0384 5.09086 51.6034 11.3191 42.6842 21.3413 46.2527 9.60808 50.4184 26.5163 38.8735 41.283 31.1159 19.0312 18.6093 52.6809 36.6198 8.69478 28.3002 15.4412 51.7249 21.7629 13.9771 56.0985 55.5756 32.1938 3.8818 40.1858 29.8623 18.5299 15.1197 21.0167 20.7941 52.4952 11.6334 54.7352 55.4322 27.9273 55.6062 35.7511 17.2372 31.7945 3.82628 33.511 40.2275 25.4809 53.8868 18.6846 16.6662 19.0722 12.7219 48.3536 51.7089 25.7084 42.4287 6.94201 17.7486 35.9494 20.5984 27.4029 29.7261 21.5793 28.8128 49.3321 18.875 20.5842 33.0969 5.80414 35.3329 49.0206 46.5053 55.2169 11.3979 19.012 35.5544 46.7815 17.2146 43.6797 52.7035 32.7557 51.0228 7.68063 40.2126 37.9426 29.6779 36.3615 15.7044 23.3621 21.5053 18.7304 13.8367 32.7985 19.1509 29.9917 41.4113 28.376 48.0082 
10.0221 44.4646 34.8686 25.2515 36.3828 5.0749 58.1656 33.6792 56.2245 28.1944 23.7272 57.9187 32.8271 57.4139 38.65 19.919 51.9904 0 7.35162 17.1098 31.7457 75.4978 56.5759 59.0346 44.5878 54.8454 49.5553 34.9967 43.2734 28.2766 51.3784 51.5029 10.8606 68.9122 24.9113 40.1972 41.4237 50.2635 38.4375 61.0917 54.165 55.8029 61.369 53.2434 32.4771 40.486 26.1199 67.3486 76.3332 45.4134 6.10493 41.6557 10.9787 24.095 5.05153 54.6773 48.9374 68.0533 42.589 13.6953 45.0311 21.8166 32.8532 44.1583 69.9429 51.6844 63.8204 14.9585 59.7098 0.900079 21.8145 31.4046 39.3096 63.0657 29.4079 65.5957 32.773 26.8636 60.2368 47.2182 17.0475 7.91321 60.5632 14.8596 26.1697 33.7225 74.9008 71.9549 46.681 55.9425 15.6624 67.5069 42.3739 47.6073 54.5687 40.9599 46.5848 11.7706 45.5262 56.9773 43.7562 63.1379 56.5568 44.457 36.3244 46.9267 35.488 51.1093 39.0032 63.3339 56.0612 59.1354 37.7507 32.6287 56.8047 14.8317 30.8892 41.9544 47.0335 45.5003 57.142 51.9547 27.375 56.0544 33.3755 47.7843 38.0587 57.3731 55.6572 72.735 49.2847 13.6151 22.5382 49.6991 58.6631 32.0681 60.9917 47.2502 56.0217 41.7603 14.2069 24.1698 48.8671 38.0125 36.3994 59.468 54.745 73.5238 16.9808 63.6355 54.3544 35.0008 61.164 35.8287 50.4556 53.7538 52.9437 26.287 10.3203 46.3301 34.5969 17.6304 50.8157 52.0391 24.6872 35.64 42.264 43.8436 33.6919 37.9079 21.19 57.2975 18.4714 31.9747 5.55143 35.8195 40.7638 38.1904 49.8227 55.6724 48.7309 33.9426 40.7714 32.4494 31.3827 44.3287 65.2101 14.9371 32.7454 45.1286 42.6137 49.8936 58.7476 47.9918 47.0977 20.9446 62.7929 25.5642 10.5796 34.4022 33.087 
6.90773 39.524 28.5077 18.1593 32.322 2.39109 52.4922 32.3138 53.2722 22.4479 18.1479 54.6101 25.5177 50.1017 31.3305 13.724 49.5 7.35162 0 17.1141 31.7387 70.1391 49.5282 54.4783 45.1242 47.7641 47.0086 31.3726 37.4245 20.9258 44.3197 44.5751 12.1631 63.3243 17.5969 41.0145 36.4631 44.1971 31.182 57.1717 50.5277 48.4886 56.3063 49.9182 31.4292 39.3065 18.7829 61.9678 71.1632 40.5086 2.2247 34.3216 12.2529 23.7808 6.44319 47.7209 43.7517 63.2075 35.5845 6.72555 37.7329 18.0931 26.5748 36.9242 64.8084 51.7594 59.4247 9.37897 55.8606 7.42098 14.8365 25.3744 31.958 58.1329 27.5992 59.6687 29.7169 24.5731 56.3335 41.4301 9.74851 0.740499 53.7629 11.1933 19.6014 29.3454 69.8427 66.2036 39.3345 48.7439 16.2259 62.3807 37.0732 40.4885 47.8182 37.1004 44.0529 5.49585 40.6715 49.6294 38.1229 58.2411 51.4819 39.9859 35.8697 44.4133 28.1494 50.2157 31.8712 58.6916 49.0291 55.7881 30.3991 27.4992 50.2235 9.08075 25.0615 42.1206 42.2015 38.151 50.7338 48.3156 28.0546 51.6879 26.0524 48.4826 35.93 50.0516 48.3292 67.5677 46.4344 15.7241 21.7719 49.8806 54.4708 28.7256 56.2535 39.9081 52.1237 34.432 8.67898 22.7667 41.5158 31.3707 32.9347 53.5369 51.8818 68.2722 10.9864 58.5329 47.0419 31.4711 56.9512 31.9328 46.3126 46.5863 45.6612 24.3887 7.48772 44.4871 31.7611 18.6766 51.2707 46.2761 25.1649 31.1494 36.296 36.5266 32.2754 38.0829 16.8507 54.4613 14.3209 24.6232 6.44619 28.5838 38.7154 33.8761 43.3049 48.6074 48.7304 26.7282 33.4236 26.2633 24.0575 42.0026 58.8385 15.8466 27.015 38.4735 38.4096 50.7796 53.8059 48.2267 42.8876 16.9182 58.3854 20.8987 10.2362 28.7638 25.7414 
23.8918 31.6313 27.4433 30.6295 22.3321 17.3728 46.5019 16.6787 39.9205 19.8324 16.2369 41.9392 32.0499 57.9274 37.3566 16.2237 35.3706 17.1098 17.1141 0 14.8162 62.5491 50.8958 44.8031 28.0638 49.5168 33.006 20.2857 33.0056 29.9527 46.0768 45.2853 6.31107 56.6777 28.3138 23.9042 28.856 40.2171 40.9611 45.804 38.6394 53.1451 48.0798 37.3613 15.3965 23.395 28.815 54.6297 62.9441 32.439 18.5078 40.4476 6.19339 6.99658 21.0784 48.4571 36.4201 54.1551 37.5713 16.7659 42.7375 10.119 25.4229 41.0237 56.5991 34.8798 49.2 25.9676 44.3508 17.9929 20.622 23.3045 39.43 49.4556 12.7855 54.424 17.3606 10.9654 44.9419 36.4586 22.5901 16.7551 53.1181 8.77005 21.4852 20.5982 61.2998 60.091 45.57 51.6277 1.73658 54.1986 30.5823 43.0486 47.1482 26.2273 30.068 14.6379 32.433 56.373 32.7831 49.4524 43.4479 30.6262 19.2592 30.39 36.8142 34.0059 35.3445 49.1535 50.292 43.1792 37.9121 21.4982 48.436 13.4281 22.1873 25.1709 33.8054 44.6601 48.0081 36.4828 10.9416 41.5698 35.3475 31.3966 21.4013 54.8011 53.3348 59.4059 32.9926 5.22357 5.52663 32.9489 43.8264 17.1624 47.0482 45.886 40.8064 42.8029 25.364 7.52545 48.3385 31.4109 21.3236 48.5231 38.3821 60.3664 14.4734 50.371 51.7348 20.1332 46.3043 21.5209 35.7706 49.2414 49.8588 9.96461 9.84933 29.3993 18.7623 2.72098 34.2457 40.9151 8.05144 22.5397 32.4796 42.0153 16.7112 21.1129 11.357 40.8815 9.91397 32.938 12.0286 38.802 24.0017 24.4776 41.5658 50.172 31.8793 31.719 41.1819 24.7315 33.5545 27.6944 55.6026 2.66953 23.3754 37.8632 28.3832 33.673 45.2771 31.2689 32.6549 10.4446 48.2135 14.7878 7.00352 24.4725 33.2473 
38.5999 28.1969 31.5922 42.6395 19.1902 32.1622 42.8177 6.1371 28.7093 25.3665 24.0702 31.3996 40.5932 65.0419 44.8454 26.7378 23.5239 31.7457 31.7387 14.8162 0 56.1028 53.4302 37.4452 13.4686 52.4905 21.554 16.5728 32.8665 40.2579 49.3868 47.8222 20.8947 51.4966 39.7124 9.77989 26.4088 39.2536 50.5479 36.4796 29.343 58.1365 41.9694 27.3683 4.52549 9.98104 39.8058 48.9072 55.8641 28.6342 33.2625 47.6494 20.7773 7.95845 35.8844 50.6901 32.683 46.7316 42.1093 30.0877 48.8964 17.754 30.0742 46.7058 49.8767 20.0676 40.8823 40.1515 34.9773 32.6413 31.1637 27.9075 47.6549 42.759 8.11311 50.7598 13.3745 10.8451 35.6564 35.131 35.6311 31.3099 53.7563 21.6832 29.5647 19.7963 53.983 55.21 52.3522 55.3359 16.1084 47.6591 28.9067 47.3257 48.3184 20.5181 18.9997 28.422 28.4394 62.7559 31.7908 42.6396 38.0001 25.7155 4.84194 19.22 46.0792 19.6079 41.3265 41.5737 52.7928 32.6221 46.3249 23.2776 48.4964 26.1591 26.5384 10.3836 29.3627 51.7193 47.2678 27.5023 4.91544 34.0437 45.1521 16.8866 11.3062 59.7485 58.5833 52.5666 22.3241 18.4183 10.0612 18.154 35.4806 14.5542 39.9957 52.4536 31.9723 51.3141 39.6115 9.83922 55.3196 35.5056 16.3464 45.5894 27.1047 53.7269 26.3033 44.1347 56.8589 16.1306 37.7453 18.168 28.4804 52.9698 54.7482 9.78937 24.2842 16.7284 12.8158 14.1751 19.5464 38.5205 7.12104 21.0335 33.0212 48.6001 6.35678 6.34709 19.9108 29.3253 20.5299 42.4395 26.834 48.8413 12.8003 21.2641 42.4602 52.9326 17.0632 39.3302 49.4257 29.2932 43.6732 16.4819 53.7293 16.8087 26.6242 40.2629 23.1896 19.2962 39.1115 16.4902 26.2622 19.0413 40.0257 20.1724 21.8068 26.7439 42.2206 
