20
8.22923 13.4996 1.64448 0
17.9777 18.6815 0.331109 1
6.22774 21.2134 2.09143 0
7.12529 21.0973 1.1786 0
6.92595 20.3683 1.01365 0
3.30736 18.2588 1.85527 0
4.54404 23.2777 0.481989 0
14.6851 15.8549 2.21642 1
4.03504 23.4437 5.36767 0
15.5113 22.3632 1.92229 0
10.3975 10.5964 2.18337 0
14.0812 17.6552 11.2521 1
18.0535 18.5789 1.24553 0
1.92595 11.5675 0.32855 0
5.83236 11.4545 10.9443 0
0.576975 21.2299 26.5717 0
12.4613 22.7167 1.6703 0
0.480372 18.8402 0.690385 0
1.23738 12.741 23.5843 1
2.44249 9.79412 19.8917 0
400 50 500
0.025 0.0125 10000 3000 15 1e+06 300000 2 2
0 6.69786 6.63092 3.59007 6.92981 5.12412 2.28457 2.43429 6.32818 4.75573 5.80527 3.32822 7.03352 3.14574 2.02635 4.12047 2.96655 3.25999 5.02322 3.17675 5.9367 
6.69786 0 5.26139 6.53547 6.84686 7.95071 5.12842 5.5396 3.83232 2.50032 3.18966 7.99663 6.47831 8.69241 6.72924 10.7944 3.87834 3.44457 2.23497 6.34671 3.15877 
6.63092 5.26139 0 3.71583 1.65551 3.98459 6.84212 7.39154 1.43451 3.49566 2.11617 5.38605 1.22753 9.71376 5.12373 9.63336 5.75957 5.12905 3.55056 3.9214 7.63873 
3.59007 6.53547 3.71583 0 3.48574 1.76235 4.89184 5.3403 4.12166 4.03519 4.03482 1.72571 3.70189 6.7029 1.63864 5.93249 4.47029 4.1505 4.30585 0.428964 7.44806 
6.92981 6.84686 1.65551 3.48574 0 2.99206 7.63937 8.16806 3.06408 4.84034 3.65921 4.87767 0.504822 10.0756 5.10604 9.28788 6.74056 6.17137 4.95706 3.83331 9.00066 
5.12412 7.95071 3.98459 1.76235 2.99206 0 6.63479 7.06579 4.90182 5.48669 5.07931 2.16993 3.4042 8.11389 3.09849 6.50576 6.2266 5.87931 5.72822 2.16778 9.15554 
2.28457 5.12842 6.84212 4.89184 7.63937 6.63479 0 0.552021 6.0704 3.92273 5.36128 5.27591 7.59136 3.57207 3.75803 6.18933 1.33173 1.96315 4.10544 4.47199 3.71819 
2.43429 5.5396 7.39154 5.3403 8.16806 7.06579 0.552021 0 6.62051 4.45688 5.90773 5.59898 8.12911 3.1612 4.11132 6.10821 1.84246 2.49123 4.63127 4.91554 3.83755 
6.32818 3.83232 1.43451 4.12166 3.06408 4.90182 6.0704 6.62051 0 2.32991 0.793285 5.84607 2.66033 9.253 5.19944 9.78928 4.85555 4.19451 2.30564 4.18476 6.34469 
4.75573 2.50032 3.49566 4.03519 4.84034 5.48669 3.92273 4.45688 2.32991 0 1.54512 5.52761 4.58136 7.34143 4.35119 8.68506 2.62675 1.96707 0.292196 3.85488 4.16693 
5.80527 3.18966 2.11617 4.03482 3.65921 5.07931 5.36128 5.90773 0.793285 1.54512 0 5.72584 3.30758 8.63557 4.889 9.44713 4.11435 3.45048 1.51238 4.0159 5.56479 
3.32822 7.99663 5.38605 1.72571 4.87767 2.16993 5.27591 5.59898 5.84607 5.52761 5.72584 0 5.1896 6.08528 1.53814 4.4149 5.28217 5.15549 5.81335 1.7181 8.42099 
7.03352 6.47831 1.22753 3.70189 0.504822 3.4042 7.59136 8.12911 2.66033 4.58136 3.30758 5.1896 0 10.1735 5.28661 9.58027 6.62616 6.03247 4.67369 4.0158 8.74803 
3.14574 8.69241 9.71376 6.7029 10.0756 8.11389 3.57207 3.1612 9.253 7.34143 8.63557 6.08528 10.1735 0 5.08338 4.15636 4.8811 5.4605 7.56153 6.30119 6.78821 
2.02635 6.72924 5.12373 1.63864 5.10604 3.09849 3.75803 4.11132 5.19944 4.35119 4.889 1.53814 5.28661 5.08338 0 4.59033 3.75859 3.68017 4.64336 1.27364 6.90736 
4.12047 10.7944 9.63336 5.93249 9.28788 6.50576 6.18933 6.10821 9.78928 8.68506 9.44713 4.4149 9.58027 4.15636 4.59033 0 7.07824 7.37293 8.96961 5.7146 9.90509 
2.96655 3.87834 5.75957 4.47029 6.74056 6.2266 1.33173 1.84246 4.85555 2.62675 4.11435 5.28217 6.62616 4.8811 3.75859 7.07824 0 0.664156 2.79091 4.09211 3.15359 
3.25999 3.44457 5.12905 4.1505 6.17137 5.87931 1.96315 2.49123 4.19451 1.96707 3.45048 5.15549 6.03247 5.4605 3.68017 7.37293 0.664156 0 2.14234 3.80514 3.30701 
5.02322 2.23497 3.55056 4.30585 4.95706 5.72822 4.10544 4.63127 2.30564 0.292196 1.51238 5.81335 4.67369 7.56153 4.64336 8.96961 2.79091 2.14234 0 4.13485 4.08824 
3.17675 6.34671 3.9214 0.428964 3.83331 2.16778 4.47199 4.91554 4.18476 3.85488 4.0159 1.7181 4.0158 6.30119 1.27364 5.7146 4.09211 3.80514 4.13485 0 7.11092 
5.9367 3.15877 7.63873 7.44806 9.00066 9.15554 3.71819 3.83755 6.34469 4.16693 5.56479 8.42099 8.74803 6.78821 6.90736 9.90509 3.15359 3.30701 4.08824 7.11092 0 
