100
10.7714 20.7387 0.36934 0
0.892551 2.12584 0.74247 1
16.6935 20.4336 0.751048 1
6.84434 18.4954 1.67868 0
17.9761 22.5206 0.760233 0
13.1069 17.1268 1.6337 0
4.86787 14.2208 1.72675 0
10.7118 19.7947 0.45295 0
11.6347 20.4737 1.71936 0
17.6156 22.04 1.61729 0
13.7982 22.4567 0.263477 0
5.90548 6.57067 1.04959 0
16.0819 20.3713 1.76213 0
9.15337 22.169 0.800777 0
5.65394 21.3701 1.26443 0
18.8823 20.8036 0.896806 0
4.03773 23.5538 2.15984 0
16.4693 21.5266 1.70783 0
7.98393 17.8807 1.82138 0
17.0826 21.9405 2.21243 0
15.5146 19.2933 0.767875 1
7.99216 9.76819 7.80511 1
5.59465 10.0059 0.309581 0
10.1232 14.449 0.40335 0
4.87355 23.4899 0.31588 0
5.84468 9.49564 1.46617 0
18.3252 23.8431 1.50396 1
9.80978 22.1276 0.465654 0
2.87147 21.6332 0.808337 0
6.70668 23.7851 0.686474 1
5.08622 5.30455 0.606973 0
0.589797 9.22518 1.01771 1
5.58644 6.49138 0.488237 0
14.5725 23.5925 0.871449 0
16.348 17.6805 0.554055 0
4.77125 19.1065 2.16422 0
9.66485 17.1373 1.05668 0
11.8882 14.9372 2.07299 0
9.98503 11.8913 1.37245 0
1.51082 12.4901 19.0175 0
7.47074 17.678 2.16578 0
8.31768 20.6778 2.20491 0
0.0204274 6.20395 0.973411 1
3.32177 12.7327 1.72463 0
15.9754 17.0199 2.11751 1
16.575 16.759 0.640079 1
10.8608 14.2337 1.78679 1
2.72032 10.1124 0.231875 0
4.53984 15.3476 0.786796 0
17.7641 19.6769 0.359647 0
4.24382 18.9637 2.13729 0
8.76474 21.1171 1.37411 0
4.78165 7.26998 1.45845 0
1.045 9.80947 1.38338 0
5.52375 22.4615 1.95816 1
8.00942 21.4596 17.7713 1
7.51563 16.1226 0.220522 1
14.9856 16.1153 0.854991 0
6.49084 15.9532 5.71242 1
16.772 19.3903 1.46932 0
7.41507 22.0668 1.66151 0
8.3676 12.1005 1.31305 0
9.46771 22.2297 1.99878 0
8.36648 15.4437 2.26384 0
2.31117 14.7424 2.08867 0
6.0835 10.0689 0.675942 0
17.0436 22.4058 1.84824 0
5.5958 19.2183 1.66596 1
2.21407 13.4308 0.971003 1
10.5581 19.3417 1.22601 1
3.30912 10.9269 1.2367 0
8.49927 10.3119 1.75361 0
13.3856 22.2732 0.249975 0
8.50801 16.6447 2.02398 0
3.98561 21.6839 1.13679 0
10.3513 18.3226 12.9559 0
15.9822 23.0335 1.99951 0
4.06576 10.32 0.934172 0
5.05077 5.92785 0.200613 1
0.732003 23.2113 0.606411 0
11.0495 19.9519 1.79073 0
11.1619 14.6965 24.7777 0
11.0609 15.3809 0.530091 0
16.1646 17.5041 1.42989 1
8.78895 16.1236 0.843323 0
0.103258 9.3876 1.12817 0
4.82807 10.1543 25.0885 0
9.48865 20.6633 0.601173 0
0.0264388 18.9491 1.61616 0
18.0937 18.5515 1.4354 0
15.8316 21.222 1.55168 0
5.88752 16.7109 1.05389 0
11.3689 22.8664 28.3634 0
1.3338 20.7312 0.924619 1
4.18065 6.21291 2.08599 0
0.545731 18.1088 2.05988 0
12.2109 15.7529 0.304308 0
8.3697 17.6275 2.12718 1
6.90065 14.8712 1.16445 0
13.5234 17.6456 0.411921 0
400 50 500
0.025 0.0125 10000 3000 15 1e+06 300000 6 9
0 6.96407 5.68904 7.37777 5.39051 17.2354 3.36035 2.61472 5.45046 8.51527 11.9293 1.2978 4.51992 9.22042 0.417171 8.14901 7.33506 13.9587 9.27075 12.7451 6.02634 4.35182 5.24784 7.89274 8.80936 10.6936 3.41961 5.01942 3.45593 9.14955 13.5352 5.54027 13.3411 10.4392 10.4347 10.2701 16.3068 6.16453 14.9941 10.7189 5.68111 5.25981 7.97733 8.9923 9.08733 3.60981 1.66624 12.5713 7.59507 5.99166 7.36228 5.08674 7.26859 9.81206 12.5766 3.40974 8.86823 7.44168 13.8215 9.68796 3.05213 11.9103 4.56191 7.00686 10.0151 7.45871 15.4295 12.1609 9.91166 10.4341 6.57257 7.07757 13.8629 7.73732 3.45968 13.6476 3.57294 8.55329 12.7168 11.7222 8.35483 11.4578 10.0833 9.85374 8.30694 10.2098 8.60895 10.6287 11.3868 5.65158 5.13755 14.3434 15.7586 6.87006 12.0134 14.3784 4.05722 9.51632 6.55292 7.47613 4.86632 
6.96407 0 10.0243 2.7689 11.5188 10.2871 8.93225 8.22835 5.23618 11.4862 12.3608 8.10924 10.2985 8.00629 7.13898 14.7252 9.80718 11.5775 2.73817 10.5849 12.6549 5.33571 10.7221 5.5994 14.7108 12.9204 9.13857 3.79592 10.4176 11.426 7.00656 10.8415 6.37775 3.72997 11.3951 8.49503 9.3451 4.22784 12.4939 5.1034 10.8813 5.9093 5.06623 2.03657 5.44733 4.96434 5.64664 5.90984 2.99963 4.63357 11.5932 6.36588 8.69804 9.37815 13.2192 8.32523 11.7578 5.11429 6.91498 2.72733 4.74959 5.43653 7.92118 1.67392 11.2652 14.0004 8.53801 5.41606 12.0259 10.9118 7.49767 12.1319 11.0797 3.02617 10.0655 7.31681 7.75838 12.9333 10.1972 8.74877 7.83453 9.79165 4.31902 16.343 12.1684 8.01141 5.23325 6.72116 4.69236 8.31144 1.82992 7.56531 8.79471 9.25514 11.6506 7.61444 4.98283 11.8384 8.68961 14.3942 8.10806 
5.68904 10.0243 0 11.686 3.15092 19.6927 2.4737 3.09667 10.8169 14.0048 7.37213 6.17704 9.24763 14.7289 6.02502 6.21535 12.9661 11.0486 12.7546 9.90634 4.91338 4.73722 10.0496 13.0719 5.09488 5.29653 8.49759 6.34243 6.02486 3.94489 14.6777 1.51738 15.6982 13.7338 5.81995 7.84339 18.6479 11.1844 12.0045 14.8782 10.5886 4.52267 7.63369 11.6727 13.9788 8.9387 5.3825 15.8944 8.75473 6.13304 1.72378 10.6934 12.9576 6.46275 7.78949 8.88883 14.3572 7.01375 15.7597 12.3181 8.22271 13.2088 10.2237 9.07021 5.2974 5.57126 17.1888 15.3686 15.5011 6.16681 3.99402 2.17798 11.2868 8.88753 7.50359 14.4871 9.20464 3.03194 10.1686 9.79576 13.9289 8.55449 11.0296 7.37306 2.62054 15.5751 8.25056 15.5359 13.0997 11.3249 8.49579 17.4424 18.0545 12.5263 7.98426 15.8632 5.04544 15.0866 12.2334 7.37249 1.98668 
7.37777 2.7689 11.686 0 12.5649 10.5398 10.1079 9.3286 3.44199 9.52691 14.9548 8.23239 9.54656 5.32527 7.39842 15.517 7.85604 14.3453 2.51437 13.3527 13.3954 7.31712 9.77903 2.91965 15.9286 15.2294 8.51675 6.00995 10.6178 13.6795 8.76893 12.2223 7.1194 3.64182 13.8909 11.2325 9.7751 2.13046 15.257 3.34515 9.79874 8.10179 7.80122 3.67097 2.70817 4.20308 6.57491 5.48812 5.76735 7.09218 13.3605 4.72664 6.56897 12.0111 15.8007 7.52139 9.75283 7.79204 8.00687 4.08369 4.43703 7.38656 6.61009 4.43265 13.7094 14.8175 9.58051 5.20956 9.78603 13.4673 9.8133 13.6497 13.8394 5.79503 9.8165 9.24643 6.81052 14.7004 12.9657 11.5143 5.29311 12.5391 6.81951 17.2107 14.0634 5.24451 7.99781 4.09897 6.46442 6.65415 3.33017 7.31416 9.31508 7.34666 14.3235 9.00958 6.87616 9.66524 6.78465 14.7603 9.92918 
5.39051 11.5188 3.15092 12.5649 0 21.6547 2.59774 3.29607 10.8296 12.5467 10.3911 5.16795 7.42286 14.5018 5.54384 3.36096 11.8292 14.1963 14.1266 13.0474 1.76279 6.76349 8.18437 13.2828 3.41889 7.92775 7.02281 8.27488 3.84882 6.83763 17.0712 1.66436 17.6534 15.2227 8.86546 10.9254 20.6487 11.5402 15.1551 15.8985 8.74786 6.9532 10.2554 13.3996 14.4593 9.00032 6.01272 17.4038 10.9555 8.48047 3.74144 10.3381 12.1632 9.60814 10.7174 7.74268 12.8856 9.62143 17.8851 14.0858 8.41974 15.5199 9.31719 10.9467 8.33126 2.64487 19.4029 16.9289 14.1788 9.27512 6.93373 2.542 14.4191 11.099 5.58983 16.9753 8.28115 4.29653 13.2918 12.8422 13.5848 11.6913 13.401 4.85388 4.69583 15.5595 10.9087 16.0081 15.2592 10.4108 9.76793 19.0841 20.0675 11.4876 11.0981 18.1585 6.88618 13.7349 11.326 4.22158 4.57622 
17.2354 10.2871 19.6927 10.5398 21.6547 0 19.0582 18.4087 13.9277 19.5288 19.1368 18.3321 20.0679 14.0219 17.3843 24.9361 17.9615 15.5704 8.13698 15.2983 22.8981 15.0221 20.3187 12.3789 24.6688 20.9921 19.0013 13.435 20.6778 19.826 5.91285 20.764 4.00711 6.94618 18.8748 14.6779 1.0757 12.602 15.9498 8.05984 20.3318 15.1848 12.4884 8.2962 10.921 14.6469 15.9234 5.14604 10.9508 13.5824 21.0276 15.2075 16.548 16.3976 19.9623 18.0386 19.6803 13.0065 4.06266 7.59945 14.7032 6.83685 17.1323 10.7171 18.9992 24.2078 3.16096 5.33563 19.2953 18.1468 16.2302 21.8698 14.7468 10.8234 20.1667 6.54229 17.3429 22.2961 14.6443 13.4074 14.5986 15.4414 8.94536 26.5077 21.3535 12.9658 12.0497 10.5269 6.66253 17.0559 12.1161 3.41026 1.66798 17.5272 17.9034 4.55144 14.814 19.3199 17.002 24.6813 17.7062 
3.36035 8.93225 2.4737 10.1079 2.59774 19.0582 0 0.796809 8.72268 11.5357 9.5326 3.71023 6.80047 12.5601 3.65001 5.90783 10.5285 12.5906 11.5632 11.3931 3.99109 4.24355 7.60248 11.0957 5.83456 7.73606 6.02462 5.70452 3.7776 6.30518 14.5499 2.20616 15.0581 12.6456 7.97438 9.07949 18.0543 9.27102 13.5968 13.4175 8.13499 4.58744 7.89392 10.8025 12.1581 6.84343 3.53579 14.828 8.41331 6.02085 4.0515 8.44383 10.5897 8.06584 10.045 6.43063 11.8878 7.26458 15.3046 11.4882 6.18368 12.9808 7.81206 8.35479 7.48362 5.18009 16.8336 14.3465 13.0457 8.17906 4.99884 3.73473 12.6916 8.55834 5.09845 14.4871 6.7812 5.19944 11.5358 10.8793 11.7094 10.0321 10.8895 7.4495 5.03111 13.503 8.55834 13.7186 12.6888 8.91943 7.20089 16.4961 17.4741 10.1032 9.9378 15.6079 4.32067 12.6274 9.83485 6.22641 2.61987 
2.61472 8.22835 3.09667 9.3286 3.29607 18.4087 0.796809 0 7.93389 10.9388 9.84252 3.12611 6.36263 11.7839 2.93321 6.52768 9.87082 12.6034 10.831 11.3943 4.52469 3.78811 7.1595 10.3004 6.60238 8.25176 5.49738 5.14852 3.66254 6.76494 14.028 2.99895 14.4169 11.9272 8.29678 9.01709 17.4151 8.47421 13.6226 12.6457 7.67419 4.28738 7.54078 10.1311 11.3621 6.05287 2.75369 14.108 7.88436 5.60415 4.74968 7.68165 9.87549 8.15291 10.4047 5.80911 11.2919 6.92182 14.7023 10.8215 5.38856 12.4418 7.12759 7.73474 7.82831 5.79922 16.2491 13.6349 12.4134 8.43133 4.976 4.52147 12.6516 8.03068 4.75648 13.9981 6.10808 5.94261 11.4914 10.7419 10.9426 10.0439 10.3868 8.11769 5.70417 12.7147 8.20753 12.9223 12.1074 8.22995 6.47185 15.7931 16.8389 9.42966 10.1437 15.0506 3.79032 12.0026 9.14029 6.61592 2.74087 
5.45046 5.23618 10.8169 3.44199 10.8296 13.9277 8.72268 7.93389 0 6.2641 15.6907 5.84926 6.32513 3.94031 5.28927 13.3615 4.58075 16.1508 5.95397 15.0372 11.2696 7.43301 6.45308 2.49095 14.2449 15.258 5.42727 6.73908 8.09728 13.663 12.0226 10.9286 10.5598 7.07921 14.394 12.673 13.1957 1.32662 17.1374 6.21658 6.41829 8.42601 9.41578 6.83387 3.88981 1.88411 5.45428 8.81293 7.79798 8.03383 12.5394 1.2859 3.48295 12.9819 16.4729 4.36334 6.52729 9.18048 11.4242 7.36407 2.59726 10.5399 3.2122 6.53231 14.0954 12.7142 13.0107 8.59357 6.82234 14.1447 10.1694 12.4553 15.7824 7.88117 6.94218 12.4279 3.60149 13.8119 14.7731 13.4302 3.26584 14.0008 9.54854 15.0848 13.4026 4.78082 9.81573 5.33846 9.68449 3.22336 4.40641 10.6288 12.7469 4.03663 15.3503 12.3804 6.94975 6.61351 3.46841 12.2091 9.44809 
8.51527 11.4862 14.0048 9.52691 12.5467 19.5288 11.5357 10.9388 6.2641 0 20.3968 7.82783 5.18274 5.81296 8.11944 13.7198 1.68423 21.8043 12.0003 20.6294 12.0589 12.3436 4.51025 7.15777 15.5267 19.1749 5.56905 12.2269 8.74037 17.651 18.2568 13.432 16.545 13.0235 18.9273 18.1677 18.936 7.44405 22.8248 11.4728 3.97453 13.3618 15.1934 13.0775 8.6191 6.93499 9.64347 14.4066 13.8567 13.4994 15.5524 5.13973 3.00029 18.0697 21.0709 5.13523 0.353488 14.8369 17.5039 13.5757 7.54157 16.7966 4.13673 12.6705 18.5205 13.2974 19.0433 14.3229 1.71045 18.8781 14.9148 14.8848 21.5436 13.957 6.98238 18.6824 4.98198 16.5688 20.4634 19.2311 5.01484 19.4556 15.779 15.2852 16.5511 7.15922 15.6866 9.3299 15.9253 3.30032 10.4204 16.1243 18.5536 2.23103 20.3657 18.5355 11.9135 1.25452 2.7973 11.7041 13.3816 
11.9293 12.3608 7.37213 14.9548 10.3911 19.1368 9.5326 9.84252 15.6907 20.3968 0 12.8603 16.1884 19.501 12.3403 12.8607 19.0727 5.11881 14.7603 4.49031 12.1003 8.27973 16.9784 17.3256 10.8072 3.16074 15.2444 9.0817 13.2935 3.58967 13.26 8.73879 15.6298 15.2783 1.56067 4.47755 18.0734 15.4744 5.74227 17.3478 17.4758 7.26943 7.46356 13.009 17.6478 14.0662 10.7805 17.0602 9.60384 7.88302 6.8057 16.0842 18.6648 3.00917 0.871131 15.3373 20.747 7.27138 15.1358 13.399 13.3197 12.3747 16.3074 10.7493 2.07476 12.3737 16.0709 16.4735 21.6771 1.54767 5.55699 8.27185 5.77179 9.64894 14.5916 12.7226 15.4148 7.05886 5.1041 5.89122 18.9485 3.78639 10.5015 13.4382 6.10038 19.9343 7.58874 19.038 12.8216 17.3114 11.7659 18.0612 17.5051 18.554 1.40585 14.6312 8.75765 21.3145 18.1346 14.5217 7.13811 
1.2978 8.10924 6.17704 8.23239 5.16795 18.3321 3.71023 3.12611 5.84926 7.82783 12.8603 0 3.36817 9.36125 0.992654 7.51281 6.84318 15.1421 10.2852 13.9263 5.42247 5.59193 4.13811 8.33988 8.52287 11.3779 2.38885 6.31686 2.38749 9.88492 14.7865 5.7054 14.4806 11.4691 11.3349 11.4626 17.4254 6.76966 16.1763 11.5371 4.61904 6.45737 9.2631 10.1454 9.66375 4.17232 2.96314 13.5645 8.88407 7.27133 7.747 5.20682 7.02722 10.9012 13.4635 2.72589 8.18026 8.71937 15.0052 10.8361 3.79683 13.1612 4.19221 8.2582 10.887 6.86618 16.6205 13.1816 9.33893 11.4 7.65239 7.21672 15.075 9.02562 2.16265 14.9154 3.14939 8.82734 13.9234 12.9661 8.42814 12.6203 11.3638 9.23596 8.73671 10.4703 9.89848 11.1656 12.6114 5.29951 6.30035 15.3595 16.8868 6.44188 13.04 15.6003 5.32461 8.91848 6.2199 6.52936 5.72523 
4.51992 10.2985 9.24763 9.54656 7.42286 20.0679 6.80047 6.36263 6.32513 5.18274 16.1884 3.36817 0 8.68268 4.11434 8.6016 4.80899 18.4767 11.9415 17.2624 6.87835 8.8667 0.802158 8.56212 10.344 14.5345 1.19576 9.36695 3.58149 13.0983 17.2652 8.45825 16.4481 13.126 14.6507 14.7892 19.2597 7.59323 19.5119 12.5393 1.3481 9.77842 12.3991 12.2781 10.1059 5.44726 6.1084 15.0314 11.7139 10.4474 10.6588 5.16154 5.63605 14.2689 16.7658 2.0295 5.50905 11.8955 17.1465 12.9272 5.54905 15.6593 3.26037 10.8618 14.1886 8.14236 18.771 14.7514 6.8655 14.7458 11.02 9.84236 18.3817 11.8463 1.83405 17.4967 2.744 11.5675 17.2364 16.2248 7.66995 15.968 14.0808 10.221 11.6713 10.0128 13.0073 11.3978 14.9813 3.9867 8.65512 16.8573 18.7674 4.64713 16.4024 17.911 8.55017 6.41145 4.72936 6.7562 9.05201 
9.22042 8.00629 14.7289 5.32527 14.5018 14.0219 12.5601 11.7839 3.94031 5.81296 19.501 9.36125 8.68268 0 8.99353 16.7328 4.56509 19.5126 7.33594 18.4633 14.7133 11.3042 8.45573 2.41177 17.8822 19.187 8.19387 10.4432 11.3557 17.5922 13.7738 14.7562 11.4957 8.09924 18.2526 16.2067 13.5447 4.05313 20.4567 6.03626 8.16589 12.2724 12.8256 8.91727 3.26419 5.79577 9.38731 9.029 10.9403 11.7021 16.448 4.16373 3.22327 16.7056 20.3028 7.16324 5.87983 12.695 12.5816 9.21025 6.53012 12.539 5.54348 9.59846 17.9752 16.137 13.9929 9.06583 5.28967 17.9622 14.0294 16.2918 19.0558 10.9897 9.88635 14.3352 6.44932 17.7034 18.1269 16.7091 1.01278 17.5348 12.1429 18.4435 17.3263 1.39366 13.1207 3.567 11.5723 4.69694 7.85472 10.6197 13.2313 4.36225 19.0707 13.7517 10.8202 5.35863 4.05572 15.2618 13.3884 
0.417171 7.13898 6.02502 7.39842 5.54384 17.3843 3.65001 2.93321 5.28927 8.11944 12.3403 0.992654 4.11434 8.99353 0 8.18043 6.96481 14.3685 9.37134 13.1554 6.062 4.75278 4.83617 7.75659 8.95636 11.0736 3.00511 5.36745 3.29565 9.53631 13.7938 5.8007 13.515 10.5488 10.8426 10.679 16.4684 6.07926 15.4039 10.7282 5.26576 5.66985 8.34843 9.17364 8.99897 3.49227 2.02748 12.6631 7.90291 6.37013 7.68086 4.83976 6.94429 10.2291 12.9839 3.00309 8.47265 7.82076 14.025 9.86628 3.00257 12.1686 4.20257 7.26556 10.42 7.50353 15.6384 12.2666 9.53244 10.8475 6.98973 7.33746 14.2674 8.04375 3.12583 13.9239 3.19792 8.84942 13.1226 12.1178 8.10779 11.8706 10.3763 9.89503 8.63706 10.0192 8.97495 10.5286 11.6213 5.30052 5.32287 14.4477 15.926 6.50932 12.4299 14.6109 4.44675 9.13309 6.20844 7.38566 5.26509 
8.14901 14.7252 6.21535 15.517 3.36096 24.9361 5.90783 6.52768 13.3615 13.7198 12.8607 7.51281 8.6016 16.7328 8.18043 0 13.3843 17.1273 17.26 16.0274 2.12269 10.1189 9.2135 15.8524 2.52081 9.99099 8.65861 11.6113 5.37939 9.28795 20.43 4.7259 20.9442 18.3875 11.4349 14.0513 23.9423 14.2508 18.0398 18.8615 9.7454 10.3075 13.6011 16.6537 17.1621 11.6527 9.11008 20.559 14.3077 11.8413 6.09063 12.6448 14.0225 12.5862 13.0176 9.6108 14.0255 12.9674 21.2111 17.3459 11.1802 18.8742 11.2539 14.2536 10.8994 0.728819 22.7412 20.1057 15.425 11.9732 10.171 4.6133 17.4296 14.4518 6.9723 20.3362 10.2913 5.91424 16.3338 16.0106 15.7567 14.696 16.7606 1.72336 6.77091 17.916 14.2504 18.6745 18.5964 12.263 12.9343 22.2766 23.3654 13.1583 13.7747 21.5087 10.2253 14.9684 13.1282 2.39698 7.88158 
7.33506 9.80718 12.9661 7.85604 11.8292 17.9615 10.5285 9.87082 4.58075 1.68423 19.0727 6.84318 4.80899 4.56509 6.96481 13.3843 0 20.2681 10.3401 19.1047 11.567 10.9131 4.33078 5.58516 14.9813 18.0263 4.82765 10.6871 8.15462 16.4738 16.575 12.5428 14.9018 11.38 17.6347 16.6579 17.3408 5.76389 21.2825 9.9251 3.90752 11.9383 13.6141 11.3942 7.09572 5.34635 8.29237 12.8244 12.2181 11.9733 14.5786 3.47912 1.43376 16.6484 19.7749 4.12556 1.95202 13.2807 15.8459 11.8959 5.99336 15.1125 2.78456 11.0146 17.25 12.892 17.3946 12.7174 2.60452 17.54 13.5457 14.0405 19.9823 12.3151 6.43991 16.9985 3.76726 15.67 18.9163 17.6569 3.64754 17.9587 14.1058 15.0225 15.5583 5.95607 14.0897 7.94519 14.2426 1.76987 8.7798 14.5667 16.9453 0.564768 18.9707 16.8656 10.4671 2.25434 1.11898 11.5582 12.1662 
13.9587 11.5775 11.0486 14.3453 14.1963 15.5704 12.5906 12.6034 16.1508 21.8043 5.11881 15.1421 18.4767 19.5126 14.3685 17.1273 20.2681 0 13.2992 1.21639 15.9589 9.63918 19.2042 17.1341 15.3795 8.18592 17.3683 9.58185 16.2658 8.09132 9.72726 12.5599 12.6605 13.4247 6.01296 3.69132 14.5687 15.5257 1.03547 15.8732 19.619 8.6989 6.73674 11.3919 16.9913 14.9314 12.4351 14.7349 8.5883 8.30507 11.096 16.904 19.5211 4.58938 5.61648 17.1481 22.1341 6.99784 11.8701 11.5297 14.276 9.37533 17.6923 9.93209 6.48981 16.5426 12.4097 14.1725 22.7927 5.30798 7.62745 12.551 0.838481 8.55248 17.182 9.0433 16.9963 11.704 1.38574 2.84013 19.2027 2.56062 8.16383 17.9737 10.6455 19.5889 6.39243 18.1274 10.1218 18.523 11.7646 15.285 14.0586 19.7096 3.75783 11.0443 10.0068 22.5018 19.2042 18.4157 9.97137 
9.27075 2.73817 12.7546 2.51437 14.1266 8.13698 11.5632 10.831 5.95397 12.0003 14.7603 10.2852 11.9415 7.33594 9.37134 17.26 10.3401 13.2992 0 12.4432 15.1613 8.07383 12.2219 5.07702 17.377 15.5527 10.8653 6.52463 12.6608 14.0892 6.44636 13.5324 4.60581 1.19364 13.9116 10.6261 7.31956 4.64467 14.1216 2.61512 12.269 8.62382 7.3074 1.90837 4.16817 6.51056 8.15167 3.30504 5.15812 7.26835 14.3309 7.23681 9.01888 11.7518 15.6289 9.91225 12.2139 7.50314 5.50599 1.94279 6.58326 5.22297 9.09856 4.07795 13.8248 16.5418 7.06876 2.89639 12.1581 13.3721 10.1611 14.8497 12.6891 5.12035 12.048 6.99937 9.23038 15.6714 11.9636 10.475 7.51981 11.8516 5.24249 18.9102 14.9037 6.87052 7.29163 4.94125 4.24533 9.16852 4.36234 5.07635 6.83789 9.84095 13.9227 6.55248 7.71812 12.0694 9.28247 16.7457 10.8455 
12.7451 10.5849 9.90634 13.3527 13.0474 15.2983 11.3931 11.3943 15.0372 20.6294 4.49031 13.9263 17.2624 18.4633 13.1554 16.0274 19.1047 1.21639 12.4432 0 14.8086 8.43125 17.9914 16.1004 14.3483 7.39453 16.1563 8.41861 15.0568 7.12732 9.39499 11.4217 12.169 12.651 5.1349 2.48351 14.2688 14.4532 2.25004 15.0409 18.4084 7.48552 5.64546 10.5455 16.0232 13.7764 11.2278 14.0832 7.58545 7.13257 10.0374 15.7605 18.3827 3.44681 5.12807 15.945 20.9611 5.86117 11.4662 10.7386 13.1114 8.85252 16.5108 8.9225 5.57165 15.4295 12.153 13.5102 21.6404 4.3813 6.41926 11.477 1.42134 7.56208 15.9658 8.75957 15.8027 10.7165 0.666504 2.02524 18.1234 1.36394 7.42595 16.9234 9.6444 18.5873 5.35883 17.2063 9.52014 17.3545 10.6706 14.7577 13.7348 18.5479 3.08447 10.7474 8.80436 21.3435 18.0477 17.2621 8.77548 
6.02634 12.6549 4.91338 13.3954 1.76279 22.8981 3.99109 4.52469 11.2696 12.0589 12.1003 5.42247 6.87835 14.7133 6.062 2.12269 11.567 15.9589 15.1613 14.8086 0 8.23395 7.56551 13.759 3.47625 9.52212 6.76375 9.66492 3.42698 8.52554 18.5326 3.4166 18.9176 16.2966 10.5884 12.6704 21.9155 12.1371 16.9178 16.7396 8.12002 8.53845 11.8524 14.6051 15.0519 9.54115 7.02032 18.4634 12.3909 10.0084 5.3554 10.5941 12.1023 11.3705 12.3912 7.65464 12.3811 11.2197 19.2244 15.3002 9.05971 16.9554 9.2923 12.2545 10.052 1.44527 20.7737 18.0172 13.7436 11.0194 8.65237 3.99185 16.1778 12.5365 5.13033 18.4775 8.30084 5.66096 15.048 14.5739 13.7501 13.4517 14.877 3.83303 6.24438 15.8682 12.513 16.5701 16.632 10.3348 10.852 20.192 21.343 11.2973 12.8429 19.5717 8.29215 13.2898 11.2218 2.45945 6.26469 
4.35182 5.33571 4.73722 7.31712 6.76349 15.0221 4.24355 3.78811 7.43301 12.3436 8.27973 5.59193 8.8667 11.3042 4.75278 10.1189 10.9131 9.63918 8.07383 8.43125 8.23395 0 9.57746 9.25696 9.64694 7.97925 7.73813 1.60646 7.15812 6.40267 10.3131 5.74328 11.0166 9.01479 6.96097 5.94836 13.9914 7.35318 10.6742 10.3279 9.98237 1.02681 3.80019 6.93565 9.85062 5.7884 2.79664 11.1657 4.19324 1.82266 6.26088 7.81065 10.4082 5.73544 9.04683 7.52044 12.6857 3.20475 11.1624 7.58403 5.0458 8.75642 8.20746 4.34093 6.67114 9.39559 12.6554 10.6352 13.5055 6.73208 2.7369 6.89194 9.51651 4.33624 7.71709 10.2436 7.42212 7.59902 8.37498 7.37483 10.6984 7.17888 6.64794 11.5884 6.84188 11.8684 4.46306 11.3593 8.51818 9.14323 3.99411 12.7054 13.4022 10.3755 8.06488 11.3965 0.484156 13.1672 9.92448 10.4021 2.78158 
5.24784 10.7221 10.0496 9.77903 8.18437 20.3187 7.60248 7.1595 6.45308 4.51025 16.9784 4.13811 0.802158 8.45573 4.83617 9.2135 4.33078 19.2042 12.2219 17.9914 7.56551 9.57746 0 8.55867 11.04 15.3366 1.84042 10.008 4.33598 13.8994 17.7173 9.24964 16.7721 13.3955 15.4431 15.5141 19.5382 7.75697 20.2396 12.6583 0.563632 10.5059 13.053 12.6692 10.1245 5.79488 6.79935 15.2406 12.2831 11.12 11.4551 5.22511 5.31195 15.0298 17.5606 2.40036 4.82374 12.5637 17.5113 13.3032 5.98781 16.1225 3.26749 11.379 14.9831 8.78748 19.1319 14.9874 6.21218 15.5305 11.7814 10.6223 19.0935 12.4123 2.60994 17.9755 3.00052 12.3525 17.9523 16.9162 7.44664 16.7055 14.6087 10.7976 12.468 9.81604 13.6508 11.3471 15.4143 3.78926 9.13764 17.0631 19.0595 4.25124 17.1781 18.3165 9.2456 5.75572 4.42205 7.26202 9.84069 
7.89274 5.5994 13.0719 2.91965 13.2828 12.3789 11.0957 10.3004 2.49095 7.15777 17.3256 8.33988 8.56212 2.41177 7.75659 15.8524 5.58516 17.1341 5.07702 16.1004 13.759 9.25696 8.55867 0 16.7013 17.223 7.78177 8.24407 10.5792 15.6358 11.5168 13.2987 9.46544 5.97074 16.1377 13.8815 11.7787 1.91538 18.0697 4.34272 8.41772 10.1791 10.4774 6.54908 1.57704 4.28378 7.69295 7.24928 8.55073 9.46558 14.7939 3.41892 4.16927 14.4707 18.1453 6.70386 7.32531 10.3799 10.4875 6.88605 4.91208 10.2179 5.31225 7.20689 15.893 15.2039 11.9745 7.17272 7.11797 15.7995 11.9392 14.8114 16.6637 8.59566 9.36437 12.0449 5.93355 16.0944 15.7492 14.3214 2.44294 15.2055 9.7391 17.5756 15.6127 2.61598 10.7473 2.87373 9.26628 4.88999 5.58028 8.98164 11.4025 5.16949 16.8251 11.6004 8.77822 7.06506 4.66752 14.675 11.5569 
8.80936 14.7108 5.09488 15.9286 3.41889 24.6688 5.83456 6.60238 14.2449 15.5267 10.8072 8.52287 10.344 17.8822 8.95636 2.52081 14.9813 15.3795 17.377 14.3483 3.47625 9.64694 11.04 16.7013 0 7.788 10.1562 11.2367 6.82928 7.33082 19.7662 3.9056 20.6627 18.4382 9.48223 12.5999 23.6379 14.9561 16.2343 19.248 11.5955 9.58227 12.7278 16.509 17.8734 12.4192 9.35485 20.62 13.7838 11.1872 4.33384 13.722 15.4338 10.9704 10.8628 10.981 15.8513 12.1086 20.7889 17.1798 11.8357 18.2822 12.5956 13.967 8.96198 2.48561 22.2465 20.1241 17.2054 10.1036 9.03169 3.00114 15.7682 13.9208 8.56955 19.5819 11.5748 3.74843 14.726 14.5954 16.9505 13.0671 16.11 2.63104 4.75292 18.9625 13.3407 19.424 18.1333 13.6684 13.0179 22.2528 23.0481 14.6847 11.8481 20.9376 9.86701 16.7527 14.5718 4.85845 7.03561 
10.6936 12.9204 5.29653 15.2294 7.92775 20.9921 7.73606 8.25176 15.258 19.1749 3.16074 11.3779 14.5345 19.187 11.0736 9.99099 18.0263 8.18592 15.5527 7.39453 9.52212 7.97925 15.3366 17.223 7.788 0 13.7407 9.22866 11.2962 1.59503 15.2757 6.37532 17.2407 16.2706 2.31301 6.56963 19.9166 15.3117 8.87781 18.0237 15.8709 7.12878 8.6333 14.0006 17.8176 13.4678 9.91824 18.2476 10.5831 8.29271 4.18703 15.4009 17.8489 4.71634 3.08128 14.0397 19.5284 8.23077 16.9313 14.5065 12.7127 14.1556 15.2462 11.4811 2.02917 9.57597 18.0586 17.6698 20.6049 3.10668 5.43272 5.54495 8.76433 10.6672 12.8 14.8384 14.2665 4.08205 7.93715 8.38428 18.5025 6.38735 12.0808 10.4093 3.28408 19.827 8.97936 19.3087 14.4188 16.3197 11.9044 19.4772 19.3288 17.551 4.43302 16.623 8.45196 20.2067 17.202 11.8531 5.89387 
3.41961 9.13857 8.49759 8.51675 7.02281 19.0013 6.02462 5.49738 5.42727 5.56905 15.2444 2.38885 1.19576 8.19387 3.00511 8.65861 4.82765 17.3683 10.8653 16.1563 6.76375 7.73813 1.84042 7.78177 10.1562 13.7407 0 8.18577 3.33856 12.2623 16.089 7.86377 15.3352 12.0552 13.722 13.6776 18.1741 6.64099 18.4038 11.5999 2.26261 8.67171 11.2248 11.1314 9.28578 4.3548 4.95904 14.0039 10.5182 9.28394 10.0014 4.36572 5.36395 13.223 15.8519 1.07818 5.91613 10.7294 16.0092 11.7878 4.39501 14.48 2.65044 9.67051 13.2756 8.12349 17.6348 13.7028 7.16555 13.7766 9.97765 9.31791 17.2536 10.6505 1.70205 16.3122 1.84823 11.0002 16.1131 15.0765 7.19225 14.8751 12.8872 10.3395 11.0057 9.46518 11.828 10.6492 13.8131 3.60778 7.47401 15.8295 17.673 4.53467 15.3974 16.753 7.40523 6.72652 4.47077 7.06811 8.11239 
5.01942 3.79592 6.34243 6.00995 8.27488 13.435 5.70452 5.14852 6.73908 12.2269 9.0817 6.31686 9.36695 10.4432 5.36745 11.6113 10.6871 9.58185 6.52463 8.41861 9.66492 1.60646 10.008 8.24407 11.2367 9.22866 8.18577 0 8.20715 7.69524 8.88215 7.33106 9.428 7.43141 7.92053 5.9869 12.4104 6.40038 10.5992 8.85985 10.3469 2.1266 3.05421 5.33047 8.64472 5.36043 3.35385 9.57206 2.74229 1.30156 7.84339 7.35921 9.98723 6.26575 9.90248 7.76109 12.5547 2.62181 9.61168 5.97756 4.69429 7.29324 8.13244 2.73632 7.71277 10.8841 11.1302 9.03708 13.224 7.55657 3.80389 8.49834 9.32179 2.88906 8.4791 8.87546 7.50412 9.17555 8.23656 7.03211 9.94888 7.30317 5.25969 13.1212 8.38175 10.8543 3.6429 10.1034 6.98555 8.9414 2.7115 11.1 11.8235 10.1296 8.63371 9.90761 1.38905 12.9249 9.62967 11.7301 4.37779 
3.45593 10.4176 6.02486 10.6178 3.84882 20.6778 3.7776 3.66254 8.09728 8.74037 13.2935 2.38749 3.58149 11.3557 3.29565 5.37939 8.15462 16.2658 12.6608 15.0568 3.42698 7.15812 4.33598 10.5792 6.82928 11.2962 3.33856 8.20715 0 9.96656 16.9328 5.01274 16.7953 13.8411 11.7332 12.6728 19.7568 9.10002 17.2843 13.9147 4.89956 7.83652 10.9549 12.4476 11.9624 6.51878 4.96163 15.9461 10.8969 8.95918 7.25358 7.29421 8.67823 11.7972 13.7766 4.23949 9.07367 10.3628 17.2745 13.1429 6.181 15.3109 5.88165 10.4188 11.2331 4.80748 18.8799 15.557 10.3992 11.9558 8.63835 6.31393 16.3096 11.0423 1.7581 17.0096 4.9119 8.05933 15.1491 14.3627 10.3775 13.7061 13.4133 7.08777 8.26396 12.5537 11.6145 13.4356 14.82 6.91166 8.59275 17.7368 19.211 7.87321 13.7144 17.8113 7.01354 9.94972 7.79548 4.15238 6.35035 
9.14955 11.426 3.94489 13.6795 6.83763 19.826 6.30518 6.76494 13.663 17.651 3.58967 9.88492 13.0983 17.5922 9.53631 9.28795 16.4738 8.09132 14.0892 7.12732 8.52554 6.40267 13.8994 15.6358 7.33082 1.59503 12.2623 7.69524 9.96656 0 14.2217 5.20511 16.0006 14.8491 2.15728 5.79981 18.7509 13.7233 8.91482 16.5268 14.4249 5.5798 7.36283 12.5939 16.2501 11.8744 8.33104 16.8666 9.21152 6.82135 3.21659 13.8122 16.2714 3.96719 3.88225 12.5184 18.0044 6.90479 15.7651 13.1266 11.119 13.0094 13.6908 10.0348 1.63151 8.788 16.9679 16.2942 19.0593 2.7859 3.93004 4.68639 8.5451 9.3053 11.4003 13.8384 12.7209 3.61598 7.57793 7.74601 16.908 5.93504 10.882 9.95158 2.578 18.2376 7.77641 17.7492 13.1973 14.7576 10.3505 18.1578 18.1583 15.9922 4.5201 15.5452 6.87189 18.6658 15.6347 10.9367 4.31811 
13.5352 7.00656 14.6777 8.76893 17.0712 5.91285 14.5499 14.028 12.0226 18.2568 13.26 14.7865 17.2652 13.7738 13.7938 20.43 16.575 9.72726 6.44636 9.39499 18.5326 10.3131 17.7173 11.5168 19.7662 15.2757 16.089 8.88215 16.9328 14.2217 0 15.9294 3.23463 5.74696 13.0896 8.83159 4.87441 10.8133 10.1916 8.23288 17.8867 10.1971 7.0961 5.18928 10.5571 11.9705 11.9714 5.91186 6.14384 8.61168 15.811 13.2442 15.3294 10.6054 14.0748 15.3173 18.4974 7.69054 2.20884 4.68771 11.731 1.6253 14.9055 6.5292 13.2572 19.7078 2.81123 5.48681 18.5504 12.3396 10.9018 16.8332 8.91902 5.99767 16.8646 0.762704 14.764 17.0026 8.74531 7.49476 13.9591 9.53775 3.67233 21.8679 15.9958 13.2082 6.54617 11.0213 2.34055 15.211 8.61751 5.83963 4.34195 16.0454 12.0041 1.37165 10.242 18.4342 15.4775 20.6067 12.7349 
5.54027 10.8415 1.51738 12.2223 1.66436 20.764 2.20616 2.99895 10.9286 13.432 8.73879 5.7054 8.45825 14.7562 5.8007 4.7259 12.5428 12.5599 13.5324 11.4217 3.4166 5.74328 9.24964 13.2987 3.9056 6.37532 7.86377 7.33106 5.01274 5.20511 15.9294 0 16.7576 14.5715 7.20702 9.35417 19.7346 11.4651 13.5106 15.5011 9.80556 5.73283 8.9636 12.6113 14.3406 9.04959 5.68617 16.7503 9.89731 7.32331 2.24511 10.6264 12.6998 7.97679 9.08726 8.4177 13.7797 8.33401 16.8958 13.2791 8.38725 14.4209 9.88593 10.0619 6.67416 4.06631 18.3671 16.2462 15.0023 7.61076 5.44619 1.53757 12.8038 10.036 6.64567 15.7792 8.8449 3.13737 11.686 11.2983 13.895 10.0711 12.2616 5.97435 3.25226 15.7085 9.59935 15.9022 14.2436 10.9955 9.18977 18.3639 19.1455 12.1473 9.43377 17.0746 5.96269 14.5714 11.9154 5.87488 3.21557 
13.3411 6.37775 15.6982 7.1194 17.6534 4.00711 15.0581 14.4169 10.5598 16.545 15.6298 14.4806 16.4481 11.4957 13.515 20.9442 14.9018 12.6605 4.60581 12.169 18.9176 11.0166 16.7721 9.46544 20.6627 17.2407 15.3352 9.428 16.7953 16.0006 3.23463 16.7576 0 3.52199 15.2094 11.1555 2.9983 9.24877 13.2235 5.56081 16.8436 11.2006 8.63782 4.3511 8.23406 11.0013 11.9736 2.82287 6.97715 9.60536 17.0587 11.8423 13.5483 12.7659 16.4811 14.4263 16.7424 9.11783 1.19446 3.65383 10.965 3.31904 13.6916 6.71121 15.2853 20.2156 2.50932 2.53302 16.5794 14.5167 12.3109 17.8739 11.8861 6.85448 16.3921 3.99623 13.7722 18.3402 11.5509 10.174 11.8634 12.078 5.17266 22.5071 17.4171 10.7131 8.26163 8.36528 2.82789 13.7729 8.2038 2.64599 2.42759 14.4159 14.4869 2.48581 10.8069 16.5297 13.8626 20.748 13.7116 
10.4392 3.72997 13.7338 3.64182 15.2227 6.94618 12.6456 11.9272 7.07921 13.0235 15.2783 11.4691 13.126 8.09924 10.5488 18.3875 11.38 13.4247 1.19364 12.651 16.2966 9.01479 13.3955 5.97074 18.4382 16.2706 12.0552 7.43141 13.8411 14.8491 5.74696 14.5715 3.52199 0 14.5258 11.0107 6.14285 5.75799 14.1895 2.58637 13.4319 9.48557 7.82318 2.28176 4.84597 7.7008 9.27808 2.18263 5.72196 8.047 15.2727 8.36499 10.0277 12.2745 16.1494 11.0965 13.2227 8.09981 4.51691 1.91849 7.77634 4.7459 10.2501 4.8254 14.4771 17.6667 6.02165 1.72341 13.0884 13.9445 10.9407 15.8543 12.7646 5.65726 13.2413 6.37481 10.4088 16.6067 12.1292 10.6443 8.39226 12.1783 5.26242 20.0264 15.8026 7.46496 7.71062 5.29805 3.76055 10.2766 5.45867 3.90537 5.67419 10.8959 14.3583 5.65426 8.68845 13.0259 10.3441 17.9153 11.7962 
10.4347 11.3951 5.81995 13.8909 8.86546 18.8748 7.97438 8.29678 14.394 18.9273 1.56067 11.3349 14.6507 18.2526 10.8426 11.4349 17.6347 6.01296 13.9116 5.1349 10.5884 6.96097 15.4431 16.1377 9.48223 2.31301 13.722 7.92053 11.7332 2.15728 13.0896 7.20702 15.2094 14.5258 0 4.30135 17.8016 14.2591 6.79334 16.4586 15.9451 5.98027 6.73232 12.2441 16.5564 12.7166 9.34844 16.412 8.80433 6.80291 5.34872 14.7214 17.2772 2.48425 2.14361 13.8444 19.2786 6.42739 14.8263 12.6939 11.964 12.0456 14.8597 9.84507 0.538155 10.921 15.889 15.8277 20.2386 0.794052 4.22567 6.82508 6.53069 8.8693 13.0405 12.6211 13.9478 5.75108 5.6509 6.07465 17.6593 4.07799 10.0372 12.106 4.73183 18.7532 6.98301 17.9892 12.3817 15.8807 10.6305 17.5374 17.2197 17.124 2.366 14.4485 7.44443 19.8683 16.7188 13.0227 5.60968 
10.2701 8.49503 7.84339 11.2325 10.9254 14.6779 9.07949 9.01709 12.673 18.1677 4.47755 11.4626 14.7892 16.2067 10.679 14.0513 16.6579 3.69132 10.6261 2.48351 12.6704 5.94836 15.5141 13.8815 12.5999 6.56963 13.6776 5.9869 12.6728 5.79981 8.83159 9.35417 11.1555 11.0107 4.30135 0 13.6109 12.1664 4.72667 13.2408 15.9277 5.0109 3.43158 8.78674 13.9341 11.346 8.74473 12.6818 5.53636 4.68954 8.27282 13.3453 15.9725 1.86173 5.32558 13.4616 18.5014 3.51353 10.6629 9.10056 10.6673 7.89789 14.0429 6.82232 4.54451 13.4146 11.6407 12.0962 19.2072 3.5282 4.08169 9.63288 3.63844 5.54528 13.5211 8.33561 13.3238 9.16344 2.47805 1.99832 15.8131 1.33021 6.05199 15.0939 8.07874 16.4204 3.3352 15.2045 8.35467 14.9018 8.36155 13.6101 13.0388 16.1035 3.37281 10.1988 6.32135 18.9022 15.6109 15.101 6.48853 
16.3068 9.3451 18.6479 9.7751 20.6487 1.0757 18.0543 17.4151 13.1957 18.936 18.0734 17.4254 19.2597 13.5447 16.4684 23.9423 17.3408 14.5687 7.31956 14.2688 21.9155 13.9914 19.5382 11.7787 23.6379 19.9166 18.1741 12.4104 19.7568 18.7509 4.87441 19.7346 2.9983 6.14285 17.8016 13.6109 0 11.8695 14.9747 7.52136 19.5725 14.1352 11.4158 7.33294 10.3737 13.8211 14.9626 4.53824 9.89921 12.5303 19.9702 14.4805 15.9417 15.3253 18.9014 17.2308 19.1023 11.9368 2.98701 6.63457 13.842 5.76167 16.3845 9.70335 17.9244 23.2137 2.19401 4.62896 18.7845 17.075 15.1631 20.8256 13.7498 9.77027 19.296 5.52699 16.5494 21.2348 13.6176 12.3632 14.0639 14.3876 7.87099 25.5026 20.2881 12.5587 10.9745 10.1201 5.59545 16.361 11.1748 2.98784 0.596471 16.889 16.847 3.52691 13.7931 18.7865 16.3533 23.7327 16.6619 
6.16453 4.22784 11.1844 2.13046 11.5402 12.602 9.27102 8.47421 1.32662 7.44405 15.4744 6.76966 7.59323 4.05313 6.07926 14.2508 5.76389 15.5257 4.64467 14.4532 12.1371 7.35318 7.75697 1.91538 14.9561 15.3117 6.64099 6.40038 9.10002 13.7233 10.8133 11.4651 9.24877 5.75799 14.2591 12.1664 11.8695 0 16.4874 4.95905 7.73751 8.28834 8.80797 5.6414 2.92289 2.59999 5.8175 7.49217 7.01095 7.65107 12.9039 2.61107 4.53573 12.6568 16.2854 5.59808 7.6849 8.65293 10.1332 6.132 3.12051 9.36948 4.53294 5.69029 14.0035 13.5805 11.7105 7.2674 7.83022 13.9411 10.0494 12.9654 15.1027 7.07605 8.079 11.2502 4.85195 14.2119 14.1406 12.7485 3.67952 13.4958 8.53429 15.9692 13.7112 4.51639 9.13827 4.46791 8.48455 4.52418 3.80627 9.31081 11.4224 5.24156 15.0203 11.1164 6.87278 7.66962 4.67579 13.2452 9.64475 
14.9941 12.4939 12.0045 15.257 15.1551 15.9498 13.5968 13.6226 17.1374 22.8248 5.74227 16.1763 19.5119 20.4567 15.4039 18.0398 21.2825 1.03547 14.1216 2.25004 16.9178 10.6742 20.2396 18.0697 16.2343 8.87781 18.4038 10.5992 17.2843 8.91482 10.1916 13.5106 13.2235 14.1895 6.79334 4.72667 14.9747 16.4874 0 16.6733 20.6544 9.73426 7.72207 12.2135 17.8834 15.9424 13.47 15.408 9.51893 9.32748 11.9819 17.9079 20.5213 5.56359 6.12454 18.1817 23.1536 8.00497 12.3717 12.3134 15.2924 9.98397 18.7167 10.8628 7.29285 17.4673 12.7936 14.8552 23.8006 6.13202 8.64699 13.4466 1.43264 9.47588 18.2129 9.47813 18.0263 12.5302 2.36886 3.7483 20.1665 3.5796 8.93122 18.8418 11.486 20.5012 7.3492 18.9861 10.7808 19.5405 12.7427 15.8636 14.4859 20.7232 4.45989 11.4698 11.0404 23.5132 20.215 19.3765 10.977 
10.7189 5.1034 14.8782 3.34515 15.8985 8.05984 13.4175 12.6457 6.21658 11.4728 17.3478 11.5371 12.5393 6.03626 10.7282 18.8615 9.9251 15.8732 2.61512 15.0409 16.7396 10.3279 12.6583 4.34272 19.248 18.0237 11.5999 8.85985 13.9147 16.5268 8.23288 15.5011 5.56081 2.58637 16.4586 13.2408 7.52136 4.95905 16.6733 0 12.5881 10.9857 9.90879 4.49578 2.86174 7.42185 9.89484 2.9933 7.75683 9.73422 16.5172 7.43577 8.5025 14.3418 18.2146 10.5554 11.6209 10.0792 6.70735 4.36637 7.74328 7.32543 9.39594 6.61559 16.3494 18.1625 8.01761 3.05863 11.2634 15.9407 12.6 16.8979 15.2427 7.72502 13.0108 8.89691 9.80448 17.8616 14.5495 13.0603 6.54717 14.466 7.74978 20.5558 17.1611 5.15889 9.906 2.81562 6.34326 9.15203 6.3864 4.65208 7.1957 9.51155 16.531 7.9483 9.92633 11.2711 9.00343 18.0651 13.0447 
5.68111 10.8813 10.5886 9.79874 8.74786 20.3318 8.13499 7.67419 6.41829 3.97453 17.4758 4.61904 1.3481 8.16589 5.26576 9.7454 3.90752 19.619 12.269 18.4084 8.12002 9.98237 0.563632 8.41772 11.5955 15.8709 2.26261 10.3469 4.89956 14.4249 17.8867 9.80556 16.8436 13.4319 15.9451 15.9277 19.5725 7.73751 20.6544 12.5881 0 10.9266 13.3989 12.7985 9.99191 5.92413 7.19201 15.2296 12.5556 11.4857 12.0068 5.15909 4.97914 15.4852 18.0674 2.62689 4.28167 12.9235 17.6127 13.4196 6.18236 16.3026 3.20613 11.6104 15.4898 9.33026 19.2287 14.9963 5.68154 16.019 12.2392 11.1833 19.4916 12.682 3.17061 18.1662 3.12293 12.9118 18.3551 17.2947 7.16414 17.1325 14.8433 11.3156 13.0193 9.54066 13.9865 11.1635 15.5713 3.56712 9.34779 17.0469 19.1043 3.88307 17.6526 18.4486 9.63615 5.2248 4.11135 7.75686 10.338 
5.25981 5.9093 4.52267 8.10179 6.9532 15.1848 4.58744 4.28738 8.42601 13.3618 7.26943 6.45737 9.77842 12.2724 5.66985 10.3075 11.9383 8.6989 8.62382 7.48552 8.53845 1.02681 10.5059 10.1791 9.58227 7.12878 8.67171 2.1266 7.83652 5.5798 10.1971 5.73283 11.2006 9.48557 5.98027 5.0109 14.1352 8.28834 9.73426 10.9857 10.9266 0 3.31394 7.31209 10.6961 6.80738 3.77319 11.5944 4.23644 1.61038 5.87154 8.83168 11.4328 4.71131 8.04686 8.50191 13.7048 2.68161 11.2376 7.92147 6.06772 8.70003 9.22687 4.68688 5.71527 9.59712 12.6697 11.0447 14.5317 5.7221 1.76102 6.69943 8.61782 4.3674 8.54172 10.0525 8.42806 7.178 7.46613 6.54995 11.6884 6.20754 6.53172 11.6868 6.32559 12.7947 3.97538 12.1805 8.57744 10.1685 4.7756 13.0523 13.5407 11.4015 7.03807 11.3553 1.49274 14.1923 10.9513 10.8137 2.54792 
7.97733 5.06623 7.63369 7.80122 10.2554 12.4884 7.89392 7.54078 9.41578 15.1934 7.46356 9.2631 12.3991 12.8256 8.34843 13.6011 13.6141 6.73674 7.3074 5.64546 11.8524 3.80019 13.053 10.4774 12.7278 8.6333 11.2248 3.05421 10.9549 7.36283 7.0961 8.9636 8.63782 7.82318 6.73232 3.43158 11.4158 8.80797 7.72207 9.90879 13.3989 3.31394 0 5.54802 10.5025 8.26833 6.32102 9.67967 2.15216 2.00264 8.71497 10.2034 12.8072 4.45535 8.33402 10.8152 15.5136 0.633989 8.43842 5.96674 7.65578 5.72806 11.1382 3.39609 6.73221 12.8959 9.73038 9.0956 16.1023 6.12539 3.80816 9.76486 6.38076 2.18782 11.4197 6.86089 10.5469 9.91437 5.35742 4.04336 12.4782 4.74047 3.55365 14.9375 8.92313 12.9989 0.666758 11.7825 5.83933 11.8947 5.02929 10.8463 10.8208 13.0514 6.62789 8.34592 3.9629 15.8275 12.5309 14.1161 5.74834 
8.9923 2.03657 11.6727 3.67097 13.3996 8.2962 10.8025 10.1311 6.83387 13.0775 13.009 10.1454 12.2781 8.91727 9.17364 16.6537 11.3942 11.3919 1.90837 10.5455 14.6051 6.93565 12.6692 6.54908 16.509 14.0006 11.1314 5.33047 12.4476 12.5939 5.18928 12.6113 4.3511 2.28176 12.2441 8.78674 7.33294 5.6414 12.2135 4.49578 12.7985 7.31209 5.54802 0 5.90035 6.87785 7.63048 4.29112 3.44026 5.82076 13.1551 8.05673 10.1731 10.0025 13.8799 10.2832 13.3242 5.81814 4.88748 0.698374 6.73646 3.73086 9.75179 2.62556 12.1967 15.9262 6.51268 3.73407 13.4356 11.6653 8.70183 13.8241 10.7809 3.3761 12.0966 5.60887 9.68186 14.4775 10.0592 8.5702 8.95734 9.98775 3.35856 18.245 13.6372 8.60976 5.46451 6.81613 2.85063 10.0239 3.85488 5.76973 6.77466 10.8609 12.1148 5.65011 6.65755 13.297 10.2926 16.4001 9.70587 
9.08733 5.44733 13.9788 2.70817 14.4593 10.921 12.1581 11.3621 3.88981 8.6191 17.6478 9.66375 10.1059 3.26419 8.99897 17.1621 7.09572 16.9913 4.16817 16.0232 15.0519 9.85062 10.1245 1.57704 17.8734 17.8176 9.28578 8.64472 11.9624 16.2501 10.5571 14.3406 8.23406 4.84597 16.5564 13.9341 10.3737 2.92289 17.8834 2.86174 9.99191 10.6961 10.5025 5.90035 0 5.5108 8.66272 5.83647 8.44317 9.77208 15.6868 4.94623 5.66567 14.7141 18.4899 8.21115 8.76174 10.5002 9.31756 6.09471 6.04063 9.3902 6.86855 7.1204 16.3575 16.4962 10.7346 5.82883 8.41534 16.1518 12.4331 15.8256 16.4583 8.46161 10.83 11.1438 7.44136 17.0107 15.6176 14.1533 3.69032 15.2365 9.23197 18.8822 16.4523 2.71203 10.6791 1.56188 8.40962 6.46686 5.93463 7.51197 10.0302 6.7063 17.0307 10.4928 9.38902 8.41307 6.22006 16.0897 12.3376 
3.60981 4.96434 8.9387 4.20308 9.00032 14.6469 6.84343 6.05287 1.88411 6.93499 14.0662 4.17232 5.44726 5.79577 3.49227 11.6527 5.34635 14.9314 6.51056 13.7764 9.54115 5.7884 5.79488 4.28378 12.4192 13.4678 4.3548 5.36043 6.51878 11.8744 11.9705 9.04959 11.0013 7.7008 12.7166 11.346 13.8211 2.59999 15.9424 7.42185 5.92413 6.80738 8.26833 6.87785 5.5108 0 3.59525 9.67296 6.9625 6.65651 10.6602 2.02728 4.64804 11.4665 14.8234 3.42587 7.25011 7.93792 11.7179 7.50838 0.756809 10.3974 3.01389 5.85291 12.3909 10.9854 13.3398 9.35619 7.86405 12.5188 8.51251 10.5742 14.6366 7.07098 5.61495 12.2714 2.80418 11.929 13.5748 12.3107 5.04347 12.658 9.05792 13.3721 11.5312 6.66358 8.75226 7.03639 9.64949 3.6351 3.56218 11.4958 13.3236 4.78445 13.8221 12.5275 5.3147 7.57082 4.27284 10.67 7.6178 
1.66624 5.64664 5.3825 6.57491 6.01272 15.9234 3.53579 2.75369 5.45428 9.64347 10.7805 2.96314 6.1084 9.38731 2.02748 9.11008 8.29237 12.4351 8.15167 11.2278 7.02032 2.79664 6.79935 7.69295 9.35485 9.91824 4.95904 3.35385 4.96163 8.33104 11.9714 5.68617 11.9736 9.27808 9.34844 8.74473 14.9626 5.8175 13.47 9.89484 7.19201 3.77319 6.32102 7.63048 8.66272 3.59525 0 11.4489 5.96161 4.34631 7.10601 5.48339 7.95934 8.44706 11.4857 4.72913 9.99072 5.79676 12.377 8.32866 2.8578 10.3501 5.53029 5.46549 8.97714 8.39061 13.9681 10.9976 10.8969 9.24987 5.27138 7.16284 12.2997 6.10547 5.12564 12.0526 4.67644 8.40147 11.1635 10.1186 8.63391 9.97183 8.46645 10.7596 7.95118 10.1952 6.94797 10.2246 9.87757 6.53351 3.83321 13.1717 14.4006 7.77677 10.7241 12.8661 2.44632 10.5347 7.37211 8.7774 4.03728 
