50
11.5271 16.8183 0.69232 0
1.17899 7.91363 0.975967 0
9.91389 16.1833 0.745398 0
17.3592 22.9224 1.67676 0
18.0163 23.7918 0.228711 0
2.23189 21.3271 0.616047 0
5.70885 21.2798 0.433116 0
10.9965 11.8229 1.82352 0
14.2819 20.0122 1.17879 0
2.94432 20.0304 0.547364 1
18.8633 19.5552 0.23666 0
0.176377 14.9531 1.98262 0
12.3774 13.5367 0.544443 0
13.5139 22.4852 0.970667 0
3.5066 3.91374 0.843207 0
8.81048 15.3403 1.05078 0
4.15073 17.3532 1.93518 0
14.1217 19.9149 0.760815 0
2.28177 20.2105 0.320796 0
2.79933 11.1461 0.978361 1
17.9201 22.2104 2.22054 1
1.95491 10.5547 1.20209 0
7.55716 20.5128 11.9692 0
2.39414 2.78489 1.76665 1
11.6072 20.0539 1.28802 0
15.939 18.5418 18.3228 1
2.1162 5.7872 0.281231 0
5.16096 16.8504 0.541576 1
10.9699 16.7178 1.40787 0
1.25607 3.36406 12.4575 0
11.9931 19.7383 2.58417 0
11.7023 15.8323 0.449103 0
11.3083 18.3771 1.61075 0
2.3588 9.49324 0.641933 1
2.19535 22.9372 12.7425 0
14.7147 21.7925 27.1569 0
3.97123 20.4635 1.98416 0
18.0677 19.7114 0.499955 0
4.72761 17.9469 1.67739 0
9.75725 16.2533 2.12838 0
8.25288 23.0907 15.9813 1
9.48182 12.1201 2.06589 0
18.3236 22.6583 1.56958 0
15.0145 19.3877 0.832328 0
4.97478 5.0075 2.21708 0
1.94553 13.3793 0.945276 0
13.1709 21.1213 0.609582 0
5.68651 23.8142 2.17398 0
11.6745 17.3852 1.12249 0
9.82186 17.9225 0.410788 0
400 50 500
0.025 0.0125 10000 3000 15 1e+06 300000 4 4
0 51.945 9.4936 39.1569 51.3697 19.6854 53.2903 15.5463 60.2725 43.301 16.1791 6.17102 53.5757 46.5985 42.8854 16.0522 6.46958 57.4341 57.3109 34.5296 22.1054 7.15801 40.1444 17.4817 40.669 24.5623 4.12935 51.6987 42.5067 29.8808 6.81064 36.6678 34.5586 50.0263 15.1362 11.7389 26.2862 20.1796 12.5445 55.1507 53.6483 43.1082 40.3422 9.47647 26.8457 24.4281 29.906 35.4011 37.9106 15.0521 29.9592 
51.945 0 54.0109 18.2406 51.7536 43.4368 51.8619 53.8291 15.8594 18.6715 35.7661 46.4577 10.5125 5.74789 67.1255 62.7063 55.6111 8.77575 10.508 25.6895 58.2483 44.8841 11.8106 53.4717 14.6745 34.6732 52.1511 25.9716 75.2436 32.416 45.5757 68.6868 29.554 16.0522 38.9099 50.7622 32.3935 62.6981 64.3972 7.93457 7.2205 9.67758 78.4527 43.0558 45.6064 40.918 45.8763 30.2871 64.9523 50.2342 30.9179 
9.4936 54.0109 0 38.8079 44.2033 28.3981 46.2358 6.34623 64.3401 42.259 19.8332 13.8653 57.3437 48.3667 33.5076 8.91657 15.0756 58.2649 57.7647 32.8169 12.6258 11.762 42.5353 26.9673 44.7036 21.9244 13.5943 49.0182 33.1226 36.9716 10.4846 27.1885 41.3342 49.1925 21.8597 4.26469 24.1204 28.7546 15.7648 55.9171 54.4623 44.5795 31.4751 12.082 35.8619 19.2787 38.9128 42.3365 28.4932 24.4975 36.7344 
39.1569 18.2406 38.8079 0 35.4373 37.5624 35.9707 37.3761 33.1113 4.8531 24.1308 34.8336 26.3609 12.8726 48.8991 46.9602 44.1913 19.8592 19.0743 7.48832 40.971 32.08 11.8929 46.085 19.5756 17.5439 40.5683 15.886 57.0854 31.2195 32.356 50.586 31.0535 10.9233 29.8246 35.0339 15.1927 54.3276 51.5887 17.5134 16.1641 9.32735 60.5882 29.6866 42.5779 23.2151 44.038 32.2727 46.7285 42.3674 29.6354 
51.3697 51.7536 44.2033 35.4373 0 62.0987 2.16107 38.4085 67.5438 33.2726 45.5955 51.2826 61.2795 47.428 25.3414 47.0956 57.8366 48.7941 46.7738 30.0402 35.6045 47.2305 47.2639 66.5248 54.6906 31.0487 55.0082 27.6298 36.8915 61.7258 46.4239 33.1842 63.3382 36.4691 52.5605 40.3371 31.1399 71.4506 59.8591 47.1056 46.4924 44.4806 43.9766 44.7457 69.2652 27.6142 71.6854 64.6486 27.2154 62.9573 60.4112 
19.6854 43.4368 28.3981 37.5624 62.0987 0 63.6546 33.3983 47.0019 42.4073 16.5385 14.5615 41.3569 39.3449 59.895 35.7376 18.2204 50.9906 51.6616 36.616 40.3003 17.615 32.5403 10.2561 29.3032 31.1402 16.5484 53.0731 61.3163 12.969 18.9108 55.0728 17.7347 47.7966 9.53875 28.8713 31.4776 19.6608 27.8898 49.0486 47.5937 36.9968 59.8255 19.1059 7.72068 34.9812 10.6747 18.1249 55.2458 7.80448 13.8695 
53.2903 51.8619 46.2358 35.9707 2.16107 63.6546 0 40.4828 67.6955 33.5432 47.1276 53.0731 61.5505 47.7044 27.2594 49.2269 59.7595 48.5498 46.4805 30.9055 37.7505 49.0241 47.8457 68.2767 55.3685 32.5417 56.8911 27.2275 38.8324 62.9397 48.2442 35.2509 64.4184 36.3523 54.1223 42.3379 32.5134 73.3353 61.9149 46.9368 46.3879 44.8808 45.9943 46.5127 70.7528 29.3795 73.1307 65.7262 29.2765 64.6847 61.5981 
15.5463 53.8291 6.34623 37.3761 38.4085 33.3983 40.4828 0 65.3857 40.2618 22.192 18.9258 58.2699 48.0936 27.3436 10.124 21.3901 57.1884 56.4459 30.693 6.90247 15.9125 42.8225 32.9818 46.0442 19.8621 19.6753 45.8032 27.9735 40.6004 14.5819 21.676 44.6492 47.1734 25.8049 4.57454 22.2039 35.0989 21.4891 54.8339 53.4347 44.1964 27.4836 15.2078 41.0343 15.5375 44.0495 45.7484 22.3939 30.2865 40.1467 
60.2725 15.8594 64.3401 33.1113 67.5438 47.0019 67.6955 65.3857 0 34.3212 44.7091 54.2458 7.1608 20.3248 81.6958 73.2515 62.5513 21.6729 23.9731 40.235 70.6323 53.7362 23.1055 57.2047 19.6895 47.6873 59.4609 41.6972 89.0315 34.1768 54.7023 82.3376 29.7657 31.8194 45.5861 61.7218 45.5951 66.5927 72.0838 22.2347 22.2008 23.8116 91.4798 52.5005 46.5318 54.2795 45.7493 29.8381 79.1069 54.6556 33.1394 
43.301 18.6715 42.259 4.8531 33.2726 42.4073 33.5432 40.2618 34.3212 0 28.6892 39.2424 28.0149 14.1638 49.125 50.0949 48.5456 18.0408 16.7617 9.56887 43.2399 36.3095 15.3147 50.8517 23.1601 20.4775 44.9261 11.1688 58.0208 35.9196 36.4911 51.7117 35.5288 6.94028 34.5692 38.3207 18.19 58.9953 55.6202 15.8249 14.7231 11.5183 62.0822 33.83 47.4151 25.3686 48.8435 36.7186 47.4293 47.1194 34.3241 
16.1791 35.7661 19.8332 24.1308 45.5955 16.5385 47.1276 22.192 44.7091 28.6892 0 10.928 37.8232 30.4471 45.7959 28.7288 20.3126 41.4443 41.4564 21.2131 28.5959 9.17889 23.9658 22.7992 25.0208 14.6018 16.721 38.4102 49.3428 18.998 10.0283 42.682 22.6497 35.0283 7.04892 17.9015 15.0295 30.3881 28.6547 39.1954 37.6871 27.0288 49.6405 7.81039 23.7066 18.8788 26.2466 23.8133 41.598 19.0058 18.2973 
6.17102 46.4577 13.8653 34.8336 51.2826 14.5615 53.0731 18.9258 54.2458 39.2424 10.928 0 47.6211 41.2565 45.856 21.6746 9.39595 52.3547 52.3841 31.0556 25.813 4.05291 34.6508 15.3354 34.7103 22.1598 5.79342 48.3908 46.7735 23.8152 5.00215 40.59 28.4457 45.7568 8.9654 14.4686 23.4682 20.8497 18.0205 50.1142 48.6053 37.9148 45.3348 6.61518 22.1278 23.6971 25.158 29.3176 41.0675 11.9999 23.8359 
53.5757 10.5125 57.3437 26.3609 61.2795 41.3569 61.5505 58.2699 7.1608 28.0149 37.8232 47.6211 0 13.8522 74.6844 66.2457 56.152 18.2317 20.3477 33.3205 63.4779 46.9168 15.9695 51.6124 12.9114 40.5396 52.964 36.3255 81.9024 28.8683 47.8436 75.2009 24.8694 26.4127 39.1237 54.6507 38.4606 61.0177 65.5613 18.0805 17.6224 17.0353 84.3191 45.5844 41.7421 47.143 41.3356 25.1953 72.0239 48.8424 27.6539 
46.5985 5.74789 48.3667 12.8726 47.428 39.3449 47.7044 48.0936 20.3248 14.1638 30.4471 41.2565 13.8522 0 61.7322 57.0257 50.5091 11.6464 12.4512 20.2061 52.5038 39.4918 6.85671 49.1631 12.2769 28.9375 46.9991 23.1235 69.6477 29.2597 40.1312 63.0615 27.1026 13.4886 34.0627 45.0666 26.6661 58.2465 59.1009 9.76035 8.36605 3.93415 72.754 37.5756 42.2625 35.22 42.861 28.0214 59.4291 45.7864 27.6833 
42.8854 67.1255 33.5076 48.8991 25.3414 59.895 27.2594 27.3436 81.6958 49.125 45.7959 45.856 74.6844 61.7322 0 31.4047 48.5341 66.984 65.4078 41.535 20.9929 42.3371 58.8468 60.3203 64.6364 35.1082 47.0147 48.3026 11.5866 64.7313 41.0844 9.61594 67.9691 54.6617 51.2737 31.4902 36.7968 61.9851 46.3593 64.8656 63.8333 57.9943 19.0826 40.8315 67.6151 28.5331 70.5443 69.2137 5.10346 57.5423 63.8935 
16.0522 62.7063 8.91657 46.9602 47.0956 35.7376 49.2269 10.124 73.2515 50.0949 28.7288 21.6746 66.2457 57.0257 31.4047 0 19.4724 66.6341 66.0169 40.5414 11.661 20.3327 51.3293 32.2965 53.6198 29.6184 19.5298 55.9198 28.0618 45.355 19.1314 23.2535 49.8486 57.0291 30.251 11.9913 31.9232 31.5976 15.0167 64.2797 62.8477 53.1955 24.6878 20.9449 42.8201 25.6563 45.8756 50.7987 26.329 30.5863 45.2308 
6.46958 55.6111 15.0756 44.1913 57.8366 18.2204 59.7595 21.3901 62.5513 48.5456 20.3126 9.39595 56.152 50.5091 48.5341 19.4724 0 61.6955 61.7586 40.1311 27.5612 12.3743 43.8303 12.8422 43.3005 30.5959 3.62309 57.4255 47.1711 30.1896 12.5187 41.7119 35.0326 55.1137 17.0346 17.9713 32.1707 13.8127 9.81039 59.4679 57.9584 47.2358 44.1566 15.0199 24.3012 30.8471 27.2794 35.6769 43.4881 11.5911 30.6101 
57.4341 8.77575 58.2649 19.8592 48.7941 50.9906 48.5498 57.1884 21.6729 18.0408 41.4443 52.3547 18.2317 11.6464 66.984 66.6341 61.6955 0 2.31722 27.0429 60.8016 50.2793 18.4814 60.7949 23.0936 37.3946 58.137 21.4236 76.0566 40.6403 50.7971 69.7504 38.0762 12.5159 45.5262 54.6554 35.0432 69.8433 69.9782 2.35546 3.80913 14.4778 80.0685 48.173 53.7486 42.9807 54.2034 38.8709 65.4414 57.3935 39.0941 
57.3109 10.508 57.7647 19.0743 46.7738 51.6616 46.4805 56.4459 23.9731 16.7617 41.4564 52.3841 20.3477 12.4512 65.4078 66.0169 61.7586 2.31722 0 26.0279 59.8403 50.1536 19.1339 61.3379 24.3552 36.5962 58.1764 19.2939 74.6586 41.6882 50.6145 68.4184 39.3347 10.7647 45.8377 54.067 34.2481 70.2919 69.8507 2.74287 4.08829 14.7808 78.8404 47.9704 54.7134 41.9772 55.2834 40.18 63.9961 57.8749 40.1194 
34.5296 25.6895 32.8169 7.48832 30.0402 36.616 30.9055 30.693 40.235 9.56887 21.2131 31.0556 33.3205 20.2061 41.535 40.5414 40.1311 27.0429 26.0279 0 33.8127 27.7629 17.892 43.9821 24.8569 10.9392 36.5504 17.3363 49.5978 32.8626 27.7717 43.1 33.773 16.4907 27.8284 28.819 8.69654 51.4835 46.6208 24.7273 23.4469 16.4648 53.1515 25.1612 42.6418 15.9523 44.5418 35.067 39.2628 40.1907 31.3986 
22.1054 58.2483 12.6258 40.971 35.6045 40.3003 37.7505 6.90247 70.6323 43.2399 28.5959 25.813 63.4779 52.5038 20.9929 11.661 27.5612 60.8016 59.8403 33.8127 0 22.8001 47.7302 39.5866 51.6183 23.606 26.2173 47.2883 21.0945 47.2723 21.4723 14.7779 51.202 49.997 32.6161 11.4571 25.9255 41.0016 25.908 58.4665 57.134 48.5711 21.1673 21.9666 47.9309 17.8749 50.9489 52.3316 15.9296 37.0285 46.7517 
7.15801 44.8841 11.762 32.08 47.2305 17.615 49.0241 15.9125 53.7362 36.3095 9.17889 4.05291 46.9168 39.4918 42.3371 20.3327 12.3743 50.2793 50.1536 27.7629 22.8001 0 33.1028 19.3702 34.0568 18.3887 8.82649 45.0512 43.8858 25.212 1.33478 37.535 29.584 42.9758 10.1165 11.3435 19.8478 24.7264 19.7018 47.9939 46.492 35.9711 42.9947 2.69756 25.3181 19.6517 28.2895 30.577 37.6433 15.966 24.9786 
40.1444 11.8106 42.5353 11.8929 47.2639 32.5403 47.8457 42.8225 23.1055 15.3147 23.9658 34.6508 15.9695 6.85671 58.8468 51.3293 43.8303 18.4814 19.1339 17.892 47.7302 33.1028 0 42.3143 7.84552 24.5859 40.3547 26.0073 65.933 22.9485 33.8237 59.2335 21.3719 17.5315 27.2535 39.4817 22.4917 51.3898 52.5873 16.5083 15.0573 4.9069 68.4364 31.3358 35.7403 31.1752 36.5185 22.4263 56.0851 38.9299 21.3422 
17.4817 53.4717 26.9673 46.085 66.5248 10.2561 68.2767 32.9818 57.2047 50.8517 22.7992 15.3354 51.6124 49.1631 60.3203 32.2965 12.8422 60.7949 61.3379 43.9821 39.5866 19.3702 42.3143 0 39.5042 36.5962 13.3742 61.0462 59.7762 23.0611 20.3178 54.0922 27.6978 56.6931 16.2975 28.9178 37.4993 9.40621 20.9436 58.7799 57.303 46.5773 56.9842 21.7832 13.0253 38.9107 15.656 27.9329 55.3718 3.79346 24.0686 
40.669 14.6745 44.7036 19.5756 54.6906 29.3032 55.3685 46.0442 19.6895 23.1601 25.0208 34.7103 12.9114 12.2769 64.6364 53.6198 43.3005 23.0936 24.3552 24.8569 51.6183 34.0568 7.84552 39.5042 0 29.6442 40.0766 33.7805 70.891 17.763 35.0139 64.1294 14.9888 24.9516 26.2659 42.2213 27.8434 48.8608 52.662 21.6124 20.3695 12.2655 72.6888 32.8171 30.9655 36.3186 31.2031 15.8269 61.495 36.5012 16.2925 
24.5623 34.6732 21.9244 17.5439 31.0487 31.1402 32.5417 19.8621 47.6873 20.4775 14.6018 22.1598 40.5396 28.9375 35.1082 29.6184 30.5959 37.3946 36.5962 10.9392 23.606 18.3887 24.5859 36.5962 29.6442 0 27.1548 27.3604 41.4055 31.425 18.0816 34.6795 33.8433 27.4142 21.6296 17.8863 2.35144 43.0079 36.1977 35.0444 33.6706 25.0035 43.9168 15.6912 38.2195 6.67836 40.6442 35.1408 31.8509 32.8632 30.283 
4.12935 52.1511 13.5943 40.5683 55.0082 16.5484 56.8911 19.6753 59.4609 44.9261 16.721 5.79342 52.964 46.9991 47.0147 19.5298 3.62309 58.137 58.1764 36.5504 26.2173 8.82649 40.3547 13.3742 40.0766 27.1548 0 53.8589 46.4942 27.7517 9.09022 40.7314 32.5479 51.4906 13.8753 15.8048 28.6679 16.4441 12.6251 55.9008 54.3917 43.6883 44.0773 11.5019 23.3315 27.7551 26.3786 33.2799 42.0382 11.1267 28.0304 
51.6987 25.9716 49.0182 15.886 27.6298 53.0731 27.2275 45.8032 41.6972 11.1688 38.4102 48.3908 36.3255 23.1235 48.3026 55.9198 57.4255 21.4236 19.2939 17.3363 47.2883 45.0512 26.0073 61.0462 33.7805 27.3604 53.8589 0 58.5504 47.078 44.9991 52.8627 46.6661 9.9229 44.7728 44.8274 25.4455 68.7673 63.5517 19.9887 19.6547 21.6084 63.8057 42.4214 58.3906 30.2658 59.9091 47.8434 47.7611 57.2695 45.4856 
42.5067 75.2436 33.1226 57.0854 36.8915 61.3163 38.8324 27.9735 89.0315 58.0208 49.3428 46.7735 81.9024 69.6477 11.5866 28.0618 47.1711 76.0566 74.6586 49.5978 21.0945 43.8858 65.933 59.7762 70.891 41.4055 46.4942 58.5504 0 68.214 42.5554 6.77024 71.9899 64.0419 53.6948 32.5434 43.4427 59.6575 42.7346 73.8431 72.6984 65.7793 8.01485 43.0312 68.8956 34.7648 71.9308 73.1556 10.7913 57.5586 67.6178 
29.8808 32.416 36.9716 31.2195 61.7258 12.969 62.9397 40.6004 34.1768 35.9196 18.998 23.8152 28.8683 29.2597 64.7313 45.355 30.1896 40.6403 41.6882 32.8626 47.2723 25.212 22.9485 23.0611 17.763 31.425 27.7517 47.078 68.214 0 26.5065 61.6011 4.85529 39.9893 15.1246 36.0916 30.7874 32.4278 40 38.9671 37.6154 27.8149 68.0302 25.4066 13.2043 37.0449 13.6025 5.53347 60.5901 20.7556 1.61864 
6.81064 45.5757 10.4846 32.356 46.4239 18.9108 48.2442 14.5819 54.7023 36.4911 10.0283 5.00215 47.8436 40.1312 41.0844 19.1314 12.5187 50.7971 50.6145 27.7717 21.4723 1.33478 33.8237 20.3178 35.0139 18.0816 9.09022 44.9991 42.5554 26.5065 0 36.2134 30.8497 43.2179 11.4291 10.0152 19.6647 25.2884 19.2646 48.4983 47.0007 36.5574 41.6673 2.66942 26.6048 18.9139 29.5851 31.854 36.369 17.0004 26.2503 
36.6678 68.6868 27.1885 50.586 33.1842 55.0728 35.2509 21.676 82.3376 51.7117 42.682 40.59 75.2009 63.0615 9.61594 23.2535 41.7119 69.7504 68.4184 43.1 14.7779 37.535 59.2335 54.0922 64.1294 34.6795 40.7314 52.8627 6.77024 61.6011 36.2134 0 65.3168 57.8841 47.215 26.2083 36.7425 54.6558 38.2421 67.5109 66.3338 59.1771 11.1098 36.545 62.7087 28.0583 65.7255 66.4926 5.97815 51.6845 60.973 
34.5586 29.554 41.3342 31.0535 63.3382 17.7347 64.4184 44.6492 29.7657 35.5288 22.6497 28.4457 24.8694 27.1026 67.9691 49.8486 35.0326 38.0762 39.3347 33.773 51.202 29.584 21.3719 27.6978 14.9888 33.8433 32.5479 46.6661 71.9899 4.85529 30.8497 65.3168 0 38.8484 19.6091 40.2005 32.9106 37.0076 44.8423 36.5923 35.3266 26.27 72.13 29.5494 16.8829 39.8422 16.5598 1.31243 63.9984 25.5376 4.62003 
50.0263 16.0522 49.1925 10.9233 36.4691 47.7966 36.3523 47.1734 31.8194 6.94028 35.0283 45.7568 26.4127 13.4886 54.6617 57.0291 55.1137 12.5159 10.7647 16.4907 49.997 42.9758 17.5315 56.6931 24.9516 27.4142 51.4906 9.9229 64.0419 39.9893 43.2179 57.8841 38.8484 0 40.5218 45.2608 25.1301 65.1086 62.411 10.6608 10.0357 12.726 68.4404 40.5501 52.1952 32.156 53.3392 39.9329 53.3399 53.0188 38.3709 
15.1362 38.9099 21.8597 29.8246 52.5605 9.53875 54.1223 25.8049 45.5861 34.5692 7.04892 8.9654 39.1237 34.0627 51.2737 30.251 17.0346 45.5262 45.8377 27.8284 32.6161 10.1165 27.2535 16.2975 26.2659 21.6296 13.8753 44.7728 53.6948 15.1246 11.4291 47.215 19.6091 40.5218 0 21.2413 22.0692 24.6257 26.4998 43.392 41.8902 31.0835 53.0778 10.6704 16.9302 25.5102 19.6319 20.5477 46.8085 12.5507 14.9891 
11.7389 50.7622 4.26469 35.0339 40.3371 28.8713 42.3379 4.57454 61.7218 38.3207 17.9015 14.4686 54.6507 45.0666 31.4902 11.9913 17.9713 54.6554 54.067 28.819 11.4571 11.3435 39.4817 28.9178 42.2213 17.8863 15.8048 44.8274 32.5434 36.0916 10.0152 26.2083 40.2005 45.2608 21.2413 0 20.1352 31.784 19.9003 52.3018 50.8655 41.2227 31.9447 10.6849 36.5295 15.0141 39.5341 41.2822 26.6365 26.0543 35.6733 
26.2862 32.3935 24.1204 15.1927 31.1399 31.4776 32.5134 22.2039 45.5951 18.19 15.0295 23.4682 38.4606 26.6661 36.7968 31.9232 32.1707 35.0432 34.2481 8.69654 25.9255 19.8478 22.4917 37.4993 27.8434 2.35144 28.6679 25.4455 43.4427 30.7874 19.6647 36.7425 32.9106 25.1301 22.0692 20.1352 0 44.2597 38.1327 32.6932 31.3202 22.7342 46.1263 17.166 38.3325 8.68501 40.6417 34.2181 33.7184 33.7317 29.564 
20.1796 62.6981 28.7546 54.3276 71.4506 19.6608 73.3353 35.0989 66.5927 58.9953 30.3881 20.8497 61.0177 58.2465 61.9851 31.5976 13.8127 69.8433 70.2919 51.4835 41.0016 24.7264 51.3898 9.40621 48.8608 43.0079 16.4441 68.7673 59.6575 32.4278 25.2884 54.6558 37.0076 65.1086 24.6257 31.784 44.2597 0 17.4435 67.7795 66.2903 55.5112 55.6911 27.4007 21.4269 44.1503 23.5643 37.181 56.9016 12.4693 33.4646 
12.5445 64.3972 15.7648 51.5887 59.8591 27.8898 61.9149 21.4891 72.0838 55.6202 28.6547 18.0205 65.5613 59.1009 46.3593 15.0167 9.81039 69.9782 69.8507 46.6208 25.908 19.7018 52.5873 20.9436 52.662 36.1977 12.6251 63.5517 42.7346 40 19.2646 38.2421 44.8423 62.411 26.4998 19.9003 38.1327 17.4435 0 67.6952 66.1928 55.6397 38.3405 21.9282 33.4484 34.7207 36.3177 45.486 41.2661 20.7546 40.4096 
55.1507 7.93457 55.9171 17.5134 47.1056 49.0486 46.9368 54.8339 22.2347 15.8249 39.1954 50.1142 18.0805 9.76035 64.8656 64.2797 59.4679 2.35546 2.74287 24.7273 58.4665 47.9939 16.5083 58.7799 21.6124 35.0444 55.9008 19.9887 73.8431 38.9671 48.4983 67.5109 36.5923 10.6608 43.392 52.3018 32.6932 67.7795 67.6952 0 1.50954 12.3095 77.7913 45.8692 52.0108 40.6556 52.5587 37.4373 63.2521 55.3447 37.402 
53.6483 7.2205 54.4623 16.1641 46.4924 47.5937 46.3879 53.4347 22.2008 14.7231 37.6871 48.6053 17.6224 8.36605 63.8333 62.8477 57.9584 3.80913 4.08829 23.4469 57.134 46.492 15.0573 57.303 20.3695 33.6706 54.3917 19.6547 72.6984 37.6154 47.0007 66.3338 35.3266 10.0357 41.8902 50.8655 31.3202 66.2903 66.1928 1.50954 0 10.8067 76.5601 44.3737 50.6282 39.3483 51.2138 36.1946 62.1392 53.8595 36.0433 
43.1082 9.67758 44.5795 9.32735 44.4806 36.9968 44.8808 44.1964 23.8116 11.5183 27.0288 37.9148 17.0353 3.93415 57.9943 53.1955 47.2358 14.4778 14.7808 16.4648 48.5711 35.9711 4.9069 46.5773 12.2655 25.0035 43.6883 21.6084 65.7793 27.8149 36.5574 59.1771 26.27 12.726 31.0835 41.2227 22.7342 55.5112 55.6397 12.3095 10.8067 0 68.8312 33.9707 40.5065 31.3001 41.3601 27.3123 55.6076 43.098 26.2039 
40.3422 78.4527 31.4751 60.5882 43.9766 59.8255 45.9943 27.4836 91.4798 62.0822 49.6405 45.3348 84.3191 72.754 19.0826 24.6878 44.1566 80.0685 78.8404 53.1515 21.1673 42.9947 68.4364 56.9842 72.6888 43.9168 44.0773 63.8057 8.01485 68.0302 41.6673 11.1098 72.13 68.4404 53.0778 31.9447 46.1263 55.6911 38.3405 77.7913 76.5601 68.8312 0 42.6267 67.1684 37.5353 70.2285 73.2221 16.8803 55.1924 67.6156 
9.47647 43.0558 12.082 29.6866 44.7457 19.1059 46.5127 15.2078 52.5005 33.83 7.81039 6.61518 45.5844 37.5756 40.8315 20.9449 15.0199 48.173 47.9704 25.1612 21.9666 2.69756 31.3358 21.7832 32.8171 15.6912 11.5019 42.4214 43.0312 25.4066 2.66942 36.545 29.5494 40.5501 10.6704 10.6849 17.166 27.4007 21.9282 45.8692 44.3737 33.9707 42.6267 0 26.8218 17.1349 29.7228 30.6153 36.262 18.2707 25.0031 
26.8457 45.6064 35.8619 42.5779 69.2652 7.72068 70.7528 41.0343 46.5318 47.4151 23.7066 22.1278 41.7421 42.2625 67.6151 42.8201 24.3012 53.7486 54.7134 42.6418 47.9309 25.3181 35.7403 13.0253 30.9655 38.2195 23.3315 58.3906 68.8956 13.2043 26.6048 62.7087 16.8829 52.1952 16.9302 36.5295 38.3325 21.4269 33.4484 52.0108 50.6282 40.5065 67.1684 26.8218 0 42.4338 3.06049 16.6973 62.958 12.747 14.6892 
24.4281 40.918 19.2787 23.2151 27.6142 34.9812 29.3795 15.5375 54.2795 25.3686 18.8788 23.6971 47.143 35.22 28.5331 25.6563 30.8471 42.9807 41.9772 15.9523 17.8749 19.6517 31.1752 38.9107 36.3186 6.67836 27.7551 30.2658 34.7648 37.0449 18.9139 28.0583 39.8422 32.156 25.5102 15.0141 8.68501 44.1503 34.7207 40.6556 39.3483 31.3001 37.5353 17.1349 42.4338 0 45.0689 41.1201 25.1796 35.3509 36.0288 
29.906 45.8763 38.9128 44.038 71.6854 10.6747 73.1307 44.0495 45.7493 48.8435 26.2466 25.158 41.3356 42.861 70.5443 45.8756 27.2794 54.2034 55.2834 44.5418 50.9489 28.2895 36.5185 15.656 31.2031 40.6442 26.3786 59.9091 71.9308 13.6025 29.5851 65.7255 16.5598 53.3392 19.6319 39.5341 40.6417 23.5643 36.3177 52.5587 51.2138 41.3601 70.2285 29.7228 3.06049 45.0689 0 16.1408 65.9139 15.6976 15.1905 
35.4011 30.2871 42.3365 32.2727 64.6486 18.1249 65.7262 45.7484 29.8381 36.7186 23.8133 29.3176 25.1953 28.0214 69.2137 50.7987 35.6769 38.8709 40.18 35.067 52.3316 30.577 22.4263 27.9329 15.8269 35.1408 33.2799 47.8434 73.1556 5.53347 31.854 66.4926 1.31243 39.9329 20.5477 41.2822 34.2181 37.181 45.486 37.4373 36.1946 27.3123 73.2221 30.6153 16.6973 41.1201 16.1408 0 65.2215 25.9237 5.61379 
37.9106 64.9523 28.4932 46.7285 27.2154 55.2458 29.2765 22.3939 79.1069 47.4293 41.598 41.0675 72.0239 59.4291 5.10346 26.329 43.4881 65.4414 63.9961 39.2628 15.9296 37.6433 56.0851 55.3718 61.495 31.8509 42.0382 47.7611 10.7913 60.5901 36.369 5.97815 63.9984 53.3399 46.8085 26.6365 33.7184 56.9016 41.2661 63.2521 62.1392 55.6076 16.8803 36.262 62.958 25.1796 65.9139 65.2215 0 52.657 59.8207 
15.0521 50.2342 24.4975 42.3674 62.9573 7.80448 64.6847 30.2865 54.6556 47.1194 19.0058 11.9999 48.8424 45.7864 57.5423 30.5863 11.5911 57.3935 57.8749 40.1907 37.0285 15.966 38.9299 3.79346 36.5012 32.8632 11.1267 57.2695 57.5586 20.7556 17.0004 51.6845 25.5376 53.0188 12.5507 26.0543 33.7317 12.4693 20.7546 55.3447 53.8595 43.098 55.1924 18.2707 12.747 35.3509 15.6976 25.9237 52.657 0 21.5878 
29.9592 30.9179 36.7344 29.6354 60.4112 13.8695 61.5981 40.1467 33.1394 34.3241 18.2973 23.8359 27.6539 27.6833 63.8935 45.2308 30.6101 39.0941 40.1194 31.3986 46.7517 24.9786 21.3422 24.0686 16.2925 30.283 28.0304 45.4856 67.6178 1.61864 26.2503 60.973 4.62003 38.3709 14.9891 35.6733 29.564 33.4646 40.4096 37.402 36.0433 26.2039 67.6156 25.0031 14.6892 36.0288 15.1905 5.61379 59.8207 21.5878 0 
