20
5.49824 16.7735 1.49325 1
11.7929 22.4805 1.27143 1
5.07886 18.733 1.2456 0
14.8822 23.1863 2.07562 0
15.2937 19.0677 1.20106 0
9.96615 18.3314 1.80986 0
1.18528 8.90778 1.62099 0
16.3154 18.8536 0.336002 0
16.9175 20.9322 0.367229 1
2.63016 23.9526 0.527478 0
3.38285 14.5693 2.2168 0
15.0597 19.0692 1.69067 1
4.65475 12.8629 0.317856 1
1.31887 15.6649 1.85438 0
11.909 19.4674 1.58664 0
9.55811 23.3585 1.84385 0
12.9808 17.2673 1.59455 0
12.9487 22.162 1.78062 0
1.89214 8.98032 1.3732 0
9.82511 13.7704 1.48765 0
400 50 500
0.025 0.0125 10000 3000 15 1e+06 300000 0 9
0 9.67531 38.7332 16.1878 5.9999 10.9577 13.5592 2.20132 23.8732 22.4143 29.9443 44.4231 11.6062 40.7218 42.4729 32.596 39.2727 41.1061 38.6352 24.4781 41.9778 
9.67531 0 45.6249 25.6328 15.6131 2.14436 23.0893 11.793 24.7779 29.8626 31.4739 44.469 14.1498 44.8552 44.2808 31.2122 40.8164 42.0063 38.4069 33.1109 45.4323 
38.7332 45.6249 0 26.7886 34.2715 47.6681 28.9589 37.9248 28.3434 16.3653 25.195 33.2905 32.1073 14.8305 25.4696 34.6539 25.6173 28.6678 32.1787 17.1534 18.2523 
16.1878 25.6328 26.7886 0 10.2288 27.1067 2.72718 14.3998 26.5026 11.9861 29.899 44.6065 18.4493 34.0942 39.8816 36.6329 37.5473 40.2419 39.9577 9.92562 36.4798 
5.9999 15.6131 34.2715 10.2288 0 16.9571 7.56959 4.18669 24.1716 17.9501 29.4444 44.3552 12.7536 38.0999 41.3374 33.781 38.3956 40.587 38.8964 19.0024 39.779 
10.9577 2.14436 47.6681 27.1067 16.9571 0 24.506 12.9561 26.8539 31.8203 33.5598 46.4171 16.2902 46.9994 46.3573 33.0635 42.8835 44.0294 40.3465 34.8802 47.5687 
13.5592 23.0893 28.9589 2.72718 7.56959 24.506 0 11.7167 26.0129 13.5034 29.9554 44.832 16.9309 35.3888 40.5344 36.1147 38.0228 40.6012 39.9403 12.401 37.6018 
2.20132 11.793 37.9248 14.3998 4.18669 12.9561 11.7167 0 24.8398 21.5597 30.6782 45.3462 12.6853 40.7144 43.026 33.8851 39.909 41.8705 39.6525 23.097 42.1377 
23.8732 24.7779 28.3434 26.5026 24.1716 26.8539 26.0129 24.8398 0 19.2985 6.72389 20.5502 12.2706 21.7343 19.5038 10.1309 16.0434 17.4322 14.8163 25.8377 21.476 
22.4143 29.8626 16.3653 11.9861 17.9501 31.8203 13.5034 21.5597 19.2985 0 20.4131 34.1846 17.4335 22.1216 28.5996 28.7904 26.6573 29.5696 30.299 6.61961 24.5974 
29.9443 31.4739 25.195 29.899 29.4444 33.5598 29.9554 30.6782 6.72389 20.4131 0 14.9755 18.4878 15.8869 12.8216 9.50244 9.42351 11.1941 10.0731 26.9728 15.1174 
44.4231 44.469 33.2905 44.6065 44.3552 46.4171 44.832 45.3462 20.5502 34.1846 14.9755 0 32.8204 18.9595 8.10502 13.821 7.91017 4.78444 6.08 40.4107 15.811 
11.6062 14.1498 32.1073 18.4493 12.7536 16.2902 16.9309 12.6853 12.2706 17.4335 18.4878 32.8204 0 30.7693 31.1912 21.2393 27.8893 29.5835 27.0338 22.3443 31.523 
40.7218 44.8552 14.8305 34.0942 38.0999 46.9994 35.3888 40.7144 21.7343 22.1216 15.8869 18.9595 30.7693 0 10.899 23.9589 11.9177 14.6562 19.1901 26.6728 3.4222 
42.4729 44.2808 25.4696 39.8816 41.3374 46.3573 40.5344 43.026 19.5038 28.5996 12.8216 8.10502 31.1912 10.899 0 16.867 3.54771 4.42037 9.92016 34.3701 7.70604 
32.596 31.2122 34.6539 36.6329 33.781 33.0635 36.1147 33.8851 10.1309 28.7904 9.50244 13.821 21.2393 23.9589 16.867 0 13.581 12.9898 7.89138 35.4075 22.2346 
39.2727 40.8164 25.6173 37.5473 38.3956 42.8835 38.0228 39.909 16.0434 26.6573 9.42351 7.91017 27.8893 11.9177 3.54771 13.581 0 3.13009 7.37127 32.7243 9.31112 
41.1061 42.0063 28.6678 40.2419 40.587 44.0294 40.6012 41.8705 17.4322 29.5696 11.1941 4.78444 29.5835 14.6562 4.42037 12.9898 3.13009 0 5.58106 35.721 11.75 
38.6352 38.4069 32.1787 39.9577 38.8964 40.3465 39.9403 39.6525 14.8163 30.299 10.0731 6.08 27.0338 19.1901 9.92016 7.89138 7.37127 5.58106 0 36.772 16.6824 
24.4781 33.1109 17.1534 9.92562 19.0024 34.8802 12.401 23.097 25.8377 6.61961 26.9728 40.4107 22.3443 26.6728 34.3701 35.4075 32.7243 35.721 36.772 0 29.5326 
41.9778 45.4323 18.2523 36.4798 39.779 47.5687 37.6018 42.1377 21.476 24.5974 15.1174 15.811 31.523 3.4222 7.70604 22.2346 9.31112 11.75 16.6824 29.5326 0 
