200
1.14559 17.4893 0.270393 0
17.8937 21.3231 0.468757 0
6.71534 16.9325 0.331951 1
2.07635 13.0511 1.42483 1
18.884 23.0561 0.638817 0
4.25076 19.5119 22.7813 0
9.37318 9.531 0.721107 0
17.2477 22.4165 3.01666 1
4.46885 7.05762 10.3497 0
0.474252 23.9451 1.17949 0
0.247692 11.2795 1.4528 1
0.975038 4.98466 1.51848 0
5.98824 22.9066 1.39075 1
0.967611 22.7314 21.3407 1
16.3066 17.9633 14.4667 0
7.42285 17.419 0.987497 0
13.3615 14.1019 1.90114 0
0.490507 7.27045 1.66827 0
9.911 15.2687 1.41401 0
4.30974 11.369 1.97175 0
2.42454 22.9854 1.78581 0
18.5535 21.2726 0.583463 0
11.3821 21.8509 1.15137 0
9.07661 18.5012 0.388483 0
11.1734 16.2857 0.235269 0
6.06204 9.03581 0.559112 1
6.16847 8.24393 0.581318 0
11.7492 22.1338 1.63408 0
8.92645 18.0105 8.44685 1
13.8805 18.0273 1.84246 1
3.72177 8.90925 1.56033 0
10.9759 15.3652 0.954005 0
11.0286 23.6925 0.799065 0
13.0025 23.4759 1.01218 1
15.49 16.8686 0.9682 1
16.8893 19.894 2.21396 1
18.9121 19.0988 1.45442 0
6.34664 21.4477 1.67431 0
17.1341 20.2452 1.02622 0
9.43768 14.0615 2.83395 0
9.38134 23.9612 0.340938 0
18.9682 22.5617 0.823573 0
10.2285 13.4282 0.569269 0
11.0482 13.8808 2.01064 0
9.50494 18.1117 1.96352 0
12.2257 16.1064 1.68395 0
1.69544 12.9292 1.93136 0
18.9071 20.6321 20.3503 0
12.1092 18.7044 0.339713 0
14.616 15.5349 0.471292 0
8.16219 20.8897 1.70429 1
13.3834 16.2755 27.4705 1
3.74729 10.4518 1.90963 0
5.2867 11.1791 0.391527 0
2.74391 13.3724 0.527013 0
1.35869 15.5251 1.72621 0
11.3257 11.9901 18.4766 0
17.1874 20.524 4.39714 0
17.9164 23.5482 1.2929 0
10.1433 12.5242 23.1034 0
7.61116 16.5779 20.3726 0
1.29319 16.153 1.86889 0
2.07431 7.37348 0.407151 0
10.7783 10.9265 17.9439 0
3.92362 9.60879 0.970515 0
2.15631 2.7775 0.999253 0
7.91696 23.2113 1.40316 0
13.2569 16.7148 0.962411 0
9.32873 11.4084 1.93045 1
15.4124 20.8268 2.02545 1
9.38482 12.6403 1.08024 0
2.17624 21.5001 0.548265 1
18.236 23.2712 1.05942 0
11.5281 23.6801 2.17033 0
6.73719 12.6095 0.420736 0
13.5156 17.8268 0.270805 1
7.17888 23.3585 2.22353 1
10.78 13.4621 2.11239 0
16.9457 17.8131 25.9241 0
7.32025 11.6484 0.604379 0
2.55538 13.2504 12.9206 0
4.63371 23.6695 0.268227 0
13.6564 22.9523 0.495613 1
14.8068 23.6092 0.303356 0
7.42371 13.2171 1.60438 0
3.40946 3.94236 1.74641 0
11.9971 12.8 0.751715 0
3.02058 3.13117 1.08603 0
2.35872 12.6388 0.757013 0
14.4188 16.4226 0.756479 0
13.5173 15.2992 0.795831 0
4.32488 16.6285 1.39034 0
6.56647 17.6144 0.925227 0
2.66213 15.236 0.521365 0
2.69339 15.0693 0.496038 0
9.67157 17.7074 1.03155 1
8.44897 17.4051 12.018 0
8.01439 16.3056 0.884873 0
10.2205 14.8202 10.8315 0
12.6646 12.8308 0.390667 0
12.7751 16.1501 2.13689 0
2.85055 13.0416 1.0258 0
10.0161 23.9373 1.38065 0
7.89378 17.3994 1.01956 0
9.08721 13.6786 2.13363 0
6.82759 10.3523 1.47712 0
14.7407 21.7418 0.393006 0
17.483 21.7505 0.420271 0
2.43803 15.6335 1.45007 0
7.63838 17.1716 1.59397 0
8.03937 22.205 15.0867 0
16.6226 22.5433 1.68381 0
8.86656 19.4727 1.11963 0
5.29777 11.0352 0.598846 1
4.78766 20.5164 2.18444 0
14.8692 16.7031 27.6067 1
8.46614 22.4672 1.96551 0
15.2972 15.6422 0.778629 0
2.45724 6.89061 0.709146 0
14.7898 23.8376 1.36534 0
10.096 20.6176 1.53428 0
4.81539 15.5754 1.2811 1
5.46937 20.6079 0.839908 0
8.25719 8.49819 1.0362 0
2.2446 23.9764 0.411979 1
14.1256 17.5608 1.51013 0
12.6516 13.7879 1.22501 0
8.63535 12.7412 0.264932 0
5.48599 19.347 0.567489 0
9.10155 12.3559 24.1574 0
8.25423 9.43122 25.9712 0
12.3086 16.7934 26.5287 0
8.24974 14.4551 0.898515 0
17.9569 20.2161 0.460947 0
7.24911 20.5326 0.410828 0
10.8603 15.6578 1.49951 1
2.83656 23.4294 1.40172 1
18.3606 21.1166 4.20336 0
12.6549 19.767 1.9099 0
15.3352 22.2932 1.81327 1
13.2701 23.669 1.00924 0
16.4726 16.6941 1.79835 0
0.419289 18.6116 1.9526 1
17.6048 20.2039 5.94287 0
12.2166 14.659 1.13365 1
10.3937 20.974 1.25071 0
4.00351 23.4685 2.27631 1
7.35399 13.5244 0.647659 1
7.24208 22.6511 1.97906 1
16.461 17.601 0.413156 0
12.2683 16.782 0.312778 0
14.4019 16.9985 1.7624 0
17.405 23.6803 2.18879 0
7.93414 13.6005 1.73504 1
3.64787 8.04673 1.79881 0
10.2716 21.2659 0.693356 0
12.1221 13.0496 2.23838 0
2.75844 15.3202 0.347109 0
17.6755 21.8986 27.797 0
9.05886 10.1322 1.0933 0
18.5277 21.5567 23.6869 0
18.6221 20.4862 1.94537 0
11.9085 20.0582 1.50705 0
3.00694 17.8324 1.72125 0
14.958 21.2175 1.76823 1
4.21085 11.1359 0.50056 0
12.0395 16.566 0.851292 0
7.4633 11.353 1.71302 0
17.4713 22.1676 2.12131 0
5.40161 6.26623 1.42495 0
1.04323 4.71903 1.86291 0
3.3794 19.0125 0.95902 0
13.0033 17.1106 1.55421 1
16.2205 23.1855 1.94118 0
7.58693 20.9005 0.287213 0
1.02714 14.9509 0.988099 0
15.9426 17.1727 0.817143 1
0.257893 8.99 1.41485 0
17.6153 17.7799 1.03276 1
6.33105 17.8726 0.555835 1
4.89174 19.496 26.6982 0
4.44244 17.0272 1.89174 1
5.21675 18.4798 0.215989 0
5.5828 12.7452 1.24868 0
17.8304 22.997 0.390716 0
7.31821 8.76589 0.568659 0
4.52251 7.32574 0.603558 0
1.4027 5.35116 1.46702 1
8.93752 22.2966 3.9884 0
3.24281 11.715 1.44225 0
8.65151 15.4695 1.42139 1
14.5516 20.1644 19.5746 0
1.76335 5.02811 0.793124 0
7.34428 21.6093 1.45371 0
18.7709 20.5307 19.3385 0
13.5891 22.5576 1.59929 0
14.688 18.7449 1.6804 0
14.2857 19.6381 0.793663 0
11.3759 23.4115 1.85999 0
3.91997 21.2134 1.23934 0
400 50 500
0.025 0.0125 10000 3000 15 1e+06 300000 8 12
0 44.2583 54.2426 30.0121 31.1835 41.7861 24.0968 38.2366 40.265 14.6264 32.1857 22.1259 15.3768 49.1474 9.36954 54.8519 45.4673 59.0862 37.8065 42.7285 25.094 35.5091 25.7568 41.6648 31.8643 30.858 35.4053 15.0553 34.4487 16.7044 51.7441 54.3911 44.8223 56.752 54.7266 30.8982 24.2915 51.0623 18.6223 30.7754 7.65458 31.426 53.2347 42.8963 52.1127 38.5394 19.2938 17.3699 31.3589 18.8038 30.0251 56.4978 61.3051 55.0117 40.7682 29.4516 37.9184 28.1623 43.8451 34.2804 33.3817 45.8592 58.5402 30.587 32.5751 35.9595 55.0036 55.2311 15.228 34.9218 29.49 12.724 21.4252 33.8406 48.3891 2.70822 54.7265 51.521 22.9331 19.7081 12.5242 37.172 44.422 11.056 25.7776 30.7051 12.2894 32.7873 42.868 14.6505 41.1731 26.1905 11.1914 19.7189 16.0965 5.24881 52.3512 26.541 41.6286 54.2346 30.6293 45.4827 24.1193 43.0598 40.1639 31.0974 34.5292 23.0195 19.9415 21.6512 14.2479 55.9307 37.5741 31.1925 27.2206 55.5471 17.6739 20.838 12.9244 57.4635 46.4552 40.9496 29.5693 27.8357 40.3878 22.5289 34.7288 50.7587 39.8499 56.8292 34.515 13.6834 59.9144 59.7479 44.112 49.7104 13.708 48.7664 59.6421 19.5033 47.7082 5.10509 29.0715 44.9901 28.9688 50.3774 28.8581 12.5136 40.4004 28.4871 12.5586 17.9259 32.1803 56.688 32.5701 14.392 25.656 38.0934 23.6865 54.0393 59.818 18.2115 10.2912 22.5936 45.4609 5.25399 16.8538 13.8005 31.0975 46.2396 51.7396 27.0584 63.0225 57.2959 61.7317 28.6989 54.0569 34.3825 22.7499 58.3641 38.0099 27.1767 52.4962 52.6846 53.1932 34.2089 19.2169 29.0828 25.4946 20.2947 17.02 16.0102 34.3133 34.5921 45.7694 21.2322 56.4307 52.6499 53.9758 53.4018 42.6249 
44.2583 0 19.1045 19.5292 41.2263 6.02068 52.7181 30.5527 8.62273 56.8556 44.9331 23.0411 59.1828 21.8571 36.5078 13.5646 28.0641 16.5828 42.3284 29.5957 68.4408 51.5841 25.3813 17.2617 49.0198 74.3203 17.0003 38.6361 28.4857 59.1746 34.0811 14.4798 13.5851 12.7125 43.6867 21.5091 52.729 18.6356 32.1811 49.092 36.6825 13.6166 9.04481 7.70568 48.2779 41.5577 52.0515 58.9512 32.1427 63.0586 20.848 15.8572 18.0182 50.3401 41.859 52.6014 30.4889 55.556 13.5993 9.99009 33.863 32.2519 17.8918 45.7465 19.5364 19.6345 12.8011 16.7582 56.1343 22.1247 49.8444 31.9318 65.6801 52.0189 56.089 46.8987 18.7513 46.2824 25.6698 39.714 42.5972 28.1756 43.3253 45.7859 69.8 13.5655 49.4175 50.8355 26.2718 32.3013 19.5841 26.0936 38.7556 40.9047 56.7379 40.2557 17.3197 68.7236 29.6674 29.9031 37.3331 4.23196 46.1811 11.2924 31.958 18.8759 39.5086 28.2268 63.933 55.2201 51.7663 40.7387 28.5672 13.8269 24.0587 41.292 50.682 55.3264 53.6348 56.9025 24.7674 29.0434 39.8508 68.7839 5.20486 39.9044 55.872 35.359 19.7204 18.691 9.92026 57.8296 23.4841 23.7326 20.1088 10.118 39.5536 48.1839 16.9229 28.9241 26.1544 42.6549 17.8389 1.62184 26.1271 14.0193 64.0289 38.869 25.5222 54.0141 36.478 29.0566 60.6577 33.9739 49.5027 39.5272 53.4745 15.4101 66.4071 54.3176 16.4981 47.9117 53.5768 22.118 42.8634 49.2031 29.3327 48.3246 43.5624 39.3164 18.9347 17.5892 59.6348 52.5554 17.555 65.0999 27.5787 35.7712 65.486 23.7889 11.7325 28.8096 19.0098 8.42731 14.3268 13.4771 38.3027 35.4043 27.8773 43.8952 27.7947 56.0238 33.2905 14.2206 46.2926 64.1236 37.2192 11.0953 9.7198 29.5949 12.8857 
54.2426 19.1045 0 24.2707 38.6808 25.0966 54.3049 49.4609 15.6906 63.9109 42.1075 32.4251 67.3821 40.2899 45.099 27.3208 47.1145 27.3078 36.6265 48.6976 75.5159 69.2736 42.0822 12.9643 66.3769 81.2349 18.8987 53.1435 25.2605 66.1533 19.9391 29.2478 9.5212 16.0729 29.9616 39.3303 54.2358 3.62418 47.337 47.3188 46.7712 24.4287 19.1007 26.7768 36.7155 35.4283 66.4953 70.9166 50.2474 72.16 38.3602 7.64322 14.5913 37.9502 34.6461 51.9032 49.3747 55.9492 32.5613 24.2656 30.4287 21.3919 8.09692 43.7115 37.6308 38.373 25.7191 31.8881 68.3091 20.8763 48.7242 43.8692 74.921 69.4216 47.8546 56.9371 1.02274 34.5762 41.3597 42.5466 56.3833 23.2002 34.4863 58.9522 77.8153 26.8578 55.3341 68.181 45.3744 39.9106 38.6882 29.3147 45.5141 56.5417 69.0505 49.3069 34.2575 74.6833 48.7508 13.5058 55.1942 14.9158 62.3995 30.3273 24.6398 36.4786 57.81 32.5107 72.1477 69.7079 64.8611 25.821 47.4545 24.6407 41.0704 26.672 64.9318 58.815 60.2655 45.0228 43.6886 21.391 57.445 73.8279 18.1647 56.1958 53.5111 21.9917 15.5696 4.09944 25.6645 67.7342 5.68837 5.59461 11.8342 26.8801 53.7004 38.1232 12.4025 35.2326 13.7327 51.067 34.303 20.2386 27.3838 31.2314 66.3944 52.6468 44.5973 53.9713 43.2917 43.2711 60.4992 17.2001 46.9966 53.8638 54.5354 34.3381 72.9873 43.2526 14.073 62.6692 61.7287 32.3598 61.9033 58.3647 43.0222 53.5075 61.1937 28.9934 36.3921 28.5424 46.2263 39.7071 18.9322 67.9325 10.7794 54.1898 72.1461 4.84258 16.753 46.1293 2.14524 17.9759 29.9814 20.5156 41.5362 34.1561 44.7332 59.4938 40.5514 68.555 29.3795 32.318 65.2694 71.0212 21.2939 9.91948 17.7599 13.6277 11.7652 
30.0121 19.5292 24.2707 0 22.1474 21.007 33.3944 36.7445 12.1409 40.0423 25.796 8.93893 43.2625 36.3879 20.8284 32.9665 38.7723 36.1031 24.5272 38.4352 51.7316 50.6351 24.289 11.7057 47.2188 57.5388 5.3932 31.1025 11.4698 42.328 25.5164 33.5845 14.9874 29.8301 32.387 24.5296 33.3903 21.0503 26.4754 29.6596 22.6452 7.67942 27.9469 23.1562 34.1047 24.0757 43.8087 46.9163 34.1889 47.9321 23.0915 27.3582 33.1608 36.7227 25.0285 33.073 36.5244 36.0819 27.8228 12.1324 15.781 20.7387 29.2709 26.4075 24.0266 26.8107 32.3154 35.548 44.3983 6.84156 30.3406 20.5926 50.6869 50.1951 38.7844 32.6968 24.8012 32.488 22.1024 20.4839 33.5825 12.747 27.4775 35.6614 53.7889 10.6807 31.7624 48.9072 36.1383 15.6555 30.3331 6.58709 21.4927 35.4442 45.1761 25.0378 34.8428 51.3027 37.9093 25.7235 37.9383 18.5572 41.6715 25.7129 17.1848 21.99 41.5317 9.10721 48.0508 46.9649 41.3803 31.4328 34.8859 7.62301 24.071 31.498 42.1492 36.5707 36.4944 42.2239 36.9954 15.7046 39.3702 50.86 14.3636 35.9636 36.4481 25.5002 10.3517 27.0843 14.0446 43.464 29.9243 29.7446 14.4791 28.7916 31.3123 32.7323 31.1966 11.0875 19.2916 26.8217 18.3342 20.943 6.90678 31.7322 44.9989 30.0274 34.22 34.5008 19.2154 21.8816 41.1587 28.9514 30.1828 31.6261 34.0683 24.9845 49.352 39.1338 31.7944 40.3667 37.5834 9.48724 49.0751 34.0987 21.1497 30.2301 42.9102 25.3585 35.6657 8.01471 46.2304 39.1676 34.8374 46.2213 24.9415 38.6492 48.4759 28.3554 9.0566 28.7854 22.4885 27.0081 33.0897 6.0776 19.1558 16.2282 26.7241 38.1724 18.1832 44.7649 15.584 20.6619 51.5738 47.2618 30.0664 24.2349 28.0515 24.9696 12.8819 
31.1835 41.2263 38.6808 22.1474 0 43.1542 17.0882 55.6757 32.9603 32.4136 3.71386 24.6504 37.163 58.1617 23.864 54.7885 59.3996 57.5694 6.7299 58.3796 42.387 63.3088 41.5802 27.1061 59.5804 47.3624 24.3862 41.2209 13.714 34.1288 25.9977 55.5636 32.2269 49.6721 25.1902 43.8412 16.9503 35.0831 39.7818 8.63836 27.6432 29.6346 48.9213 45.2997 21.1211 7.69268 50.137 47.4377 51.2472 42.7179 42.3816 44.6277 51.5042 23.9795 10.0185 13.3328 55.4045 17.6933 49.7885 34.1975 8.26774 20.4047 46.0321 5.03068 44.0205 47.2978 53.9838 57.6163 45.8543 19.6233 10.1147 30.6208 45.3144 62.1653 18.7118 32.9803 39.5874 20.8108 38.5205 11.4762 41.32 15.4864 13.6323 41.4303 45.8269 32.156 23.9739 60.9427 56.6371 20.7522 51.5125 16.2524 20.2292 46.5225 46.7488 26.5396 56.9883 40.1478 57.6482 31.4057 53.4859 39.3904 52.4152 47.7598 14.9017 41.882 57.5382 15.9517 41.1859 52.7231 45.4238 27.7571 54.0752 29.5333 42.042 27.0639 48.4434 23.0764 28.8313 26.3774 58.1944 17.7212 53.9171 38.2847 36.0294 48.3265 15.0577 24.1521 24.0138 42.5939 36.0034 40.5932 43.2554 42.8151 26.9589 50.8444 40.6025 17.6062 49.2922 18.558 26.2837 26.1018 38.1556 42.7394 15.2552 53.8777 28.8611 39.0404 54.4479 15.5858 19.6801 35.6116 21.9066 32.0557 8.49677 41.1974 16.825 46.3315 39.4385 22.9388 50.3994 48.1885 32.6143 26.1375 66.9374 32.1269 34.2848 21.4489 56.8005 17.0385 57.7663 28.204 31.8552 26.1922 54.3584 30.6731 32.638 55.5668 38.8041 40.795 29.6746 45.6088 36.5357 47.8506 55.1528 27.899 12.0825 5.92381 43.3337 48.3979 31.4429 46.8707 9.30173 41.8414 68.6969 38.1585 30.0082 43.0726 48.6914 30.5843 31.0163 
41.7861 6.02068 25.0966 21.007 43.1542 0 52.9733 24.551 12.7167 55.1537 46.7998 22.0909 57.0294 16.7318 34.875 13.2377 22.2099 17.3221 45.102 23.606 66.5343 45.9531 20.5141 21.7691 43.5236 72.3924 19.9482 34.4546 31.3538 57.4536 39.0966 13.2179 18.868 17.2071 48.3991 16.1144 53.0098 24.4489 27.8785 50.5075 34.4412 13.7456 12.4704 2.26162 52.3914 44.4747 47.6686 55.4253 26.4459 60.519 15.6665 21.6967 22.9707 54.6193 45.0503 53.5858 24.493 56.1214 8.05019 9.19392 36.4129 36.6814 23.6758 47.3499 14.024 13.7292 13.233 14.8058 52.5694 25.1214 51.0376 29.127 63.0534 46.4914 59.1839 44.3322 24.7635 50.4718 21.3432 40.0212 38.6344 31.5212 46.8847 42.0115 67.5493 12.2121 48.2996 45.3348 20.3166 31.2888 13.6099 27.2239 37.7185 36.1899 53.1124 38.2819 13.849 67.1955 23.6567 35.4155 31.7046 10.1823 41.1562 5.66342 35.6171 13.7167 33.6944 28.7772 61.6951 50.7838 47.9146 45.7651 22.5729 13.8922 19.0624 46.2451 46.393 54.8875 52.1544 60.9513 19.0895 32.9584 34.3158 67.5651 8.72692 34.9227 57.2837 40.1869 23.7886 24.6868 7.88012 55.083 29.4962 29.7501 24.9443 8.30064 35.5067 51.9249 22.2026 28.664 31.1758 40.8389 13.5431 5.22765 27.9045 10.729 63.7789 34.9982 19.5073 54.756 35.5308 25.3296 61.2835 39.4762 51.1264 35.3991 53.8793 9.431 64.7011 58.1958 21.4905 43.4581 51.5525 20.8838 36.8433 46.9099 25.8476 47.4968 37.9893 43.3608 14.8571 16.6916 64.0442 56.9128 21.5359 64.6776 33.2013 29.9256 63.7667 29.8025 15.1572 23.5276 24.9158 12.3776 12.4077 15.4829 38.5428 37.2349 22.8532 39.1525 24.845 52.3257 36.0053 8.93791 40.2742 62.3438 42.5108 16.9488 13.706 35.0467 17.743 
24.0968 52.7181 54.3049 33.3944 17.0882 52.9733 0 58.6232 45.4843 18.095 15.1059 31.173 23.0702 65.431 21.9915 65.8188 64.334 69.2694 22.7265 62.3886 26.1489 59.5746 44.4805 41.8014 55.904 30.6864 37.4433 38.2834 29.1315 19.16 43.0854 66.1302 46.6339 63.0971 41.5195 48.395 0.226484 50.6832 39.6699 10.4391 25.1516 39.4179 61.3285 54.8253 35.9219 24.0055 42.7872 36.3037 52.6408 28.4879 47.0978 59.4119 65.8828 38.478 26.2085 6.45458 58.3152 4.10563 58.0465 43.8257 24.5102 37.4458 61.0525 12.8917 49.3226 52.8954 65.3571 67.7681 35.5735 33.7599 8.4535 30.6297 30.7549 57.9344 27.5912 24.5639 55.1295 36.2307 41.2109 13.0121 36.5123 31.4819 29.4295 35.0904 29.9731 40.8255 12.2865 56.8713 61.5425 22.8097 57.8453 26.8381 17.5456 43.3789 36.4262 21.8092 66.1658 23.403 61.4347 48.3322 53.2118 51.9447 48.1779 56.4476 31.7809 47.3181 57.2919 24.4913 26.1796 44.6335 37.0684 44.5629 57.4548 39.2403 45.4968 43.7951 41.3006 6.62139 15.3225 38.4927 64.1705 34.3209 52.6948 21.281 47.653 45.9503 11.2452 41.2287 38.8802 57.9909 45.1394 28.1105 59.2884 58.9006 42.4806 61.2161 37.1502 31.8895 63.7714 24.3535 42.8645 19.7316 44.0233 54.0206 27.6626 63.4063 12.0991 35.7261 59.1142 4.61449 19.0029 36.8134 8.85847 49.133 12.135 37.8375 1.56553 53.3294 23.1312 35.366 64.623 42.2388 20.1834 32.5613 67.8843 22.1816 35.3933 10.3224 54.6996 33.8128 66.3704 36.3448 44.3483 40.2704 68.0446 13.7421 49.3845 56.386 22.6296 56.9753 42.2826 47.4758 52.1883 60.4012 65.381 39.4427 14.4557 20.2455 45.3422 44.2881 33.5285 36.9052 25.6688 48.9453 68.74 22.2785 47.0616 57.0666 61.4436 47.4972 44.992 
38.2366 30.5527 49.4609 36.7445 55.6757 24.551 58.6232 0 35.1275 52.7689 58.7085 31.1105 52.4443 16.433 36.6619 30.7618 8.55211 34.9828 60.0081 4.95565 62.0782 23.5785 14.3281 43.3925 22.2807 67.3803 39.0037 24.1219 48.1293 54.71 60.6766 28.9856 42.0609 40.4309 68.7807 12.2237 58.7499 48.3834 19.6671 60.5284 33.8499 29.9214 35.2387 23.2823 70.8339 59.8683 33.1473 44.5284 7.26007 53.8025 13.6783 46.1636 46.3923 73.4669 61.2076 61.7964 0.318248 62.5691 18.5567 27.0786 51.6328 56.8744 48.0821 58.342 12.8991 11.1498 32.0259 27.9742 41.8274 43.2185 60.244 28.0352 55.6854 24.8005 74.0763 39.817 49.2027 69.2326 17.5752 47.7356 28.3302 49.4724 63.9896 31.9483 61.4881 26.5396 49.3043 23.9112 7.11346 36.4952 11.7696 40.285 41.0778 21.8961 41.988 37.7508 23.5938 64.3138 3.79088 58.3943 11.1272 34.608 23.6011 20.1645 53.9144 14.8077 10.7425 39.7859 56.2251 35.5444 36.3343 67.1364 2.01725 29.859 13.6566 67.3931 32.6103 57.6863 51.103 78.8288 11.5914 52.1569 14.035 65.9566 31.6752 19.0915 66.6453 61.2265 44.3375 49.2372 25.1066 48.0259 54.036 54.2771 46.8966 26.8137 25.6234 69.2619 46.0691 37.2351 53.1308 40.3664 18.4104 29.7206 42.512 24.042 66.4143 26.2867 5.88661 61.9829 39.7673 21.8185 67.4719 62.3324 61.7852 25.0731 59.9764 15.1492 61.2768 75.6465 45.0301 29.1968 48.2545 29.6648 12.6799 43.1581 23.2337 49.7791 16.741 62.0937 21.5453 28.829 82.9697 75.912 43.6899 66.5555 56.5102 7.18539 60.3718 54.2368 36.1518 11.2458 49.0525 35.6323 27.3712 34.1705 46.3053 50.2665 13.2933 23.921 25.2498 40.9263 51.7361 17.597 15.8322 58.8246 64.7181 41.448 36.7966 57.8823 40.3798 
40.265 8.62273 15.6906 12.1409 32.9603 12.7167 45.4843 35.1275 0 51.5911 36.6742 18.153 54.4566 29.4482 31.6396 22.0413 34.3873 24.6121 33.7577 35.224 63.2892 53.754 26.4691 9.05256 50.7791 69.1415 8.57637 37.6136 19.9362 53.9012 26.4547 23.0786 6.98413 17.6934 35.6824 24.1226 45.4736 13.6855 31.6858 41.0521 32.6225 9.08535 16.0388 14.9334 39.8493 32.9626 51.0415 56.2549 35.0266 58.8013 23.028 16.2627 21.3189 42.0015 33.2376 44.8121 34.9958 48.0477 20.739 8.65848 25.3813 23.9945 18.3364 37.6207 22.6356 24.0075 21.1059 25.3808 53.5509 13.5845 41.9365 28.9267 61.5121 53.8263 47.4683 42.9701 15.8089 37.8899 25.6691 32.617 41.0324 19.5538 34.7238 43.7918 65.0745 11.1903 43.5859 52.5765 32.1983 26.8387 25.5664 18.648 33.0785 40.8735 54.2463 35.6999 25.7625 63.1151 35.0557 23.3221 39.8041 6.50906 46.7096 18.3557 23.3607 21.233 42.6464 21.2338 59.2555 54.2562 49.7633 33.1129 33.1131 9.31383 25.5307 33.565 49.5155 48.6955 48.1524 48.4517 31.581 20.5042 41.9415 62.8259 3.99065 40.5059 47.7967 27.4831 11.2069 17.1809 10.2779 53.9422 21.1649 21.1918 12.289 18.7199 38.2465 39.622 19.4962 22.7512 18.5715 37.8197 18.741 10.2351 18.1598 22.4665 57.1381 37.2703 30.9345 46.3855 30.7698 27.7217 53.0688 27.3158 41.3431 38.3712 46.11 20.5155 61.0312 45.8001 19.893 47.1369 48.7702 17.7131 47.7884 44.8392 27.5719 42.1919 45.6846 30.846 27.1882 13.4358 51.3849 44.2668 22.7124 58.3605 21.3828 39.1497 60.1357 20.4768 3.29508 30.6193 14.6608 15.026 22.9487 6.33416 31.2964 27.2402 29.1276 43.8344 25.2936 53.669 24.76 17.5463 50.915 58.8616 30.0514 12.4657 15.9964 22.8545 5.27982 
14.6264 56.8556 63.9109 40.0423 32.4136 55.1537 18.095 52.7689 51.5911 0 31.7137 33.8601 4.98184 63.6455 20.3629 68.3714 60.0906 72.449 38.9472 57.3186 11.7022 47.0436 40.3443 50.9526 43.6814 17.5514 45.2097 29.0532 40.7387 2.32007 57.1401 68.0988 54.9513 68.9027 57.5994 45.4101 18.3201 60.4549 33.2229 28.0495 20.9167 43.4062 65.8997 56.4859 53.0057 40.0527 28.2834 19.1293 45.7849 10.4898 44.4726 67.3866 72.9099 55.719 42.3737 24.5492 52.4511 21.1578 57.973 46.932 37.7379 51.1855 69.3125 29.5887 47.0069 50.4497 68.362 69.133 19.1192 43.26 26.182 26.8085 12.9546 45.0591 45.6595 12.9826 64.5519 53.0032 37.446 22.6611 25.5884 43.4648 45.9008 22.7543 14.0243 43.4032 8.85776 44.213 57.4945 24.7696 55.6703 34.6023 18.5604 33.0273 19.8633 16.914 66.4908 12.11 56.2102 61.1305 44.576 57.4317 36.1079 57.0057 45.2439 45.4257 48.289 31.4012 8.8146 29.3022 22.2503 59.9272 52.1641 43.1813 41.7814 59.3107 27.1541 11.8784 3.7427 56.3687 61.061 46.9834 43.1521 13.2122 52.4707 36.0299 29.125 55.6529 48.5587 67.0207 47.5233 10.5148 69.4142 69.1479 52.7096 63.3004 27.5938 49.1193 71.054 28.9733 54.9247 14.3152 43.1033 57.7871 36.7464 64.3367 16.6246 26.6505 55.0266 22.5348 20.857 32.433 23.2245 62.8012 29.8704 28.2362 19.4413 52.3464 9.5604 53.1513 71.4804 29.1581 4.60442 34.7379 59.2757 9.61906 31.2796 11.1757 44.0886 49.3424 66.021 39.2696 62.2087 57.687 73.9505 15.7669 61.5549 48.5457 8.63354 67.4958 48.8747 41.7797 61.9595 65.219 66.9941 45.2746 23.1881 33.0061 40.1204 32.807 30.9881 20.6019 38.8687 48.611 59.1926 7.28205 61.5662 64.03 66.4526 60.2736 52.9044 
32.1857 44.9331 42.1075 25.796 3.71386 46.7998 15.1059 58.7085 36.6742 31.7137 0 27.8454 36.596 61.6661 25.6391 58.4939 62.6835 61.2832 7.62238 61.5551 41.0427 65.3527 44.5123 30.7313 61.613 45.7611 28.0999 43.2192 17.3389 33.2462 28.4446 59.2575 35.8637 53.3493 26.4282 47.0063 14.9357 38.5281 42.2424 5.42102 29.4429 33.2291 52.6323 48.9336 21.2921 8.91717 51.3835 47.7931 54.0429 42.1619 45.5561 48.1899 55.1034 24.0188 11.1026 10.384 58.4311 14.9853 53.3493 37.8036 11.8166 23.1169 49.5562 2.21748 47.275 50.6036 57.6945 61.2977 46.403 23.3205 7.20759 32.9476 44.6681 64.1129 16.4835 33.747 43.0299 21.3551 41.3924 12.7682 42.9737 18.9708 14.3853 42.7848 44.6809 35.6758 23.7061 62.9123 59.908 23.1182 54.9125 19.7738 21.6451 48.5461 47.2967 27.8687 60.6233 38.4876 60.7942 34.2356 56.0474 43.1028 54.2947 51.3462 17.935 45.138 60.1293 19.2001 40.355 53.8345 46.4068 29.4885 57.1549 33.1215 45.0533 28.7037 49.7169 21.4899 28.2885 25.4068 61.5819 20.9314 56.331 36.3699 39.7345 50.5023 11.4506 26.4551 27.6335 46.0585 39.5821 40.5263 46.5542 46.0977 30.4587 54.5276 42.4993 17.435 52.8838 21.4769 29.4246 27.0826 41.434 46.4427 18.9215 57.527 26.3712 40.9396 57.6833 12.8134 21.4644 38.2238 18.7882 34.5708 4.89509 43.1192 14.5528 49.7746 38.048 22.0233 54.0163 49.7015 32.4376 29.346 69.7493 32.5352 36.8618 21.1614 59.0889 18.7563 61.3682 31.6404 31.1024 26.0457 58.0149 28.2771 35.6325 58.3062 37.4786 44.0503 33.3884 48.4308 39.9631 51.5597 58.8348 31.5877 13.7272 9.57384 46.1563 50.265 34.1246 47.5047 12.7806 45.2737 71.3848 36.9654 32.1879 46.7212 52.3957 33.4345 34.6901 
22.1259 23.0411 32.4251 8.93893 24.6504 22.0909 31.173 31.1105 18.153 33.8601 27.8454 0 36.4326 34.5667 13.6012 35.2376 34.8578 39.0507 28.9491 33.7316 45.4973 42.3308 17.3287 20.4133 38.8144 51.3739 14.0452 22.2056 18.2776 36.1802 34.0951 35.3076 22.9173 35.0763 40.1306 19.1908 31.2293 29.4426 17.9378 30.3518 14.5037 9.55343 32.0735 23.799 40.6646 28.8843 34.879 38.494 27.2717 40.6652 17.7317 34.3721 39.3285 43.4489 30.3752 32.5971 30.848 34.5673 26.8943 13.2564 20.8057 28.9426 36.4152 27.7391 19.4388 22.8172 35.0054 36.772 35.886 15.4201 30.453 11.6911 43.3681 41.74 42.9662 24.8333 32.8339 39.2964 14.567 18.4852 24.6507 20.3152 33.4022 26.8127 47.0673 9.8948 26.4149 40.4533 32.0745 9.29063 27.3458 9.42614 15.7577 26.6872 36.6326 17.5753 35.0011 45.6842 32.9983 34.6535 30.3597 23.6386 32.9402 25.2759 24.5384 17.3047 34.195 8.70216 41.2219 38.0421 32.606 39.7053 29.4605 9.32659 17.5738 39.6634 33.2253 32.7974 30.5977 48.2317 33.9423 23.7586 31.4472 45.7738 18.6265 27.4198 36.899 33.8536 19.285 34.796 14.2144 35.7948 38.1133 37.9958 23.3672 30.3915 22.3807 38.6351 37.5968 6.92464 28.1947 19.7949 13.6327 24.0557 12.0756 32.2946 41.7038 21.0887 29.8381 33.4188 13.5122 13.2997 39.735 37.8207 31.3697 22.7051 32.1958 22.4556 43.3969 44.9459 37.8618 31.4298 30.7666 1.50721 42.7677 26.7016 12.4125 25.4584 34.8333 32.452 35.2097 5.49155 52.7759 45.9162 40.1158 42.5867 33.8718 31.7148 42.4804 36.7727 15.9214 21.6462 30.8093 31.3679 34.4357 12.1045 16.9725 19.1566 19.4235 29.3498 9.36039 36.1574 21.0752 17.9751 44.8664 41.1389 38.7248 30.5808 32.5946 33.8933 20.6854 
15.3768 59.1828 67.3821 43.2625 37.163 57.0294 23.0702 52.4443 54.4566 4.98184 36.596 36.4326 0 64.3369 22.8387 70.1564 60.1284 74.3492 43.7522 57.1533 9.77916 44.5284 40.86 54.4713 41.3445 15.4844 48.5424 28.3604 44.86 4.42081 61.5227 69.738 58.2454 71.4778 62.3183 46.1125 23.295 63.9918 33.2959 33.0174 22.5985 45.9636 68.2122 58.2075 57.882 44.831 25.3657 14.9628 45.2954 5.56763 45.3036 70.4733 75.734 60.6132 47.1562 29.5248 52.1297 26.0604 59.2175 49.1977 42.1557 55.5509 72.4461 34.49 47.8589 51.1846 70.2613 70.6041 15.4682 46.9669 31.1576 28.0837 8.16762 42.4431 50.6407 13.0845 67.9787 57.8364 38.1763 27.028 24.4318 47.6099 50.7103 21.1695 10.6356 45.6292 13.2843 41.6966 57.6314 27.6896 56.3784 38.1928 21.8735 31.7168 16.1049 18.9313 67.7196 12.0119 56.0167 65.2611 43.5238 60.0673 34.0124 58.4334 49.6124 46.4371 47.0282 34.946 4.80008 25.9417 19.4355 64.5225 52.025 45.7336 42.3757 63.9333 24.4537 16.7799 8.33573 61.3393 61.4148 51.2025 41.8188 14.3257 55.029 34.7694 34.0566 60.1071 52.2149 70.3424 49.6005 6.39495 72.9525 72.7138 56.4196 65.0285 26.8616 54.02 73.9524 32.1884 58.9622 16.6453 44.4462 60.011 40.5152 65.753 20.5092 26.163 55.1948 27.4869 24.092 33.1998 27.86 67.0849 34.8424 27.4485 24.4029 53.4479 8.89007 58.1138 74.2773 26.8741 5.69078 37.1554 57.9637 10.1498 32.1875 15.752 42.3487 54.005 67.0749 41.6988 67.1767 62.6028 76.5031 19.3154 65.5628 47.6708 8.02392 71.1307 51.8934 41.7705 65.4825 67.5985 68.5547 48.1996 27.4092 37.4341 40.3123 31.0596 32.371 16.9842 43.2673 49.9678 57.5691 6.49549 66.0069 66.9222 68.864 64.4055 56.1406 
49.1474 21.8571 40.2899 36.3879 58.1617 16.7318 65.431 16.433 29.4482 63.6455 61.6661 34.5667 64.3369 0 44.7426 15.9891 9.03762 19.6342 60.9046 12.4232 74.1158 39.9144 23.4866 38.5001 38.713 79.7487 36.3207 37.2954 47.4303 65.8068 55.7717 13.9001 35.3791 27.5943 65.1304 18.2493 65.509 40.3426 31.3076 64.7467 43.0056 28.7119 22.5963 14.5261 69.0074 60.4038 48.3899 58.8212 22.4719 66.6569 19.1835 35.0691 33.3182 71.2869 61.1834 67.1636 16.6032 69.0017 8.78477 24.3261 52.1551 53.401 36.6437 61.8934 16.6719 13.196 17.5573 12.228 55.9954 41.3968 64.9677 36.9483 68.8483 41.2149 75.1383 51.2622 39.7456 67.1179 26.2159 53.0191 41.7845 47.8862 63.2477 45.4942 74.2126 26.0066 58.3823 40.3417 9.34634 42.6647 7.97615 41.9104 48.5557 36.5854 56.302 47.1233 7.84825 75.6739 13.2574 51.7571 27.2815 25.9897 39.4548 11.1308 52.1029 18.4205 27.1509 42.6992 68.5966 51.0624 50.6537 62.4418 15.3207 28.7802 21.9612 62.9433 47.5949 66.054 61.2827 77.5247 5.07925 49.5644 30.2412 76.7427 25.4579 34.1844 71.3897 56.906 40.4802 38.8667 22.3495 60.8868 43.73 44.1106 41.6455 13.7511 38.7115 68.3688 33.5878 41.4867 47.8396 49.8464 21.4369 20.4187 43.2015 9.66277 75.0521 38.8896 10.8718 67.9448 46.6884 31.2279 74.1466 55.8277 65.6196 38.3183 66.5578 12.124 72.8325 74.6932 32.179 44.2281 59.4361 33.0957 25.2592 54.3793 32.3666 58.1992 33.1503 59.9728 5.45941 30.0744 80.7378 73.5992 29.6898 75.5974 49.404 23.6052 71.8966 44.6397 31.7992 23.4056 40.547 23.3829 12.3883 31.5745 51.5058 52.2786 24.3449 39.0672 32.9835 55.3133 51.8886 16.5921 29.0817 70.3756 59.0521 30.8161 24.2276 51.4519 34.4159 
9.36954 36.5078 45.099 20.8284 23.864 34.875 21.9915 36.6619 31.6396 20.3629 25.6391 13.6012 22.8387 44.7426 0 48.111 42.6925 52.1322 30.1525 40.549 31.9363 39.7536 22.6508 32.4038 36.0116 37.8157 26.2095 17.6346 25.2528 22.6789 42.5495 47.9303 35.759 48.6721 46.0631 26.9597 22.1263 41.8527 17.7903 25.6083 3.8039 23.1472 45.5526 36.2981 44.1381 30.6993 26.6179 26.6915 30.6693 27.2101 25.7769 47.739 52.8978 47.0521 32.8108 25.7566 36.352 25.9911 38.2664 26.5704 24.6899 36.7164 49.7413 24.4643 28.1725 31.7467 48.0498 49.0988 24.4259 25.5545 24.8155 8.63929 29.9449 38.4777 42.1223 11.9814 45.621 43.3446 19.4094 12.9285 17.4586 27.9453 36.4043 17.8412 33.471 23.0406 13.6997 37.2827 39.9309 5.28702 36.8854 16.8259 4.53556 22.9632 25.2705 4.22013 46.731 32.3366 39.5633 44.8789 31.5488 37.2398 28.6557 37.0849 31.1323 26.3269 35.6615 13.6753 27.6325 29.4155 22.5639 46.9726 35.5499 22.9187 23.7821 46.6455 24.8986 21.4093 17.2794 50.1811 42.8913 31.7294 31.3608 32.7271 32.22 25.0868 30.897 41.6565 30.5125 47.8285 27.1808 22.6361 50.7502 50.5632 34.7761 43.0849 16.864 41.076 51.1296 10.1372 38.3469 6.19482 23.4909 37.4251 19.6297 44.3788 30.3705 15.3064 37.4693 25.5879 4.19077 14.8436 30.8233 47.3837 27.2069 17.4904 23.383 32.9252 29.9225 46.7411 51.4394 24.3755 17.1666 14.3945 46.0422 13.2929 13.4321 13.4897 33.8053 37.6302 46.497 18.9371 55.5231 49.4154 53.7075 30.857 44.6873 34.5022 28.9964 49.1284 29.1606 25.4879 43.3045 44.8901 46.8901 25.4205 11.9186 20.7242 23.3704 24.6263 11.8805 25.0652 25.5332 28.8715 47.1134 27.6198 47.2523 44.1018 46.1356 44.0482 33.5949 
54.8519 13.5646 27.3208 32.9665 54.7885 13.2377 65.8188 30.7618 22.0413 68.3714 58.4939 35.2376 70.1564 15.9891 48.111 0 24.7868 4.50163 55.796 27.7424 79.7097 54.1356 31.8782 30.0343 52.347 85.5581 30.5384 46.3451 41.9767 70.6674 45.5737 2.18223 25.5333 12.3421 55.5445 26.7044 65.8431 28.4432 39.771 62.6024 47.6004 26.4019 8.22009 11.9561 60.8782 54.9845 59.0707 67.7759 35.1183 73.5005 26.7922 20.7707 17.6505 62.7347 55.177 66.0083 30.8387 68.8101 12.9093 22.0734 47.3974 44.6957 21.9539 59.2836 24.524 22.5396 1.71079 4.67816 64.9035 35.6212 63.3067 42.1412 75.9882 55.1145 69.4009 57.353 26.5577 58.818 33.4205 52.8136 50.7088 41.5117 56.4315 54.2396 80.6295 25.344 61.5256 54.0933 24.3072 44.4814 19.2128 39.4751 50.9262 47.2468 65.3854 51.4821 8.27424 80.4242 28.3363 40.2531 40.4029 16.0834 51.4544 12.5067 45.0919 25.0737 41.2942 41.3977 74.7889 62.0624 60.0004 52.0624 29.1408 26.5818 30.2855 52.755 57.9507 67.9973 65.3901 69.5091 20.7819 42.0359 43.2899 80.8019 18.7594 45.4814 69.3879 47.1686 32.7793 24.9284 21.0443 67.9819 29.5647 30.0367 32.3724 5.167 47.5365 61.1281 18.2716 41.6521 37.8739 54.0564 26.0269 12.0563 39.6572 6.73405 76.8415 47.2235 24.8835 67.3383 48.7217 37.8611 73.9441 44.2055 63.0454 47.3365 66.6518 18.5367 77.9121 67.1073 16.6751 54.8119 64.7204 34.0757 41.0676 60.0176 38.5451 60.6849 46.6716 52.0707 10.7457 29.781 71.7857 64.8324 13.7277 77.7927 37.6332 37.5083 76.9765 31.0003 25.2463 33.8408 28.1804 9.358 3.60079 26.9714 51.3633 48.9565 33.7985 50.0904 37.8429 64.5332 46.7974 20.6796 44.8568 75.5457 47.9916 17.4047 9.62876 40.1527 25.5201 
45.4673 28.0641 47.1145 38.7723 59.3996 22.2099 64.334 8.55211 34.3873 60.0906 62.6835 34.8578 60.1284 9.03762 42.6925 24.7868 0 28.6117 63.0148 3.74003 69.8459 31.2996 20.1004 43.2601 30.4257 75.2689 39.915 32.0455 50.2131 62.1224 60.7656 22.7719 40.9602 35.8254 69.59 15.9864 64.4405 46.651 26.8937 65.1021 40.3036 31.2943 30.6789 20.3593 72.5869 62.6988 41.6709 52.8985 15.6035 61.8055 17.3535 42.6743 41.6917 75.0594 63.7776 66.8981 8.80953 68.1446 14.5759 27.5261 54.3665 57.6696 44.4088 62.5902 15.4212 12.1123 26.2722 21.2449 50.1613 44.6568 65.0451 34.2697 63.786 32.7504 77.2685 47.2658 46.692 70.8292 23.2967 52.6682 36.393 51.1331 66.2309 40.0667 69.4729 28.0995 55.8997 31.9662 2.8049 41.6626 8.83403 43.3731 46.9075 30.2763 50.3571 44.3522 16.8345 71.8581 4.82365 57.5386 19.6618 32.2945 32.1505 16.7888 55.5206 17.5531 18.788 43.4865 64.0835 44.0936 44.6887 67.3894 8.26505 31.2957 18.9104 67.7764 41.0947 64.0498 58.1505 80.8925 4.01364 53.3464 22.5419 73.3022 30.5372 27.5509 71.5016 61.6265 44.7593 46.2041 25.4358 56.0108 51.086 51.4104 46.6373 21.8025 33.5346 71.4694 41.7411 41.5217 52.9368 47.0435 21.2507 26.8759 45.1862 18.1771 72.9361 34.0293 5.22567 67.349 45.3312 28.1026 73.1815 61.5831 66.193 33.0334 65.5989 14.1073 68.8788 77.8661 40.4609 37.6816 55.6637 33.3522 16.2867 50.5487 29.4365 56.1062 25.0392 63.6295 14.4912 31.3984 84.5896 77.4524 38.3561 73.2396 55.382 15.559 67.9599 51.6982 36.1313 18.3632 47.0726 31.3128 21.2075 34.9922 51.1823 53.7027 19.9768 32.4112 30.8633 49.3095 54.2903 18.1447 20.0911 66.4161 64.4384 38.1648 32.3063 57.1333 39.6247 
59.0862 16.5828 27.3078 36.1031 57.5694 17.3221 69.2694 34.9828 24.6121 72.449 61.2832 39.0507 74.3492 19.6342 52.1322 4.50163 28.6117 0 58.1399 31.7392 83.854 58.4469 36.367 31.9029 56.7279 89.7136 33.1885 50.8205 44.4296 74.7531 46.4275 5.99959 27.0861 11.3532 56.4958 31.2047 69.284 28.967 44.2408 65.5825 51.7633 29.9529 9.01863 16.2555 62.281 57.2552 63.5707 72.2171 39.5382 77.7837 31.2814 20.1309 15.6085 63.9785 57.285 69.1672 35.0742 72.1372 17.385 25.8026 49.939 46.1163 20.917 62.1913 29.0234 27.0251 4.08962 7.44668 69.3458 38.1271 66.3826 46.3983 80.2925 59.4701 71.4509 61.6131 26.4418 60.1852 37.8655 56.2587 55.1725 43.722 58.2918 58.6898 84.8582 29.196 65.4321 58.4644 28.3602 48.3325 23.5655 42.6742 54.7954 51.7485 69.8356 55.5955 11.7878 84.468 32.3991 40.6474 44.8052 18.264 55.9381 17.0023 47.0511 29.5488 45.589 44.7837 79.0077 66.5638 64.4678 52.7503 33.4192 30.1466 34.7772 53.5098 62.447 71.6949 69.4041 70.8742 24.6 43.8925 47.7053 84.7561 21.7431 49.9772 72.3492 48.1751 34.807 24.377 24.9629 72.2985 28.6958 29.2216 33.879 9.58395 52.002 62.8108 16.7335 45.2885 38.9698 58.138 30.3992 15.249 42.6173 10.9791 80.4741 51.6694 29.0962 70.5959 52.5622 42.2524 77.2405 44.4744 65.9288 51.8093 70.0445 23.0383 82.0022 68.6292 14.9574 59.3121 68.8739 37.9527 44.8832 64.2249 42.9032 64.5039 51.0535 53.6477 14.1994 33.5641 72.8181 65.9838 11.0372 81.4864 37.9575 41.8219 81.0692 30.4562 27.8948 38.3388 28.473 10.211 7.61383 30.0367 54.8337 51.8186 38.299 54.5913 42.1046 68.9905 49.2631 25.1072 48.6984 79.6528 48.4522 17.6545 9.8675 40.6418 27.4258 
37.8065 42.3284 36.6265 24.5272 6.7299 45.102 22.7265 60.0081 33.7577 38.9472 7.62238 28.9491 43.7522 60.9046 30.1525 55.796 63.0148 58.1399 0 62.3284 48.5823 69.1714 46.2376 26.5076 65.4642 53.3628 25.369 47.2061 13.8479 40.5849 21.2251 56.808 31.6152 49.2812 18.8419 47.9233 22.5573 33.1647 45.2501 12.7822 33.8807 32.2063 49.2387 47.3273 14.3936 1.36453 56.6221 54.1635 56.1038 49.3161 46.4519 43.2632 50.3432 17.26 3.48978 17.7731 59.7527 22.4543 52.2859 36.5951 8.74947 16.3108 44.4182 9.83477 47.8423 50.9257 54.814 59.0382 52.5611 20.206 14.7023 36.3388 51.8828 68.1268 14.2738 39.6604 37.5996 14.1119 43.3286 18.1316 47.5865 14.4618 6.95825 47.8795 52.1535 35.1102 30.6285 66.8859 60.3106 26.5681 54.7649 19.7506 26.7504 52.4592 53.4553 33.0572 58.9051 46.0951 61.6822 27.4258 58.7273 39.8932 58.4653 50.1155 11.9895 45.7207 62.7155 20.4286 47.6744 59.266 52.026 21.8803 58.3023 32.1492 46.5227 21.0851 54.9183 29.0687 35.4167 20.0827 61.4493 15.2674 59.3697 43.992 37.2544 54.0966 17.6113 19.1275 23.4644 40.6858 38.5551 47.303 40.6084 40.1094 25.4898 52.2951 46.6822 10.9711 48.0908 23.6476 23.2873 32.7456 41.9678 43.9138 17.8446 55.6881 33.8818 45.1258 58.2454 20.2722 26.0103 40.8971 25.8508 27.368 11.6787 47.2525 22.1623 49.4512 45.5988 16.6531 49.3859 54.5279 39.3012 30.3629 71.6916 38.8538 39.6362 28.0923 62.4051 11.1767 59.9358 31.6231 25.3725 19.4996 53.6833 35.8199 29.0863 60.5035 45.0095 38.0045 30.5967 50.4527 34.5108 48.1015 56.5835 29.6199 18.6114 10.0299 48.1935 54.4718 36.6669 53.5631 9.0989 45.0537 73.6728 44.4496 24.7365 42.4154 48.789 26.6646 30.8344 
42.7285 29.5957 48.6976 38.4352 58.3796 23.606 62.3886 4.95565 35.224 57.3186 61.5551 33.7316 57.1533 12.4232 40.549 27.7424 3.74003 31.7392 62.3284 0 66.8261 27.622 17.9134 43.8884 26.6919 72.1776 40.0737 28.9055 49.904 59.3021 61.3586 25.8097 41.9918 38.2898 69.8902 14.5488 62.505 47.9753 24.1063 63.7001 37.9477 31.1879 33.0988 21.9794 72.4787 62.0911 38.0935 49.4738 12.1739 58.639 16.0014 44.7131 44.2158 75.0261 63.2891 65.2495 5.23977 66.2698 16.5421 27.7828 53.7815 57.9492 46.5289 61.3354 14.4934 11.6865 29.1485 24.4748 46.7649 44.6096 63.5361 31.9979 60.5571 29.0389 76.5223 44.4125 48.3419 70.787 21.179 51.073 33.1753 51.0139 65.8943 36.8168 66.3201 27.8775 53.504 28.2413 3.4971 39.9241 10.0163 42.5895 44.8723 26.8392 46.933 41.9336 20.0461 68.9689 1.16862 58.5271 15.9818 33.7875 28.4853 18.5378 55.4393 16.6083 15.0534 42.4279 61.0072 40.4641 41.2755 67.9264 5.15484 31.1614 16.9243 68.2579 37.5653 61.7811 55.5239 80.6589 7.35565 53.4412 18.8389 70.5252 31.513 24.0464 69.9758 62.0875 45.1554 48.0684 25.7164 52.8536 52.9313 53.2224 47.3353 24.3406 30.404 71.1575 44.1167 40.1885 53.6296 44.5924 20.3608 28.5478 44.5954 21.0347 70.5955 30.995 4.32002 65.5744 43.4186 25.7732 71.247 62.5364 64.8703 29.8735 63.6981 14.7101 65.9554 77.5589 42.9287 34.152 52.8404 32.2421 13.5547 47.7307 27.1539 53.8456 21.2994 63.5998 17.8001 30.7678 84.5575 77.4457 41.1188 70.8157 56.48 11.8316 65.044 53.3757 36.6703 15.5566 48.5024 33.638 24.2147 35.1575 49.6095 52.7993 17.3864 28.876 28.8635 45.8738 53.7853 18.1806 17.2439 63.4976 65.198 40.0997 34.707 58.0754 40.5015 
25.094 68.4408 75.5159 51.7316 42.387 66.5343 26.1489 62.0782 63.2892 11.7022 41.0427 45.4973 9.77916 74.1158 31.9363 79.7097 69.8459 83.854 48.5823 66.8261 0 52.6388 50.639 62.5519 49.6963 5.87952 56.8747 37.9591 51.925 9.40427 67.8605 79.3474 66.6179 80.564 67.4215 55.8891 26.3474 72.0352 43.0506 36.5877 32.1102 55.0501 77.485 67.7786 62.0684 49.7943 33.3556 21.419 54.891 9.26932 55.0719 79.0821 84.608 64.624 52.0686 32.2331 61.7652 27.9209 68.9328 58.4866 48.5124 61.9655 81.0024 38.8334 57.6265 60.9609 79.7644 80.2685 22.9267 54.7811 34.5984 37.7511 9.0668 50.4559 53.042 22.8587 76.1732 62.3349 47.9486 33.7018 33.8846 54.6095 55.4279 30.4575 4.31324 54.9383 20.2068 49.8405 67.3693 36.4593 66.1565 46.2022 30.2597 41.0109 23.3172 28.2687 77.4423 4.46593 65.6833 72.2276 52.8776 69.1012 42.7023 68.1032 56.0516 56.1856 56.242 43.0265 6.03719 33.2661 27.7805 70.1421 61.7115 54.8237 52.1546 69.449 32.7353 19.5821 15.2599 64.3178 71.1795 58.0152 51.0174 8.05357 64.1211 44.0644 35.7938 66.2366 60.0966 78.6737 58.9985 14.4635 80.9854 80.7059 64.2089 74.6018 36.4575 58.0382 82.7556 40.6705 66.1483 25.7919 54.1263 69.3344 48.2502 75.4304 18.7184 35.835 64.9395 29.8222 32.5583 42.9657 27.9141 73.6733 38.259 37.0208 27.0894 63.1869 3.0227 61.3101 83.1763 35.5193 14.9908 46.3308 67.0944 19.8423 41.9364 22.2202 51.251 59.4217 76.8271 50.8727 70.1633 66.3883 85.6083 16.8344 72.7924 57.0975 3.58338 79.0186 60.5766 51.4998 73.5445 76.8264 78.1904 56.9751 34.407 43.8078 50.0724 40.0773 42.0204 24.3726 49.6684 59.65 66.4684 4.49634 72.152 75.7311 78.0704 71.3716 64.584 
